# hsc_theory
8.443349267082502074e-06
6.870820706426994257e-06
5.615347726328122733e-06
4.616354698764327125e-06
3.814414851484935298e-06
3.158913983023710521e-06
2.611530816046980982e-06
2.145786261814765533e-06
1.744863911413567087e-06
1.283031904740358744e-05
1.050894683077141337e-05
8.657620401391298427e-06
7.170359425511250112e-06
5.954804444810209632e-06
4.939434677646305612e-06
4.074368187120542333e-06
3.327329103727986389e-06
2.679192720382999041e-06
1.551242114536784339e-05
1.275144529603792970e-05
1.053267428522545198e-05
8.731384504636239974e-06
7.242656338951106121e-06
5.987535487554730705e-06
4.912355543194766711e-06
3.982917298144377062e-06
3.179147118365286145e-06
1.695712922919926182e-05
1.395919957403122888e-05
1.153833202269189594e-05
9.562060034997671800e-06
7.920388749683384661e-06
6.531433411643318155e-06
5.340063797166339255e-06
4.311229016105512059e-06
3.424241252431841435e-06
2.368610357395709921e-05
1.962138420913186321e-05
1.633609875990019148e-05
1.362782391885573191e-05
1.134440054356229872e-05
9.381545853117140507e-06
7.674089673455843541e-06
6.183244519329279578e-06
4.888210568387378088e-06
3.077862266010537683e-05
2.561385620236760112e-05
2.138737573514091765e-05
1.785329267986289961e-05
1.483537641072795796e-05
1.221765919805039713e-05
9.930643417117367106e-06
7.934073030435584767e-06
6.206980661664976000e-06
3.404911112153254722e-05
2.837621847552443250e-05
2.371253456304727597e-05
1.979373230409480351e-05
1.643348130587826022e-05
1.351099485345921189e-05
1.095506130617984497e-05
8.724816970354121000e-06
6.799133709415244387e-06
4.473771063853058071e-05
3.743157971567566574e-05
3.132129574338822123e-05
2.610548827558042436e-05
2.158104649814495660e-05
1.762150728898939625e-05
1.415578311108088603e-05
1.114362252380514885e-05
8.563887766658315019e-06
5.215094863827228586e-05
4.369772869085708359e-05
3.656901891770805935e-05
3.044066146849759393e-05
2.509927967787937801e-05
2.041506755531404820e-05
1.631711979506608544e-05
1.276527419512726848e-05
9.737680131364737456e-06
6.274238611940241876e-05
5.263908150023339648e-05
4.403228003851984701e-05
3.657434223497428642e-05
3.004290970065275323e-05
2.430665620552726106e-05
1.929647465136044839e-05
1.497252816340093203e-05
1.131114243472189864e-05
1.655969476081873917e-06
1.361715325952793933e-06
1.120968852439491968e-06
9.280990319408838120e-07
7.748914911149780865e-07
6.526141756283871375e-07
5.533398050842035828e-07
4.709289991853896950e-07
2.504505013149019552e-06
2.064911956287224724e-06
1.711956177733682192e-06
1.431656412051259315e-06
1.208421615348686512e-06
1.027906980329532505e-06
8.781139325604385444e-07
7.500353795379734194e-07
3.013015746209687602e-06
2.497497107165799928e-06
2.083332576229837766e-06
1.752311840282329955e-06
1.485509568642427891e-06
1.266337404442845979e-06
1.081349038750539731e-06
9.203852030327901420e-07
3.286207318757049727e-06
2.732550224015834182e-06
2.286576740848447662e-06
1.928184767034959094e-06
1.637071198640273355e-06
1.395814776169838434e-06
1.190606195140229487e-06
1.009751340265247457e-06
4.562217277561273691e-06
3.800669050943701059e-06
3.196885286291983726e-06
2.715706062261633090e-06
2.324781096625342609e-06
1.997896794916620496e-06
1.715323978142642745e-06
1.463919683310663531e-06
5.882582027072155705e-06
4.935886979101772625e-06
4.182958444009906940e-06
3.576606724134995053e-06
3.075665029054868391e-06
2.648296334575864408e-06
2.271733014538362179e-06
1.931935591294214480e-06
6.490965833372293241e-06
5.460606993001494301e-06
4.639578272207441303e-06
3.975416616652044492e-06
3.423159814765769687e-06
2.948625494351065477e-06
2.527895019035230861e-06
2.146199943669531892e-06
8.455686015590592854e-06
7.180412542621572969e-06
6.152209562521745935e-06
5.304051808725785533e-06
4.581422030392965223e-06
3.945289772429555719e-06
3.370674537012831742e-06
2.843285349040309088e-06
9.822885771369733012e-06
8.379916607577156192e-06
7.207559700318473547e-06
6.229615392464074496e-06
5.385811115382121065e-06
4.634505820537522652e-06
3.950846969977906268e-06
3.317659741442103325e-06
1.177683517251999242e-05
1.010366281347099693e-05
8.728316220458293007e-06
7.563288171679522488e-06
6.541879755513174418e-06
5.620334393574836299e-06
4.775801625846105812e-06
3.982232852556227816e-06
