# bin_4_4
1.678503096967831594e-08
1.685637735708905618e-08
1.693026952510816581e-08
1.700678861762124343e-08
1.708601795620218686e-08
1.716804294168762388e-08
1.725295093207082296e-08
1.734083120034493963e-08
1.743177502898860538e-08
1.752587613983173041e-08
1.762323034581030193e-08
1.772393557653440447e-08
1.782809378856988199e-08
1.793581105314707093e-08
1.804719618282268046e-08
1.816236054205753987e-08
1.828141813355533195e-08
1.840448574296164165e-08
1.853168238149191464e-08
1.866312845704184663e-08
1.879894671256485663e-08
1.893926189581209787e-08
1.908419911160805016e-08
1.923388486802524417e-08
1.938844573666299007e-08
1.954800752813125606e-08
1.971269662320789721e-08
1.988263841245098791e-08
2.005795744496063093e-08
2.023877492668185828e-08
2.042520855674645073e-08
2.061737348986013570e-08
2.081538026405149347e-08
2.101933689001949781e-08
2.122935061267204663e-08
2.144552560225052675e-08
2.166796237411126230e-08
2.189676142804177433e-08
2.213202603553320181e-08
2.237385333260639129e-08
2.262233836901358696e-08
2.287759468612587127e-08
2.313972413228903539e-08
2.340874914754311474e-08
2.368478636602822634e-08
2.396809114488841926e-08
2.425851435215413936e-08
2.455578743762562708e-08
2.485996602066882617e-08
2.517118319386759366e-08
2.548953424632836351e-08
2.581494842796022669e-08
2.614741319038243902e-08
2.648694579262234647e-08
2.683352513150672365e-08
2.718716066741291583e-08
2.754785268667966635e-08
2.791559535197060811e-08
2.829041122636699010e-08
2.867232557602055167e-08
2.906138881731995714e-08
2.945767727729905331e-08
2.986127373162663008e-08
3.027225653133070190e-08
3.069068366809733131e-08
3.111660503884210180e-08
3.154988554764305839e-08
3.199045474520700364e-08
3.243826395213303042e-08
3.289228236683043961e-08
3.335218485327211144e-08
3.381769019580412567e-08
3.428819147225201017e-08
3.476311817898136673e-08
3.524198292622291089e-08
3.572431453756030505e-08
3.620964500255152858e-08
3.669758688535221735e-08
3.718783718123807092e-08
3.768033011182807222e-08
3.817509257309343176e-08
3.867130282868036344e-08
3.916901264713835521e-08
3.966807281991435832e-08
4.016785482306675141e-08
4.066775020063831911e-08
4.116694428322274670e-08
4.166455868238780884e-08
4.215980496775364996e-08
4.265077324173312444e-08
4.313689303421432100e-08
4.361760331276759379e-08
4.409217434151265759e-08
4.455984687497655809e-08
4.502021204615637068e-08
4.547163759103207383e-08
4.591361017550560864e-08
4.634583675245510544e-08
4.676751957210726926e-08
4.717815842112181031e-08
4.757577982244391267e-08
4.795941668788037300e-08
4.832779911867677359e-08
4.868002209448370314e-08
4.901404705474678650e-08
4.932914221147925540e-08
4.962507209489419209e-08
4.990110385671767154e-08
5.015570474991316285e-08
5.038833536910787991e-08
5.059826878753207256e-08
5.078336814371884331e-08
5.094275266053445912e-08
5.107558427782319354e-08
5.118007231496765509e-08
5.125655432356545800e-08
5.130366723075667338e-08
5.132075144120159195e-08
5.130723739038662307e-08
5.126175509229133088e-08
5.118405431989215786e-08
5.107282488128363134e-08
5.092774958273678437e-08
5.074826125759007722e-08
5.053413939506821933e-08
5.028522117316574576e-08
5.000090401685356811e-08
4.968095739702193436e-08
4.932537148922006076e-08
4.893393378074980187e-08
4.850695836694573583e-08
4.804480809713543164e-08
4.754774274760473299e-08
4.701611085862787962e-08
4.645053486906819226e-08
4.585165976256866113e-08
4.522043149105246094e-08
4.455769629620538024e-08
4.386472654202486789e-08
4.314256659370740753e-08
4.239260620546025697e-08
4.161621131552194799e-08
4.081509525923174587e-08
3.999097884654403404e-08
3.914555134199797422e-08
3.828077552326263828e-08
3.739866746072587592e-08
3.650127484915430660e-08
3.559085223221237850e-08
3.466955280920942708e-08
3.373964308173505145e-08
3.280347893644921882e-08
3.186337251529091683e-08
3.092166757365031094e-08
2.998063582089633785e-08
2.904260109620945572e-08
2.810977955828041538e-08
2.718433163740401898e-08
2.626828924830573666e-08
2.536365858209419172e-08
2.447222438298336064e-08
2.359568918126503263e-08
2.273557621955301755e-08
2.189320728968324571e-08
2.106980230857154420e-08
2.026627884163498849e-08
1.948342866683581048e-08
1.872184803703660331e-08
1.798188508930140469e-08
1.726372882724039547e-08
1.656739174554658236e-08
1.589269125853160415e-08
1.523931892213401887e-08
1.460681306253807997e-08
1.399462666926684454e-08
1.340212366998563358e-08
1.282861464218467582e-08
1.227339581148249168e-08
1.173577447643341516e-08
1.121508886818916983e-08
1.071074482511945239e-08
1.022223088112231365e-08
9.749133331056025884e-09
9.291148976645026697e-09
8.848082927796311787e-09
8.419848539333179252e-09
8.006459226697675958e-09
7.608016825147385571e-09
7.224687071650047659e-09
6.856675383178752565e-09
6.504192011307806995e-09
6.167412688267758991e-09
5.846434712336634824e-09
5.541238322519822255e-09
5.251662735087445318e-09
4.977390413477824513e-09
4.717945981077368119e-09
4.472707646768812529e-09
4.240929811792964784e-09
4.021780135432997642e-09
3.814383194381820714e-09
3.617871830591745284e-09
3.431435632908401842e-09
3.254360500342222893e-09
3.086055271986603915e-09
2.926060268679596702e-09
2.774038410718590221e-09
2.629747917066065828e-09
2.493003377962976479e-09
2.363630779974522626e-09
2.241426677624869861e-09
2.126129767954650752e-09
2.017410205906510075e-09
1.914878962473658629e-09
1.818114439445289341e-09
1.726698117788566488e-09
1.640247981260935818e-09
1.558439686708466892e-09
1.481010214644284484e-09
1.407744682619892658e-09
1.338453035324270559e-09
1.272946445877641750e-09
1.211022757425565275e-09
1.152465661475528865e-09
1.097055594857283071e-09
1.044584467092692361e-09
9.948658028005024787e-10
9.477359119820739047e-10
9.030473418184413287e-10
8.606604236629280263e-10
8.204383727621426870e-10
7.822479758335137536e-10
7.459632000937669849e-10
7.114679028814334927e-10
6.786554326018564184e-10
6.474265035150865675e-10
6.176874355579860697e-10
5.893499629696501202e-10
5.623317311854603646e-10
5.365563195356975266e-10
5.119526941174686857e-10
4.884546587124662661e-10
4.660005749990672721e-10
4.445331718891665457e-10
4.239992852135026610e-10
4.043495776158388220e-10
3.855382753944347291e-10
3.675229267616671684e-10
3.502641611265074054e-10
3.337254699095130872e-10
3.178730062165711356e-10
3.026753739861135637e-10
2.881034355049876292e-10
2.741301329571643553e-10
2.607303106524271005e-10
2.478805491448901983e-10
2.355590111677807043e-10
2.237452982394012326e-10
2.124203175912612803e-10
2.015661561785134465e-10
1.911659618504360834e-10
1.812038323492143488e-10
1.716647126315986013e-10
1.625343008596313545e-10
1.537989624786329234e-10
1.454456520483202950e-10
1.374618426305650799e-10
1.298354625959688375e-10
1.225548395650447123e-10
1.156086511349624191e-10
1.089858818370551557e-10
1.026757856659850098e-10
9.666785408108871195e-11
9.095178998383517764e-11
8.551748702621661956e-11
8.035501297994280021e-11
7.545459721755211304e-11
7.080662204124699996e-11
6.640161758894028640e-11
6.223025985206421079e-11
5.828337135155154592e-11
5.455192382979570546e-11
5.102704208589721582e-11
4.770001029839144733e-11
4.456227848782573605e-11
4.160546995321205500e-11
3.882138941724426220e-11
3.620203103312816141e-11
3.373958601136492336e-11
3.142644994881260406e-11
2.925523037695512675e-11
2.721875353771842631e-11
2.531007021219530424e-11
2.352246069179677749e-11
2.184943873545695146e-11
2.028475415978491934e-11
1.882239462865050110e-11
1.745658645802015178e-11
1.618179425168147672e-11
1.499271948154540431e-11
1.388429822360468879e-11
1.285169816307337067e-11
1.189031480058271117e-11
1.099576712366714633e-11
1.016389245911966143e-11
9.390740952082757350e-12
8.672569234232301786e-12
8.005833890167823325e-12
7.387184510535545618e-12
6.813456632170266102e-12
6.281664537486718973e-12
5.788994118302904546e-12
5.332795739233206339e-12
4.910577199304926213e-12
4.519996738166287784e-12
4.158856569684559148e-12
3.825094561062635169e-12
3.516778723712137904e-12
3.232099993795966006e-12
2.969365466432142492e-12
2.726991863330035496e-12
2.503499290091640848e-12
2.297505381893583202e-12
2.107719887767499795e-12
1.932939667263077874e-12
1.772043976489863216e-12
1.623989878353235469e-12
1.487807634909980723e-12
1.362596065810358251e-12
1.247518281239529316e-12
1.141796283280583724e-12
1.044707477124713827e-12
9.555809999749943717e-13
8.737942135676162924e-13
7.987696872746546346e-13
7.299724187445444161e-13
6.669071969711220123e-13
6.091160400484343831e-13
5.561759903425161717e-13
5.076960457186489490e-13
4.633151463441724064e-13
4.227003654787442948e-13
3.855446431265331069e-13
3.515648624850714683e-13
3.205000273571332089e-13
2.921099525351720863e-13
2.661724896488085250e-13
2.424831419441455127e-13
2.208535672550692080e-13
2.011103404145752870e-13
1.830941651379737984e-13
1.666584102901386887e-13
1.516682528269298286e-13
1.380002732870808851e-13
1.255413598095641517e-13
1.141881769443003717e-13
1.038451240157919741e-13
9.442493754598476033e-14
8.584769300996932152e-14
7.804010182754261960e-14
7.093446698453164070e-14
6.446910200307501723e-14
5.858800697101025017e-14
5.323905866403395502e-14
4.837511705045457162e-14
4.395343976838745057e-14
3.993417580524919955e-14
3.628153273086713287e-14
3.296261694877408780e-14
2.994714803934609452e-14
2.720804998252221159e-14
2.471983207768145222e-14
2.246004614181129178e-14
2.040749366552469421e-14
1.854355518820419088e-14
1.685062398774441173e-14
1.531337726567056338e-14
1.391722919854612707e-14
1.264940825991493644e-14
1.149810478158083184e-14
1.045254280676251675e-14
9.503189000988799960e-15
8.641123467712560198e-15
7.858318098673048207e-15
7.147528670399243932e-15
6.502256476726534816e-15
5.916403227100095904e-15
5.384536309430450710e-15
4.901720327042738988e-15
4.463471323184734509e-15
4.065715254743731625e-15
3.704750332418410127e-15
3.377212866797773163e-15
3.080046259066470197e-15
2.810472867458919642e-15
2.565968454944588087e-15
2.344239834425269901e-15
2.143272050000693648e-15
1.961103733481397767e-15
1.796011728033577090e-15
