# bin_1_1
1.051850524626222562e-08
1.055541196110866738e-08
1.059351655815198506e-08
1.063284673707031662e-08
1.067343034955058919e-08
1.071529519248893878e-08
1.075846865623275376e-08
1.080297755222244519e-08
1.084884869211765845e-08
1.089611011217516468e-08
1.094479002165628886e-08
1.099491671441843647e-08
1.104652030074174001e-08
1.109963287873490921e-08
1.115428651151981566e-08
1.121051191321929763e-08
1.126833923978025483e-08
1.132779693426467842e-08
1.138891397017438769e-08
1.145172324015517183e-08
1.151626300457999133e-08
1.158257276216993167e-08
1.165068630739634844e-08
1.172063164208465453e-08
1.179243366568004470e-08
1.186611687199796366e-08
1.194170708047981597e-08
1.201922691694680274e-08
1.209869520215205607e-08
1.218012741970452063e-08
1.226353599723029242e-08
1.234891876303251180e-08
1.243624978180463367e-08
1.252550441128635334e-08
1.261668153100945679e-08
1.270977920048661555e-08
1.280477316868445742e-08
1.290163790210083762e-08
1.300036654663877556e-08
1.310095888598461677e-08
1.320340648682175525e-08
1.330769620780681967e-08
1.341383942405268536e-08
1.352184221307602769e-08
1.363170327491974383e-08
1.374345776330983622e-08
1.385712711540839992e-08
1.397265566819555053e-08
1.408994233277838892e-08
1.420894797538931711e-08
1.432959869005912974e-08
1.445177183883458064e-08
1.457535949770269967e-08
1.470022744249792992e-08
1.482628090745165994e-08
1.495338664349992206e-08
1.508139141595107652e-08
1.521014785792821865e-08
1.533948783465378801e-08
1.546924433230534811e-08
1.559918264406461423e-08
1.572901500227285698e-08
1.585854617323258513e-08
1.598734581478163205e-08
1.611555576644280542e-08
1.624257936311264509e-08
1.636716953948530079e-08
1.648918478780256571e-08
1.660851143075706312e-08
1.672462309377737155e-08
1.683727127922813422e-08
1.694623477797556883e-08
1.705128542483399348e-08
1.715225352958245370e-08
1.724889302808369842e-08
1.734119371296314122e-08
1.742905472137842933e-08
1.751254519181363832e-08
1.759178648949143073e-08
1.766693579372323575e-08
1.773810069506881614e-08
1.780529671213666517e-08
1.786847502054875539e-08
1.792733104851325482e-08
1.798152196480819473e-08
1.803056873389465960e-08
1.807206582364273345e-08
1.810539281634613956e-08
1.812979484974769585e-08
1.814426688934087214e-08
1.814827208550982772e-08
1.814147930370830598e-08
1.812394870766329821e-08
1.809600094511403422e-08
1.805816290109930247e-08
1.801085743836812998e-08
1.795511192927260359e-08
1.788979580135154808e-08
1.781526209538888520e-08
1.773156859420695740e-08
1.763816883009122237e-08
1.753471406305063716e-08
1.742084051979725248e-08
1.729645223352236457e-08
1.716142947823005240e-08
1.701420726897941438e-08
1.685522049525396540e-08
1.668461410116214038e-08
1.650232876611846710e-08
1.630897449684686771e-08
1.610563886570035483e-08
1.589203902381505938e-08
1.566957636450676649e-08
1.543891087362940253e-08
1.520048614876306959e-08
1.495416217003040089e-08
1.469877154007143608e-08
1.443476059485141744e-08
1.416241979662982085e-08
1.388234530721110322e-08
1.359455019308680580e-08
1.330092587821135029e-08
1.300331094292025351e-08
1.270167064615868764e-08
1.239630574368713423e-08
1.208868621959917688e-08
1.177792566973723411e-08
1.146405442394801702e-08
1.114892360137943773e-08
1.083235274057676981e-08
1.051603427607739638e-08
1.020115703509583103e-08
9.887527208638886148e-09
9.576811054093897655e-09
9.268271916666648412e-09
8.963428108890411231e-09
8.661590278121809156e-09
8.364090910521936422e-09
8.071187738174344130e-09
7.784177766305673751e-09
7.503069609313954538e-09
7.227851969015164453e-09
6.958848563073472294e-09
6.696206830739489668e-09
6.440098207576751865e-09
6.190960338590812375e-09
5.948912702596078557e-09
5.713825453354137668e-09
5.485558844231760505e-09
5.264122978236051255e-09
5.049396130829946997e-09
4.841386963801742021e-09
4.639895445958245260e-09
4.444917847451960005e-09
4.256071397573575480e-09
4.073228906353056952e-09
3.896244760699472081e-09
3.725096029390698125e-09
3.559606406298039410e-09
3.399537898294174679e-09
3.244845388598574018e-09
3.095497572780587525e-09
2.951362737080245415e-09
2.812497131442500203e-09
2.678760986597324336e-09
2.550155059008547654e-09
2.426711487414429869e-09
2.308383823093283159e-09
2.195135513966932384e-09
2.086877019663670943e-09
1.983608827787070485e-09
1.885190905890881771e-09
1.791530096118940269e-09
1.702427577324147499e-09
1.617813497312242758e-09
1.537422442100569500e-09
1.461109030301071569e-09
1.388672902747274041e-09
1.319900431896267729e-09
1.254653769374180426e-09
1.192703932866708521e-09
1.133916140898482877e-09
1.078142531842124877e-09
1.025217353942628058e-09
9.750159932143394191e-10
9.274058891218555477e-10
8.822543766276325145e-10
8.394477799341740701e-10
7.988568324780841324e-10
7.603780155480956254e-10
7.239030227826509490e-10
6.893297746072293825e-10
6.565622276972531098e-10
6.255099832033046481e-10
5.960821267226193714e-10
5.681895640692622739e-10
5.417460506549129066e-10
5.166667780059409912e-10
4.928719622319569615e-10
4.702872506056282352e-10
4.488435404081744181e-10
4.284774113643084248e-10
4.091296029945712366e-10
3.907435157857973152e-10
3.732646780564723293e-10
3.566409970314224163e-10
3.408229099394559160e-10
3.257637636625452548e-10
3.114194236846955778e-10
2.977481758925691551e-10
2.847104997408792069e-10
2.722689762491080367e-10
2.603883933111293194e-10
2.490357533284120785e-10
2.381802414210959124e-10
2.277932280638783749e-10
2.178482422157906476e-10
2.083207949850118341e-10
1.991884239511594897e-10
1.904303532350263868e-10
1.820274161542828569e-10
1.739619339154880986e-10
1.662174244046607703e-10
1.587786079320015832e-10
1.516311674196471351e-10
1.447616726074820705e-10
1.381575518068200328e-10
1.318070777803314236e-10
1.256994254199332440e-10
1.198246703108964025e-10
1.141737689072173894e-10
1.087384543078787857e-10
1.035111468568691738e-10
9.848479444141544103e-11
9.365277236920379960e-11
8.900882061739577219e-11
8.454698799023190276e-11
8.026167016279608233e-11
7.614759384056918021e-11
7.219980239314115645e-11
6.841360086898828205e-11
6.478448762725973767e-11
6.130810231698119016e-11
5.798019095477135074e-11
5.479659277335240087e-11
5.175324606208136096e-11
4.884617001210533314e-11
4.607144024272830529e-11
4.342516959691793373e-11
4.090348893362594203e-11
3.850254944049618534e-11
3.621852097256217151e-11
3.404758749399425647e-11
3.198594501401980280e-11
3.002979965639621058e-11
2.817537210609880319e-11
2.641890220825385746e-11
2.475665454580715692e-11
2.318492210960227013e-11
2.170003314223509866e-11
2.029835912393542729e-11
1.897632112727434633e-11
1.773039755193535207e-11
1.655713082146383138e-11
1.545313512789089783e-11
1.441510136532846920e-11
1.343980413607763680e-11
1.252410613575791384e-11
1.166496339148870161e-11
1.085942819530630223e-11
1.010465292623856023e-11
9.397891860942829588e-12
8.736503301161668208e-12
8.117950001542292144e-12
7.539799761119379928e-12
6.999724799648677178e-12
6.495501073244636462e-12
6.025006822620873237e-12
5.586220987429101741e-12
5.177221088823662502e-12
4.796181020956392656e-12
4.441368680689720373e-12
4.111141827096204144e-12
3.803946143839956051e-12
3.518311823300239588e-12
3.252850366613055455e-12
3.006251126148621345e-12
2.777278260201904308e-12
2.564767763225239999e-12
2.367623901948990390e-12
2.184815903807230470e-12
2.015374971874884755e-12
1.858391177714306739e-12
1.713010402845497891e-12
1.578431716071710702e-12
1.453904499383543716e-12
1.338725603986000181e-12
1.232236774046529713e-12
1.133822401889594025e-12
1.042906839058740719e-12
9.589520622225726370e-13
8.814557114954252051e-13
8.099490811826464469e-13
7.439947898605755390e-13
6.831849517830419860e-13
6.271397174695746270e-13
5.755053457734634886e-13
5.279524584726809472e-13
4.841747040193039510e-13
4.438873421579415918e-13
4.068256382365475882e-13
3.727437514493419344e-13
3.414134155763343846e-13
3.126227847817215634e-13
2.861753187289025748e-13
2.618888017511078554e-13
2.395943433474008109e-13
2.191354752533342371e-13
2.003673583129885709e-13
1.831559193371383078e-13
1.673772080739003003e-13
1.529166179723290407e-13
1.396683106728940238e-13
1.275345446003741182e-13
1.164251405136278213e-13
1.062569097628548885e-13
9.695323119763126375e-14
8.844406670691775761e-14
8.066341132360373585e-14
7.355119979996812189e-14
6.705206555888953881e-14
6.111498621686966683e-14
5.569295180983504993e-14
5.074266556105026401e-14
4.622427757553698534e-14
4.210114209888011849e-14
3.833959092894098903e-14
3.490871953572000032e-14
3.178018294072040030e-14
2.892800007063525853e-14
2.632836572329813976e-14
2.395947169547162926e-14
2.180169354417357948e-14
1.983677125839803931e-14
1.804745497554879566e-14
1.641837563967238287e-14
1.493545156764631423e-14
1.358578581344270119e-14
1.235757404950844836e-14
1.124002057801485901e-14
1.022326060125771356e-14
9.298287028696739872e-15
8.457454628964460863e-15
7.692818726973620796e-15
6.997357564248411409e-15
6.364848017865307322e-15
5.789619676645016037e-15
5.266507057326333649e-15
4.790805799520723818e-15
4.358756076740641869e-15
3.966075561168530941e-15
3.609016828666163412e-15
3.284357170005686605e-15
2.989164542548922207e-15
2.720915513871906092e-15
2.477554639797977998e-15
2.256299763334638547e-15
2.055148126551894720e-15
1.872277794953905800e-15
1.706456323653351716e-15
1.555922497569576538e-15
1.419079744647028747e-15
1.294685731615176651e-15
1.182089427539915129e-15
1.079860321585863940e-15
9.869373391404213683e-16
9.027235576748251393e-16
8.264935011929237503e-16
7.572068497991133234e-16
6.944788368176549482e-16
6.377488502120687567e-16
5.861885110291435368e-16
5.397216700652057801e-16
4.975926539750570673e-16
4.594802293839431995e-16
4.251316896809413701e-16
3.939852847543196045e-16
3.660438283912131711e-16
3.407002012314947111e-16
3.180246561186924146e-16
2.975073676763671682e-16
2.791509766292218374e-16
2.626395433444036623e-16
2.478179322140123127e-16
2.346225356976894809e-16
2.227742532255445057e-16
2.122278713110923842e-16
2.028779676361705084e-16
1.945497246680894623e-16
1.871595418327270659e-16
