# bin_4_1
1.302515657637221888e-08
1.307324537094309340e-08
1.312298738095523717e-08
1.317443089826176043e-08
1.322762481155151661e-08
1.328261767149360524e-08
1.333945794578691513e-08
1.339819439526433577e-08
1.345887652848688463e-08
1.352155688885966017e-08
1.358629019749966616e-08
1.365313250521626459e-08
1.372214238899916402e-08
1.379337873719347788e-08
1.386690086253977852e-08
1.394276921283143285e-08
1.402104703260984075e-08
1.410179986900446568e-08
1.418509136782677399e-08
1.427098249288435439e-08
1.435953428670256507e-08
1.445081249635344172e-08
1.454488339385892984e-08
1.464181136703141714e-08
1.474165573384707925e-08
1.484447091694522829e-08
1.495030875653965007e-08
1.505921958409029917e-08
1.517125514014715238e-08
1.528646589011415603e-08
1.540489536810533937e-08
1.552658101889598432e-08
1.565154982303346509e-08
1.577981287811341767e-08
1.591137905232567642e-08
1.604627195840338084e-08
1.618451814281528466e-08
1.632612855565693984e-08
1.647109767600143118e-08
1.661941257807652147e-08
1.677107985120288430e-08
1.692612173940101429e-08
1.708451935874202714e-08
1.724618401021631266e-08
1.741114207837515969e-08
1.757955592807754571e-08
1.775117081141739809e-08
1.792560525996179757e-08
1.810279253388903556e-08
1.828272180232518120e-08
1.846536690254480104e-08
1.865056130723887608e-08
1.883813838983528447e-08
1.902800630451552974e-08
1.922007455665695683e-08
1.941421170001504541e-08
1.961032466897254209e-08
1.980830264435389587e-08
2.000805032682588818e-08
2.020948640801961402e-08
2.041251828463652552e-08
2.061710958863590864e-08
2.082322411866409063e-08
2.103081180247488576e-08
2.123986121340963240e-08
2.145029588689152344e-08
2.166190740410398641e-08
2.187456111041684069e-08
2.208813890701380861e-08
2.230153973134369384e-08
2.251430458436486048e-08
2.272605256392398471e-08
2.293610568775025913e-08
2.314387587392196367e-08
2.334886423884836133e-08
2.355059526057614050e-08
2.374860183309271886e-08
2.394249272213522760e-08
2.413197245162341734e-08
2.431703693854820686e-08
2.449776370036851675e-08
2.467336514189860143e-08
2.484389681733459628e-08
2.500927800864425752e-08
2.516901938347702572e-08
2.532266843031325911e-08
2.546955108371889180e-08
2.560901693877846367e-08
2.574052201472269507e-08
2.586241430661213601e-08
2.597431886839452292e-08
2.607591158270541990e-08
2.616671496651186798e-08
2.624633645815720632e-08
2.631481791515748675e-08
2.637104440068748564e-08
2.641493861086678312e-08
2.644655046884758982e-08
2.646553789753153108e-08
2.647193119678636194e-08
2.646443625348840811e-08
2.644267125796884547e-08
2.640603265868567403e-08
2.635433181152194317e-08
2.628630281132145743e-08
2.620187344908609330e-08
2.610157857533768853e-08
2.598559861965781787e-08
2.585330460150303129e-08
2.570503707636491985e-08
2.554098681404470885e-08
2.535998420447866854e-08
2.516212247756366714e-08
2.494764120364408883e-08
2.471592144826538906e-08
2.446827139191594894e-08
2.420443082142037588e-08
2.392485947646700014e-08
2.363011121069341993e-08
2.332005857205058803e-08
2.299549843645773585e-08
2.265631273049756679e-08
2.230328946493261023e-08
2.193705175924239896e-08
2.155848599509066283e-08
2.116843485067737672e-08
2.076738570396684270e-08
2.035613249717414719e-08
1.993560659575630303e-08
1.950649357744196210e-08
1.906992744194809709e-08
1.862702396886983818e-08
1.817870624276773163e-08
1.772586972363392904e-08
1.726960500020280643e-08
1.681090412565840309e-08
1.635090237830682841e-08
1.589053092990552805e-08
1.543099175566820637e-08
1.497310135619720689e-08
1.451786675436925344e-08
1.406611737819046272e-08
1.361884332249712136e-08
1.317686495377015880e-08
1.274082632462715600e-08
1.231144337834777745e-08
1.188933757950226742e-08
1.147499114530115901e-08
1.106893499251504498e-08
1.067146661731498786e-08
1.028286647542558628e-08
9.903387657404488784e-09
9.533158572268526109e-09
9.172259593110858737e-09
8.820667043397957815e-09
8.478381762293358063e-09
8.145315862057846606e-09
7.821353805076241626e-09
7.506337394294261526e-09
7.200158129408119417e-09
6.902635960559540797e-09
6.613637714369300198e-09
6.333046696837042849e-09
6.060733130253689782e-09
5.796671480373766086e-09
5.540771160669579011e-09
5.293027285222843775e-09
5.053463593006002168e-09
4.822070722146818217e-09
4.598876539222886188e-09
4.383913334328495275e-09
4.177181083211736450e-09
3.978680118458188147e-09
3.788368026403289586e-09
3.606182872099903673e-09
3.432015140895421116e-09
3.265712799066051825e-09
3.107085752625504517e-09
2.955907899025249263e-09
2.811915013282965955e-09
2.674819468253228627e-09
2.544314439941728646e-09
2.420080425346615470e-09
2.301795854786440468e-09
2.189142280119847690e-09
2.081813411426840195e-09
1.979523838286671911e-09
1.882016433694841364e-09
1.789065104947040089e-09
1.700478407479773670e-09
1.616098414180969499e-09
1.535794862949116294e-09
1.459455209176364898e-09
1.386973373721949353e-09
1.318238175523849580e-09
1.253123708822327964e-09
1.191485775715324375e-09
1.133163336131683489e-09
1.077983507910882732e-09
1.025769857364788955e-09
9.763481552936263652e-10
9.295512522368871923e-10
8.852201396379649380e-10
8.432043775397211649e-10
8.033619030073771314e-10
7.655592252074855928e-10
7.296732409229491881e-10
6.955922101891652410e-10
6.632163073085532375e-10
6.324564862309655840e-10
6.032322359177282727e-10
5.754685461671396542e-10
5.490927472849390380e-10
5.240321253941421051e-10
5.002128698372249560e-10
4.775606446705300659e-10
4.560024320017663768e-10
4.354687530548412931e-10
4.158955603371734507e-10
3.972252990109645262e-10
3.794068840342989109e-10
3.623945341059608237e-10
3.461460041275428060e-10
3.306209656290053528e-10
3.157801424068425920e-10
3.015854030500136710e-10
2.880005225130705282e-10
2.749920652643238021e-10
2.625297644373104501e-10
2.505862094174120227e-10
2.391361519899781020e-10
2.281559022298434714e-10
2.176230702832029851e-10
2.075166749454815317e-10
1.978173197117704397e-10
1.885072006707953868e-10
1.795699023648903724e-10
1.709901624322777627e-10
1.627537133012778405e-10
1.548472304933707171e-10
1.472583101534963237e-10
1.399753965758932197e-10
1.329876767473336956e-10
1.262849737462238229e-10
1.198576814181267320e-10
1.136967158962792122e-10
1.077934583069501973e-10
1.021396884576308333e-10
9.672752814194303592e-11
9.154939724301309221e-11
8.659797589734419587e-11
8.186616512903283459e-11
7.734705395440729297e-11
7.303389247647462163e-11
6.892006815888935635e-11
6.499908699495104923e-11
6.126455857813842261e-11
5.771018435948836107e-11
5.432974962634532020e-11
5.111711835110169396e-11
4.806623082209673148e-11
4.517110369934204706e-11
4.242583178230890104e-11
3.982459147145137547e-11
3.736164568865532532e-11
3.503134976939790843e-11
3.282815799914915527e-11
3.074663044857106698e-11
2.878143961575821109e-11
2.692737711436713432e-11
2.517936025528281604e-11
2.353243797244672073e-11
2.198179590008681595e-11
2.052276099067283244e-11
1.915080554536385413e-11
1.786155011628302453e-11
1.665076566556305391e-11
1.551437490140119414e-11
1.444845295367218551e-11
1.344922734870062943e-11
1.251307730608997659e-11
1.163653233654807186e-11
1.081626969879775734e-11
1.004911262527993367e-11
9.332027185370610278e-12
8.662118858693796670e-12
8.036629161657409290e-12
7.452932056911700067e-12
6.908529998401107382e-12
6.401049682317822408e-12
5.928238167329378836e-12
5.487958694063740384e-12
5.078186255205607588e-12
4.697003404838420350e-12
4.342596235616417196e-12
4.013250084961953143e-12
3.707345471167004342e-12
3.423354086915547506e-12
3.159834802885915039e-12
2.915429782326140876e-12
2.688860677142921137e-12
2.478924923478097653e-12
2.284492054725252755e-12
2.104500240583159733e-12
1.937952752466648759e-12
1.783914745149241368e-12
1.641509954544258777e-12
1.509917642627759201e-12
1.388369567832272215e-12
1.276147164038491869e-12
1.172578783878120970e-12
1.077037085236775842e-12
9.889364883851636477e-13
9.077307532670978971e-13
8.329106360814564329e-13
7.640021122710482645e-13
7.005628676185032911e-13
6.421816243492523320e-13
5.884758365808109459e-13
5.390898460358753422e-13
4.936931866425980246e-13
4.519789860319363479e-13
4.136624591698002719e-13
3.784794914673737228e-13
3.461853070423956874e-13
3.165532122992047697e-13
2.893733988987272063e-13
2.644517922908258583e-13
2.416089423852803917e-13
2.206793001588043893e-13
2.015092905311553256e-13
1.839570141967473630e-13
1.678914606550567108e-13
1.531915677625400407e-13
1.397455170565154880e-13
1.274501006983598129e-13
1.162101419815645138e-13
1.059379536166509890e-13
9.655309898060793724e-14
8.798125025738158126e-14
8.015397290910659036e-14
7.300860717481797688e-14
6.648761063491153510e-14
6.053814325526270393e-14
5.511167749115962934e-14
5.016402852536577334e-14
4.565389259512925046e-14
4.154357006679525720e-14
3.779851240012357675e-14
3.438700918188399349e-14
3.128021063068487819e-14
2.845144483803395650e-14
2.587608168409103058e-14
2.353181810900822611e-14
2.139829878119201228e-14
1.945726199848079647e-14
1.769123070575353256e-14
1.608464867807623825e-14
1.462343913018213476e-14
1.329477913126038872e-14
1.208649540367537111e-14
1.098778774840027511e-14
9.989230530745118485e-15
9.081387001362331608e-15
8.256122208487573918e-15
7.506335571262402688e-15
6.824833353149071494e-15
6.205636725962812027e-15
5.643132630628525887e-15
5.131999273664071849e-15
4.667911644176386868e-15
4.246227820542773352e-15
3.863439978035714578e-15
3.515694688880526389e-15
3.200093626445967088e-15
2.913413370240964198e-15
2.653327740108979634e-15
2.417141564291775453e-15
2.202825258691409139e-15
2.008348809746868540e-15
1.831826450072833039e-15
1.671759519746499016e-15
1.526561405258417662e-15
1.394854188945301657e-15
1.275424764867907465e-15
1.167235035505372219e-15
1.069180422313182427e-15
9.803448656160733313e-16
8.998944129202136904e-16
8.270697151812923639e-16
7.611792301604760175e-16
7.015930577969919995e-16
6.477373946798756354e-16
5.990895170194643209e-16
5.551732185087833143e-16
5.155546321125435904e-16
4.798389345651002115e-16
4.477151228187317511e-16
4.188069204039300713e-16
3.928145829656397239e-16
