# bin_2_1
1.186727457805310784e-08
1.190974819292598903e-08
1.195367279454303222e-08
1.199908886389453141e-08
1.204603808030938212e-08
1.209456302018117020e-08
1.214470727219267752e-08
1.219651607657429921e-08
1.225003497616561295e-08
1.230530969472942960e-08
1.236238612877516087e-08
1.242130977073766064e-08
1.248212798047998178e-08
1.254489050068102343e-08
1.260964848853319937e-08
1.267645378032751708e-08
1.274535726299182926e-08
1.281640928442275162e-08
1.288965970065722378e-08
1.296515725911670689e-08
1.304295141263255751e-08
1.312309330017409943e-08
1.320563453983056486e-08
1.329062581074333861e-08
1.337811600681844284e-08
1.346815079905711203e-08
1.356077394478365980e-08
1.365601953401631997e-08
1.375391642099428410e-08
1.385449708616461759e-08
1.395779834559639753e-08
1.406385129703519276e-08
1.417266951760451220e-08
1.428425454438894105e-08
1.439860678617617496e-08
1.451573370238078816e-08
1.463564086416952448e-08
1.475832059416291745e-08
1.488375947676842627e-08
1.501192353455630997e-08
1.514276118704981119e-08
1.527634768826746931e-08
1.541276315102898973e-08
1.555175220658301730e-08
1.569308228599171790e-08
1.583672907658321778e-08
1.598271696701814246e-08
1.613103495177552437e-08
1.628149938243776682e-08
1.643398976320325444e-08
1.658846926181077354e-08
1.674479275615299424e-08
1.690285487393679054e-08
1.706258458074231412e-08
1.722386333390231869e-08
1.738663028986983508e-08
1.755081083846086641e-08
1.771633636848358088e-08
1.788316543215736613e-08
1.805125158138685939e-08
1.822055386340951331e-08
1.839104871956604056e-08
1.856268377915883108e-08
1.873534617663370596e-08
1.890884095225246132e-08
1.908326049033418431e-08
1.925786360506172231e-08
1.943204304970874596e-08
1.960557431697350658e-08
1.977797579598990685e-08
1.994868977926846417e-08
2.011729374016551825e-08
2.028333900465857458e-08
2.044642809843991658e-08
2.060614346019350841e-08
2.076217764609788013e-08
2.091425005911530106e-08
2.106263985713792340e-08
2.120679309920202991e-08
2.134647441783274053e-08
2.148180270394417421e-08
2.161253800878200253e-08
2.173832262156114039e-08
2.185878205659117520e-08
2.197324125640408782e-08
2.208140317653097075e-08
2.218215172316832650e-08
2.227447601330820216e-08
2.235818798057375378e-08
2.243287703232694652e-08
2.249815832566941605e-08
2.255398303767293435e-08
2.259996060149164278e-08
2.263529235000247517e-08
2.266018583650954739e-08
2.267442778886117508e-08
2.267801813430001732e-08
2.267048961356432712e-08
2.265099503608677714e-08
2.261930120510823631e-08
2.257493357493050217e-08
2.251751935389445733e-08
2.244597669061439730e-08
2.236056825315441326e-08
2.226181157528366852e-08
2.214943272021904633e-08
2.202320804364811553e-08
2.188373136783620985e-08
2.173051144561973300e-08
2.156286682320747172e-08
2.138119414502559010e-08
2.118508421710190737e-08
2.097459816474793648e-08
2.075074831818921446e-08
2.051300691628225659e-08
2.026237647848470036e-08
1.999864315335713949e-08
1.972239683197316138e-08
1.943367399837159156e-08
1.913293915678969331e-08
1.882041042486794194e-08
1.849712157610783349e-08
1.816347977856036460e-08
1.782033078549828606e-08
1.746814897267447806e-08
1.710750557563083030e-08
1.673923586304500729e-08
1.636404871913178177e-08
1.598278663679627231e-08
1.559645251924132928e-08
1.520585736162003538e-08
1.481177248800915427e-08
1.441509477007151602e-08
1.401671938350246065e-08
1.361758551845462128e-08
1.321856259033141866e-08
1.282063456888177682e-08
1.242452298279052281e-08
1.203108581621822873e-08
1.164109411682316128e-08
1.125538408235384422e-08
1.087466840475322294e-08
1.049953155259549601e-08
1.013061333700132637e-08
9.768454662606952538e-09
9.413517538911139331e-09
9.066267122685713540e-09
8.726970530892346923e-09
8.395921630356796621e-09
8.073338184988576883e-09
7.759346866216987495e-09
7.454042759889163927e-09
7.157386135864158979e-09
6.869416557969415136e-09
6.589996607751932564e-09
6.319067745128463177e-09
6.056396844117024194e-09
5.801927120292572991e-09
5.555391575639151157e-09
5.316648715274723228e-09
5.085514524078927299e-09
4.861799420558882310e-09
4.645384407564817850e-09
4.436108158317010437e-09
4.233871067174130988e-09
4.038593285009727088e-09
3.850201177207336183e-09
3.668646495466096363e-09
3.493885692190554845e-09
3.325878048447373196e-09
3.164588235797925120e-09
3.009956629687121308e-09
2.861921652530084608e-09
2.720396395111397243e-09
2.585270354202011146e-09
2.456405511653471029e-09
2.333640684781389264e-09
2.216792876266087443e-09
2.105658325373021057e-09
2.000020901512949492e-09
1.899655911142705155e-09
1.804334594563785900e-09
1.713828726601493085e-09
1.627912668582928271e-09
1.546367138487756247e-09
1.468980292162102756e-09
1.395551419245956962e-09
1.325890702296120075e-09
1.259819708408335807e-09
1.197172485538697775e-09
1.137794405335875173e-09
1.081539197503994623e-09
1.028265721227323410e-09
9.778348629703673863e-10
9.301061629750477822e-10
8.849366818317354694e-10
8.421825679069921893e-10
8.017018370493169495e-10
7.633592234242733553e-10
7.270295776429253851e-10
6.925996399005547088e-10
6.599673453285363990e-10
6.290387336229819716e-10
5.997249153869309455e-10
5.719391012423658413e-10
5.455956087923167652e-10
5.206100855344969084e-10
4.969007697435220299e-10
4.743895921482642406e-10
4.530031317110850550e-10
4.326730043221492823e-10
4.133358662651652782e-10
3.949330279955329306e-10
3.774099057152959388e-10
3.607153719246894057e-10
3.448012601619993596e-10
3.296220492092565147e-10
3.151347001474567062e-10
3.012986531679665202e-10
2.880759379131515381e-10
2.754313206930906401e-10
2.633322088216065446e-10
2.517483798176458675e-10
2.406516945722059623e-10
2.300159078408506448e-10
2.198165958502952464e-10
2.100311138476125038e-10
2.006385381288414849e-10
1.916195458769944845e-10
1.829562504232437892e-10
1.746320875079134708e-10
1.666317564295635546e-10
1.589411394221219126e-10
1.515472117945839920e-10
1.444379383532847098e-10
1.376021737015754879e-10
1.310295840484541508e-10
1.247105821803891842e-10
1.186362638610183594e-10
1.127983404487077153e-10
1.071890738361647972e-10
1.018012110041728882e-10
9.662792260810373618e-11
9.166274827032573239e-11
8.689955031048779128e-11
8.233247238423279433e-11
7.795589802986152255e-11
7.376441096317149503e-11
6.975275972414298998e-11
6.591582820572852869e-11
6.224861070974023998e-11
5.874619062522247733e-11
5.540372111165495217e-11
5.221640976986695769e-11
4.917950629677578025e-11
4.628829411039822576e-11
4.353808451021539782e-11
4.092421309518432081e-11
3.844203827170268992e-11
3.608694238822145930e-11
3.385433456888203993e-11
3.173965500048726070e-11
2.973838059147617631e-11
2.784603151226820597e-11
2.605817836045354204e-11
2.437044991049366835e-11
2.277854080366570789e-11
2.127821923290042964e-11
1.986533456759447245e-11
1.853582452918252958e-11
1.728572186891052802e-11
1.611116069495553373e-11
1.500838212276685865e-11
1.397373892133252873e-11
1.300369947592052370e-11
1.209485103374318608e-11
1.124390212412578742e-11
1.044768420929616205e-11
9.703152506769439477e-12
9.007386105395876671e-12
8.357587631547966552e-12
7.751082498785245241e-12
7.185316869446865267e-12
6.657856184175866350e-12
6.166382742686357201e-12
5.708693092874324259e-12
5.282694971739403492e-12
4.886403963199776345e-12
4.517940306154406525e-12
4.175525276806856272e-12
3.857477377763656811e-12
3.562208729020913745e-12
3.288221414114762685e-12
3.034103564953600867e-12
2.798525689048370758e-12
2.580236950472961292e-12
2.378061512875550632e-12
2.190894914533070779e-12
2.017700580572120548e-12
1.857506372867434834e-12
1.709401239688737747e-12
1.572532023137848544e-12
1.446100291157488163e-12
1.329359386081484762e-12
1.221611462136751306e-12
1.122204755101581417e-12
1.030530902175486795e-12
9.460224388683241841e-13
8.681503665132929227e-13
7.964218676142691257e-13
7.303780961630427345e-13
6.695920850778395428e-13
6.136667559969606795e-13
5.622332678347959270e-13
5.149485823758743310e-13
4.714940414812091322e-13
4.315740446508995098e-13
3.949143496861083001e-13
3.612606607765751979e-13
3.303773107501904579e-13
3.020460256580468028e-13
2.760647682325460842e-13
2.522466545396396460e-13
2.304189272027378728e-13
2.104219820887998988e-13
1.921084419014734607e-13
1.753422763988348029e-13
1.599982372540460866e-13
1.459603884509201604e-13
1.331217349233262431e-13
1.213837464760213171e-13
1.106555483408271257e-13
1.008533467370620241e-13
9.189990608329619805e-14
8.372407593845628461e-14
7.626036122676779816e-14
6.944878389121988158e-14
6.323388393388094205e-14
5.756468109222934402e-14
5.239458095284395254e-14
4.768086909804870189e-14
4.338439811461356685e-14
3.946928984050505684e-14
3.590303735006603182e-14
3.265509366418791702e-14
2.969776604120327212e-14
2.700568323457089917e-14
2.455557950008702302e-14
2.232638863238454010e-14
2.029845413538364906e-14
1.845375516546936711e-14
1.677596889316542481e-14
1.525028054510336018e-14
1.386328388931014667e-14
1.260223373057732449e-14
1.145580605431453923e-14
1.041385811474014480e-14
9.466969757583846178e-15
8.606339264058834777e-15
7.824222060083731654e-15
7.113719825250672371e-15
6.468020417866202699e-15
5.881334933701120362e-15
5.348446889878140055e-15
4.864192959650649913e-15
4.424383060651912051e-15
4.024839022620229422e-15
3.661874163816751754e-15
3.332292783052831208e-15
3.032839914476558652e-15
2.761028293319380092e-15
2.514067000773188600e-15
2.289948863478686352e-15
2.086371684349068378e-15
1.901622423755983196e-15
1.733902439502983104e-15
1.581645339105958322e-15
1.443560732224135734e-15
1.318224351789325619e-15
1.204522362582547850e-15
1.101465851592226681e-15
1.007999696892060464e-15
9.232626505507115429e-16
8.464722851947639491e-16
7.769620803450101190e-16
7.140154159447266573e-16
6.570411071797234793e-16
6.055004187662671022e-16
5.589023314603744560e-16
5.167992639895488262e-16
4.787831759686870556e-16
4.444820244554832448e-16
4.135565770837508221e-16
3.857138964993819557e-16
3.606785246790351724e-16
3.381725052472655155e-16
3.179606213058842675e-16
2.998759818433076978e-16
2.836801032101778852e-16
2.692242964541176409e-16
