# bin_3_2
1.513597999928131331e-08
1.519632037298240394e-08
1.525878338424970851e-08
1.532343347914636500e-08
1.539033710095862698e-08
1.545956239069546907e-08
1.553117934378919577e-08
1.560526052924501201e-08
1.568187961794044476e-08
1.576111123892138597e-08
1.584303103347535579e-08
1.592771504678251036e-08
1.601524221302686306e-08
1.610569491037577553e-08
1.619915794310142112e-08
1.629571774860280360e-08
1.639546058813034879e-08
1.649847304261438156e-08
1.660484207262608527e-08
1.671465437016700673e-08
1.682799834482344633e-08
1.694496530768835698e-08
1.706564832444647346e-08
1.719014053178178513e-08
1.731853416419187226e-08
1.745091898548671171e-08
1.758738369630229965e-08
1.772800758165070948e-08
1.787286543967932202e-08
1.802203761205918781e-08
1.817561068540421950e-08
1.833366622850396899e-08
1.849626793254084195e-08
1.866346732952939644e-08
1.883531586849594231e-08
1.901187439247548350e-08
1.919320336552138544e-08
1.937934918399133852e-08
1.957035190122005556e-08
1.976623173148325762e-08
1.996699191086078727e-08
2.017276720938671320e-08
2.038369686710587262e-08
2.059957308387995095e-08
2.082021259357847325e-08
2.104564663462118645e-08
2.127595951435350605e-08
2.151120112759267010e-08
2.175123654897755760e-08
2.199599898406031917e-08
2.224551346037927445e-08
2.249968394180271025e-08
2.275845826877273400e-08
2.302182104860811905e-08
2.328970088249180355e-08
2.356209010425306170e-08
2.383896197622321314e-08
2.412029439737873227e-08
2.440609275586712848e-08
2.469635394696892676e-08
2.499107760458685563e-08
2.529027997261093163e-08
2.559394062015673221e-08
2.590197529872603234e-08
2.621420751288913888e-08
2.653075869266829984e-08
2.685087491497598738e-08
2.717393673944458431e-08
2.749972458349146316e-08
2.782774068356273786e-08
2.815740643996855900e-08
2.848827722095948857e-08
2.881987381296601520e-08
2.915176327748670557e-08
2.948348185156955100e-08
2.981467165761364632e-08
3.014498938777327416e-08
3.047466732172389510e-08
3.080304796151025049e-08
3.112979814032266430e-08
3.145494605584960252e-08
3.177813154564816291e-08
3.209886134353799531e-08
3.241661748065603118e-08
3.273055341784063507e-08
3.304021314154757833e-08
3.334425751577928250e-08
3.364144253977486102e-08
3.393137565359289476e-08
3.421340609465600507e-08
3.448689058076761855e-08
3.475153009615430154e-08
3.500664514935398413e-08
3.525109835323470291e-08
3.548480549559251599e-08
3.570721255757451021e-08
3.591797603565855519e-08
3.611623133460680150e-08
3.630069593425901115e-08
3.647073462630514509e-08
3.662544388931866931e-08
3.676401298684177829e-08
3.688483352556765703e-08
3.698772265264556696e-08
3.707273943189056893e-08
3.713906347172167068e-08
3.718591373784565067e-08
3.721340314983312366e-08
3.722045378745753399e-08
3.720577837018232725e-08
3.716926777660746083e-08
3.710989401051716348e-08
3.702712576950417522e-08
3.692147277487652173e-08
3.679172404141940244e-08
3.663838782764919501e-08
3.646060920789895203e-08
3.625845750178118926e-08
3.603138346541311193e-08
3.577934634044481259e-08
3.550200980848556516e-08
3.519997250343464949e-08
3.487312790331588590e-08
3.452192200286248628e-08
3.414641821504426911e-08
3.374682786169739588e-08
3.332370274962059693e-08
3.287749090839079093e-08
3.240882186657286088e-08
3.191858182813910801e-08
3.140750945116576453e-08
3.087636838985483788e-08
3.032613727322903613e-08
2.975786639921919571e-08
2.917273706324484141e-08
2.857193596816876204e-08
2.795687698967141984e-08
2.732877350987460918e-08
2.668908405425075159e-08
2.603926483959650145e-08
2.538093464523854717e-08
2.471567452261813044e-08
2.404501137861166856e-08
2.337061875718461091e-08
2.269413768426155922e-08
2.201719148571749030e-08
2.134147104349290208e-08
2.066849399694283855e-08
1.999984912700032030e-08
1.933705506589404871e-08
1.868154091958004242e-08
1.803469050991144814e-08
1.739770387677503281e-08
1.677182694347327679e-08
1.615803931142635447e-08
1.555733078789646283e-08
1.497039075880389075e-08
1.439800088757392367e-08
1.384057148801359248e-08
1.329852411811759072e-08
1.277208659551187810e-08
1.226133297172105234e-08
1.176627290887476314e-08
1.128672673728253500e-08
1.082245487138626121e-08
1.037312759351326845e-08
9.938329520011863300e-09
9.517607035354333054e-09
9.110473114298848000e-09
8.716430627641681162e-09
8.335003549935058213e-09
7.965728977508780109e-09
7.608204355059293871e-09
7.262081156378712474e-09
6.927080706006579302e-09
6.602998028647009789e-09
6.289708859768995003e-09
5.987165458622481811e-09
5.695383806505572656e-09
5.414434315337358764e-09
5.144420163969382707e-09
4.885452866958715468e-09
4.637628354325500854e-09
4.401001058616035192e-09
4.175562146602409262e-09
3.961218157239344851e-09
3.757780955913838575e-09
3.564961523093520465e-09
3.382374340797518405e-09
3.209553042229160599e-09
3.045972419253601850e-09
2.891074898903853273e-09
2.744299299124076021e-09
2.605109173826528142e-09
2.473014839796053218e-09
2.347588968528699137e-09
2.228472395589566237e-09
2.115369784445737787e-09
2.008038015804639914e-09
1.906267970878952739e-09
1.809865337070381455e-09
1.718633663547261132e-09
1.632362604564042585e-09
1.550824086189594832e-09
1.473774466065665578e-09
1.400961522682032673e-09
1.332133346491904960e-09
1.267046890451820407e-09
1.205474105097558468e-09
1.147205041004499642e-09
1.092047893172775810e-09
1.039827114969207981e-09
9.903803307314076437e-10
9.435550401139542909e-10
8.992054770582254847e-10
8.571900988961897644e-10
8.173707776687987574e-10
7.796136970105318363e-10
7.437914996986655840e-10
7.097853398294228567e-10
6.774856161790324455e-10
6.467910057754258104e-10
6.176065208361967855e-10
5.898420283649850280e-10
5.634118536388805196e-10
5.382353740045497252e-10
5.142375294520799391e-10
4.913486899064356572e-10
4.695039295424761809e-10
4.486423977040976580e-10
4.287071074349130861e-10
4.096450069235393487e-10
3.914069089679502035e-10
3.739472097826802825e-10
3.572235603359559115e-10
3.411966244432838524e-10
3.258299123912484699e-10
3.110896639972001699e-10
2.969446682326708531e-10
2.833660638392101274e-10
2.703271668083569973e-10
2.578033172262276933e-10
2.457717329549235747e-10
2.342113557532538770e-10
2.231027109873349649e-10
2.124277782635460830e-10
2.021698629383343994e-10
1.923134729680298193e-10
1.828442060762190294e-10
1.737486408151733213e-10
1.650142344213552401e-10
1.566292270996987408e-10
1.485825529106030879e-10
1.408637559789125963e-10
1.334629124608580928e-10
1.263705588210290233e-10
1.195776267075242600e-10
1.130753839664707863e-10
1.068553813514223413e-10
1.009094050454895467e-10
9.522943503576584912e-11
8.980760916227057408e-11
8.463619301783321023e-11
7.970755487516833122e-11
7.501414540551731081e-11
7.054848222020741568e-11
6.630313857210555905e-11
6.227073612989045926e-11
5.844394172513308607e-11
5.481546743060754240e-11
5.137807350403140427e-11
4.812457389864992312e-11
4.504784371519636904e-11
4.214082808720818739e-11
3.939655262910143662e-11
3.680813477825741799e-11
3.436879555559611371e-11
3.207187150363531339e-11
2.991082649032481622e-11
2.787926317029482574e-11
2.597093397404590427e-11
2.417975140926741113e-11
2.249979648550534514e-11
2.092532701754524673e-11
1.945078419009633621e-11
1.807079815178583997e-11
1.678019221034377105e-11
1.557398568051957780e-11
1.444739580609061003e-11
1.339583829129036514e-11
1.241492665582993783e-11
1.150047090436249510e-11
1.064847520645712891e-11
9.855134518992809636e-12
9.116830786391175384e-12
8.430128434296937406e-12
7.791769396444921601e-12
7.198667767186931752e-12
6.647904218935243007e-12
6.136720096112656012e-12
5.662511354838973710e-12
5.222822530668342387e-12
4.815340528093653328e-12
4.437888497402909480e-12
4.088419616273441888e-12
3.765011053646188845e-12
3.465857880188166792e-12
3.189267186458020406e-12
2.933652296040722455e-12
2.697527190316447103e-12
2.479501102305464161e-12
2.278273393193937411e-12
2.092628658022427093e-12
1.921432273911035225e-12
1.763625231471606353e-12
1.618220039492446023e-12
1.484296733866487567e-12
1.360998529741734014e-12
1.247527834341782820e-12
1.143142462706281519e-12
1.047152105159966835e-12
9.589150652868315580e-13
8.778352540168182442e-13
8.033593816366817616e-13
7.349743191046639027e-13
6.722045613796764655e-13
6.146097709286739894e-13
5.617826784670167533e-13
5.133460712514325236e-13
4.689509827221086551e-13
4.282748446180142450e-13
3.910193748830002669e-13
3.569088058118968530e-13
3.256882559203050654e-13
2.971222442838991754e-13
2.709933333349450785e-13
2.471011575447037999e-13
2.252606182189422416e-13
2.053011469294222131e-13
1.870659580049264682e-13
1.704109006452787717e-13
1.552035322886454223e-13
1.413222196411578793e-13
1.286556731218622172e-13
1.171008940627517054e-13
1.065635909225274278e-13
9.695712424562371805e-14
8.820184031575686453e-14
8.022479166832309772e-14
7.295856903540598131e-14
6.634126265729940200e-14
6.031627778572047851e-14
5.483189535067695573e-14
4.984093152468720484e-14
4.529969906478530030e-14
4.116858926089855163e-14
3.741158802887004957e-14
3.399556910726976945e-14
3.088999340590277738e-14
2.806722112703841494e-14
2.550214320658612170e-14
2.317122958610761052e-14
2.105344133513784767e-14
1.912963533560552945e-14
1.738189650590648572e-14
1.579445854382860086e-14
1.435255525587558031e-14
1.304287161004032122e-14
1.185346727587291818e-14
1.077309442923188070e-14
9.792057292506817434e-15
8.900949447480682481e-15
8.091822661356081997e-15
7.356915661173441279e-15
6.689609341564668895e-15
6.083616694261099078e-15
5.533303517180110553e-15
5.033708611442000419e-15
4.580032815262941422e-15
4.168126776003279548e-15
3.794251454158601165e-15
3.454825270918720266e-15
3.146710052004222416e-15
2.867056211463784245e-15
2.613330599667484180e-15
2.383097603857991358e-15
2.174217537414663104e-15
1.984745332787594831e-15
1.812912696209345478e-15
1.657111906270832903e-15
1.515881131601979762e-15
1.387891103927936013e-15
1.271933034967866725e-15
1.166929583079363990e-15
1.071890602740241711e-15
9.858794226421299208e-16
9.080682056603618828e-16
8.377713504959768260e-16
7.742448029401395755e-16
7.169094320149561042e-16
