# bin_2_2
1.378181564942151345e-08
1.383525081035366920e-08
1.389055170220658979e-08
1.394777379489399862e-08
1.400697425489450232e-08
1.406821165212430845e-08
1.413154610254212255e-08
1.419703994453370266e-08
1.426475633506536151e-08
1.433475911814209242e-08
1.440711284827335971e-08
1.448188220607720737e-08
1.455913438504824856e-08
1.463893962581454853e-08
1.472137022612837783e-08
1.480649977926818127e-08
1.489440148540851563e-08
1.498514859261165510e-08
1.507881445484134599e-08
1.517547188963292398e-08
1.527519506585588066e-08
1.537806057696793001e-08
1.548414631576199625e-08
1.559352992446895997e-08
1.570628792410256333e-08
1.582249421310294758e-08
1.594222136419437795e-08
1.606553253876085096e-08
1.619248618340714053e-08
1.632314550197747291e-08
1.645757917472084008e-08
1.659585073649705049e-08
1.673800625051477789e-08
1.688407977027770633e-08
1.703410481611418559e-08
1.718812337974292028e-08
1.734617654551316173e-08
1.750829172332229353e-08
1.767449029633265415e-08
1.784477411058602696e-08
1.801912823934965532e-08
1.819766526947410659e-08
1.838050239484864454e-08
1.856741996945542114e-08
1.875822162438852977e-08
1.895291939931985090e-08
1.915157577633131085e-08
1.935421886268267088e-08
1.956069935545581685e-08
1.977093245115396456e-08
1.998492038386549579e-08
2.020255152725034689e-08
2.042375530613855484e-08
2.064849636387833960e-08
2.087668782012987895e-08
2.110830284944522079e-08
2.134329738826622144e-08
2.158163268211774284e-08
2.182329683771430237e-08
2.206827000599125546e-08
2.231653617826664498e-08
2.256809604749397593e-08
2.282291710339610945e-08
2.308090499275789759e-08
2.334187811234602205e-08
2.360594330105241846e-08
2.387236157975469470e-08
2.414052471104848925e-08
2.441021002368747388e-08
2.468092940312728049e-08
2.495211462403174498e-08
2.522332891970289383e-08
2.549410454497666375e-08
2.576401918133380370e-08
2.603262479468639532e-08
2.629957806126813149e-08
2.656455517044561804e-08
2.682779431390832337e-08
2.708867863565880861e-08
2.734690773504507696e-08
2.760253430013706831e-08
2.785523855230046147e-08
2.810457296697920678e-08
2.835006643526598555e-08
2.859093267070213731e-08
2.882676246082343848e-08
2.905629921675451519e-08
2.927838316051727200e-08
2.949268400059003453e-08
2.969863122107699050e-08
2.989566715019454703e-08
3.008356980936041396e-08
3.026175405048713835e-08
3.042920134380190046e-08
3.058591357498833366e-08
3.073144991119260917e-08
3.086557662327278669e-08
3.098756783842663944e-08
3.109629392528240687e-08
3.119125010316612296e-08
3.127167378150781719e-08
3.133689467789773649e-08
3.138549033885288703e-08
3.141741604100629727e-08
3.143287894580074276e-08
3.143124952479106333e-08
3.141194227450526461e-08
3.137522473644988429e-08
3.132022541006548534e-08
3.124586551195408580e-08
3.115219979270972717e-08
3.103841616304382022e-08
3.090419006217562400e-08
3.075019735817479763e-08
3.057548035715404449e-08
3.038071644097867458e-08
3.016528549014007573e-08
2.992944355584944522e-08
2.967285491133333606e-08
2.939566094623354650e-08
2.909773618397732510e-08
2.877984383858625517e-08
2.844208488285535478e-08
2.808506646974149104e-08
2.770902357681596815e-08
2.731432193978450290e-08
2.690164363250311968e-08
2.647156752054879084e-08
2.602484328196336425e-08
2.556244396356856050e-08
2.508518503743212835e-08
2.459388849183653229e-08
2.408956236578861599e-08
2.357326581764942443e-08
2.304616361753751532e-08
2.250940565168306872e-08
2.196432365276019792e-08
2.141203666700328581e-08
2.085387003756460848e-08
2.029111943494768392e-08
1.972520525715673988e-08
1.915748028816870996e-08
1.858921581677792062e-08
1.802179086123571454e-08
1.745652479430460288e-08
1.689468986233409803e-08
1.633759215480241407e-08
1.578634783325402868e-08
1.524211445738043896e-08
1.470596242034055396e-08
1.417885677417894320e-08
1.366170367035765521e-08
1.315522675096986231e-08
1.266018400605894211e-08
1.217708273055611172e-08
1.170644182548756478e-08
1.124851040601425300e-08
1.080363648071013349e-08
1.037184479085019657e-08
9.953196213926629046e-09
9.547604253964803342e-09
9.154877696779549943e-09
8.774807123979672023e-09
8.407053772629959422e-09
8.051272117435954326e-09
7.707082553915520445e-09
7.374075631435632347e-09
7.051854629910123053e-09
6.740035466035192325e-09
6.438263321141199424e-09
6.146234069099937245e-09
5.863679083444104823e-09
5.590399662915340771e-09
5.326251002561116400e-09
5.071147408698209674e-09
4.825055818620554190e-09
4.587992578187815102e-09
4.360010928529173121e-09
4.141180976105058564e-09
3.931575071385364513e-09
3.731245643530497358e-09
3.540204077592196159e-09
3.358404857569806683e-09
3.185731578237601466e-09
3.021990569686714111e-09
2.866908143970815974e-09
2.720138927306402210e-09
2.581276903782435394e-09
2.449872931666191110e-09
2.325458020470334298e-09
2.207567007392360037e-09
2.095760533760020087e-09
1.989643075402963843e-09
1.888874959652392735e-09
1.793175136546088189e-09
1.702316491137470379e-09
1.616114218256176190e-09
1.534408981325016663e-09
1.457050008103061538e-09
1.383879448654350451e-09
1.314722594757842116e-09
1.249385226830130376e-09
1.187657479173585930e-09
1.129323178619325217e-09
1.074170234642745384e-09
1.021999769111447131e-09
9.726310652653951806e-10
9.259020475731295376e-10
8.816659008579223172e-10
8.397861696979606361e-10
8.001324043445414294e-10
7.625781135127091437e-10
7.270006631995768116e-10
6.932824658425373536e-10
6.613120450351785179e-10
6.309842877525796502e-10
6.022001559830538205e-10
5.748662522732897558e-10
5.488946724966608108e-10
5.242029925031487166e-10
5.007141868340113618e-10
4.783562302714845525e-10
4.570614826620039005e-10
4.367662989717667719e-10
4.174109257227974959e-10
3.989395834958424509e-10
3.813003831408393245e-10
3.644450571783319736e-10
3.483286092515864589e-10
3.329090917428848231e-10
3.181474970483720527e-10
3.040076490804411421e-10
2.904560191948556350e-10
2.774615436594900703e-10
2.649954569115836697e-10
2.530311504004212895e-10
2.415440211799452209e-10
2.305113368491220788e-10
2.199121057684263485e-10
2.097269455905828365e-10
1.999379591907896229e-10
1.905286157948856158e-10
1.814836368826697315e-10
1.727888866571150915e-10
1.644312690254999332e-10
1.563986318319674960e-10
1.486796744601651790e-10
1.412638602235476711e-10
1.341413337868822104e-10
1.273028439481321594e-10
1.207396714207088792e-10
1.144435619740127210e-10
1.084066637920132838e-10
1.026214705273547813e-10
9.708076869987952586e-11
9.177759093480809039e-11
8.670517405828119078e-11
8.185692210302156732e-11
7.722637369205822435e-11
7.280717448755429142e-11
6.859305400268885187e-11
6.457780662594628284e-11
6.075527702264371978e-11
5.711934934054166769e-11
5.366393989537188730e-11
5.038299322344767584e-11
4.727048087252805075e-11
4.432040296759029636e-11
4.152679227439603042e-11
3.888372013535529346e-11
3.638530395884459793e-11
3.402571625144585839e-11
3.179919457363670351e-11
2.970005180535359278e-11
2.772268680893857414e-11
2.586159514040117647e-11
2.411137946925121460e-11
2.246675952165645883e-11
2.092258131973890861e-11
1.947382569326278191e-11
1.811561606043712147e-11
1.684322532244719789e-11
1.565208083962546175e-11
1.453776936076398397e-11
1.349604031272944901e-11
1.252280809927221651e-11
1.161415316670925269e-11
1.076632203142989711e-11
9.975726742962891081e-12
9.238943224735381422e-12
8.552708812614910186e-12
7.913919452030514292e-12
7.319626318361635146e-12
6.767031670804238073e-12
6.253484554654973769e-12
5.776476126147383343e-12
5.333634778394120461e-12
4.922721059072876074e-12
4.541622558285499081e-12
4.188348716473157786e-12
3.861025577749093597e-12
3.557890614270176052e-12
3.277287523700447406e-12
3.017661202458965798e-12
2.777552650645529982e-12
2.555594123316932192e-12
2.350504348757072492e-12
2.161083946960760891e-12
1.986210963750693073e-12
1.824836650119058081e-12
1.675981387890681368e-12
1.538730803071606872e-12
1.412232051261383492e-12
1.295690470627600201e-12
1.188365460139312885e-12
1.089567395832366689e-12
9.986546887387739225e-13
9.150305294501271769e-13
8.381400129984749792e-13
7.674674769992613273e-13
7.025340279615256438e-13
6.428952392255185430e-13
5.881389944758180506e-13
5.378834283743517236e-13
4.917749503973378669e-13
4.494863405773519876e-13
4.107149211027466112e-13
3.751810858046136099e-13
3.426259594658118147e-13
3.128102230874571321e-13
2.855128855020950387e-13
2.605297702749843707e-13
2.376722919195958153e-13
2.167663303514635706e-13
1.976512033440216730e-13
1.801787279144257801e-13
1.642126187406704752e-13
1.496270479834302263e-13
1.363062112986149361e-13
1.241438589057219153e-13
1.130424203526119359e-13
1.029123345709958465e-13
9.367140444831896062e-14
8.524456976626742642e-14
7.756214928580318038e-14
7.056046521032477187e-14
6.418103793092442360e-14
5.837013741617928668e-14
5.307868466328708208e-14
4.826127053944786293e-14
4.387623700059623424e-14
3.988559950447508288e-14
3.625471383025026010e-14
3.295203533485283776e-14
2.994820872258880976e-14
2.721672094125577826e-14
2.473352982412349057e-14
2.247647591743927811e-14
2.042507680479702289e-14
1.856089966925744442e-14
1.686726960745689163e-14
1.532841062449826633e-14
1.393036633214397156e-14
1.266047254227581632e-14
1.150675848091630249e-14
1.045886444250792736e-14
9.506979574886918952e-15
8.642303949544063752e-15
7.857004999852436035e-15
7.143594178081023096e-15
6.495770405873636007e-15
5.907243025273042477e-15
5.372864794169458275e-15
4.887446465915797317e-15
4.446682368259593254e-15
4.046400649950096976e-15
3.682884068343981041e-15
3.352902613145122200e-15
3.053246052064030484e-15
2.781195633269358990e-15
2.534308871982508195e-15
2.310192971312272120e-15
2.106782092984665005e-15
1.922200098881311555e-15
1.754793700418690674e-15
1.602935312550614919e-15
1.465214050575942278e-15
1.340346633444742968e-15
1.227165724201631113e-15
1.124609346222186012e-15
1.031711289186012613e-15
9.475923986991832008e-16
8.714526840440780768e-16
8.025841619484564178e-16
7.403329155933262579e-16
6.840709014937830918e-16
6.332485632103143677e-16
5.874264500291118372e-16
5.460956408675535623e-16
5.088808932876684776e-16
