# bin_4_3
1.675011497794954668e-08
1.682007167537597047e-08
1.689251474837570956e-08
1.696752222747873484e-08
1.704517481585081960e-08
1.712555544383743035e-08
1.720874908376005886e-08
1.729484242615445809e-08
1.738392354271775332e-08
1.747608327999402034e-08
1.757141487955533174e-08
1.767001404115528271e-08
1.777198089149274597e-08
1.787741822621950073e-08
1.798642949011907544e-08
1.809911895206713379e-08
1.821559141885124225e-08
1.833595714609111661e-08
1.846033047715334328e-08
1.858882864504145692e-08
1.872156829875208243e-08
1.885866547044687943e-08
1.900023368265642282e-08
1.914638587039374717e-08
1.929723763058546338e-08
1.945290740170141041e-08
1.961351724587864070e-08
1.977918593485207654e-08
1.995003045903059602e-08
2.012616474998213598e-08
2.030769009007094190e-08
2.049469856317933130e-08
2.068728768865811562e-08
2.088556710643223439e-08
2.108964294671304242e-08
2.129960467711954918e-08
2.151552751294633826e-08
2.173748857624108807e-08
2.196558117420981723e-08
2.219990540888461119e-08
2.244054333131907027e-08
2.268752637466310610e-08
2.294090274270635615e-08
2.320091183018595015e-08
2.346763983182452645e-08
2.374080148606798080e-08
2.402032882298713906e-08
2.430630930026898629e-08
2.459883349124342200e-08
2.489792765814322249e-08
2.520350349155170740e-08
2.551554426979827956e-08
2.583407897678487199e-08
2.615906288010813075e-08
2.649050856953934622e-08
2.682841418836189645e-08
2.717276322870278856e-08
2.752360606561832453e-08
2.788092616463867694e-08
2.824475127180808754e-08
2.861514459609003130e-08
2.899213257737432894e-08
2.937576655882200895e-08
2.976609333580506367e-08
3.016311663129468204e-08
3.056665099965401642e-08
3.097678734980184484e-08
3.139318173003222344e-08
3.181490968292179416e-08
3.224170636442890184e-08
3.267320126567675967e-08
3.310875693900719648e-08
3.354789108005217597e-08
3.399012975492244872e-08
3.443502741323633483e-08
3.488211897702199708e-08
3.533102690732268999e-08
3.578139544730745671e-08
3.623333526158048499e-08
3.668656252113314519e-08
3.714040080359837042e-08
3.759487837416660793e-08
3.804972803209042478e-08
3.850436583278151776e-08
3.895823798636523151e-08
3.941047675327084002e-08
3.986040167897155170e-08
4.030701415602638325e-08
4.074859872320099270e-08
4.118464404046046122e-08
4.161448778688874848e-08
4.203736917960381031e-08
4.245268774700849330e-08
4.286000703760200298e-08
4.325782742062815455e-08
4.364581838199436343e-08
4.402347414083358279e-08
4.439008445420580353e-08
4.474501281734694236e-08
4.508649227416603836e-08
4.541368538295378075e-08
4.572539250071638659e-08
4.602079567782399090e-08
4.629788244504724133e-08
4.655606533438613572e-08
4.679517305181924103e-08
4.701442259077191919e-08
4.721249354512956105e-08
4.738906776909495750e-08
4.754323225857982804e-08
4.767303416015579560e-08
4.777786491680177634e-08
4.785677207497827431e-08
4.790837278107046234e-08
4.793306323113140237e-08
4.792934138772137553e-08
4.789700611990807904e-08
4.783527324257145135e-08
4.774330583640797181e-08
4.762063516985709138e-08
4.746635518751262048e-08
4.728006052240450282e-08
4.706161133060362959e-08
4.681072184098629849e-08
4.652740773833946033e-08
4.621122608786629633e-08
4.586207369349768805e-08
4.548012001957692937e-08
4.506530099106649590e-08
4.461799412602726048e-08
4.413874807612817284e-08
4.362794623448989587e-08
4.308602577679277734e-08
4.251373368795779433e-08
4.191183682239155347e-08
4.128135031783694722e-08
4.062322404579525101e-08
3.993879866733570121e-08
3.922916540198857184e-08
3.849576812986029692e-08
3.774002879733253612e-08
3.696365872143436863e-08
3.616837553779592922e-08
3.535586533911483089e-08
3.452805191195571608e-08
3.368690209911913145e-08
3.283439492737878811e-08
3.197268459651964076e-08
3.110381341188744752e-08
3.022992053021434303e-08
2.935319849486778463e-08
2.847579084020307467e-08
2.759984142427632960e-08
2.672739817192223051e-08
2.586056540206848046e-08
2.500128468796650047e-08
2.415146450792286148e-08
2.331282998953261544e-08
2.248711594053783584e-08
2.167577663762142489e-08
2.088020974889448193e-08
2.010162188336564655e-08
1.934101459208806604e-08
1.859929051010639175e-08
1.787706924324390137e-08
1.717484287767649083e-08
1.649293138049167862e-08
1.583143421607671914e-08
1.519030885903703989e-08
1.456936487144752369e-08
1.396826046244544935e-08
1.338655322379018347e-08
1.282369109374037558e-08
1.227907396139874890e-08
1.175205076462431210e-08
1.124195871422322083e-08
1.074815221852247997e-08
1.027002816567739386e-08
9.807040924173221360e-09
9.358726610755925618e-09
8.924713254883994547e-09
8.504728578565135015e-09
8.098605193178666799e-09
7.706275405855010784e-09
7.327762230210913006e-09
6.963166350066170448e-09
6.612643126068013618e-09
6.276374618596683349e-09
5.954528267640535192e-09
5.647221544937578079e-09
5.354490486702247304e-09
5.076258450255646710e-09
4.812315569103919893e-09
4.562312793265500150e-09
4.325763413965734487e-09
4.102059993449093713e-09
3.890500945531573277e-09
3.690326412232292826e-09
3.500760559501761643e-09
3.321053153917039339e-09
3.150517930139924710e-09
2.988560376062748812e-09
2.834692235230232477e-09
2.688529755143635224e-09
2.549777219860952057e-09
2.418199472104398867e-09
2.293588897012684985e-09
2.175732367255175986e-09
2.064385852457928791e-09
1.959261981123249487e-09
1.860032999260291837e-09
1.766345345358237707e-09
1.677841155117160977e-09
1.594180339642596800e-09
1.515056612933365396e-09
1.440202612499076303e-09
1.369384970138737930e-09
1.302392853059146101e-09
1.239025638518570215e-09
1.179084930706683006e-09
1.122372760235970448e-09
1.068694803100816226e-09
1.017865172114211310e-09
9.697099163037289672e-10
9.240676900342339477e-10
8.807881824950134813e-10
8.397301368978926440e-10
8.007602741839138631e-10
7.637528613899709293e-10
7.285895030615174661e-10
6.951588465148814411e-10
6.633565098298824866e-10
6.330849495850524720e-10
6.042531664266323979e-10
5.767761014729644928e-10
5.505741387152259973e-10
5.255729000870412895e-10
5.017032502955830000e-10
4.789009360577835735e-10
4.571061059158262041e-10
4.362630554821152023e-10
4.163200962055912633e-10
3.972293196004067299e-10
3.789462718381486074e-10
3.614297069995918170e-10
3.446414234007163895e-10
3.285460444538740374e-10
3.131107845196012618e-10
2.983052683854539230e-10
2.841013540008107658e-10
2.704729466621959548e-10
2.573958266071002331e-10
2.448474929381608629e-10
2.328070128634098850e-10
2.212548783779644096e-10
2.101728735130255914e-10
1.995439490171827789e-10
1.893521050742817667e-10
1.795822809785275871e-10
1.702202527442738230e-10
1.612525380581053186e-10
1.526663088036095994e-10
1.444493115654185572e-10
1.365897955247937615e-10
1.290764476739774889e-10
1.218983347264780372e-10
1.150448518692999512e-10
1.085056776299332700e-10
1.022707347833321656e-10
9.633015747749097659e-11
9.067426375648040711e-11
8.529353322818623854e-11
8.017858966745108730e-11
7.532018810154255623e-11
7.070920566237318014e-11
6.633663619519918971e-11
6.219358825308514695e-11
5.827128610303820729e-11
5.456107318750905829e-11
5.105441732504823228e-11
4.774291736918069027e-11
4.461831139916377648e-11
4.167248518151208996e-11
3.889748223855046490e-11
3.628551281905267011e-11
3.382896334639600516e-11
3.152040577157875248e-11
2.935260640661155085e-11
2.731853386404013813e-11
2.541136658411708842e-11
2.362449915884887050e-11
2.195154733531511649e-11
2.038635208224261437e-11
1.892298261766199972e-11
1.755573800142135209e-11
1.627914777659011022e-11
1.508797145875262102e-11
1.397719697866023032e-11
1.294203825278031383e-11
1.197793191262171503e-11
1.108053325149203319e-11
1.024571158553261562e-11
9.469545129661945289e-12
8.748315228855923122e-12
8.078500364137287061e-12
7.456769637158465824e-12
6.879976023493461424e-12
6.345149306639969294e-12
5.849488983006421061e-12
5.390357092403944301e-12
4.965271105406106480e-12
4.571896949574832995e-12
4.208042181191719065e-12
3.871649287359838486e-12
3.560789529119882845e-12
3.273655586200258015e-12
3.008555999947326578e-12
2.763908977910817372e-12
2.538236143294180157e-12
2.330156536974384336e-12
2.138380829062870541e-12
1.961705858955928675e-12
1.799009559881142924e-12
1.649246293330468520e-12
1.511442562246435149e-12
1.384692939919688185e-12
1.268156112075963810e-12
1.161050940798732590e-12
1.062652837468345744e-12
9.722891352727160312e-13
8.893357982230579428e-13
8.132141824372616791e-13
7.433876925008293483e-13
6.793589351545742437e-13
6.206671502845700130e-13
5.668858412275070116e-13
5.176205607582662993e-13
4.725070685422896140e-13
4.312087230043866435e-13
3.934147662722961038e-13
3.588388756615710876e-13
3.272172051071555183e-13
2.983067319169203258e-13
2.718836774710813650e-13
2.477423942549050390e-13
2.256928035095143303e-13
2.055601086826155689e-13
1.871833953103083624e-13
1.704144909541706230e-13
1.551172721465707710e-13
1.411662985275300845e-13
1.284461784685785733e-13
1.168512691648855550e-13
1.062848024969608717e-13
9.665843785628729445e-14
8.789052646838174316e-14
7.990667390911473212e-14
7.263886011448009762e-14
6.602469968734302520e-14
6.000658708473212141e-14
5.453205019422813733e-14
4.955340270336525266e-14
4.502622147254348195e-14
4.091037801971897375e-14
3.716945491894703915e-14
3.376951672963220891e-14
3.068016861200144857e-14
2.787339832167386107e-14
2.532351786664142996e-14
2.300751772186516379e-14
2.090375425458920358e-14
1.899326110990655578e-14
1.725798220879305784e-14
1.568224759720747185e-14
1.425109700049346457e-14
1.295157769468090432e-14
1.177138655104646619e-14
1.069968218937674462e-14
9.726537292158913675e-15
8.842800607597373369e-15
8.040396536297109875e-15
7.311834516950281398e-15
6.650292377190938695e-15
6.049641521611952802e-15
5.504381133621279703e-15
5.009391009300687972e-15
4.560052470840538358e-15
4.152192996375594724e-15
3.782021556001387515e-15
3.446093514844271079e-15
3.141278827515280877e-15
2.864733152344936110e-15
2.613871670609701627e-15
2.386345321501133542e-15
2.180019223510842039e-15
1.992982438361789369e-15
1.823479444801710643e-15
1.669873936358050610e-15
1.530731886899854919e-15
1.404768941563116387e-15
