# bin_4_2
1.494851142966346453e-08
1.500876744173928645e-08
1.507114898180384725e-08
1.513572104880401455e-08
1.520255066461741010e-08
1.527170658790540033e-08
1.534325947280502336e-08
1.541728256601429764e-08
1.549385028068658660e-08
1.557303806381996418e-08
1.565492243827024753e-08
1.573958041866564079e-08
1.582709195603487358e-08
1.591754048473494901e-08
1.601101192625414592e-08
1.610759391942171668e-08
1.620737410789735067e-08
1.631044059979948807e-08
1.641688203508602652e-08
1.652678693496960924e-08
1.664024562874113582e-08
1.675735137546985499e-08
1.687819928253292629e-08
1.700288469829609207e-08
1.713150233457001786e-08
1.726414473944970892e-08
1.740090359281933823e-08
1.754186146862554531e-08
1.768709666213560319e-08
1.783669295544939646e-08
1.799074034532973285e-08
1.814932415771912294e-08
1.831251247780185557e-08
1.848036160688610010e-08
1.865292781267322935e-08
1.883027673128264502e-08
1.901247378223246544e-08
1.919957073538919569e-08
1.939161342699309547e-08
1.958862888450517674e-08
1.979062800397608403e-08
1.999774974631308753e-08
2.021013779777170239e-08
2.042759864089208430e-08
2.064996251421784431e-08
2.087726835588977836e-08
2.110960663037068273e-08
2.134703418376982980e-08
2.158942841976225791e-08
2.183673213686694150e-08
2.208897704599097016e-08
2.234607855409217642e-08
2.260799400640125736e-08
2.287471662768240025e-08
2.314618640594498094e-08
2.342240476354356916e-08
2.370335441616403995e-08
2.398902327885019256e-08
2.427942616637703916e-08
2.457456870757514454e-08
2.487445974003356391e-08
2.517912462606748199e-08
2.548855353516279842e-08
2.580267428347156477e-08
2.612132505144344141e-08
2.644463299630784132e-08
2.677187374999146853e-08
2.710245210964293768e-08
2.743615970455187028e-08
2.777251865845808342e-08
2.811096897022712883e-08
2.845108010238043904e-08
2.879238802808889162e-08
2.913447110606122316e-08
2.947687896944605681e-08
2.981926297224116694e-08
3.016129003579247007e-08
3.050318951043932813e-08
3.084432481008816811e-08
3.118437403692247384e-08
3.152336697530035213e-08
3.186095365991041701e-08
3.219665068215249290e-08
3.252994673754163380e-08
3.286000729458777887e-08
3.318637305985704563e-08
3.350772278000916448e-08
3.382282648867907094e-08
3.413128505137854818e-08
3.443244903522997408e-08
3.472567385850476549e-08
3.501064835149982854e-08
3.528668597771089983e-08
3.555265268900839847e-08
3.580843880594253799e-08
3.605347909854302144e-08
3.628740969628669278e-08
3.650936000959914166e-08
3.671804149905979670e-08
3.691279201140970016e-08
3.709268052224618786e-08
3.725686030936855580e-08
3.740370856049015318e-08
3.753299169602811195e-08
3.764472249554171800e-08
3.773805171164391884e-08
3.781216677584762473e-08
3.786712031477615343e-08
3.790179582431087983e-08
3.791485674241038845e-08
3.790612133430688846e-08
3.787450719622295609e-08
3.781942238459832549e-08
3.774129362890923570e-08
3.763886452357042741e-08
3.751255830871713663e-08
3.736145687496766300e-08
3.718554767903532840e-08
3.698420288270827468e-08
3.675729029539136098e-08
3.650439596652144066e-08
3.622602500791351876e-08
3.592199813876485000e-08
3.559267068635239247e-08
3.523802134124330752e-08
3.485817160118466355e-08
3.445358151097716578e-08
3.402461588296568130e-08
3.357182617060953033e-08
3.309601613128112612e-08
3.259784779221797704e-08
3.207801230267729254e-08
3.153741759454292460e-08
3.097705027496630639e-08
3.039803639505734800e-08
2.980151913236196082e-08
2.918886255754443565e-08
2.856125107429928571e-08
2.792011958889959313e-08
2.726691401219434386e-08
2.660324824742487155e-08
2.593071277294995998e-08
2.525085892868535172e-08
2.456539234514567777e-08
2.387600241947868295e-08
2.318437309145173274e-08
2.249226541998887152e-08
2.180128501491939944e-08
2.111311837232750298e-08
2.042939263712489150e-08
1.975165754004554272e-08
1.908142537468596100e-08
1.842003766120376941e-08
1.776888150341335958e-08
1.712908907669962016e-08
1.650179984163715208e-08
1.588786125751538188e-08
1.528820122091565777e-08
1.470338201991429422e-08
1.413396435770627143e-08
1.358030809735642220e-08
1.304260940058615602e-08
1.252098291756229801e-08
1.201534233385606769e-08
1.152552236088194565e-08
1.105124960931819885e-08
1.059214729113073170e-08
1.014778137116243649e-08
9.717666623661411423e-09
9.301291421423658857e-09
8.898150088542512429e-09
8.507739101805429583e-09
8.129605673092621057e-09
7.763345916985271291e-09
7.408624217281605937e-09
7.065181424701928193e-09
6.732845494187393751e-09
6.411531398874769791e-09
6.101231039217320580e-09
5.802006522526383002e-09
5.513970115980667213e-09
5.237259130307649375e-09
4.972010916524704510e-09
4.718334348497435849e-09
4.476284397696935129e-09
4.245834863613131272e-09
4.026862403472228997e-09
3.819134176499457088e-09
3.622306894219415710e-09
3.435939891287322734e-09
3.259515513459255658e-09
3.092466293837368192e-09
2.934205843648249508e-09
2.784160568250097641e-09
2.641796289945573101e-09
2.506638749404759958e-09
2.378284456337141466e-09
2.256400278670870672e-09
2.140714362326324423e-09
2.030998477003560946e-09
1.927047483375131635e-09
1.828659510256745343e-09
1.735620926252141069e-09
1.647699150202180256e-09
1.564642494178556852e-09
1.486185977961448012e-09
1.412060229850294136e-09
1.342001390354733000e-09
1.275759433542428158e-09
1.213103670616125572e-09
1.153824640298611005e-09
1.097733186205050897e-09
1.044656916809158976e-09
9.944354657966223818e-10
9.469152639248444679e-10
9.019450943739361944e-10
8.593743936549162663e-10
8.190547145854342339e-10
7.808436718243095927e-10
7.446090202857897167e-10
7.102305928232096984e-10
6.775991937935477179e-10
6.466132216871331658e-10
6.171756072046837606e-10
5.891926325199796180e-10
5.625748514223217060e-10
5.372385416271542287e-10
5.131063582067131883e-10
4.901067179733894511e-10
4.681727997843778068e-10
4.472419106920271868e-10
4.272553643360634938e-10
4.081584721218765451e-10
3.899004196261090147e-10
3.724340114380207711e-10
3.557154310339529139e-10
3.397040157644179458e-10
3.243620826932315901e-10
3.096547226518732626e-10
2.955496107433601757e-10
2.820168466869690276e-10
2.690287953667713242e-10
2.565599197888575955e-10
2.445866113840806062e-10
2.330870432086505181e-10
2.220410389308904575e-10
2.114299339076205090e-10
2.012364435878874360e-10
1.914445411248488686e-10
1.820393405176472032e-10
1.730069864528090174e-10
1.643345508805222001e-10
1.560099357743072350e-10
1.480217821892202059e-10
1.403593834754913138e-10
1.330126054104111274e-10
1.259718125426895393e-10
1.192278008944864715e-10
1.127717363567214412e-10
1.065950994502400622e-10
1.006896357320055144e-10
9.504731185039183309e-11
8.966027761103427508e-11
8.452083340585234704e-11
7.962140269300150022e-11
7.495450939583794616e-11
7.051275972449224679e-11
6.628882861045940196e-11
6.227545050154717454e-11
5.846541391587098356e-11
5.485155931040707128e-11
5.142678017913683729e-11
4.818402670710859301e-11
4.511631138418924881e-11
4.221671665789844430e-11
3.947840407244781118e-11
3.689462431149124984e-11
3.445872774166092127e-11
3.216417521492310246e-11
3.000454909671876081e-11
2.797356433508076599e-11
2.606507918309469312e-11
2.427310428253125984e-11
2.259181195635637930e-11
2.101554405804342375e-11
1.953881888404859526e-11
1.815633676395583132e-11
1.686298434629214937e-11
1.565383796753289714e-11
1.452416553570565597e-11
1.346942727123439873e-11
1.248527574999639589e-11
1.156755495426075639e-11
1.071229809529672012e-11
9.915724864313257512e-12
9.174237917770873118e-12
8.484418812123478161e-12
7.843023395010932212e-12
7.246976875355008812e-12
6.693368565789848113e-12
6.179446308052824773e-12
5.702610768048165030e-12
5.260409535107502796e-12
4.850531238410825859e-12
4.470799434072727353e-12
4.119166637070808962e-12
3.793708336674587897e-12
3.492617143917718021e-12
3.214197014080481302e-12
2.956857706704516433e-12
2.719109381576874433e-12
2.499557389497022016e-12
2.296897271344678856e-12
2.109910147515772177e-12
1.937457341067723468e-12
1.778476036002558174e-12
1.631975061568001767e-12
1.497030349022560831e-12
1.372780782526331991e-12
1.258424320182532905e-12
1.153214383319193105e-12
1.056456515318351295e-12
9.675052794963919310e-13
8.857613155972660298e-13
8.106685088733530923e-13
7.417112347592022540e-13
6.784116711226529695e-13
6.203274702111079194e-13
5.670485732618062386e-13
5.181952418981311618e-13
4.734160936551564353e-13
4.323859168327471095e-13
3.948038374234984533e-13
3.603916332574078324e-13
3.288921838617571228e-13
3.000680372849534181e-13
2.737003386146565493e-13
2.495869362868848016e-13
2.275415258179075257e-13
2.073927824041044665e-13
1.889831053123585592e-13
1.721675880658871446e-13
1.568130289862439510e-13
1.427973769257850453e-13
1.300076456925906498e-13
1.183402547497960798e-13
1.076999493027631502e-13
9.799910833213031584e-14
8.915743606412221453e-14
8.110078543583702345e-14
7.376107641906785488e-14
6.707606517612998234e-14
6.098885968085180968e-14
5.544752914201387323e-14
5.040403366498909208e-14
4.581474400208487133e-14
4.163992953530504368e-14
3.784303660995030208e-14
3.439037050569446370e-14
3.125138056746286723e-14
2.839828114752012052e-14
2.580510148876834447e-14
2.344855708107007235e-14
2.130744695876065387e-14
1.936198043770127730e-14
1.759465961901574564e-14
1.598913960275249997e-14
1.453065622922815563e-14
1.320593923102514083e-14
1.200253338410615432e-14
1.090962994377951597e-14
9.916819765256540059e-15
9.015228919325706705e-15
8.196263698068544788e-15
7.452538549017877314e-15
6.777074139096957336e-15
6.163604702093145531e-15
5.606591872107472590e-15
5.100716905199989992e-15
4.641354362978422817e-15
4.224332179856260230e-15
3.845678255537947249e-15
3.501897558141244138e-15
3.189816207311767656e-15
2.906605652183829386e-15
2.649563695063753895e-15
2.416307317141841078e-15
2.204670346340345602e-15
2.012683580230731111e-15
1.838556733980778139e-15
1.680662079500942531e-15
1.537519593573583347e-15
1.407783486692493119e-15
1.290251838139281514e-15
1.183821400745323791e-15
1.087452792665176666e-15
1.000224708840243568e-15
9.213667517129306117e-16
8.500576222921638325e-16
7.856482297636296427e-16
