# ell
1.000000000000000056e-01
1.039416001821918817e-01
1.080385624843463177e-01
1.122970106600668094e-01
1.167233098368400390e-01
1.213240760300293153e-01
1.261061860318715699e-01
1.310767876902591000e-01
1.362433105926695864e-01
1.416134771712145302e-01
1.471953142454033581e-01
1.529971650198781175e-01
1.590277015550500550e-01
1.652959377292794740e-01
1.718112427119725394e-01
1.785833549677337817e-01
1.856223968125063628e-01
1.929388895434570594e-01
2.005437691652209586e-01
2.084484027360117564e-01
2.166646053580304765e-01
2.252046578375679342e-01
2.340813250411981905e-01
2.433078749754991610e-01
2.528980986188206770e-01
2.628663305347399004e-01
2.732274702980183601e-01
2.839970047650832718e-01
2.951910312223233745e-01
3.068262814467965782e-01
3.189201467153160441e-01
3.314907037992935734e-01
3.445567419841957246e-01
3.581377911539991854e-01
3.722541509826232109e-01
3.869269212759711141e-01
4.021780335099342518e-01
4.180302836114975218e-01
4.345073660319455633e-01
4.516339091630979241e-01
4.694355121495109029e-01
4.879387831516695528e-01
5.071713791173606545e-01
5.271620471206756031e-01
5.479406673304305642e-01
5.695382976722302981e-01
5.919872202509314230e-01
6.153209896028948300e-01
6.395744828501473966e-01
6.647839518314216933e-01
6.909870772879913581e-01
7.182230251852972369e-01
7.465325052545449536e-01
7.759578318417796883e-01
8.065429871553875252e-01
8.383336870065600799e-01
8.713774491409868039e-01
9.057236642639069357e-01
9.414236698646880619e-01
9.785308269512721369e-01
1.017100599809187322e+00
1.057190638904340618e+00
1.098860867053510049e+00
1.142173568991326160e+00
1.187193484467636173e+00
1.233987905014382935e+00
1.282626774526655300e+00
1.333182793808240119e+00
1.385731529237936188e+00
1.440351525719069548e+00
1.497124424081015537e+00
1.556135083108232342e+00
1.617471706379177920e+00
1.681225974104722187e+00
1.747493180163090853e+00
1.816372374536190382e+00
1.887966511360191335e+00
1.962382602811686860e+00
2.039731879059413888e+00
2.120129954520646010e+00
2.203697000670735928e+00
2.290557925664131300e+00
2.380842561035319882e+00
2.474685855758789188e+00
2.572228077958055081e+00
2.673615024565239917e+00
2.778998239244613977e+00
2.888535238905788116e+00
3.002389749145176090e+00
3.120731948967592206e+00
3.243738725153819669e+00
3.371593936654310397e+00
3.504488689404248181e+00
3.642621621970699053e+00
3.786199202458857993e+00
3.935436037121123221e+00
4.090555191130335722e+00
4.251788521996589409e+00
4.419377026126019459e+00
4.593571199039550024e+00
4.774631409790005776e+00
4.962828290137280440e+00
5.158443139063200178e+00
5.361768343230782108e+00
5.573107814016271533e+00
5.792777441767288593e+00
6.021105567965956418e+00
6.258433476002870144e+00
6.505115901295355663e+00
6.761521561512608081e+00
7.028033707700131139e+00
7.305050697127348336e+00
7.592986588714531138e+00
7.892271761929106511e+00
8.203353560076385165e+00
8.526696958946196503e+00
8.862785261814972060e+00
9.212120821841944363e+00
9.575225792939406233e+00
9.952642910239186236e+00
1.034493630132208430e+01
1.075269232942263287e+01
1.117652046986967918e+01
1.161705422107277919e+01
1.207495205141591654e+01
1.255089838347411302e+01
1.304560461702383556e+01
1.355981019237648333e+01
1.409428369562407291e+01
1.464982400744943547e+01
1.522726149721785660e+01
1.582745926413501891e+01
1.645131442732651550e+01
1.709975946676697944e+01
1.777376361706344809e+01
1.847433431617595900e+01
1.920251871124109400e+01
1.995940522374880999e+01
2.074612517641251230e+01
2.156385448416372697e+01
2.241381541179912418e+01
2.329727840090675883e+01
2.421556396880265538e+01
2.517004468231575132e+01
2.616214720937169602e+01
2.719335445144160701e+01
2.826520776004371882e+01
2.937930924061052451e+01
3.053732414716512267e+01
3.174098337138631720e+01
3.299208602978238503e+01
3.429250215284120173e+01
3.564417548017571846e+01
3.704912636584312935e+01
3.850945479817971062e+01
4.002734353866587469e+01
4.160506138451246727e+01
4.324496655984546578e+01
4.494951024055716715e+01
4.672124021809333527e+01
4.856280470765197776e+01
5.047695630648628651e+01
5.246655610822767812e+01
5.453457797937940654e+01
5.668411300437221456e+01
5.891837410582635215e+01
6.124070084692611715e+01
6.365456442308416030e+01
6.616357285035790881e+01
6.877147635837222595e+01
7.148217299580988993e+01
7.429971445684746811e+01
7.722831213724664678e+01
8.027234342915200216e+01
8.343635826400517885e+01
8.672508591335349593e+01
9.014344205772033547e+01
9.369653613410149262e+01
9.738967897307065869e+01
1.012283907369093185e+02
1.052184091706252786e+02
1.093656981781940800e+02
1.136764567368411036e+02
1.181571281626897445e+02
1.228144097416230522e+02
1.276552627397567932e+02
1.326869228084844679e+02
1.379169107996485195e+02
1.433530440070009320e+02
1.490034478507585334e+02
1.548765680227160999e+02
1.609811831100720383e+02
1.673264177168333333e+02
1.739217561024152303e+02
1.807770563578194185e+02
1.879025651405802080e+02
1.953089329905045872e+02
2.030072302490953859e+02
2.110089636064564900e+02
2.193260933004096103e+02
2.279710509935329412e+02
2.369567583548388541e+02
2.462966463738692369e+02
2.560046754360739669e+02
2.660953561894820609e+02
2.765837712338508823e+02
2.874855976647176021e+02
2.988171305060453165e+02
3.105953070664922393e+02
3.228377322557046227e+02
3.355627048984796943e+02
3.487892450861263001e+02
3.625371226059064611e+02
3.768268864910541538e+02
3.916798957355336483e+02
4.071183512194545528e+02
4.231653288928568486e+02
4.398448142674706673e+02
4.571817382679989805e+02
4.752020144965185864e+02
4.939325779656924738e+02
5.134014253586933592e+02
5.336376568760075543e+02
5.546715197316768808e+02
5.765344533639872679e+02
5.992591364281806818e+02
6.228795356414356093e+02
6.474309565531144699e+02
6.729500963161789286e+02
6.994750985386373259e+02
7.270456102970232450e+02
7.557028413971090686e+02
7.854896259704469230e+02
8.164504864987958399e+02
8.486317003621390995e+02
8.820813690097514836e+02
9.168494898577207550e+02
9.529880310203772069e+02
9.905510089873434936e+02
1.029594569362291395e+03
1.070177070784114676e+03
1.112359172155916212e+03
1.156203923312243433e+03
1.201776859260027550e+03
1.249146098134159729e+03
1.298382443014060300e+03
1.349559487753448821e+03
1.402753726981528416e+03
1.458044670439934634e+03
1.515514961826432909e+03
1.575250502322930970e+03
1.637340578992468863e+03
1.701877998237136353e+03
1.768959224516337144e+03
1.838684524532771775e+03
1.911158117101691914e+03
1.986488328927345719e+03
2.064787756519564937e+03
2.146173434492418437e+03
2.230767010496523653e+03
2.318694927046534303e+03
2.410088610515472283e+03
2.505084667578534209e+03
2.603825089399873832e+03
2.706457463867615388e+03
2.813135196194365108e+03
2.924017738212869972e+03
3.039270826709589073e+03
3.159066731152483044e+03
3.283584511183149971e+03
3.413010284258366482e+03
3.547537503840926547e+03
3.687367248555643073e+03
3.832708522742801051e+03
3.983778568858112067e+03
4.140803192186342130e+03
4.304017098353770962e+03
4.473664244144049917e+03
4.649998202141881848e+03
4.833282539749431635e+03
5.023791213142039851e+03
5.221808976752192393e+03
5.427631808893564994e+03
5.641567354161614276e+03
5.863935383271733372e+03
6.095068271022381850e+03
6.335311493097715356e+03
6.585024142452086380e+03
6.844579466048351605e+03
7.114365422752391169e+03
7.394785263217389911e+03
7.686258132625059261e+03
7.989219697184357756e+03
8.304122795324279650e+03
8.631438114554230197e+03
8.971654895003272031e+03
9.325281660690341596e+03
9.692846979618030673e+03
1.007490025382622844e+04
1.047201254058668383e+04
1.088477740596562035e+04
1.131381181203033339e+04
1.175975703902618261e+04
1.222327964390175293e+04
1.270507245661559682e+04
1.320585561571318613e+04
1.372637764472212257e+04
1.426741657097485404e+04
1.482978108853046251e+04
1.541431176693462476e+04
1.602188230762376588e+04
1.665340084985161957e+04
1.730981132809050177e+04
1.799209488293561299e+04
1.870127132762152542e+04
1.943840067234327944e+04
2.020458470865953495e+04
2.100096865634715505e+04
2.182874287516782351e+04
2.268914464410561777e+04
2.358346001073544903e+04
2.451302571348577840e+04
2.547923117966925565e+04
2.648352060226822505e+04
2.752739509857803205e+04
2.861241495393624427e+04
2.974020195389012952e+04
3.091244180828887329e+04
3.213088667092438845e+04
3.339735775848538469e+04
3.471374807274109480e+04
3.608202523002193630e+04
3.750423440222697536e+04
3.898250137375479244e+04
4.051903571892571927e+04
4.211613410464525805e+04
4.377618372324618394e+04
4.550166586063827708e+04
4.729515960510150035e+04
4.915934570226418873e+04
5.109701056202893233e+04
5.311105042343653622e+04
5.520447568369068904e+04
5.738041539781707252e+04
5.964212195567996969e+04
6.199297594334810856e+04
6.443649119607723696e+04
6.697632005045996630e+04
6.961625880359426083e+04
7.236025338743199245e+04
7.521240526678545575e+04
7.817697756981191924e+04
8.125840146013583580e+04
8.446128276013469440e+04
8.779040883528988343e+04
9.125075574988858716e+04
9.484749570477759698e+04
9.858600476828168030e+04
1.024718709118438856e+05
1.065109023624004767e+05
1.107091362839712237e+05
1.150728478014432039e+05
1.196085593800384231e+05
1.243230505744790134e+05
1.292233681624290912e+05
1.343168366773540620e+05
1.396110693565428955e+05
1.451139795206603303e+05
1.508337924018327612e+05
1.567790574379501923e+05
1.629586610515633656e+05
1.693818399324691272e+05
1.760581948438471591e+05
1.829977049725762045e+05
1.902107428451821033e+05
1.977080898317165847e+05
2.055009522607314575e+05
2.136009781694463454e+05
2.220202747141371656e+05
2.307714262667723233e+05
2.398675132249500602e+05
2.493221315632441547e+05
2.591494131551854662e+05
2.693640468962598243e+05
2.799813006594820181e+05
2.910170441163791111e+05
3.024877724574801396e+05
3.144106310477721272e+05
3.268034410539821838e+05
3.396847260819749790e+05
3.530737398640998872e+05
3.669904950378554058e+05
3.814557930588941090e+05
3.964912552930846578e+05
4.121193553340922808e+05
4.283634525947885704e+05
4.452478272227087873e+05
4.627977163917240687e+05
4.810393520241997903e+05
4.999999999999999418e+05
