# da
0.000000000000000000e+00
8.444374274706737538e+01
1.648948122611454608e+02
2.415722128485351163e+02
3.146793842611265291e+02
3.844056274555931054e+02
4.509273729380928444e+02
5.144093114062737868e+02
5.750054036714540189e+02
6.328597845311721812e+02
6.881075732960210871e+02
7.408756019977828373e+02
7.912830708715295032e+02
8.394421394740008964e+02
8.854584607423881835e+02
9.294316643851879007e+02
9.714557952081753456e+02
1.011619711295282855e+03
1.050007446371084598e+03
1.086698540155614637e+03
1.121768340072615501e+03
1.155288277279762951e+03
1.187326119646153757e+03
1.217946204001759497e+03
1.247209649719906565e+03
1.275174555462375338e+03
1.301896180713182275e+03
1.327427113547955742e+03
1.351817425927996965e+03
1.375114817668855494e+03
1.397364750110350087e+03
1.418610570406310671e+03
1.438893627256247100e+03
1.458253378816049917e+03
1.476727493449476242e+03
1.494351943915286711e+03
1.511161095525575092e+03
1.527187788758073566e+03
1.542463416758345829e+03
1.557017998126018938e+03
1.570880245342008720e+03
1.584077629160512515e+03
1.596636439259925737e+03
1.608581841420332694e+03
1.619937931471535649e+03
1.630727786234340783e+03
1.640973511658753523e+03
1.650696288345631729e+03
1.659916414622928642e+03
1.668653347333786996e+03
1.676925740481240609e+03
1.684751481862942455e+03
1.692147727819135071e+03
1.699130936207782270e+03
1.705716897712360151e+03
1.711920765580168108e+03
1.717757083882021789e+03
1.723239814377855282e+03
1.728382362066924316e+03
1.733197599495992563e+03
1.737697889894017635e+03
1.741895109197350848e+03
1.745800667025373059e+03
1.749425526662663287e+03
1.752780224100336909e+03
1.755874886185916694e+03
1.758719247928127515e+03
1.761322669000232281e+03
1.763694149482940929e+03
1.765842344885546026e+03
1.767775580481693623e+03
1.769501864994148491e+03
1.771028903660956075e+03
1.772364110713609989e+03
1.773514621296134010e+03
1.774487302852427320e+03
1.775288766007708091e+03
1.775925374968538790e+03
1.776403257464581202e+03
1.776728314254022507e+03
1.776906228213469149e+03
1.776942473031993813e+03
1.776842321528038383e+03
1.776610853606879346e+03
1.776252963875494061e+03
1.775773368930769720e+03
1.775176614336238799e+03
1.774467081301707594e+03
1.773648993079484399e+03
1.772726421090191934e+03
1.771703290790512938e+03
1.770583387294630256e+03
1.769370360760514814e+03
1.768067731551709585e+03
1.766678895184695193e+03
1.765207127071470950e+03
1.763655587066507451e+03
1.762027323826782094e+03
1.760325278993202346e+03
1.758552291201315256e+03
1.756711099928839985e+03
1.754804349187189700e+03
1.752834591063820881e+03
1.750804289121922693e+03
1.748715821663656016e+03
1.746571484862856778e+03
1.744373495772854994e+03
1.742123995214785509e+03
1.739825050551522281e+03
1.737478658352143157e+03
1.735086746951583336e+03
1.732651178909942928e+03
1.730173752483958651e+03
1.727656207408682803e+03
1.725100221896632547e+03
1.722507418139555057e+03
1.719879363488054423e+03
1.717217572391720523e+03
1.714523508264936254e+03
1.711798585281457235e+03
1.709044170100702104e+03
1.706261583528555320e+03
1.703452102115397111e+03
1.700616959693897343e+03
1.697757348859064678e+03
1.694874422392867928e+03
1.691969294635704955e+03
1.689043042806843005e+03
1.686096708275904575e+03
1.683131297787353560e+03
1.680147784639870679e+03
1.677147109822405810e+03
1.674130183108650499e+03
1.671097884111557505e+03
1.668051063299505131e+03
1.664990542975601102e+03
1.661917118221588680e+03
1.658831557807731997e+03
1.655734605070008911e+03
1.652626978755886057e+03
1.649509373839896625e+03
1.646382462310180472e+03
1.643246893927112751e+03
1.640103296955096766e+03
1.636952278868532403e+03
1.633794427032968997e+03
1.630630309362367825e+03
1.627460474953397352e+03
1.624285454697607975e+03
1.621105761872351650e+03
