# f_ap
0.000000000000000000e+00
2.028834310612401964e-02
4.075692088143926389e-02
6.141494896342251930e-02
8.227145145961405059e-02
1.033352460473263706e-01
1.246149306957736735e-01
1.461188719929499003e-01
1.678551950471023069e-01
1.898317749214620542e-01
2.120562295510529105e-01
2.345359140819494315e-01
2.572779165662795742e-01
2.802890549405479548e-01
3.035758752104403269e-01
3.271446507620877076e-01
3.510013827177536072e-01
3.751518012529322932e-01
3.996013677918545115e-01
4.243552779992395552e-01
4.494184654877360074e-01
4.747956061627316982e-01
5.004911231289863593e-01
5.265091920867622788e-01
5.528537471486821842e-01
5.795284870123685872e-01
6.065368814279228360e-01
6.338821779034010673e-01
6.615674085956312345e-01
6.895953973378370350e-01
7.179687667596630352e-01
7.466899454591846563e-01
7.757611751903885633e-01
8.051845180333092600e-01
8.349618635176134784e-01
8.650949356737452911e-01
8.955852999889709620e-01
9.264343702485932086e-01
9.576434152454029736e-01
9.892135653429801057e-01
1.021145818880822898e+00
1.053441048411429826e+00
1.086100006761462788e+00
1.119123332910846758e+00
1.152511557685332644e+00
1.186265109259448502e+00
1.220384318468071605e+00
1.254869423925990102e+00
1.289720576955834863e+00
1.324937846325623836e+00
1.360521222797957508e+00
1.396470623493525576e+00
1.432785896072170662e+00
1.469466822735226552e+00
1.506513124053221242e+00
1.543924462623382565e+00
1.581700446561612905e+00
1.619840632833832839e+00
1.658344530431702823e+00
1.697211603397853708e+00
1.736441273705818800e+00
1.776032923999883106e+00
1.815985900200066228e+00
1.856299513977393678e+00
1.896973045104616951e+00
1.938005743687415849e+00
1.979396832281049345e+00
2.021145507897320392e+00
2.063250943906597801e+00
2.105712291839520134e+00
2.148528683092885139e+00
2.191699230544064125e+00
2.235223030078172357e+00
2.279099162032077075e+00
2.323326692559163131e+00
2.367904674918658081e+00
2.412832150693150712e+00
2.458108150937823755e+00
2.503731697264741207e+00
2.549701802865433908e+00
2.596017473474862669e+00
2.642677708279715265e+00
2.689681500773879463e+00
2.737027839563751730e+00
2.784715709126016847e+00
2.832744090520308067e+00
2.881111962059144993e+00
2.929818299937320791e+00
2.978862078822932080e+00
3.028242272412042801e+00
3.077957853948931177e+00
3.128007796713728528e+00
3.178391074479216094e+00
3.229106661938450529e+00
3.280153535104759488e+00
3.331530671685629663e+00
3.383237051431891018e+00
3.435271656463565471e+00
3.487633471573648336e+00
3.540321484511022021e+00
3.593334686243682352e+00
3.646672071203358456e+00
3.700332637512533385e+00
3.754315387194901543e+00
3.808619326370134228e+00
3.863243465433880974e+00
3.918186819223801187e+00
3.973448407172456509e+00
4.029027253447768686e+00
4.084922387081800998e+00
4.141132842088478760e+00
4.197657657570928791e+00
4.254495875626198576e+00
4.311646550031113634e+00
4.369108733674305967e+00
4.426881486900802187e+00
4.484963875545439294e+00
4.543354970989387454e+00
4.602053850209805397e+00
4.661059595823140889e+00
4.720371296122379157e+00
4.779988045108652273e+00
4.839908942517542556e+00
4.900133093840377541e+00
4.960659610340887760e+00
5.021487609067446733e+00
5.082616212861212901e+00
5.144044550360432844e+00
5.205771756001124295e+00
5.267796970014397395e+00
5.330119338420637121e+00
5.392738013020696997e+00
5.455652151384410509e+00
5.518860916836471731e+00
5.582363478439996030e+00
5.646159010977777726e+00
5.710246694931562672e+00
5.774625716459330427e+00
5.839295267370841813e+00
5.904254545101498053e+00
5.969502752684722857e+00
6.035039098722863926e+00
6.100862797356850997e+00
6.166973068234638866e+00
6.233369136478537520e+00
6.300050232651547510e+00
6.367015592722774286e+00
6.434264458032004086e+00
6.501796075253502671e+00
6.569609696359161255e+00
