# f_z
4.921800189891067934e-01
5.042572959357850548e-01
5.161599154718864435e-01
5.278804996828302398e-01
5.394124467247829458e-01
5.507499214335062065e-01
5.618877986510659728e-01
5.728216755408359617e-01
5.835478535468917594e-01
5.940632713013790367e-01
6.043655024837175649e-01
6.144527219922776284e-01
6.243236877481728175e-01
6.339776689186544800e-01
6.434144716457671498e-01
6.526343422295666219e-01
6.616379873132115508e-01
6.704265192640779247e-01
6.790013976869971879e-01
6.873644518971466777e-01
6.955178039979027504e-01
7.034638998348057282e-01
7.112053767720082353e-01
7.187451404487251727e-01
7.260862877660387849e-01
7.332320868188888507e-01
7.401859498601194298e-01
7.469514377138277705e-01
7.535321997554635942e-01
7.599319951344295498e-01
7.661546304521493767e-01
7.722039980501465006e-01
7.780840090387842745e-01
7.837985969418214127e-01
7.893517325584101796e-01
7.947473608863518946e-01
7.999894228082163883e-01
8.050818514801031389e-01
8.100285449500181922e-01
8.148333572823557303e-01
8.195001207932129939e-01
8.240325969622118718e-01
8.284345008846647485e-01
8.327094930368144077e-01
8.368611577108263644e-01
8.408930414940910536e-01
8.448085907050219001e-01
8.486112097349457484e-01
8.523042056846628078e-01
8.558908077056164299e-01
8.593741817110290837e-01
8.627574455426947342e-01
8.660435711220201283e-01
8.692355211153086625e-01
8.723361386771041337e-01
8.753482288155683966e-01
8.782744713126164893e-01
8.811174960203637108e-01
8.838798830115415228e-01
8.865641007422213615e-01
8.891725581573473036e-01
8.917076088229157760e-01
8.941715146752562404e-01
8.965664709422770384e-01
8.988946141102747145e-01
9.011580112317455482e-01
9.033586930871330134e-01
9.054985860819038113e-01
9.075795447475359934e-01
9.096034370662693380e-01
9.115720118316649190e-01
9.134869557533217277e-01
9.153499544328120852e-01
9.171626101305087042e-01
9.189264530073389947e-01
9.206429686880830410e-01
9.223136450710506251e-01
9.239398647773204853e-01
9.255229913749680737e-01
9.270643301908971790e-01
9.285651615412746640e-01
9.300267185933094316e-01
9.314501705595803482e-01
9.328366927778274365e-01
9.341873672533340667e-01
9.355033057006593156e-01
9.367855232114910002e-01
9.380350324870125878e-01
9.392528155120529743e-01
9.404397939190173306e-01
9.415968967546791690e-01
9.427250014462761341e-01
9.438249656246882058e-01
9.448976005494720276e-01
9.459437193690193313e-01
9.469640853675923564e-01
9.479594239934356903e-01
9.489305098517482051e-01
9.498779805997149550e-01
9.508025731787788093e-01
9.517049083151565281e-01
9.525856198368397587e-01
9.534453356414389624e-01
9.542846334380464812e-01
9.551040866229982829e-01
9.559042876015045875e-01
9.566857199422161839e-01
9.574489628003034491e-01
9.581944771888021295e-01
9.589227724577432665e-01
9.596343327350119745e-01
9.603295949409268450e-01
9.610090068377645789e-01
9.616730041191537959e-01
9.623220089124990828e-01
9.629564345109155044e-01
9.635766558216352085e-01
9.641830597608548326e-01
9.647760284077413484e-01
9.653558779253879063e-01
9.659230064186019593e-01
9.664777106586172062e-01
9.670203244605084514e-01
9.675511772107193709e-01
9.680705908648286062e-01
9.685788144682627721e-01
9.690761726275251009e-01
9.695629333358030122e-01
9.700393611785593784e-01
9.705057381427344421e-01
9.709622991571877915e-01
9.714093019878581314e-01
9.718470014782889521e-01
9.722756045873216513e-01
9.726953540956357891e-01
9.731064742375979959e-01
9.735091742977971530e-01
9.739036555580042887e-01
9.742901202502993740e-01
9.746687645557329249e-01
9.750397993732189406e-01
9.754033717990387986e-01
9.757597148866253844e-01
9.761089491211050184e-01
9.764512736454210584e-01
9.767868540018702639e-01
9.771158441323336552e-01
9.774383973324689556e-01
9.777546786918945854e-01
9.780648141064218759e-01
