# fsigma_8
4.035542756030449096e-01
4.093575327791542096e-01
4.148491777388640389e-01
4.200314751709723349e-01
4.249075265150531466e-01
4.294811981221905439e-01
4.337570371026815974e-01
4.377402190256473036e-01
4.414364856680376148e-01
4.448520738382540363e-01
4.479936484546616637e-01
4.508682527514338845e-01
4.534832489169816627e-01
4.558462599188749520e-01
4.579651255286976697e-01
4.598478345512930776e-01
4.615025111205376951e-01
4.629373457760914690e-01
4.641605656784337786e-01
4.651803985532348973e-01
4.660050408480299056e-01
4.666426528192950118e-01
4.671012734308160330e-01
4.673888490421623243e-01
4.675132009373989539e-01
4.674819984211727175e-01
4.673027481462064259e-01
4.669827763074426152e-01
4.665292278873853782e-01
4.659490488462584845e-01
4.652489823765139643e-01
4.644355675864298982e-01
4.635151335299048103e-01
4.624937724603671030e-01
4.613773912447883818e-01
4.601716589646055455e-01
4.588820306324020160e-01
4.575137525988042242e-01
4.560718652748989577e-01
4.545611838207656019e-01
4.529863344716908435e-01
4.513517300640094709e-01
4.496615994752938827e-01
4.479199666125023849e-01
4.461306767700561338e-01
4.442973989927520573e-01
4.424236222953661923e-01
4.405126643500002492e-01
4.385676787479328986e-01
4.365916648178485571e-01
4.345874640280361634e-01
4.325577848165028660e-01
4.305051699792039610e-01
4.284320541739042865e-01
4.263407267111107291e-01
4.242333629293046915e-01
4.221119991706018260e-01
4.199785832344036240e-01
4.178349381830540610e-01
4.156827900340561710e-01
4.135237615999278749e-01
4.113593907513872772e-01
4.091911061522268134e-01
4.070202684433689155e-01
4.048481541176326415e-01
4.026759520588767405e-01
4.005047954836482571e-01
3.983357282719731662e-01
3.961697301607353117e-01
3.940077390477978447e-01
3.918506086122762189e-01
3.896991383442500734e-01
3.875540904500477390e-01
3.854161632163251583e-01
3.832860067094021050e-01
3.811642235759523101e-01
3.790513855160551615e-01
3.769480083018001415e-01
3.748545771759843048e-01
3.727715340660550103e-01
3.706992970485079031e-01
3.686382446793081136e-01
3.665887172722111509e-01
3.645510438445537793e-01
3.625255034153712086e-01
3.605123763933889003e-01
3.585118871514340055e-01
3.565242619620238029e-01
3.545496958831829692e-01
3.525883605094326523e-01
3.506404147686382755e-01
3.487059945300708952e-01
3.467852190769099008e-01
3.448781926732680247e-01
3.429850078449306339e-01
3.411057348801271871e-01
3.392404306265516811e-01
3.373891556937865799e-01
3.355519339111431298e-01
3.337288016056569884e-01
3.319197714890945172e-01
3.301248452281912438e-01
3.283440236476344865e-01
3.265772941424786024e-01
3.248246340331484849e-01
3.230860219333281935e-01
3.213614179283098005e-01
3.196507857021691490e-01
3.179540741370896484e-01
3.162712373908098673e-01
3.146022165431894280e-01
3.129469441467604973e-01
3.113053578496762230e-01
3.096773886102419104e-01
3.080629595988874092e-01
3.064619946095139547e-01
3.048744124876321404e-01
3.033001299886108337e-01
3.017390587393128931e-01
3.001911069572882895e-01
2.986561893286499014e-01
2.971342047836837419e-01
2.956250639375757605e-01
2.941286683251558842e-01
2.926449235344561473e-01
2.911737214647496796e-01
2.897149654209644210e-01
2.882685522239991083e-01
2.868343783734188523e-01
2.854123454645064450e-01
2.840023430623634937e-01
2.826042691887793445e-01
2.812180174313633207e-01
2.798434832299734332e-01
2.784805580642383260e-01
2.771291390917096642e-01
2.757891226618385816e-01
2.744603958089358309e-01
2.731428559370037146e-01
2.718363964468542004e-01
2.705409148776679040e-01
2.692563011873245205e-01
2.679824550325355936e-01
2.667192668236434416e-01
2.654666365883813772e-01
2.642244603549075421e-01
2.629926306144868553e-01
2.617710481044966397e-01
2.605596124220235232e-01
2.593582167271879513e-01
