# rs_dv
inf
1.725838368556882330e+00
8.679338459679478701e-01
5.820433368886622771e-01
4.391557381591032483e-01
3.534687946866609809e-01
2.963817282948995602e-01
2.556370418417298063e-01
2.251059702357608161e-01
2.013836307547712534e-01
1.824270831478054800e-01
1.669362660165182033e-01
1.540444649749362072e-01
1.431516416263585445e-01
1.338291929459465845e-01
1.257628068774773733e-01
1.187167470489242094e-01
1.125107428508982793e-01
1.070045827916397269e-01
1.020875730788868840e-01
9.767115859907735120e-02
9.368365216152597930e-02
9.006640119626960206e-02
8.677095442009719051e-02
8.375693681391120637e-02
8.099043458486257507e-02
7.844275281034522596e-02
7.608944914334626886e-02
7.390957456455597707e-02
7.188507120518777826e-02
7.000029059142792720e-02
6.824160511927675199e-02
6.659709236635732998e-02
6.505627679112699346e-02
6.360991700511106628e-02
6.224982950419676031e-02
6.096874177033416442e-02
5.976016918765600372e-02
5.861831138668866653e-02
5.753796453006620321e-02
5.651444675045387556e-02
5.554353449561869743e-02
5.462140796319205766e-02
5.374460414577941075e-02
5.290997627602172376e-02
5.211465867637398580e-02
5.135603619143032372e-02
5.063171752054995700e-02
4.993951188222752607e-02
4.927740853445984615e-02
4.864355875146435249e-02
4.803625991977907017e-02
4.745394146860102552e-02
4.689515239224753551e-02
4.635855015848172611e-02
4.584289082643316221e-02
4.534702022301621838e-02
4.486986604794494793e-02
4.441043079535286764e-02
4.396778539520282414e-02
4.354106349057342007e-02
4.312945627790738118e-02
4.273220784670903050e-02
4.234861096323815077e-02
4.197800324967369129e-02
4.161976371618927167e-02
4.127330960853672903e-02
4.093809353819632263e-02
4.061360086602477937e-02
4.029934731369932965e-02
3.999487678019109788e-02
3.969975934306362031e-02
3.941358942663552439e-02
3.913598412101267771e-02
3.886658163772283708e-02
3.860503988920579999e-02
3.835103518075308471e-02
3.810426100467473320e-02
3.786442692751842282e-02
3.763125756209441397e-02
3.740449161688346597e-02
3.718388101613779445e-02
3.696919008463679657e-02
3.676019479164120002e-02
3.655668204910828695e-02
3.635844905969530527e-02
3.616530271049389622e-02
3.597705900881154051e-02
3.579354255665032764e-02
3.561458606083418160e-02
3.544002987600767401e-02
3.526972157797193808e-02
3.510351556504502646e-02
3.494127268533195330e-02
3.478285988797024525e-02
3.462814989657943959e-02
3.447702090329057834e-02
3.432935628186589705e-02
3.418504431854051118e-02
3.404397795932839754e-02
3.390605457263581174e-02
3.377117572611692403e-02
3.363924697678994519e-02
3.351017767350871618e-02
3.338388077095393730e-02
3.326027265437239006e-02
3.313927297435059066e-02
3.302080449096282677e-02
3.290479292668266331e-02
3.279116682749145389e-02
3.267985743165942314e-02
3.257079854571199445e-02
3.246392643828430180e-02
3.235917968520062027e-02
3.225649912931657232e-02
3.215582773838456671e-02
3.205711052127335065e-02
3.196029443859182279e-02
3.186532831792621145e-02
3.177216277341674000e-02
3.168075012941860835e-02
3.159104434800894673e-02
3.150300096011685730e-02
3.141657700006859899e-02
3.133173094335315462e-02
3.124842264742615228e-02
3.116661329538143385e-02
3.108626534233090502e-02
3.100734246434261321e-02
3.092980950979695720e-02
3.085363245302931434e-02
3.077877835013555913e-02
3.070521529682432652e-02
3.063291238820718340e-02
3.056183968042409937e-02
3.049196815400803326e-02
3.042326967889790248e-02
3.035571698101456606e-02
3.028928361031976713e-02
3.022394391028207505e-02
3.015967298867871377e-02
3.009644668966592398e-02
3.003424156705468417e-02
2.997303485873157106e-02
2.991280446216873501e-02
2.985352891096933192e-02
2.979518735239812186e-02
2.973775952584965798e-02
2.968122574220911220e-02
2.962556686406288622e-02
