# bin_4_2
1.712213603629341471e-04
1.685744257788325496e-04
1.659437681752808384e-04
1.633294316989234698e-04
1.607324346791986060e-04
1.581530083016525394e-04
1.555919452236990161e-04
1.530496021503884886e-04
1.505267020780839580e-04
1.480235754644425121e-04
1.455409798429563035e-04
1.430791730286333626e-04
1.406388824695435971e-04
1.382204305090142490e-04
1.358244137511980089e-04
1.334511970380645280e-04
1.311013316665789435e-04
1.287751430594949139e-04
1.264731839110049081e-04
1.241957208723668579e-04
1.219432898981158832e-04
1.197161522694484374e-04
1.175147304067101036e-04
1.153393150803687931e-04
1.131902910907784402e-04
1.110678919943388374e-04
1.089724922092427781e-04
1.069042663273453414e-04
1.048635490181959250e-04
1.028505005699843273e-04
1.008653829110798281e-04
9.890833894533192065e-05
9.697958280952628741e-05
9.507921083543250241e-05
9.320740596730994363e-05
9.136421788172400323e-05
8.954978757236205537e-05
8.776413080443554269e-05
8.600733138564019308e-05
8.427937634245415935e-05
8.258030339157375766e-05
8.091005687317124836e-05
7.926863578788498658e-05
7.765594498516011090e-05
7.607194315669947929e-05
7.451649803484150601e-05
7.298952106120377558e-05
7.149084969869800730e-05
7.002035714353478158e-05
6.857784082662543872e-05
6.716313829913907521e-05
6.577601967410810183e-05
6.441628768999339762e-05
6.308367800328713187e-05
6.177795546388489226e-05
6.049882956974170613e-05
5.924604164029823966e-05
5.801927274072024153e-05
5.681822932225188592e-05
5.564257760731928105e-05
5.449199935949619540e-05
5.336613368864252354e-05
5.226464059484535056e-05
5.118713651749841971e-05
5.013327654974262881e-05
4.910265856771114614e-05
4.809490871194518631e-05
4.710962748203363052e-05
4.614642060850032143e-05
4.520487401720315143e-05
4.428458585726728565e-05
4.338512379639225102e-05
4.250610186492437585e-05
4.164708048462986863e-05
4.080764877765555163e-05
3.998738487452153023e-05
3.918586354676712558e-05
3.840266159062968149e-05
3.763735662406489293e-05
3.688950871520093076e-05
3.615873417627247209e-05
3.544459381627518561e-05
3.474668304155328566e-05
3.406459236773874813e-05
3.339790454846892253e-05
3.274622446780708169e-05
3.210914445814274781e-05
3.148625079391843200e-05
3.087719691584793556e-05
3.028157352783725575e-05
2.969901319198184063e-05
2.912914548071030504e-05
2.857158881424789651e-05
2.802600556861519211e-05
2.749202755418874876e-05
2.696928938211072424e-05
2.645750580420814970e-05
2.595631434456090642e-05
2.546540574785327213e-05
2.498446377135667902e-05
2.451315983431636594e-05
2.405123450320150545e-05
2.359836919567373788e-05
2.315425838574081130e-05
2.271869018383104131e-05
2.229135798678413439e-05
2.187202254124766005e-05
2.146042567327904296e-05
2.105629668613820819e-05
2.065946514839072480e-05
2.026966353819652748e-05
1.988664983554491825e-05
1.951028754086363851e-05
1.914032261643958493e-05
1.877659076954274294e-05
1.841888845171911794e-05
1.806699868102308818e-05
1.772084077088282951e-05
1.738019066896631602e-05
1.704487043891236606e-05
1.671481269498315805e-05
1.638980252543436689e-05
1.606975195336127348e-05
1.575450481429826189e-05
1.544388541270001394e-05
1.513789934748192427e-05
1.483635632586413265e-05
1.453913682580864914e-05
1.424622906671519847e-05
1.395744575009027309e-05
1.367277056085269846e-05
1.339207975231794599e-05
1.311522786408714411e-05
1.284229688493220293e-05
1.257311611151091550e-05
1.230762120360789231e-05
1.204583404806783271e-05
1.178758961121924614e-05
1.153293425812919509e-05
1.128176173807759249e-05
1.103394718896795622e-05
1.078963434830250985e-05
1.054865847852802917e-05
1.031100271497733493e-05
1.007670358805671765e-05
9.845607985325414678e-06
9.617820088779589299e-06
9.393235432676126165e-06
9.171743213741581315e-06
8.953532773062372222e-06
8.738433432560784297e-06
8.526466972061245205e-06
8.317667694001942160e-06
8.111884871290047020e-06
7.909277210924574517e-06
7.709728168800076580e-06
7.513137569256460743e-06
7.319722321020255479e-06
7.129295515187486094e-06
6.941911838556163883e-06
6.757590416376453910e-06
6.576179967219829290e-06
6.397887225320853443e-06
6.222569680426920339e-06
6.050133924502312269e-06
5.880806805161815162e-06
5.714384646937762325e-06
5.550954131325414423e-06
5.390507758049271774e-06
5.232887456246045851e-06
5.078335700608101526e-06
4.926680266693298982e-06
4.777840641548766980e-06
4.632034776993646536e-06
4.489039181555242235e-06
4.348968715609645514e-06
4.211789420356901790e-06
4.077336573430107571e-06
3.945868598133829093e-06
3.817182794245125945e-06
3.691223407177227469e-06
3.568183255617152779e-06
3.447817970480783961e-06
3.330266953616065684e-06
3.215476131374572672e-06
3.103270752193578153e-06
2.993909495918882167e-06
2.887172143012525423e-06
2.783026411925250151e-06
2.681624322771793348e-06
2.582722705579486103e-06
2.486470312976874333e-06
2.392792557931437013e-06
2.301521720355615266e-06
2.212896487536513724e-06
2.126687877593955883e-06
2.042894510087468592e-06
1.961608828414226465e-06
1.882614882940072074e-06
1.806048321988686290e-06
1.731821125515083233e-06
1.659781633650569106e-06
1.590132033853822633e-06
1.522652539003867703e-06
1.457364229104861789e-06
1.394315814389982350e-06
1.333327677446507627e-06
1.274526917866465106e-06
1.217821335994127849e-06
1.163087224494435958e-06
1.110477522769570923e-06
1.059781735574300963e-06
1.011010089063681846e-06
9.641465185063605139e-07
9.190059188717613173e-07
8.756551878029398052e-07
8.339560749412072189e-07
7.937727523668363876e-07
7.551754736978107884e-07
7.179538023722757128e-07
6.821008296578400283e-07
6.475677924493862416e-07
6.142023341184778636e-07
5.820602998517375649e-07
5.510300983896786883e-07
5.210344489502928175e-07
4.921397243880923014e-07
4.642136229719670864e-07
4.372944130968869512e-07
4.113711990245748267e-07
3.863702352879222651e-07
3.623675800808290631e-07
