# bin_4_1
8.128768769633569144e-05
8.014903035341788015e-05
7.901558139890262880e-05
7.788716868945946338e-05
7.676431788191150692e-05
7.564700237671724743e-05
7.453559231357240666e-05
7.343016975852459990e-05
7.233105476030399379e-05
7.123830446935441668e-05
7.015230364560136756e-05
6.907305755284402218e-05
6.800092509681773931e-05
6.693598091154661820e-05
6.587850242150422998e-05
6.482860790827692297e-05
6.378655885932540980e-05
6.275247103411198189e-05
6.172659643107855534e-05
6.070899538895611040e-05
5.969996499376479252e-05
5.869958899615797997e-05
5.770808963940163847e-05
5.672558731643835187e-05
5.575227969690928719e-05
5.478826789705001406e-05
5.383377028859985021e-05
5.288885380278950181e-05
5.195372629377212884e-05
5.102847059966384515e-05
5.011325443733595942e-05
4.920816806782226017e-05
4.831336444832383804e-05
4.742891720907786105e-05
4.655497903959290835e-05
4.569160227289405295e-05
4.483892838501374247e-05
4.399700981109466442e-05
4.316595910474514550e-05
4.234582626050518772e-05
4.153670941142443071e-05
4.073864203749424354e-05
3.995171478356263805e-05
3.917594443627025460e-05
3.841140907790408757e-05
3.765811661011809780e-05
3.691611781412204823e-05
3.618541969216929635e-05
3.546605960657183044e-05
3.475802528202134433e-05
3.406134294026179820e-05
3.337598497156375472e-05
3.270196544134701579e-05
3.203924390799418707e-05
3.138781648903841081e-05
3.074763189600591382e-05
3.011867361720055501e-05
2.950087852877744150e-05
2.889421219114084646e-05
2.829860329434387322e-05
2.771400351813330050e-05
2.714032836139521781e-05
2.657751535884908794e-05
2.602546877950351919e-05
2.548411916734051767e-05
2.495335785687277622e-05
2.443309868136077641e-05
2.392322950819247450e-05
2.342365098833493669e-05
2.293424012366881691e-05
2.245488859059417100e-05
2.198545978545566725e-05
2.152584654375725822e-05
2.107590367717972492e-05
2.063550753694711948e-05
2.020451447503373346e-05
1.978278848460722424e-05
1.937018019156585389e-05
1.896654876647928056e-05
1.857173213259299049e-05
1.818559903390040469e-05
1.780798165231813916e-05
1.743873429497912148e-05
1.707769618379861761e-05
1.672471062004019269e-05
1.637961788168584238e-05
1.604226019657813699e-05
1.571246438830574491e-05
1.539009224351638364e-05
1.507496786077242159e-05
1.476693931037893257e-05
1.446584327445962773e-05
1.417151723221675871e-05
1.388380767331072487e-05
1.360255349226160386e-05
1.332758560368493336e-05
1.305877330609300312e-05
1.279594490308025097e-05
1.253895690763713415e-05
1.228765448919920995e-05
1.204188296738510735e-05
1.180150843370868451e-05
1.156637813290526794e-05
1.133633693656082511e-05
1.111127284084887818e-05
1.089102824972241394e-05
1.067547905159436644e-05
1.046448714568190365e-05
1.025791371290267396e-05
1.005565430357529722e-05
9.857571082335731878e-06
9.663530701843863540e-06
9.473446147637280918e-06
9.287178282897311539e-06
9.104629930073342020e-06
8.925683556122461488e-06
8.750220307495866389e-06
8.578169551422365848e-06
8.409410879850561348e-06
8.243837403161626595e-06
8.081388860879029688e-06
7.921944285577669630e-06
7.765437321436204578e-06
7.611772142741248346e-06
7.460849235779234504e-06
7.312633047545062529e-06
7.167020489843126693e-06
7.023931931056281628e-06
6.883331275030227928e-06
6.745114491792017481e-06
6.609245870971165546e-06
6.475647863399361606e-06
6.344238751656591809e-06
6.215015277531563191e-06
6.087888704195300683e-06
5.962806484455316757e-06
5.839749879521512636e-06
5.718631416184114692e-06
5.599442664046179271e-06
5.482119939163877166e-06
5.366596726311004010e-06
5.252896858241802037e-06
5.140942029637259392e-06
5.030703615836004631e-06
4.922173910418948086e-06
4.815278479855226983e-06
4.710033761962808562e-06
4.606384241125834755e-06
4.504276004453798749e-06
4.403753830203184252e-06
4.304745525012144252e-06
4.207241813757971759e-06
4.111239799065476254e-06
4.016673830333015401e-06
3.923583262877472413e-06
3.831915106027765799e-06
3.741625459817053929e-06
3.652773370539460627e-06
3.565287938800663038e-06
3.479175438055905999e-06
3.394432492078390546e-06
3.310999628851136891e-06
3.228936701355271192e-06
3.148187006979906867e-06
3.068713148118300213e-06
2.990582391286107374e-06
2.913723057265215167e-06
2.838155538397170002e-06
2.763870939522232291e-06
2.690811647077478670e-06
2.619054529305034942e-06
2.548536001549146576e-06
2.479225165276660055e-06
2.411191366014311587e-06
2.344358438664967618e-06
2.278759561750510420e-06
2.214379123276343760e-06
2.151158889189517792e-06
2.089187078220175386e-06
2.028390631166037443e-06
1.968748125679922530e-06
1.910325693731495192e-06
1.853039116655121008e-06
1.796934393601409948e-06
1.741990423764713940e-06
1.688144918271610512e-06
1.635493474031149522e-06
1.583956148262946721e-06
1.533520782454856707e-06
1.484244859099931576e-06
1.436041682825148687e-06
1.388966751784869354e-06
1.342992414090121453e-06
1.298056961119143395e-06
1.254256277373265930e-06
1.211503350094657882e-06
1.169795961229014699e-06
1.129169861918210361e-06
1.089537413015444997e-06
1.050947301894939781e-06
1.013355719219073953e-06
9.766927109598288604e-07
9.410360247971439683e-07
9.062867880035643605e-07
8.724440361741342759e-07
8.395225783434513433e-07
8.074408674511117526e-07
7.762512474420880446e-07
7.459112737708928900e-07
7.163683742399664254e-07
6.877003914278742855e-07
6.598242653584948907e-07
6.327577533108776729e-07
6.065132720175107189e-07
5.810275451874194834e-07
5.563591429188544571e-07
5.324681279571642617e-07
5.093164259420760915e-07
4.869700451491364856e-07
4.653541851208250233e-07
4.444902255949196263e-07
4.243784055715121118e-07
4.049625536767609989e-07
3.862918710742339254e-07
3.683192723022805005e-07
3.510097183394156317e-07
3.344044162600577047e-07
3.184283859772748951e-07
3.030925268235264602e-07
2.883770858515426096e-07
2.742230048290759756e-07
2.606587608989072115e-07
