# bin_2_1
6.101257528408057719e-05
6.020799489955838235e-05
5.940555025369333620e-05
5.860505599581539160e-05
5.780695719849454080e-05
5.701121177341496652e-05
5.621811119595088738e-05
5.542771225265857529e-05
5.464027705174462243e-05
5.385584551137338386e-05
5.307473277349950594e-05
5.229692639900970487e-05
5.152274082687124219e-05
5.075223134850210063e-05
4.998562634293177403e-05
4.922303185642685195e-05
4.846466475405321756e-05
4.771061470886528037e-05
4.696112652893130734e-05
4.621625880728347837e-05
4.547626991210242364e-05
4.474123521035258926e-05
4.401134153787843260e-05
4.328671496109617092e-05
4.256754012693397701e-05
4.185391774441201465e-05
4.114605321176200483e-05
4.044402042371529165e-05
3.974801992060831435e-05
3.905814096918300011e-05
3.837455069488541988e-05
3.769735092107854733e-05
3.702669755352446483e-05
3.636267946082589569e-05
3.570545554660300113e-05
3.505509975803371804e-05
3.441176367167192646e-05
3.377552017967555965e-05
3.314650027861253329e-05
3.252477845589970586e-05
3.191047250030243848e-05
3.130364633799099665e-05
3.070441186221004336e-05
3.011282018542062023e-05
2.952897322430276511e-05
2.895291538462786585e-05
2.838473184884471103e-05
2.782446309818031036e-05
2.727217982276232143e-05
2.672790894408221194e-05
2.619171427008192056e-05
2.566361178998887254e-05
2.514365359951333442e-05
2.463184523177677630e-05
2.412822170260113571e-05
2.363278264587866768e-05
2.314554972015412494e-05
2.266651178060977956e-05
2.219567887767512113e-05
2.173302786956899131e-05
2.127855946848566053e-05
2.083223819514477398e-05
2.039405180600660939e-05
1.996395641818134539e-05
1.954192885128033634e-05
1.912791486549322590e-05
1.872187993666948416e-05
1.832376140140738798e-05
1.793351361495236992e-05
1.755106367806023943e-05
1.717635618900903254e-05
1.680930989454221527e-05
1.644986212170575544e-05
1.609792416772662103e-05
1.575342187378739236e-05
1.541626158524928009e-05
1.508636045521535422e-05
1.476361751301669744e-05
1.444794303445864909e-05
1.413922803248204488e-05
1.383738151195864502e-05
1.354228957536906486e-05
1.325385208960944911e-05
1.297195367398995752e-05
1.269648716896118286e-05
1.242733466264837425e-05
1.216438501365114949e-05
1.190751383194506241e-05
1.165661489968476204e-05
1.141156108734212520e-05
1.117223912593275850e-05
1.093852424023323583e-05
1.071029813898147698e-05
1.048743845348766503e-05
1.026982622459590606e-05
1.005733290760113280e-05
9.849850514946497675e-06
9.647249565789779293e-06
9.449416592470568041e-06
9.256228311399084115e-06
9.067567093307496857e-06
8.883318231414149025e-06
8.703364951412765073e-06
8.527585274714436761e-06
8.355879569459962410e-06
8.188126145820565581e-06
8.024220998262045223e-06
7.864050749274275809e-06
7.707507092365620290e-06
7.554492119226873694e-06
7.404898907341932364e-06
7.258619371735462103e-06
7.115569446435204282e-06
6.975640922339115327e-06
6.838746410504277528e-06
6.704787499610566998e-06
6.573670241825369439e-06
6.445318983527664127e-06
6.319640530113639507e-06
6.196545408570179654e-06
6.075968701306350433e-06
5.957817421165591060e-06
5.842025084179266129e-06
5.728510436547316727e-06
5.617195280338278712e-06
5.508028968077343086e-06
5.400933300052374081e-06
5.295838936283435830e-06
5.192700374202756967e-06
5.091439617060456238e-06
4.992012310637089683e-06
4.894353182757919884e-06
4.798399084184607594e-06
4.704124336738450700e-06
4.611464179164628047e-06
4.520369641939845146e-06
4.430811614702326673e-06
4.342726247527676084e-06
4.256090489251974849e-06
4.170852125531525067e-06
4.086961141817414289e-06
4.004414506014431790e-06
3.923157910585024456e-06
3.843160838381271056e-06
3.764406605516529205e-06
3.686842586960161511e-06
3.610466164487608986e-06
3.535234142595466725e-06
3.461107197329162030e-06
3.388101700685628738e-06
3.316169884767861338e-06
3.245296850851868114e-06
3.175473616073144187e-06
3.106655229957097631e-06
3.038858785546390172e-06
2.972045644927529521e-06
2.906184671478915179e-06
2.841307424133348446e-06
2.777368164913750349e-06
2.714365154042916429e-06
2.652292655174496977e-06
2.591110881822899747e-06
2.530855526413585451e-06
2.471487122033340540e-06
2.412979631715283255e-06
2.355375472770303936e-06
2.298628411200508094e-06
2.242749118287901647e-06
2.187730451131122247e-06
2.133534011851071824e-06
2.080211941131000439e-06
2.027720572125740518e-06
1.976038648591767522e-06
1.925214535008555144e-06
1.875197872518822682e-06
1.826011042014987400e-06
1.777643528115183843e-06
1.730055932724868967e-06
1.683312663188659994e-06
1.637362819546119094e-06
1.592192006439481128e-06
1.547849664045023592e-06
1.504277617050610383e-06
1.461509889266020527e-06
1.419532212204554099e-06
1.378300759174212338e-06
1.337888504664258640e-06
1.298237849256892059e-06
1.259340707498262178e-06
1.221241890768687028e-06
1.183878338344742188e-06
1.147292574205052878e-06
1.111464322515791855e-06
1.076347972530206549e-06
1.042019234691353622e-06
1.008413905517516053e-06
9.755330044162498763e-07
9.434093729123117121e-07
9.119817461762137417e-07
8.812960481775252889e-07
8.513270156496570771e-07
8.220303096756894768e-07
7.934791645073625911e-07
7.656066412096921937e-07
7.384215598376629179e-07
7.119450039526277781e-07
6.861192993109499279e-07
6.609923665504422941e-07
6.365334071126969068e-07
6.127020058472778931e-07
5.895628472187725670e-07
5.670478326461320937e-07
5.451689201830430826e-07
5.239335321826016237e-07
5.032860714765738668e-07
4.832715083355770663e-07
4.638523263148629333e-07
4.449929087975130488e-07
4.267460219434865993e-07
4.090465751101110970e-07
3.919101141909213951e-07
3.753357742700992134e-07
3.592758432060531855e-07
3.437737929200889086e-07
3.287909062593950776e-07
3.142998391505290841e-07
3.003411665152327735e-07
2.868554268890892384e-07
2.738575672555421181e-07
2.613366362333093053e-07
2.492475502717895711e-07
2.376229627555872744e-07
