# bin_3_2
1.547252839521858273e-04
1.523660240768313196e-04
1.500202839363023435e-04
1.476880758352817793e-04
1.453703379667204180e-04
1.430672655092378367e-04
1.407795818130373928e-04
1.385076059133391764e-04
1.362519989724898740e-04
1.340130559176156094e-04
1.317914776239499110e-04
1.295874898830268488e-04
1.274017694658149263e-04
1.252346089278591186e-04
1.230865615290816222e-04
1.209579652406415391e-04
1.188493342600496522e-04
1.167609715591433719e-04
1.146933981247097076e-04
1.126468629716546448e-04
1.106218760489063608e-04
1.086186854229273280e-04
1.066376943116298257e-04
1.046791845713502471e-04
1.027435278663799899e-04
1.008309542080903994e-04
9.894183031706037398e-05
9.707633230084309586e-05
9.523479281839364839e-05
9.341737870629629285e-05
9.162435597746015794e-05
8.985587888821527024e-05
8.811217120889941977e-05
8.639334578886227669e-05
8.469960045013859512e-05
8.303100571473259989e-05
8.138772247880426589e-05
7.976979226379408094e-05
7.817732385128646619e-05
7.661033430865190133e-05
7.506889054539813300e-05
7.355297130123628947e-05
7.206260940252483705e-05
7.059774686237293333e-05
6.915838007054051460e-05
6.774441801651255222e-05
6.635581337560231491e-05
6.499244821747100916e-05
6.365423909377799019e-05
6.234103110518393110e-05
6.105270904901039398e-05
5.978909126959761929e-05
5.855003028509319968e-05
5.733531283412299207e-05
5.614475527286804047e-05
5.497812055074161112e-05
5.383520102566388389e-05
5.271573284465487345e-05
5.161947662852924874e-05
5.054615185188452152e-05
4.949549592239556279e-05
4.846720257251991085e-05
4.746098731625575932e-05
4.647652291694572008e-05
4.551351674624708638e-05
4.457162334677392137e-05
4.365052375927012327e-05
4.274987115718858246e-05
4.186932711427840176e-05
4.100853009812819184e-05
4.016713247861053692e-05
3.934475602609239196e-05
3.854106292222574798e-05
3.775566706685419441e-05
3.698820823495048128e-05
3.623831238271703900e-05
3.550560589092721241e-05
3.478971174922447404e-05
3.409025674485108786e-05
3.340684920723083971e-05
3.273914571903549747e-05
3.208675429533633974e-05
3.144931342448008488e-05
3.082645401561663926e-05
3.021780349836973280e-05
2.962300372827813422e-05
2.904168905393733356e-05
2.847348611722770928e-05
2.791807860554497146e-05
2.737509674864631697e-05
2.684420702146315290e-05
2.632507100409077992e-05
2.581734381389451648e-05
2.532071389213065365e-05
2.483484735756838236e-05
2.435941064478204196e-05
2.389413809512229067e-05
2.343869922834606961e-05
2.299280916854079890e-05
2.255617562190037623e-05
2.212849872407518943e-05
2.170953351875288702e-05
2.129898894438513512e-05
2.089658340427871143e-05
2.050211439957399273e-05
2.011530067086738082e-05
1.973591796734352677e-05
1.936372542938959748e-05
1.899847432670388408e-05
1.863999729209739372e-05
1.828804909818144132e-05
1.794240469625239595e-05
1.760292812994092944e-05
1.726938594657104488e-05
1.694162002867239248e-05
1.661943917874856208e-05
1.630264342172918637e-05
1.599114480575992227e-05
1.568473847420123084e-05
1.538325711810746671e-05
1.508662695382909062e-05
1.479465157424479409e-05
1.450724079594870026e-05
1.422424736223825319e-05
1.394550999303661964e-05
1.367101789728535023e-05
1.340059859564403574e-05
1.313413790061187374e-05
1.287161315922168686e-05
1.261285507567371789e-05
1.235783773024866933e-05
1.210644501520964167e-05
1.185854469746264334e-05
1.161419510529642515e-05
1.137324381605720726e-05
1.113562679401283864e-05
1.090135391943761000e-05
1.067027781935110134e-05
1.044242938980935602e-05
1.021771046166566303e-05
9.996009049436698626e-06
9.777440247061831464e-06
9.561859363644575091e-06
9.349245614808336110e-06
9.139624746669192771e-06
8.932861755935126834e-06
8.729040299467510892e-06
8.528066077382865889e-06
8.329841018424125268e-06
8.134523182965932894e-06
7.941964431045923353e-06
7.752179324139601234e-06
7.565194249538104576e-06
7.380877582186888632e-06
7.199363074935703468e-06
7.020547596231471470e-06
6.844343288217089632e-06
6.670935516550456674e-06
6.500162745480074450e-06
6.332069751129446935e-06
6.166671661131131903e-06
6.003837012710658122e-06
5.843744356610663342e-06
5.686268743197052787e-06
5.531328502949208981e-06
5.379120832852648837e-06
5.229469450495081869e-06
5.082448678616915703e-06
4.938051580559573156e-06
4.796140641913599633e-06
4.656928740162334612e-06
4.520264949109736889e-06
4.386078837302415771e-06
4.254562615531741356e-06
4.125521657311674913e-06
3.999056746033786423e-06
3.875138313255291421e-06
3.753622306806754166e-06
3.634738549824073780e-06
3.518308585362776124e-06
3.404283733807829222e-06
3.292836360726432206e-06
3.183751688032115671e-06
3.077154044311499015e-06
2.972996208285879511e-06
2.871124059968580537e-06
2.771770274269609566e-06
2.674739595161769894e-06
2.580003971758456144e-06
2.487700998482771870e-06
2.397614569046786650e-06
2.309878677281522570e-06
2.224426876067632104e-06
2.141109283777076952e-06
2.060142354099609473e-06
1.981320993107049941e-06
1.904644763208370324e-06
1.830199456739845801e-06
1.757792564565044300e-06
1.687549980193655211e-06
1.619395123528127689e-06
1.553194239647681174e-06
1.489135780914817021e-06
1.427023657625402548e-06
1.366879541780596974e-06
1.308750605432220307e-06
1.252474765757572204e-06
1.198170152373032420e-06
1.145753822060619706e-06
1.095114858697666956e-06
1.046398306981905840e-06
9.994159922252365474e-07
9.541830249900393689e-07
9.106918501845134203e-07
8.687789033848706672e-07
8.285135854236711961e-07
7.897737739701662184e-07
7.524384605384253391e-07
7.165777472771306596e-07
6.819987346683804166e-07
6.486959087823653810e-07
6.166241014209243664e-07
5.856400637488275357e-07
5.557951754223843159e-07
5.269818531666450731e-07
4.991240173032497581e-07
4.722818217078869069e-07
4.463270419935731545e-07
4.212920548862759527e-07
3.971632314732975116e-07
3.738675595481115111e-07
3.514762239415799610e-07
