# bin_4_3
2.581233800098387226e-04
2.538812708426211348e-04
2.496749990167189273e-04
2.455047266785004268e-04
2.413718453908962201e-04
2.372766988094137601e-04
2.332203838478834844e-04
2.292033794029029012e-04
2.252266647317522556e-04
2.212906540848804055e-04
2.173963159194517488e-04
2.135439889455143588e-04
2.097345667286475124e-04
2.059684068740888409e-04
2.022462332281278654e-04
1.985684395415171022e-04
1.949356465137050691e-04
1.913481672159618192e-04
1.878066185067676095e-04
1.843112220394952337e-04
1.808624787570909417e-04
1.774605995894477245e-04
1.741060002923949497e-04
1.707988521491535683e-04
1.675394715703296838e-04
1.643279667237402034e-04
1.611645997119245336e-04
1.580493973691002481e-04
1.549825603913783357e-04
1.519640579639558572e-04
1.489939943873284619e-04
1.460723037575005099e-04
1.431990005056888566e-04
1.403739552875923359e-04
1.375971309357124312e-04
1.348683243852830495e-04
1.321874391986573960e-04
1.295542150625703050e-04
1.269684769099407189e-04
1.244299243347362586e-04
1.219383117324298379e-04
1.194932832626967214e-04
1.170945403245883629e-04
1.147416773394387872e-04
1.124343468780933619e-04
1.101720893221498572e-04
1.079545018909968648e-04
1.057810827158943103e-04
1.036513871207394910e-04
1.015648770375799493e-04
9.952105298945174594e-05
9.751935636091499230e-05
9.555924993985796540e-05
9.364013180047360237e-05
9.176143188604926702e-05
8.992251430084378526e-05
8.812280252207825885e-05
8.636163044767115502e-05
8.463837603579416253e-05
8.295238373709001108e-05
8.130300313142617983e-05
7.968955322910760094e-05
7.811137146648633944e-05
7.656774839721078134e-05
7.505805033910748771e-05
7.358155529358419850e-05
7.213758459487373408e-05
7.072545530947917699e-05
6.934446744371796170e-05
6.799393053879076803e-05
6.667315228422203346e-05
6.538141428415658444e-05
6.411809242107801828e-05
6.288246648893397342e-05
6.167387009848671335e-05
6.049164660933054646e-05
5.933510767704008187e-05
5.820360894603936376e-05
5.709648346802604052e-05
5.601305261388927266e-05
5.495275794830134259e-05
5.391492705353661744e-05
5.289895552690896736e-05
5.190425353141820016e-05
5.093018790618968099e-05
4.997620727138147906e-05
4.904170639907088405e-05
4.812608290723949754e-05
4.722888228155392294e-05
4.634950789009673907e-05
4.548745037598422809e-05
4.464220837879808015e-05
4.381323072441848184e-05
4.300009131881203124e-05
4.220226629266450759e-05
4.141924933507323586e-05
4.065071011598282653e-05
3.989613766978555029e-05
3.915513440521339292e-05
3.842729459090996470e-05
3.771216061645541216e-05
3.700945246634913474e-05
3.631872678662772727e-05
3.563957599762042469e-05
3.497179923450582847e-05
3.431497003460236370e-05
3.366881138774899159e-05
3.303300466375110901e-05
3.240717956121024395e-05
3.179121015153757782e-05
3.118472213818573424e-05
3.058740347996375156e-05
2.999917386751345023e-05
2.941967455066609141e-05
2.884875047859033958e-05
2.828615525130436932e-05
2.773159003956036876e-05
2.718507550315642893e-05
2.664628509827525108e-05
2.611500058082322437e-05
2.559124311869406706e-05
2.507469114221424098e-05
2.456531158734757392e-05
2.406291496501884776e-05
2.356724684269943126e-05
2.307846301305198979e-05
2.259626595198148145e-05
2.212052093219909544e-05
2.165132103657215656e-05
2.118836356536721519e-05
2.073172712701134082e-05
2.028125216682821825e-05
1.983671183408121320e-05
1.939837399960078933e-05
1.896594672904725127e-05
1.853937656446597317e-05
1.811878430758060720e-05
1.770388433903289036e-05
1.729484672448116604e-05
1.689151851109930942e-05
1.649368935109462900e-05
1.610170821667365089e-05
1.571527120701737896e-05
1.533439508426829223e-05
1.495919616862608730e-05
1.458939520157285800e-05
1.422524263855174081e-05
1.386656931917901842e-05
1.351317828916595491e-05
1.316546716436300051e-05
1.282310923307028428e-05
1.248617715773111059e-05
1.215475831147900999e-05
1.182857067309729481e-05
1.150793502288254709e-05
1.119264770596860074e-05
1.088252640761554495e-05
1.057798317241882617e-05
1.027866127372766056e-05
9.984678520407670494e-06
9.696076849005650972e-06
9.412573439039326249e-06
9.134542918637280907e-06
8.861732236836357627e-06
8.593973094600021437e-06
8.331661714182201048e-06
8.074419731419281136e-06
7.822405253202341087e-06
7.575603279197250763e-06
7.333726383828010566e-06
7.097178716068253785e-06
6.865660102691617307e-06
6.639028212162688498e-06
6.417635306019830880e-06
6.201084747385123493e-06
5.989564974274250214e-06
5.783011836902536154e-06
5.581137933024372611e-06
5.384344638327934510e-06
5.192291448587008795e-06
5.004879175697525370e-06
4.822396271791859242e-06
4.644432709225211574e-06
4.471198733315223336e-06
4.302597712988901926e-06
4.138340320101465634e-06
3.978803732092812270e-06
3.823634064051780837e-06
3.672772114408972148e-06
3.526428972354359922e-06
3.384220720579398405e-06
3.246359588658628575e-06
3.112726526482107594e-06
2.983063295875662892e-06
2.857704225299289933e-06
2.736306674476187763e-06
2.618868113008172050e-06
2.505511621623281251e-06
2.395922090159837752e-06
2.290284100645543967e-06
2.188465967829142119e-06
2.090237016884308257e-06
1.995842093997641472e-06
1.904932643140088771e-06
1.817484323137282181e-06
1.733485492376547119e-06
1.652604350533893302e-06
1.574907669223614501e-06
1.500168311861035229e-06
1.428114898057054208e-06
1.358838238382332697e-06
1.291972890647681198e-06
1.227466413736191622e-06
1.165248746822420803e-06
1.105062431009371573e-06
1.046987132926286014e-06
9.908741764636040408e-07
9.365946281592818497e-07
8.842767715078383529e-07
8.337218358399487505e-07
7.849880807859032811e-07
7.380797501535049177e-07
6.928789399999239928e-07
6.494987782141371289e-07
6.078610624748863014e-07
5.679174345551254108e-07
5.297591495694065006e-07
4.932519712669087134e-07
4.584427474623181329e-07
4.253127813650960996e-07
3.937700592710683446e-07
3.638632445428386854e-07
