# bin_1_1
3.801299566100443711e-05
3.755030530356320378e-05
3.708833403625909011e-05
3.662685038855506320e-05
3.616619694186486053e-05
3.570627457919034443e-05
3.524726701258655066e-05
3.478918093250053085e-05
3.433218438174796366e-05
3.387623914972769595e-05
3.342158298055873596e-05
3.296813709799810860e-05
3.251612718428091402e-05
3.206553848937993668e-05
3.161651303788633378e-05
3.116910335595035727e-05
3.072343991555443442e-05
3.027953692133532334e-05
2.983757795290456857e-05
2.939754498347868752e-05
2.895962271681324260e-05
2.852383032298256167e-05
2.809030251821268345e-05
2.765907802990492240e-05
2.723028045482784386e-05
2.680396387492574726e-05
2.638026433251187077e-05
2.595920643155433534e-05
2.554093772485013114e-05
2.512548701869328499e-05
2.471298111793981055e-05
2.430346999173321924e-05
2.389706796654936897e-05
2.349381501977082604e-05
2.309384021574896660e-05
2.269717141471245465e-05
2.230393014928832072e-05
2.191415638859190996e-05
2.152795393866007155e-05
2.114536571150961043e-05
2.076648677530765097e-05
2.039136486055732325e-05
2.002009427738320053e-05
1.965270775263095067e-05
1.928929773875098636e-05
1.892989999679838467e-05
1.857459220437857555e-05
1.822341320186417161e-05
1.787643207357930388e-05
1.753368152057065989e-05
1.719522964242898479e-05
1.686109816565049444e-05
1.653135505427624416e-05
1.620601815492690300e-05
1.588514079847098392e-05
1.556874185120667604e-05
1.525686610043286755e-05
1.494952614488654507e-05
1.464676141079928367e-05
1.434857815201014373e-05
1.405500937279287262e-05
1.376605684353719131e-05
1.348174371565086382e-05
1.320206603785834986e-05
1.292704163590444781e-05
1.265665952403842693e-05
1.239093145244938950e-05
1.212984021401260118e-05
1.187339102626802405e-05
1.162155961408551229e-05
1.137434387099568023e-05
1.113171432297056481e-05
1.089366399260935320e-05
1.066015765742288464e-05
1.043117995819340272e-05
1.020669144144230686e-05
9.986670158094576298e-06
9.771072157770080045e-06
9.559869447295363319e-06
9.353011401827009325e-06
9.150467445695326232e-06
8.952182761378650898e-06
8.758119789791302996e-06
8.568221112971397614e-06
8.382442807884896540e-06
8.200724894441089853e-06
8.023019568610831808e-06
7.849260664193807911e-06
7.679400940478534789e-06
7.513371393728382076e-06
7.351118654238038200e-06
7.192573394807721527e-06
7.037677559495463443e-06
6.886361772756594888e-06
6.738565354361396404e-06
6.594214074820918418e-06
6.453251457211667707e-06
6.315600844470084047e-06
6.181201447996355600e-06
6.049978903896233609e-06
5.921868214815944404e-06
5.796798577287331734e-06
5.674704079998153087e-06
5.555508896357144329e-06
5.439154756412018998e-06
5.325564743398192726e-06
5.214677573791896274e-06
5.106420088510754048e-06
5.000727623645749304e-06
4.897534066353805478e-06
4.796774899326242437e-06
4.698378516501900246e-06
4.602291013954104134e-06
4.508440236123110897e-06
4.416770397188922104e-06
4.327214396562025808e-06
4.239712674215873398e-06
4.154208915364410741e-06
4.070643953774001052e-06
3.988955144392527105e-06
3.909096666241944751e-06
3.831004275637981599e-06
3.754631679431969704e-06
3.679920839660963961e-06
3.606820071197952016e-06
3.535285790268916624e-06
3.465266799280324325e-06
3.396711683739747487e-06
3.329584551149440996e-06
3.263830516627671891e-06
3.199414763493761445e-06
3.136289046331576356e-06
3.074410705211882250e-06
3.013749925049204769e-06
2.954264080770010933e-06
2.895913964885433108e-06
2.838673337991425147e-06
2.782497114353856009e-06
2.727362341091549869e-06
2.673229944261806315e-06
2.620066057769932752e-06
2.567854205106404506e-06
2.516559533729471369e-06
2.466154461665656168e-06
2.416621113158034442e-06
2.367923072724245851e-06
2.320049196781510682e-06
2.272967863586025337e-06
2.226652984295429761e-06
2.181100148473609443e-06
2.136280520336225330e-06
2.092176684961128047e-06
2.048777001264162133e-06
2.006051828943134242e-06
1.964001595365801475e-06
1.922599852275722687e-06
1.881826827972811981e-06
1.841688231804876182e-06
1.802158737485845191e-06
1.763229573006306299e-06
1.724893008129099086e-06
1.687124528025240255e-06
1.649935704325474312e-06
1.613302200773802092e-06
1.577208516090815156e-06
1.541668375392584255e-06
1.506658166515822085e-06
1.472177092955702593e-06
1.438218660856210529e-06
1.404761029890744573e-06
1.371826083247945392e-06
1.339389342109463471e-06
1.307438897147608550e-06
1.275994126990673871e-06
1.245030713147369616e-06
1.214555541263842256e-06
1.184562008562268192e-06
1.155029143695408016e-06
1.125987347073099417e-06
1.097409573455668538e-06
1.069287746545982076e-06
1.041643747735214105e-06
1.014448905337581202e-06
9.877168151563482995e-07
9.614388389052489712e-07
9.355911746023229573e-07
9.102101130824763743e-07
8.852647617383305485e-07
8.607501828514301070e-07
8.366879372673576290e-07
8.130463861060968164e-07
7.898459228987187644e-07
7.670758640788561624e-07
7.447120567624799443e-07
7.227956920067402947e-07
7.012929122066979332e-07
6.802046364718938587e-07
6.595486255519334331e-07
6.392933871013716393e-07
6.194636005940713740e-07
6.000459242195994466e-07
5.810161795240595561e-07
5.624165834751489772e-07
5.442104666115848635e-07
5.264030711350043181e-07
5.090065143563674440e-07
4.919892980977589790e-07
4.753789129228593728e-07
4.591581404651910963e-07
4.433039537415768674e-07
4.278562011528205240e-07
4.127764796810148671e-07
3.980731882963341465e-07
3.837523558561724838e-07
3.697834057123017525e-07
3.561955364730170589e-07
3.429681316602763732e-07
3.300811026465536181e-07
3.175699220302497029e-07
3.053964580461161638e-07
2.935717980992572912e-07
2.820966961111162144e-07
2.709430969463780242e-07
2.601402721818062843e-07
2.496648875193044316e-07
2.395003183463181913e-07
2.296755920095338062e-07
2.201541850231710991e-07
2.109479542504980125e-07
2.020518742169950788e-07
1.934391687791539138e-07
1.851350759107482252e-07
