# bin_3_1
7.439643119257919799e-05
7.337329412324648673e-05
7.235413087160111865e-05
7.133876703656795578e-05
7.032771745186321122e-05
6.932094688608712396e-05
6.831880063268304089e-05
6.732136090831518415e-05
6.632894143802233974e-05
6.534158852359377395e-05
6.435966582032792021e-05
6.338318333358561687e-05
6.241249924790028881e-05
6.144767199819090833e-05
6.048897329933395836e-05
5.953653004612688372e-05
5.859058414895775447e-05
5.765123408226796071e-05
5.671877640736225172e-05
5.579327219662582043e-05
5.487497221283285973e-05
5.396397554637880452e-05
5.306051834383898505e-05
5.216471232762070744e-05
5.127676388017727416e-05
5.039677868476321161e-05
4.952497062807273041e-05
4.866141941146301180e-05
4.780633921033489284e-05
4.695980871879225978e-05
4.612201214169659374e-05
4.529304455003142397e-05
4.447306172871357737e-05
4.366215083648399898e-05
4.286047237754336478e-05
4.206808633664578387e-05
4.128514744971734134e-05
4.051171144444580785e-05
3.974790854467776175e-05
3.899379958157751401e-05
3.824948914608021370e-05
3.751502835108971434e-05
3.679051836328981758e-05
3.607598815473439860e-05
3.537153048767396147e-05
3.467716412551175866e-05
3.399296271333835176e-05
3.331893822955257729e-05
3.265514311996065092e-05
3.200158435080978608e-05
3.135830179434695957e-05
3.072528461615254013e-05
3.010256111940890652e-05
2.949010741055533801e-05
2.888793564495389560e-05
2.829601316021409361e-05
2.771433721817308276e-05
2.714286163328739557e-05
2.658157240850534200e-05
2.603041028426528847e-05
2.548934835393251510e-05
2.495831610738100099e-05
2.443727140174434685e-05
2.392613384350988120e-05
2.342485096390246370e-05
2.293333271995382102e-05
2.245151149129939096e-05
2.197928880133726324e-05
2.151658608681065679e-05
2.106329531368719850e-05
2.061932628279537191e-05
2.018456105115609388e-05
1.975890621569683625e-05
1.934223475131395067e-05
1.893444037270773653e-05
1.853539363640346616e-05
1.814497781495440719e-05
1.776305704840047068e-05
1.738950794656786268e-05
1.702418508928785145e-05
1.666696969340110304e-05
1.631771084690414946e-05
1.597627757867776995e-05
1.564252251618314005e-05
1.531630549919427457e-05
1.499747846751493410e-05
1.468589909813192811e-05
1.438140924138363311e-05
1.408388003676845789e-05
1.379315033302532000e-05
1.350908077774393041e-05
1.323151847289763846e-05
1.296031613279710448e-05
1.269532755561075091e-05
1.243640615874679819e-05
1.218339463586612530e-05
1.193616812581175535e-05
1.169456809594002426e-05
1.145846033910759000e-05
1.122769839833021368e-05
1.100214037272029267e-05
1.078165537626579339e-05
1.056610330535164400e-05
1.035533864486732932e-05
1.014925163479419425e-05
9.947695960077235238e-06
9.750553368312748822e-06
9.557692216528875217e-06
9.368984356321410041e-06
9.184324182116656069e-06
9.003584956110793317e-06
8.826640575481579549e-06
8.653403105156745733e-06
8.483743625041558764e-06
8.317567088482487580e-06
8.154760890010891625e-06
7.995215347284098236e-06
7.838854808009236043e-06
7.685568989788565443e-06
7.535255827599753160e-06
7.387851821804116816e-06
7.243245635155278087e-06
7.101369669364364224e-06
6.962131880413409078e-06
6.825440951156058105e-06
6.691253181737769182e-06
6.559475171874484733e-06
6.430029786797255896e-06
6.302876505982133052e-06
6.177920673124958212e-06
6.055122454044111128e-06
5.934407800179110847e-06
5.815702327242921996e-06
5.698992709305338125e-06
5.584199784910832209e-06
5.471271281584196861e-06
5.360184324301852301e-06
5.250860011185511104e-06
5.143284088349615643e-06
5.037396373363809665e-06
4.933136928994326426e-06
4.830518698948322439e-06
4.729472945480078581e-06
4.629969574923590845e-06
4.531997770052012204e-06
4.435490941513496142e-06
4.340458682867591317e-06
4.246849497761352199e-06
4.154615260684995418e-06
4.063790166731522285e-06
3.974311542512565841e-06
3.886167626027826979e-06
3.799353797279348502e-06
3.713811688871622277e-06
3.629573281857649134e-06
3.546590385405072559e-06
3.464824073715954417e-06
3.384323888705580333e-06
3.305028357029167121e-06
3.226940779077359290e-06
3.150057552528154152e-06
3.074325957279951985e-06
2.999798411332709368e-06
2.926423947520775119e-06
2.854169507753511780e-06
2.783094367047713029e-06
2.713135992913660586e-06
2.644311593649954480e-06
2.576613484722238551e-06
2.509990453066119491e-06
2.444512229491850277e-06
2.380121725987633446e-06
2.316791715544791378e-06
2.254585251024922620e-06
2.193435055365650823e-06
2.133371094912490538e-06
2.074380017959896943e-06
2.016409688927558114e-06
1.959541815094546878e-06
1.903710380886609549e-06
1.848896766568885658e-06
1.795162449647143791e-06
1.742431862674779689e-06
1.690747733014355307e-06
1.640091748057795287e-06
1.590407495100302072e-06
1.541784653871967185e-06
1.494150142812725156e-06
1.447493424924579005e-06
1.401868197664053307e-06
1.357194606604815218e-06
1.313523579677686164e-06
1.270828834247887114e-06
1.229052102315387330e-06
1.188282803164622442e-06
1.148440043175197518e-06
1.109523411458357093e-06
1.071569930774835475e-06
1.034503490897812744e-06
9.983773043990015250e-07
9.631595531091582707e-07
9.287945242750998306e-07
8.953657765151288904e-07
8.627890504307252602e-07
8.310702882555185817e-07
8.002279213810510479e-07
7.701869517543116857e-07
7.409961558704571205e-07
7.126124601227316361e-07
6.849813869186550175e-07
6.581716640703451576e-07
6.320984797962998464e-07
6.067728566336314237e-07
5.822013785032119322e-07
5.583196276939480039e-07
5.351802587776069916e-07
5.127429021888091127e-07
4.909698103073444299e-07
4.699242759889004423e-07
4.495351760414354867e-07
4.298241002868093431e-07
4.107928567145458488e-07
3.923896626096040269e-07
3.746643990370060925e-07
3.575743148966612665e-07
3.410882801343764831e-07
3.252495324952504503e-07
3.099886917538608597e-07
2.953194028682509387e-07
2.812254921085431859e-07
2.676526820621947499e-07
2.546317375753488753e-07
