# bin_4_1
8.498879190025169247e-05
8.380330820008368299e-05
8.262305223341329867e-05
8.144784414632075058e-05
8.027823186716397076e-05
7.911418723137135923e-05
7.795609691772891197e-05
7.680404598821828437e-05
7.565836943088395509e-05
7.451912689965401587e-05
7.338672082754175822e-05
7.226115743064911545e-05
7.114281260412989047e-05
7.003176503076339655e-05
6.892830633607350686e-05
6.783256091749738327e-05
6.674480417775763904e-05
6.566515835313389837e-05
6.459388930850104940e-05
6.353106214816694184e-05
6.247698983276103323e-05
6.143176218961575842e-05
6.039561483958003974e-05
5.936867603540461582e-05
5.835115620552606410e-05
5.734316399002138773e-05
5.634493160369361691e-05
5.535653254323190761e-05
5.437818839474979247e-05
5.340998954058797553e-05
5.245211617938444368e-05
5.150466674759563167e-05
5.056780637230335424e-05
4.964161654125863368e-05
4.872626236100796701e-05
4.782180342900819309e-05
4.692839342280414298e-05
4.604609233701197106e-05
4.517502399994805244e-05
4.431524611205496235e-05
4.346686763701223784e-05
4.262992932303888693e-05
4.180453252513291246e-05
4.099070068865877262e-05
4.018852220084326526e-05
3.939801143668307358e-05
3.861922845653995153e-05
3.785218677531886034e-05
3.709693240136280941e-05
3.635345886698237083e-05
3.562180064266789694e-05
3.490193511351678173e-05
3.419388402536068238e-05
3.349761140677436533e-05
3.281312017431932702e-05
3.214036299385099506e-05
3.147932925548239735e-05
3.082995915520906613e-05
3.019222336651041931e-05
2.956605306981378652e-05
2.895140425125292973e-05
2.834819415026651221e-05
2.775636364456701377e-05
2.717581807956334040e-05
2.660649034682202054e-05
2.604827199963908200e-05
2.550107837974944301e-05
2.496479665987337492e-05
2.443932812314498874e-05
2.392454822671107785e-05
2.342034833590326295e-05
2.292658951787963863e-05
2.244316333444286936e-05
2.196992147743002783e-05
2.150673819451245886e-05
2.105346583017549933e-05
2.060996545707582256e-05
2.017608291689936106e-05
1.975167362797012745e-05
1.933657009423887495e-05
1.893063647584699221e-05
1.853369888968600923e-05
1.814560641454414258e-05
1.776619149463343252e-05
1.739529160686804229e-05
1.703273967085587142e-05
1.667837149134209827e-05
1.633200612963514191e-05
1.599349840590671604e-05
1.566266429608187088e-05
1.533934449132335267e-05
1.502336713028623785e-05
1.471456201145131531e-05
1.441276678690310727e-05
1.411781235439528009e-05
1.382952067299213385e-05
1.354775288064625679e-05
1.327232823371083364e-05
1.300309493396024335e-05
1.273988897531223002e-05
1.248254736219348688e-05
1.223092705825740714e-05
1.198486695386213141e-05
1.174420287206795023e-05
1.150881464102711002e-05
1.127853579478866616e-05
1.105323408564425769e-05
1.083276266190273621e-05
1.061697477650209840e-05
1.040575760475914430e-05
1.019896553733653881e-05
9.996456990400242516e-06
9.798137679809044618e-06
9.603860550384799347e-06
9.413521294820970708e-06
9.226994744230601666e-06
9.044155183788713358e-06
8.864925039310594609e-06
8.689177283642079383e-06
8.516798138875994009e-06
8.347721498474427795e-06
8.181819812783136631e-06
8.019021068648213548e-06
7.859223254331827632e-06
7.702321345351722558e-06
7.548274623001277499e-06
7.396974734607106320e-06
7.248336712813124416e-06
7.102320193064485087e-06
6.958815936313669403e-06
6.817784191212640961e-06
6.679142653529024341e-06
6.542805415224311383e-06
6.408765853451717653e-06
6.276931223736246399e-06
6.147245150905334093e-06
6.019686051620222566e-06
5.894162451517168344e-06
5.770663398959175951e-06
5.649121642677170857e-06
5.529467576006285272e-06
5.411723278626243806e-06
5.295807409761494753e-06
5.181688818665522859e-06
5.069358053102836044e-06
4.958737601006128262e-06
4.849842717451551972e-06
4.742615165305543396e-06
4.636998771208379971e-06
4.533037892467911450e-06
4.430657929235179494e-06
4.329848109506435446e-06
4.230604499886502253e-06
4.132858992848108005e-06
4.036650930945516955e-06
3.941925095419920378e-06
3.848635900248171423e-06
3.756842986269534402e-06
3.666473323038961258e-06
3.577532458945133183e-06
3.490016332662695280e-06
3.403863408079287329e-06
3.319134563630581967e-06
3.235770975919964455e-06
3.153733862142971741e-06
3.073091816525720972e-06
2.993771075254763617e-06
2.915791947446260798e-06
2.839144862394652084e-06
2.763770263768691220e-06
2.689746981789734889e-06
2.617009143902823958e-06
2.545524643768124364e-06
2.475364629448459862e-06
2.406450621942947234e-06
2.338816311347597691e-06
2.272445242923439603e-06
2.207277156778665698e-06
2.143403050933994791e-06
2.080747165744105454e-06
2.019287111487685387e-06
1.959091100382645779e-06
1.900072071162152641e-06
1.842277234245335180e-06
1.785684438328644752e-06
1.730229034388176610e-06
1.676010188492235864e-06
1.622944793756856253e-06
1.571019987203829639e-06
1.520295391728693959e-06
1.470680967145844302e-06
1.422234151629871296e-06
1.374925896400730314e-06
1.328691827497677998e-06
1.283631971310477296e-06
1.239655499731190606e-06
1.196759835929800998e-06
1.154982327430683756e-06
1.114231491237214384e-06
1.074558273982477318e-06
1.035916823165725428e-06
9.982340860336439481e-07
9.615921068369811936e-07
9.258875915135376373e-07
8.911197157354587764e-07
8.573044741610744957e-07
8.243564825195426945e-07
7.923311522033916142e-07
7.611838565115779387e-07
7.308592919621357153e-07
7.014399258771041577e-07
6.728382249981025420e-07
6.450728227037808937e-07
6.181569248535181326e-07
5.920235595103514554e-07
5.667348827962332259e-07
5.422484318534724105e-07
5.185237322380199627e-07
4.956311017055245745e-07
4.734911459164892364e-07
4.521265157645643076e-07
4.315375850870627441e-07
4.116646199064616738e-07
3.925604271808141411e-07
3.741749038420504010e-07
3.564708572037963921e-07
3.394929570539343043e-07
3.231615869945863241e-07
3.074889806277156974e-07
2.924547529324213668e-07
2.779964169622129078e-07
2.641457012941030368e-07
