# bin_4_3
2.714596175878552500e-04
2.670110404030994269e-04
2.625990090609950887e-04
2.582237153877677666e-04
2.538866317044617855e-04
2.495881404711641836e-04
2.453294100803803742e-04
2.411109654361272834e-04
2.369338545575273240e-04
2.327985371681574379e-04
2.287060515438262161e-04
2.246567806820287867e-04
2.206516864644032100e-04
2.166911728568757885e-04
2.127760267921230961e-04
2.089066909234458928e-04
2.050838460751398546e-04
2.013078520324133890e-04
1.975793861391330383e-04
1.938987138974438383e-04
1.902663926871092810e-04
1.866826771776610317e-04
1.831480364080115904e-04
1.796626838778706491e-04
1.762269853764017609e-04
1.728410886742948974e-04
1.695053025577982842e-04
1.662196896555172667e-04
1.629844941461178198e-04
1.597997180304920985e-04
1.566655044415869496e-04
1.535818177546851670e-04
1.505487064619945043e-04
1.475660677902456558e-04
1.446338950564086782e-04
1.417520070295161098e-04
1.389203336368314916e-04
1.361386325778335426e-04
1.334067502030379052e-04
1.307244005464183571e-04
1.280913543494120808e-04
1.255072660237710079e-04
1.229718492306601171e-04
1.204847038116972299e-04
1.180454902948840370e-04
1.156537503805724694e-04
1.133090845706901273e-04
1.110109883863180582e-04
1.087590156916140848e-04
1.065526220573594454e-04
1.043913025723674674e-04
1.022744879018643266e-04
1.002016315020105131e-04
9.817211705705029953e-05
9.618536124047438404e-05
9.424071047510727296e-05
9.233757110544667322e-05
9.047525605190288292e-05
8.865312314748422776e-05
8.687049245330194600e-05
8.512669046424336812e-05
8.342100912302924962e-05
8.175275984468714254e-05
8.012120389450116432e-05
7.852567883506643084e-05
7.696543131370390178e-05
7.543975195722595864e-05
7.394792422714158457e-05
7.248921573598776625e-05
7.106290085115306483e-05
6.966825314369587657e-05
6.830451808209025120e-05
6.697103597979601260e-05
6.566704957778808931e-05
6.439185622309557178e-05
6.314476118018442531e-05
6.192503931840606223e-05
6.073200766512848806e-05
5.956496195466927591e-05
5.842318516296345944e-05
5.730608131256468305e-05
5.621293982175511086e-05
5.514311900523634677e-05
5.409599083269180304e-05
5.307088529926682946e-05
5.206721317634479629e-05
5.108433277981467820e-05
5.012160495731985804e-05
4.917853958041207155e-05
4.825450431078707569e-05
4.734895503814782325e-05
4.646135534952577971e-05
4.559112043882240572e-05
4.473779021054301877e-05
4.390080812862335582e-05
4.307963541110933399e-05
4.227391076069793768e-05
4.148309228255176053e-05
4.070675239554945486e-05
3.994445547309990574e-05
3.919571542291393760e-05
3.846022407928058350e-05
3.773751075669761168e-05
3.702714106927058695e-05
3.632888934440234308e-05
3.564230403130143191e-05
3.496708399415842262e-05
3.430288662809524041e-05
3.364931900214011531e-05
3.300623390950417445e-05
3.237323540903630248e-05
3.174999057594259214e-05
3.113640087879406264e-05
3.053208820194607752e-05
2.993687942066109559e-05
2.935050977038940911e-05
2.877266329353542771e-05
2.820334639807994275e-05
2.764221594906872016e-05
2.708903828810426567e-05
2.654382257298573206e-05
2.600623247818645609e-05
2.547622267835562468e-05
2.495359003223948045e-05
2.443806735192377043e-05
2.392980301484081077e-05
2.342848678906745650e-05
2.293397315459502620e-05
2.244634848342682619e-05
2.196529841346587793e-05
2.149089467505303929e-05
2.102296735152653175e-05
2.056127973810494225e-05
2.010609864700606088e-05
1.965712175187111921e-05
1.921428864453830372e-05
1.877771733336944856e-05
1.834711224533400152e-05
1.792264160172894530e-05
1.750414384469025229e-05
1.709140027695699572e-05
1.668476450895334777e-05
1.628392285526741049e-05
1.588888832142590672e-05
1.549977679836058545e-05
1.511629945031718750e-05
1.473870991629843765e-05
1.436683075165981377e-05
1.400045716261359519e-05
1.363999637910090571e-05
1.328511096108506787e-05
1.293587259048493905e-05
1.259236901950135656e-05
1.225430797200170279e-05
1.192201868824955325e-05
1.159528823367962340e-05
1.127392646314693791e-05
1.095835895539678438e-05
1.064821601039439825e-05
1.034361718882028327e-05
1.004460435176487810e-05
9.750883406464382685e-06
9.462842755316624765e-06
9.180217669204929708e-06
8.902831757456164109e-06
8.631097443783444044e-06
8.364620888200872056e-06
8.103565156370351637e-06
7.847913492159759827e-06
7.597365708861150449e-06
7.352344422785339612e-06
7.112534874762597489e-06
6.877787205687432133e-06
6.648470907357006160e-06
6.424171052515634553e-06
6.205084402699609464e-06
5.991143177051152679e-06
5.782045909319246996e-06
5.578215595480681185e-06
5.379294039069812008e-06
5.185176572671952996e-06
4.996168265764346534e-06
4.811837939146170690e-06
4.632407549140310230e-06
4.457775387732482422e-06
4.287636662226859609e-06
4.122391917967830774e-06
3.961667625093812597e-06
3.805401485067513405e-06
3.653818886289476653e-06
3.506514153835045103e-06
3.363713474809151561e-06
3.225291251698331637e-06
3.090974301830131657e-06
2.961120216874930372e-06
2.835365830393697445e-06
2.713709122328486798e-06
2.596283222625619322e-06
2.482753569852488471e-06
2.373318853317487319e-06
2.267839756223434082e-06
2.166071737998009550e-06
2.068279921499240868e-06
1.974094441434352917e-06
1.883492163600547522e-06
1.796465236014851209e-06
1.712662367295834828e-06
1.632160929614286353e-06
1.554722214942967289e-06
1.480060389752753748e-06
1.408280320648452324e-06
1.338994795199838449e-06
1.272152596413557126e-06
1.207683771446709076e-06
1.145314781660397716e-06
1.085136321055063001e-06
1.026990345340465840e-06
9.707395861235705690e-07
9.165261413005279178e-07
8.641359728800736451e-07
8.136330591159735206e-07
7.650230431805206456e-07
7.181780149261459684e-07
6.732228419786157286e-07
6.300721915897932071e-07
5.886734367857835315e-07
5.491285153988903216e-07
5.112913635352482609e-07
4.752144298302451287e-07
4.408786733445084349e-07
4.081841942109967672e-07
3.771882224858251308e-07
