# bin_3_3
2.230335254677979671e-04
2.194351579764693377e-04
2.158644207728415288e-04
2.123214458580190318e-04
2.088074877931000832e-04
2.053228570667474308e-04
2.018685409586140980e-04
1.984449872604856157e-04
1.950530872723478949e-04
1.916932322612952076e-04
1.883663203302214195e-04
1.850726770758960474e-04
1.818131434197240836e-04
1.785880732316626283e-04
1.753981563589905102e-04
1.722437926448567441e-04
1.691255857889218501e-04
1.660438670916095549e-04
1.629992507335847624e-04
1.599919880912778047e-04
1.570225924194892670e-04
1.540913156138248147e-04
1.511986007374420079e-04
1.483446707994583939e-04
1.455298834496383505e-04
1.427544102148575072e-04
1.400185664923647634e-04
1.373224518397345704e-04
1.346663317421346591e-04
1.320502586013751613e-04
1.294744131718684641e-04
1.269388215729161948e-04
1.244435844910019180e-04
1.219886737259227052e-04
1.195741479110482816e-04
1.171999100138832324e-04
1.148659674198294314e-04
1.125721743836689012e-04
1.103184665651374733e-04
1.081046645948957250e-04
1.059306379560128429e-04
1.037961574160544960e-04
1.017010472985166599e-04
9.964502757249176044e-05
9.762787829956766979e-05
9.564927144992848543e-05
9.370893393580513435e-05
9.180649977822311438e-05
8.994165189001790330e-05
8.811399049562399844e-05
8.632315047199058732e-05
8.456870438181983331e-05
8.285025122516504164e-05
8.116732357890209368e-05
7.951948593453083628e-05
7.790623980854577890e-05
7.632713434457344620e-05
7.478164093719740066e-05
7.326926959965273495e-05
7.178948955986757955e-05
7.034178334724585757e-05
6.892559536077692199e-05
6.754039088614305440e-05
6.618558906923698330e-05
6.486066834350462981e-05
6.356503371960277196e-05
6.229812598472974782e-05
6.105937180176834094e-05
5.984819238859115592e-05
5.866400477967790070e-05
5.750623034971544549e-05
5.637426358199165439e-05
5.526757096526952129e-05
5.418554280879841507e-05
5.312761266560246307e-05
5.209321358123808785e-05
5.108176129944891108e-05
5.009269578487632991e-05
4.912544598669846713e-05
4.817942695447308571e-05
4.725414519694376122e-05
4.634902009064429670e-05
4.546352434198085342e-05
4.459713666652331316e-05
4.374930906391012936e-05
4.291954835835455352e-05
4.210732699119304240e-05
4.131211636146440270e-05
4.053350008716695522e-05
3.977095549843750625e-05
3.902402739022618646e-05
3.829226353599168636e-05
3.757518013622365797e-05
3.687238177514373389e-05
3.618340618758598965e-05
3.550780233463402463e-05
3.484525264247780268e-05
3.419530577511853685e-05
3.355759679048719721e-05
3.293175321912920574e-05
3.231736928856630202e-05
3.171416804343254390e-05
3.112175645005715706e-05
3.053976717274868835e-05
2.996798978388490458e-05
2.940604690306009589e-05
2.885367386972372057e-05
2.831057460432704221e-05
2.777641953055004631e-05
2.725105946109491266e-05
2.673416417566423556e-05
2.622544949449779941e-05
2.572480776937086859e-05
2.523192426884517470e-05
2.474663724337410655e-05
2.426871655217646253e-05
2.379789774389592496e-05
2.333415531078237979e-05
2.287720605989576801e-05
2.242684774352901974e-05
2.198306180920307987e-05
2.154557240457383123e-05
2.111432121259632463e-05
2.068913180898740496e-05
2.026978353134872173e-05
1.985636668972882773e-05
1.944862975658805809e-05
1.904644383184979231e-05
1.864985667718631614e-05
1.825861537403983517e-05
1.787275731624736577e-05
1.749213765616710944e-05
1.711656468287330637e-05
1.674622734321020440e-05
1.638088581320318652e-05
1.602048175846884404e-05
1.566509446078032653e-05
1.531448994331711063e-05
1.496878619038245553e-05
1.462784970373396287e-05
1.429150666237878902e-05
1.396002066141852793e-05
1.363314691416962650e-05
1.331088803100261585e-05
1.299332770715206316e-05
1.268023984663621838e-05
1.237181481171370013e-05
1.206791031007573367e-05
1.176836566306786207e-05
1.147349361345114409e-05
1.118303274291807010e-05
1.089703498072484026e-05
1.061556682720793187e-05
1.033840070727207980e-05
1.006579232583055503e-05
9.797573877860787928e-06
9.533597149837194035e-06
9.274196197344394853e-06
9.019084135271601449e-06
8.768353663474809324e-06
8.522038503969080561e-06
8.279909571018963596e-06
8.042275352659112350e-06
7.808927736726329613e-06
7.579729218480337495e-06
7.355009587099639912e-06
7.134461344893853971e-06
6.918214845216392837e-06
6.706259143907040342e-06
6.498359061195894102e-06
6.294856051105907490e-06
6.095501406654768048e-06
5.900178178172496670e-06
5.709186857933589953e-06
5.522200278125168380e-06
5.339378799484089423e-06
5.160671259791267284e-06
4.985839430308817062e-06
4.815229981578641548e-06
4.648557353796135204e-06
4.485740387090137182e-06
4.327031334719043500e-06
4.172086034354238699e-06
4.021088013282521866e-06
3.873958233891307457e-06
3.730452858581545287e-06
3.590904053529145279e-06
3.455010516203972719e-06
3.322723946310008776e-06
3.194232786682919444e-06
3.069207485701657240e-06
2.947834809036793762e-06
2.830011401833845247e-06
2.715511859749298489e-06
2.604631356926367158e-06
2.497068641692364148e-06
2.392819917205205933e-06
2.291996555216552582e-06
2.194324141586224843e-06
2.099974411462841927e-06
2.008842221839762325e-06
1.920741019977503043e-06
1.835917185375104991e-06
1.754091464988715112e-06
1.675277831482450720e-06
1.599507560953702133e-06
1.526522909453627546e-06
1.456423992258696293e-06
1.389037407259379084e-06
1.324141874313973957e-06
1.261838465932872979e-06
1.201800016787280206e-06
1.143973381057722200e-06
1.088283084301490014e-06
1.034473675942129245e-06
9.825982694495338234e-07
9.324940355610094357e-07
8.840165305762287416e-07
8.372658214152462693e-07
7.920366225066750637e-07
7.483660521088881989e-07
7.062458260848287754e-07
6.655549557539737803e-07
6.263979766782180244e-07
5.886965647977191132e-07
5.524037675047989229e-07
5.176139862207657382e-07
4.842030220248670991e-07
4.522231817855512266e-07
4.216652998684768935e-07
3.924484497132092414e-07
3.646359791039964158e-07
