# bin_1_1
3.968982085870185144e-05
3.920983147957699352e-05
3.873052257643011672e-05
3.825165134289658007e-05
3.777357333394083512e-05
3.729618328232808610e-05
3.681967174592382021e-05
3.634404357674150891e-05
3.586947307266733485e-05
3.539591858067620700e-05
3.492362687727694639e-05
3.445251432124173878e-05
3.398281524731382408e-05
3.351451264839728220e-05
3.304775413031454826e-05
3.258259273779447602e-05
3.211916411714494518e-05
3.165748176159947734e-05
3.119773659100354374e-05
3.073990883487813503e-05
3.028419070912449749e-05
2.983060124415306749e-05
2.937928102423278907e-05
2.893026952831102564e-05
2.848369591677106990e-05
2.803961592494622196e-05
2.759817178668942916e-05
2.715938888908744534e-05
2.672342157726446957e-05
2.629029984087778441e-05
2.586015672007307934e-05
2.543304441184753324e-05
2.500908319041927558e-05
2.458831514563171368e-05
2.417087607910217446e-05
2.375679571379147873e-05
2.334620225835696056e-05
2.293913827494396997e-05
2.253571377344196989e-05
2.213597462234385637e-05
2.174002193791066086e-05
2.134790685760548285e-05
2.095972992929714750e-05
2.057552690399433500e-05
2.019539660734299486e-05
1.981937817392541044e-05
1.944755525667789513e-05
1.907997040832879498e-05
1.871669850278581931e-05
1.835777591864026279e-05
1.800327667253464480e-05
1.765322587263555218e-05
1.730769753700753369e-05
1.696671290742787110e-05
1.663033090090651383e-05
1.629857395281745505e-05
1.597149215491992989e-05
1.564910153227159250e-05
1.533144669580242730e-05
1.501853710126785901e-05
1.471041071794950152e-05
1.440707239872635672e-05
1.410854986760407197e-05
1.381484205365096371e-05
1.352597106145428465e-05
1.324192849229175692e-05
1.296273011483108519e-05
1.268836094884201569e-05
1.241882990256626678e-05
1.215411457014913999e-05
1.189421610875507902e-05
1.163910662591970401e-05
1.138878198212299446e-05
1.114320816852614666e-05
1.090237221544164013e-05
1.066623547369974056e-05
1.043477795224082681e-05
1.020795612797297756e-05
9.985743487252307237e-06
9.768089413004851112e-06
9.554964345741587235e-06
9.346313083717978066e-06
9.142098627398135443e-06
8.942262742850297066e-06
8.746761606575520462e-06
8.555534038510619933e-06
8.368531893253986189e-06
8.185687391884986731e-06
8.006952537488305858e-06
7.832256358716683722e-06
7.661544308340524653e-06
7.494744731569886472e-06
7.331798024606325109e-06
7.172632170034569283e-06
7.017184572649037158e-06
6.865378058532202845e-06
6.717153949588955942e-06
6.572432362544263809e-06
6.431150019667670758e-06
6.293229114860574140e-06
6.158601893538011381e-06
6.027193942326121998e-06
5.898936377830472288e-06
5.773749579071270884e-06
5.651572174883717402e-06
5.532323318280659757e-06
5.415938480911574245e-06
5.302340500522323706e-06
5.191461351427007372e-06
5.083230892657432804e-06
4.977581181786923912e-06
4.874436531511210570e-06
4.773739629167184187e-06
4.675414236790383095e-06
4.579401146195388762e-06
4.485629234670408625e-06
4.394035519752494305e-06
4.304559769996414310e-06
4.217139448937334903e-06
4.131708046433543163e-06
4.048216500077061130e-06
3.966596787528208635e-06
3.886799459421333292e-06
3.808762845859959164e-06
3.732432186206891728e-06
3.657760457506288502e-06
3.584693512005330306e-06
3.513176606885837366e-06
3.443171087007885201e-06
3.374618866682940101e-06
3.307482500644453302e-06
3.241710724555063404e-06
3.177258371214318742e-06
3.114092850711247712e-06
3.052169186356374718e-06
2.991445521930745340e-06
2.931893463969925933e-06
2.873465405174621211e-06
2.816136380939106978e-06
2.759864966981746979e-06
2.704615412019659543e-06
2.650369164535584035e-06
2.597089642138205279e-06
2.544747288793055325e-06
2.493322676538756584e-06
2.442777517046920338e-06
2.393099252340347839e-06
2.344254521972848501e-06
2.296215919426854600e-06
2.248977606173152867e-06
2.202509561098112610e-06
2.156792976185084085e-06
2.111815166379527096e-06
2.067545159943167928e-06
2.023982501163146979e-06
1.981099497428725038e-06
1.938875512430192662e-06
1.897315377971379724e-06
1.856392986736968739e-06
1.816098623749549882e-06
1.776423891061770937e-06
1.737343351987248344e-06
1.698868159305871390e-06
1.660973064157124586e-06
1.623641999283370847e-06
1.586888260963067122e-06
1.550687714122029009e-06
1.515038962302188731e-06
1.479935067922224964e-06
1.445353522704505810e-06
1.411316212541787139e-06
1.377797921334329772e-06
1.344786346964541874e-06
1.312300797939085892e-06
1.280316527357071365e-06
1.248840105549397972e-06
1.217864585556953793e-06
1.187368433480832656e-06
1.157382441671572473e-06
1.127878830574527099e-06
1.098849218742747725e-06
1.070315673881980195e-06
1.042248976034979863e-06
1.014662671492013072e-06
9.875477618638198728e-07
9.608798126822850573e-07
9.346959006375955562e-07
9.089642908645107894e-07
8.836798112987581936e-07
8.588644159904621251e-07
8.344857258043493759e-07
8.105644325063760523e-07
7.870894199353806004e-07
7.640357897644462047e-07
7.414459323460660827e-07
7.192849436913177488e-07
6.975536373568512292e-07
6.762702347709519270e-07
6.554022806469790295e-07
6.349751069796069117e-07
6.149747822697448842e-07
5.953762216003191212e-07
5.762231866244869226e-07
5.574776715196311634e-07
5.391449728712454162e-07
5.212376141271185237e-07
5.037228907693968337e-07
4.866293275824092711e-07
4.699388921580733305e-07
4.536275346859006729e-07
4.377368953066568572e-07
4.222269317066501277e-07
4.071063061137735094e-07
3.923813072771217048e-07
3.780199647217355137e-07
3.640528956298720172e-07
3.504584275017940054e-07
3.372154428018213802e-07
3.243613150592615283e-07
3.118560244204586494e-07
2.997111678895133699e-07
2.879275592973231734e-07
2.764756709999145204e-07
2.653864865400480183e-07
2.546353528380164236e-07
2.442046879319489380e-07
2.341253434926611104e-07
2.243587684529668394e-07
2.149175457715863824e-07
2.057964383357186492e-07
1.969671468412222943e-07
1.884567062475403730e-07
