# bin_4_2
1.792317688626834460e-04
1.764706401251090839e-04
1.737258899576787940e-04
1.709975674126266662e-04
1.682867389397402560e-04
1.655936496047161676e-04
1.629191327959021534e-04
1.602635656757794185e-04
1.576277107085999904e-04
1.550119194400025784e-04
1.524169915763914159e-04
1.498432048924937677e-04
1.472913292427614686e-04
1.447617109093271798e-04
1.422549852684956934e-04
1.397715442615856567e-04
1.373119775079049022e-04
1.348766374408344655e-04
1.324661162814804588e-04
1.300807067962253083e-04
1.277209848558213566e-04
1.253872388694855496e-04
1.230799279042728192e-04
1.207993719334116205e-04
1.185459918600309406e-04
1.163200492330582068e-04
1.141219548062434287e-04
1.119519096041150645e-04
1.098102836375760937e-04
1.076972636369438957e-04
1.056131444899501221e-04
1.035580952453599119e-04
1.015323613426484463e-04
9.953606367235372958e-05
9.756941524271650059e-05
9.563248838997804495e-05
9.372545230217703654e-05
9.184834394003448530e-05
9.000127275039883953e-05
8.818424538945727022e-05
8.639732277520656640e-05
8.464046666358813261e-05
8.291369701175602157e-05
8.121693357209430796e-05
7.955015342817746643e-05
7.791323692623973321e-05
7.630611098571410617e-05
7.472862336905314719e-05
7.318065978633267910e-05
7.166202521699792946e-05
7.017256712840790717e-05
6.871206036687090089e-05
6.728031473323565494e-05
6.587706795916270421e-05
6.450208888327648501e-05
6.315508659983914421e-05
6.183580340231510002e-05
6.054391731702346775e-05
5.927913312460982557e-05
5.804111120710681883e-05
5.682952909977235774e-05
5.564401756251871823e-05
5.448422973595810356e-05
5.334977149847936655e-05
5.224028846171266112e-05
5.115536574348701068e-05
5.009461791817119188e-05
4.905763048880731626e-05
4.804399559913797668e-05
4.705328229864322721e-05
4.608507323390247979e-05
4.513891771003428790e-05
4.421441232656362648e-05
4.331109775196869592e-05
4.242854437319218197e-05
4.156630910008882835e-05
4.072394684938901753e-05
3.990101210867181566e-05
3.909706157212420506e-05
3.831163238945751103e-05
3.754431887686382295e-05
3.679465840562335023e-05
3.606222398786041263e-05
3.534658202604451700e-05
3.464729263501573612e-05
3.396393627986162413e-05
3.329608239040486340e-05
3.264329308844499892e-05
3.200519860652946592e-05
3.138136574108352683e-05
3.077140419088795397e-05
3.017491961641842552e-05
2.959150807512050409e-05
2.902080830392142889e-05
2.846243015016826808e-05
2.791598551639113993e-05
2.738116746878876623e-05
2.685759164190165281e-05
2.634492790810994824e-05
2.584283859408610022e-05
2.535097525154602046e-05
2.486905768747454341e-05
2.439674824583696523e-05
2.393372194261219417e-05
2.347974847723325619e-05
2.303450294108759405e-05
2.259772863062306172e-05
2.216914971231937205e-05
2.174847933637798911e-05
2.133553035188317986e-05
2.093002001461353678e-05
2.053169087966551964e-05
2.014039211802744038e-05
1.975585551430984234e-05
1.937790327180191670e-05
1.900631826780658704e-05
1.864087134988592261e-05
1.828146948981515822e-05
1.792787732931484145e-05
1.757990551853358833e-05
1.723747645111813647e-05
1.690036489747622907e-05
1.656847320992256581e-05
1.624163538069592870e-05
1.591966713371085833e-05
1.560256595940756789e-05
1.529013366308486018e-05
1.498224281804417996e-05
1.467887506818589743e-05
1.437983586057268237e-05
1.408510259544296629e-05
1.379454460527059795e-05
1.350801059586006930e-05
1.322557827558929874e-05
1.294707156641148657e-05
1.267242103086516565e-05
1.240164487548543652e-05
1.213457291845132377e-05
1.187124817165822537e-05
1.161155939320811886e-05
1.135537766627626555e-05
1.110284578587996325e-05
1.085379509447306996e-05
1.060820572768560334e-05
1.036611250622530398e-05
1.012735830292577604e-05
9.892046629106916695e-06
9.660068984739106753e-06
9.431311410880696060e-06
9.205965224455474696e-06
8.983856174687365672e-06
8.765004566661996677e-06
8.549443994507274446e-06
8.337019963514362097e-06
8.127893264095877200e-06
7.921943357981191066e-06
7.719067116584566303e-06
7.519485907457719219e-06
7.323008505520829398e-06
7.129689400579815427e-06
6.939547209229538146e-06
6.752426542904948684e-06
6.568539219231462711e-06
6.387737727620302566e-06
6.209925323614884188e-06
6.035335384291549668e-06
5.863758548932193282e-06
5.695282869859288594e-06
5.529899723343575344e-06
5.367445886771094183e-06
5.208172004568779282e-06
5.051899178835467615e-06
4.898543310159108752e-06
4.748330312475254704e-06
4.601028915297934987e-06
4.456757287131335851e-06
4.315479407320480806e-06
4.177024054395229172e-06
4.041660477281755641e-06
3.909177101011627679e-06
3.779515130378414531e-06
3.652875985360260289e-06
3.529004874058725754e-06
3.408046869455808227e-06
3.289944928648688291e-06
3.174516139553835931e-06
3.062032119100809852e-06
2.952261849415843709e-06
2.845170935378948574e-06
2.740919523613651308e-06
2.639252292471810509e-06
2.540325657433954731e-06
2.444060865154345759e-06
2.350281277998726727e-06
2.259239458903654657e-06
2.170693991806187472e-06
2.084643158571255092e-06
2.001185459735365503e-06
1.920092753545653030e-06
1.841509234884229874e-06
1.765341758250344322e-06
1.691429895523117108e-06
1.619989420199680927e-06
1.550787537444109159e-06
1.483846773216296887e-06
1.419219843916656288e-06
1.356715827231024628e-06
1.296470894400283500e-06
1.238386855832247074e-06
1.182332091102295045e-06
1.128471273442536550e-06
1.076580569210359913e-06
1.026672035286592265e-06
9.787306059389588927e-07
9.325601001250864105e-07
8.882353163914787434e-07
8.456106068159929361e-07
8.045431354774875799e-07
7.651122639507516058e-07
7.270950946016168872e-07
6.904873058239031266e-07
6.552397815512249903e-07
6.211912404384077006e-07
5.884053026410592216e-07
5.567637544200420796e-07
5.261850425294421688e-07
4.967432757054389045e-07
4.682965906257089518e-07
4.408872475482555666e-07
4.145040253546997072e-07
3.890669838855061270e-07
3.646594030602102676e-07
