# bin_2_2
1.239275365865740775e-04
1.221247634137742383e-04
1.203298378741410058e-04
1.185426882634847565e-04
1.167640992324293979e-04
1.149941792018316681e-04
1.132335148952044675e-04
1.114823392958658860e-04
1.097411914473736929e-04
1.080102849325947483e-04
1.062902112054654979e-04
1.045811211338056030e-04
1.028835948193353313e-04
1.011978577647495422e-04
9.952437930030984747e-05
9.786343916631982747e-05
9.621548084947475273e-05
9.458075867573527808e-05
9.295973586223479608e-05
9.135262292739494434e-05
8.975988520108783744e-05
8.818174315519962500e-05
8.661856791526504338e-05
8.507062563901609566e-05
8.353826950277884337e-05
8.202172523874604428e-05
8.052135412729051760e-05
7.903733895878211268e-05
7.757001965960385107e-05
7.611958186146603985e-05
7.468631141762707411e-05
7.327039296257402867e-05
7.187208236642989869e-05
7.049153422521042844e-05
6.912899026558977692e-05
6.778457265832156032e-05
6.645849722052574529e-05
6.515086806103104037e-05
6.386185971160864244e-05
6.259156143829906088e-05
6.134011512859900196e-05
6.010758115770803613e-05
5.889407693258937032e-05
5.769963254505977216e-05
5.652433696620545701e-05
5.536819573295640920e-05
5.423126140113653193e-05
5.311351938005214100e-05
5.201499051303579629e-05
5.093562921794752012e-05
4.987543190539636846e-05
4.883432763676166815e-05
4.781228504364193799e-05
4.680920671930373519e-05
4.582502799936319973e-05
4.485963170109624287e-05
4.391292780114827617e-05
4.298477475480658817e-05
4.207505573618343608e-05
4.118360844718504590e-05
4.031029462117025953e-05
3.945492775527273762e-05
3.861734640124078060e-05
3.779734506038897804e-05
3.699474690544988148e-05
3.620932759206888077e-05
3.544088742788050177e-05
3.468919205447523464e-05
3.395402255400037519e-05
3.323512822399217042e-05
3.253227651731260053e-05
3.184520140739095247e-05
3.117366729069770182e-05
3.051739763559674427e-05
2.987613751609004072e-05
2.924961056896588403e-05
2.863754874607769859e-05
2.803966829187588594e-05
2.745569563187619916e-05
2.688533470386403809e-05
2.632832359482983545e-05
2.578436259288089037e-05
2.525317561989967569e-05
2.473447196485948480e-05
2.422796621935298099e-05
2.373337112839726516e-05
2.325040214119412663e-05
2.277876197097872902e-05
2.231819205805517131e-05
2.186839606764579734e-05
2.142910424968307872e-05
2.100003676003520358e-05
2.058091687093518892e-05
2.017147966125721313e-05
1.977145427556814542e-05
1.938056390036670969e-05
1.899857717427752874e-05
1.862522004893488623e-05
1.826025068222708353e-05
1.790341773676716572e-05
1.755447206510766806e-05
1.721319121098937333e-05
1.687933239490207812e-05
1.655265426675459100e-05
1.623296744172938791e-05
1.592003328685661530e-05
1.561365152669576115e-05
1.531360879283870908e-05
1.501969338020343241e-05
1.473173770419932072e-05
1.444953439995984614e-05
1.417288518170369528e-05
1.390164966829126857e-05
1.363562802811881243e-05
1.337466905304178361e-05
1.311859980164272741e-05
1.286724808194160889e-05
1.262050571530647028e-05
1.237820032580369253e-05
1.214017980057482687e-05
1.190635268167072032e-05
1.167655317419792186e-05
1.145068216979658485e-05
1.122860492844523316e-05
1.101018393005193921e-05
1.079537063572458619e-05
1.058402352328038707e-05
1.037603433899865364e-05
1.017135452073269612e-05
9.969845863320217269e-06
9.771459475349527317e-06
9.576090457181388822e-06
9.383629306238680797e-06
9.194082540188926007e-06
9.007331015631588945e-06
8.823307746164980647e-06
8.641995045894217909e-06
8.463277516730761688e-06
8.287151689607744043e-06
8.113532658068713007e-06
7.942331799595456549e-06
7.773602638256542596e-06
7.607238753693319397e-06
7.443208762269826123e-06
7.281513869852624944e-06
7.122053412279593665e-06
6.964866542853106153e-06
6.809877438920074624e-06
6.657012223000488674e-06
6.506362175719075688e-06
6.357823778321504058e-06
6.211394720506760176e-06
6.067083120331372495e-06
5.924794890819678336e-06
5.784610226247675075e-06
5.646451853288310327e-06
5.510255983676391903e-06
5.376140817738920431e-06
5.243996174579170627e-06
5.113844493136685280e-06
4.985690942142919804e-06
4.859443849810456095e-06
4.735221753249006960e-06
4.612934526646062106e-06
4.492523621216625926e-06
4.374123377258016999e-06
4.257613545725179649e-06
4.143041115860229868e-06
4.030398763382704995e-06
3.919590570333628507e-06
3.810767134931444442e-06
3.703820125017380757e-06
3.598698669512238192e-06
3.495540914386614430e-06
3.394211188153750428e-06
3.294779737823729237e-06
3.197224588087636469e-06
3.101443297384182705e-06
3.007606642658839132e-06
2.915584483043134116e-06
2.825341360500345727e-06
2.737007479470418312e-06
2.650427692449177485e-06
2.565694634601854253e-06
2.482773773954281948e-06
2.401551883000776368e-06
2.322209570026187468e-06
2.244600845061186342e-06
2.168705366464807497e-06
2.094632430392230395e-06
2.022219975931105653e-06
1.951573377044493760e-06
1.882642775990166517e-06
1.815314354284379439e-06
1.749763407208043882e-06
1.685832116008538994e-06
1.623521639129822660e-06
1.562904626722769983e-06
1.503831080402951983e-06
1.446404773934400886e-06
1.390565329677416493e-06
1.336206754833674129e-06
1.283486856255751690e-06
1.232248337348599945e-06
1.182509203987876672e-06
1.134311302532532164e-06
1.087522716201369370e-06
1.042245277247655889e-06
9.984126457902544933e-07
9.559377314476869793e-07
9.149546581080123508e-07
8.753177131021951549e-07
8.370547597204220616e-07
8.001798365217259170e-07
7.645746493451593611e-07
7.303242869329395853e-07
6.973455265038151481e-07
6.655548891554825067e-07
6.350365952006010499e-07
6.056382971449709383e-07
5.773665266457333295e-07
5.501894728223036838e-07
5.239821224941973818e-07
4.987913552980554094e-07
4.745131220863205200e-07
4.510682293503893232e-07
4.285031125737597549e-07
4.066877241871053957e-07
3.856382181629761257e-07
3.653293912251654622e-07
3.456812965896966603e-07
3.267544181257162824e-07
