# bin_3_2
1.625604666843812323e-04
1.600945863688974229e-04
1.576422800838043407e-04
1.552035642842104204e-04
1.527794201677649423e-04
1.503700553987896802e-04
1.479762294314638930e-04
1.455982798535761691e-04
1.432369027873431821e-04
1.408924122363597862e-04
1.385655467076730009e-04
1.362565498477096449e-04
1.339661363486017184e-04
1.316946204436278878e-04
1.294425898677217638e-04
1.272104072494390024e-04
1.249986209373845161e-04
1.228075584728939118e-04
1.206377763043250804e-04
1.184895470954461320e-04
1.163634167870445984e-04
1.142596581235931844e-04
1.121787072478089514e-04
1.101208728774946726e-04
1.080865591945084827e-04
1.060760219546395822e-04
1.040896608646740731e-04
1.021276764031881461e-04
1.001904334335106009e-04
9.827812334310780508e-05
9.639104227409063324e-05
9.452936892263697605e-05
9.269335582540953050e-05
9.088313896154164538e-05
8.909894397347648670e-05
8.734086291167806671e-05
8.560908297972011371e-05
8.390366604577652820e-05
8.222474502032595361e-05
8.057235607189997928e-05
7.894658818592967589e-05
7.734743734606164506e-05
7.577495658801906592e-05
7.422910303696017293e-05
7.270989114209338384e-05
7.121724306750520288e-05
6.975112704856413688e-05
6.831143638633707682e-05
6.689810065326886397e-05
6.551097380633281379e-05
6.414995145189013261e-05
6.281485838370204811e-05
6.150555545991547805e-05
6.022183355562251399e-05
5.896351468650416143e-05
5.773036378457148838e-05
5.652217625520568735e-05
5.533868791250750007e-05
5.417966008385549903e-05
5.304480945802856208e-05
5.193387189395328189e-05
5.084653608932007180e-05
4.978251366380332429e-05
4.874147035262041774e-05
4.772310731931746506e-05
4.672707008088234249e-05
4.575303154325956846e-05
4.480063385346431552e-05
4.386952857858835244e-05
4.295934140745344854e-05
4.206971293504267327e-05
4.120025071271634677e-05
4.035060340699389092e-05
3.952036934926571841e-05
3.870917347476552934e-05
3.791662480545514356e-05
3.714233373338687763e-05
3.638590520926133994e-05
3.564694895269686896e-05
3.492505450272629508e-05
3.421986036874174439e-05
3.353095513579377920e-05
3.285795862828408783e-05
3.220048162150047661e-05
3.155813243673409699e-05
3.093053236293914949e-05
3.031729623028282802e-05
2.971803007130780524e-05
2.913239772857683724e-05
2.856000881747663671e-05
2.800050999547161077e-05
2.745354210766262984e-05
2.691874063074309065e-05
2.639577337004549450e-05
2.588428697126197452e-05
2.538392773824407403e-05
2.489441076555396550e-05
2.441538593777757473e-05
2.394654957773352199e-05
2.348759007612684002e-05
2.303818938548237919e-05
2.259808375716928372e-05
2.216696448141637421e-05
2.174453199653292724e-05
2.133056679883797775e-05
2.092477047952663355e-05
2.052690240518706391e-05
2.013670510457761520e-05
1.975391435710684322e-05
1.937834704785030304e-05
1.900974315723152040e-05
1.864786273062048034e-05
1.829255595805935806e-05
1.794357541510804233e-05
1.760074970971422888e-05
1.726387424144562832e-05
1.693273670535742689e-05
1.660723697122097858e-05
1.628715853675032893e-05
1.597232247573891750e-05
1.566264454985027740e-05
1.535791755257754951e-05
1.505804126895708864e-05
1.476285816892326127e-05
1.447219768064273046e-05
1.418604048822034346e-05
1.390420538621195354e-05
1.362656963519809747e-05
1.335310331181550547e-05
1.308362900885017857e-05
1.281811381163379447e-05
1.255643394552679305e-05
1.229845037360395518e-05
1.204421635274611474e-05
1.179357305604392769e-05
1.154645051476645064e-05
1.130285399742923025e-05
1.106263003658961950e-05
1.082580528966218896e-05
1.059227578989260115e-05
1.036192452069285417e-05
1.013486462064468115e-05
9.910946493171427863e-06
9.690145509339241354e-06
9.472484736829675598e-06
9.257824332823788956e-06
9.046246315395308870e-06
8.837651676939017059e-06
8.631938393894630411e-06
8.429265364968162105e-06
8.229480143476656156e-06
8.032595073874669293e-06
7.838634998762497271e-06
7.647463979734232654e-06
7.459216816921014178e-06
7.273785996098526184e-06
7.091080211598774437e-06
6.911288094099668266e-06
6.734243478413951141e-06
6.559990338621986645e-06
6.388542704634629078e-06
6.219764825555170728e-06
6.053839188624256317e-06
5.890635872567188170e-06
5.730069739894469350e-06
5.572343299798373065e-06
5.417274759976001569e-06
5.264939275665559147e-06
5.115328532009262009e-06
4.968300114093998346e-06
4.824073775638052509e-06
4.682492430597858218e-06
4.543482244760450257e-06
4.407242213523870023e-06
4.273570656454492795e-06
4.142571108750836857e-06
4.014212033196616213e-06
3.888343556414906944e-06
3.765204911493222726e-06
3.644609790711464850e-06
3.526506816029947467e-06
3.411075885203348388e-06
3.298093082601077791e-06
3.187687732585109565e-06
3.079810032850844283e-06
2.974298785220660749e-06
2.871398099953020627e-06
2.770903362096337858e-06
2.672784791719545222e-06
2.577187240757879717e-06
2.483884101847680800e-06
2.393016224799228721e-06
2.304513636232794765e-06
2.218218824172237257e-06
2.134360634236040110e-06
2.052723285060702966e-06
1.973306271233290455e-06
1.896200955591887905e-06
1.821204411406071660e-06
1.748450311732547901e-06
1.677857814886525993e-06
1.609285760956263991e-06
1.542934895513832137e-06
1.478597976439312985e-06
1.416298205360765146e-06
1.356086566276877917e-06
1.297791333611023199e-06
1.241539011209856487e-06
1.187241720642230520e-06
1.134782022216271153e-06
1.084315942331077182e-06
1.035644012254575405e-06
9.887833835519606890e-07
9.437277381449443782e-07
9.003039014800930313e-07
8.585884541087902293e-07
8.184525570331710124e-07
7.797687394443715154e-07
7.426150813966497124e-07
7.067871487017037148e-07
6.722812610124274593e-07
6.390514257676803887e-07
6.069458246474479082e-07
5.760224435975715404e-07
5.461671195890650442e-07
5.172994074012010460e-07
4.894863113027988564e-07
4.625906635172898878e-07
4.366483550952088301e-07
4.116454470870617634e-07
3.875033427307582421e-07
3.643003162871576500e-07
