# bin_2_1
6.397645603775044861e-05
6.313877337718503736e-05
6.230316451284031098e-05
6.146943535544683289e-05
6.063804765748459844e-05
5.980895631277633048e-05
5.898246393126628637e-05
5.815862831226854097e-05
5.733772183231524398e-05
5.651978516203698893e-05
5.570514594565835275e-05
5.489379089402944426e-05
5.408604721210141266e-05
5.328197223929815023e-05
5.248180421148489639e-05
5.168565349220200628e-05
5.089374670245828345e-05
5.010617761420139998e-05
4.932320217768357295e-05
4.854488228998772727e-05
4.777148828607166492e-05
4.700309988846203469e-05
4.623991359792799081e-05
4.548206211467413138e-05
4.472974000363998088e-05
4.398305406294621324e-05
4.324222075644054296e-05
4.250731944785052138e-05
4.177856189647001175e-05
4.105604378667984287e-05
4.033994257023771626e-05
3.963036732232196475e-05
3.892748417588122711e-05
3.823138913103232877e-05
3.754225173274863348e-05
3.686015282333326211e-05
3.618525463521585331e-05
3.551763722398690716e-05
3.485744174754062822e-05
3.420475019163009609e-05
3.355969024120399134e-05
3.292233318059827838e-05
3.229280078197766955e-05
3.167115122678886550e-05
3.105749610414515498e-05
3.045188682124369152e-05
2.985441774352859057e-05
2.926513633599708627e-05
2.868412199222140731e-05
2.811140820712828539e-05
2.754706729252239699e-05
2.699112141234881237e-05
2.644363072322682116e-05
2.590460654977034180e-05
2.537409128871631335e-05
2.485209009094724699e-05
2.433863135522989631e-05
2.383370895914152922e-05
2.333733915073329514e-05
2.284950315681410322e-05
2.237020735139432583e-05
2.189941999058466683e-05
2.143713377353809602e-05
2.098330802011034912e-05
2.053792371704425056e-05
2.010092917201895962e-05
1.967229336119879826e-05
1.925195544735739997e-05
1.883987254711704161e-05
1.843597287158674620e-05
1.804020302738475344e-05
1.765248223751612747e-05
1.727274900686280885e-05
1.690091444354585961e-05
1.653690482392989843e-05
1.618062557755494513e-05
1.583199359492905501e-05
1.549090628533673035e-05
1.515727294271029220e-05
1.483098233487073509e-05
1.451194175453423848e-05
1.420003446425553213e-05
1.389515798811772745e-05
1.359719346642990208e-05
1.330603081233512490e-05
1.302154807926567378e-05
1.274363061493729165e-05
1.247214953391770047e-05
1.220699455929837629e-05
1.194803362675854130e-05
1.169514896987674191e-05
1.144821043236010470e-05
1.120709485619072874e-05
1.097167412527888769e-05
1.074182406498625833e-05
1.051741013257494669e-05
1.029831880518800369e-05
1.008441438542175755e-05
9.875577656229381809e-06
9.671678913355233052e-06
9.472594624691914672e-06
9.278203524150379719e-06
9.088382811074423382e-06
8.903003919586007525e-06
8.721961102424989699e-06
8.545126079433189574e-06
8.372388711760274651e-06
8.203629023457565970e-06
8.038732631514948704e-06
7.877595088169543538e-06
7.720103456593837687e-06
7.566143245790571775e-06
7.415624469624450819e-06
7.268432671468677919e-06
7.124474658325730238e-06
6.983645897147981191e-06
6.845846835413614149e-06
6.710995914385438949e-06
6.578994516475454034e-06
6.449747476289304219e-06
6.323184673463019195e-06
6.199207672513950542e-06
6.077744969133687447e-06
5.958710056341762829e-06
5.842019982521368252e-06
5.727619195948443414e-06
5.615424978259095763e-06
5.505363284525277378e-06
5.397384389870272355e-06
5.291405837215744121e-06
5.187379241086123835e-06
5.085235082730770926e-06
4.984906428584422598e-06
4.886363844298554606e-06
4.789539028997066371e-06
4.694379361078433018e-06
4.600852532890687796e-06
4.508891214705498652e-06
4.418469348129670907e-06
4.329531421681111221e-06
4.242024550673851673e-06
4.155943077450582327e-06
4.071230039117316919e-06
3.987852234698681607e-06
3.905790700297259947e-06
3.824990173873057657e-06
3.745446005649680708e-06
3.667112492054960162e-06
3.589948199910976484e-06
3.513967918145634217e-06
3.439121906821507907e-06
3.365393397050113516e-06
3.292771842179751166e-06
3.221210296884753275e-06
3.150724746125738173e-06
3.081274618947035859e-06
3.012827236994583432e-06
2.945413485426370867e-06
2.878986072541010285e-06
2.813542042724415692e-06
2.749074588018790373e-06
2.685542376130891937e-06
2.622980887426888870e-06
2.561349014102773121e-06
2.500619514826677149e-06
2.440834904877653163e-06
2.381947591233459606e-06
2.323967609876727626e-06
2.266886984824476523e-06
2.210665980518049279e-06
2.155357407676846997e-06
2.100916006315179596e-06
2.047319524249733648e-06
1.994617042188140966e-06
1.942756767956553287e-06
1.891761017335324439e-06
1.841618503995766816e-06
1.792288496434863500e-06
1.743836900973777618e-06
1.696211024772401855e-06
1.649395694741458850e-06
1.603441524878740183e-06
1.558288534983627269e-06
1.513971333802557062e-06
1.470474839478671277e-06
1.427753658964068699e-06
1.385883061254892548e-06
1.344803327688144095e-06
1.304505808929867118e-06
1.265036731327641348e-06
1.226330791193526072e-06
1.188431764395365917e-06
1.151318358031375783e-06
1.114943146597383043e-06
1.079384790767534755e-06
1.044576522464107017e-06
1.010519174942315253e-06
9.772469050730637272e-07
9.446959286385321687e-07
9.129140078168017758e-07
8.818746111916325145e-07
8.515314220663435105e-07
8.219610803746287857e-07
7.930936759991339191e-07
7.649382852642474311e-07
7.375170481163633096e-07
7.107695903944119447e-07
6.847462252351814026e-07
6.594145571758308712e-07
6.347321780433072918e-07
6.107673159577698627e-07
5.874485311707499318e-07
5.647883917519836781e-07
5.427948964689675511e-07
5.214095961535195058e-07
5.006801963908842947e-07
4.805671704716149475e-07
4.610330298198538527e-07
4.421339198446655739e-07
4.238012325946670961e-07
4.060515161789029999e-07
3.888840848809557337e-07
3.722485478175828142e-07
3.561913976833316017e-07
3.406716597275218679e-07
3.256604555265757419e-07
3.112013710843641417e-07
2.972314792565410146e-07
2.837669644998119118e-07
2.707965307331560662e-07
2.582724817273712224e-07
2.462302869201374828e-07
