# bin_4_4
3.226361666815971327e-04
3.172355911701921390e-04
3.118847012854937171e-04
3.065837089495117556e-04
3.013342426031258466e-04
2.961367110426666523e-04
2.909924219145231298e-04
2.859019077111011340e-04
2.808663037149555872e-04
2.758860790000287216e-04
2.709623490536462015e-04
2.660954753099617921e-04
2.612864477867574945e-04
2.565356585527228889e-04
2.518439046338702761e-04
2.472115718645429721e-04
2.426393438085287714e-04
2.381275385140074535e-04
2.336767426643319046e-04
2.292871434264756136e-04
2.249592919094648064e-04
2.206933313674707309e-04
2.164896367891692129e-04
2.123483248848083806e-04
2.082696553037604410e-04
2.042536485036514657e-04
2.003005071537109166e-04
1.964101468316491053e-04
1.925826789808076744e-04
1.888179648227213147e-04
1.851159897991267399e-04
1.814765567139671573e-04
1.778995611474703674e-04
1.743847185762808106e-04
1.709318524262096498e-04
1.675406033190213813e-04
1.642107163661315095e-04
1.609417661100210738e-04
1.577334033089370985e-04
1.545851432874173568e-04
1.514965711846866128e-04
1.484671301861438747e-04
1.454963348482948479e-04
1.425835855666753081e-04
1.397283352432209208e-04
1.369299215227076053e-04
1.341877286785030023e-04
1.315010504599434477e-04
1.288692398059453537e-04
1.262915340754568747e-04
1.237672213234655184e-04
1.212955306910437457e-04
1.188757075633612304e-04
1.165069316584141520e-04
1.141884149496135543e-04
1.119192951051906201e-04
1.096987922972377649e-04
1.075260144440788406e-04
1.054001179255014092e-04
1.033202447100812392e-04
1.012855190052644282e-04
9.929505314941433050e-05
9.734796699965885588e-05
9.544333688982708456e-05
9.358033801963705598e-05
9.175803204147765053e-05
8.997553522704384264e-05
8.823197911337482546e-05
8.652645256577546848e-05
8.485808048357934802e-05
8.322597279478675817e-05
8.162921347796880988e-05
8.006701967608684115e-05
7.853847693570373885e-05
7.704274136638710217e-05
7.557899736003807734e-05
7.414637008745317368e-05
7.274406455840016366e-05
7.137124121476050526e-05
7.002705281303663054e-05
6.871082038711988891e-05
6.742170514647609868e-05
6.615896082678181104e-05
6.492186998916513792e-05
6.370964311304988417e-05
6.252161857879534341e-05
6.135704712979415595e-05
6.021518876367193504e-05
5.909551174696936769e-05
5.799728181827227137e-05
5.691988439429189201e-05
5.586272284822080915e-05
5.482511778471492860e-05
5.380657934017548234e-05
5.280646495253919315e-05
5.182416237377418630e-05
5.085930672367535056e-05
4.991127317518980226e-05
4.897959552674366817e-05
4.806379960651303190e-05
4.716332638592725276e-05
4.627787957286552830e-05
4.540691693490342455e-05
4.454995090269239219e-05
4.370678495368042883e-05
4.287689768075088060e-05
4.205997903226468745e-05
4.125566127288731583e-05
4.046349283022682549e-05
3.968337751642397768e-05
3.891485428119587336e-05
3.815755355935428693e-05
3.741143125740445993e-05
3.667604353453411079e-05
3.595123660509995530e-05
3.523672725984173729e-05
3.453214770279435230e-05
3.383758904767289059e-05
3.315264106739263536e-05
3.247704980750457077e-05
3.181089545143966381e-05
3.115377015066784664e-05
3.050567539601395074e-05
2.986639193709924252e-05
2.923559912257690490e-05
2.861355766548742934e-05
2.799988344590940525e-05
2.739442498524060154e-05
2.679734532571604867e-05
2.620824988757679416e-05
2.562728042148640980e-05
2.505424587151362366e-05
2.448885232480424733e-05
2.393149650637197467e-05
2.338179087994743087e-05
2.283968470614771264e-05
2.230536333517798154e-05
2.177844747004800154e-05
2.125918987454131250e-05
2.074739912563167046e-05
2.024279687003288801e-05
1.974587309551463989e-05
1.925621779916639396e-05
1.877386734978898068e-05
1.829898840441707936e-05
1.783120664065634720e-05
1.737086968170013077e-05
1.691775791150988624e-05
1.647160764319634125e-05
1.603295746557415263e-05
1.560136483302504258e-05
1.517693368477655654e-05
1.475978226400783818e-05
1.434953204855921602e-05
1.394661058802446008e-05
1.355074902207627857e-05
1.316170269058028865e-05
1.278001421766287426e-05
1.240520385922439508e-05
1.203742876791583913e-05
1.167674082296090679e-05
1.132276227464913427e-05
1.097597800316682352e-05
1.063605426707725102e-05
1.030276616641215283e-05
9.976622405463025662e-06
9.657119848353850811e-06
9.344461495374129200e-06
9.038621916893205179e-06
8.739221260743282156e-06
8.446770517913294483e-06
8.160877487741913876e-06
7.881352700364387210e-06
7.608637759661590066e-06
7.342213018628674823e-06
7.082313990114566364e-06
6.828851260755462516e-06
6.581449876203853171e-06
6.340607127666179585e-06
6.105883948774588827e-06
5.877147324309759269e-06
5.654750280789340374e-06
5.438164896752527375e-06
5.227648560999981375e-06
5.023072109651229178e-06
4.824064718672418192e-06
4.631086142530943472e-06
4.443688171474898218e-06
4.261792311029989374e-06
4.085654118927559009e-06
3.914793332082031899e-06
3.749473329281059908e-06
3.589551102107568716e-06
3.434715055617008018e-06
3.285381890964545721e-06
3.141140933936669386e-06
3.001998567990556967e-06
2.868104326116851513e-06
2.739061675573730731e-06
2.615065309938974569e-06
2.495905149648647289e-06
2.381228488858397340e-06
2.271235289408632793e-06
2.165400797316769444e-06
2.063592043851662899e-06
1.965697707202416231e-06
1.871243809296015323e-06
1.780258889006798261e-06
1.692454163632126664e-06
1.607518482955333505e-06
1.525592107393147918e-06
1.446298560285364862e-06
1.369644971478409669e-06
1.295619475651828016e-06
1.223990182241036370e-06
1.154910504054951195e-06
1.088262207305422972e-06
1.023939690851602938e-06
9.621186350918141499e-07
9.025913788149895918e-07
8.454379563160221981e-07
7.906666909681292068e-07
7.381411948593867186e-07
6.879776308770580178e-07
6.400771325571797257e-07
5.943718100880752228e-07
5.509408369443187019e-07
5.096163239145306561e-07
4.704301531647818791e-07
4.333407212019160409e-07
3.982273758093865085e-07
3.651156091095673477e-07
