# bin_1_1
3.116894383219722829e-10
3.132383608314707127e-10
3.148430783628626295e-10
3.165054762483805471e-10
3.182275049695341594e-10
3.200110630507064445e-10
3.218579070334394750e-10
3.237697815465569078e-10
3.257484201402811258e-10
3.277956527973698947e-10
3.299135667253933546e-10
3.321043250547297375e-10
3.343701580913295853e-10
3.367132792385266859e-10
3.391358526274326128e-10
3.416400763374060293e-10
3.442280762944610058e-10
3.469019997700727183e-10
3.496639441594138983e-10
3.525160315280815940e-10
3.554603644985957898e-10
3.584990223438345986e-10
3.616340241252275118e-10
3.648674322930642167e-10
3.682013320488345709e-10
3.716377290983497551e-10
3.751784711037933242e-10
3.788254822234026019e-10
3.825806646291947851e-10
3.864454379323724117e-10
3.904208822981959866e-10
3.945084375909772360e-10
3.987105428532212679e-10
4.030291584936474261e-10
4.074637664033607934e-10
4.120137207376029843e-10
4.166824621760729305e-10
4.214735234615179177e-10
4.263836863393162085e-10
4.314110799129301055e-10
4.365624668331157929e-10
4.418378196092313010e-10
4.472302568515035051e-10
4.527466084741468746e-10
4.583884226087272664e-10
4.641468436478868507e-10
4.700299806985608443e-10
4.760339142781234356e-10
4.821541533446237578e-10
4.883957556568386888e-10
4.947493193382005469e-10
5.012180852348789706e-10
5.077944149025995679e-10
5.144775948448451166e-10
5.212612169886584649e-10
5.281428397460149515e-10
5.351161442258498335e-10
5.421782260353326893e-10
5.493243147333760226e-10
5.565511014596815231e-10
5.638562855112256905e-10
5.712375228644124133e-10
5.786939200130919766e-10
5.862257320855110814e-10
5.938333680422020684e-10
6.015179815860469677e-10
6.092808683781465980e-10
6.171230003351767480e-10
6.250442411677867175e-10
6.330455837436450808e-10
6.411277653119048992e-10
6.492895091938854313e-10
6.575284638975969483e-10
6.658426398515375432e-10
6.742310344825786914e-10
6.826947911585214386e-10
6.912357797951717815e-10
6.998610032714005872e-10
7.085681035186486668e-10
7.173519561586334680e-10
7.262074205235462900e-10
7.351361163642611975e-10
7.441504683229775257e-10
7.532679231862906867e-10
7.625045638987826921e-10
7.718566819272281086e-10
7.813013452925725164e-10
7.908185588057694273e-10
8.003911827574016582e-10
8.100065780185395523e-10
8.196536555346737327e-10
8.293146162637300261e-10
8.389664604594305855e-10
8.486003984204459591e-10
8.582147684207138190e-10
8.678124121501179745e-10
8.773957814256868435e-10
8.869865440352407119e-10
8.966163406431346666e-10
9.062704118645011665e-10
9.158912180667207973e-10
9.254443635218279010e-10
9.349167123300577078e-10
9.442693315123636797e-10
9.534604933322865974e-10
9.624709540738249977e-10
9.712756868316114408e-10
9.798642204065445333e-10
9.882369381537997794e-10
9.963991987298686627e-10
1.004360948237196561e-09
1.012100885269695996e-09
1.019590364779862283e-09
1.026791096343187816e-09
1.033658668059445032e-09
1.040146342528371637e-09
1.046238302891364929e-09
1.051960993611925318e-09
1.057350701771282056e-09
1.062422334226156508e-09
1.067158281584254622e-09
1.071511245544434582e-09
1.075418760180016475e-09
1.078817606085889191e-09
1.081678183627720404e-09
1.084029340926235682e-09
1.085916516926487098e-09
1.087326699926145376e-09
1.088179971230494575e-09
1.088379251282510750e-09
1.087865263608855285e-09
1.086650057450886010e-09
1.084777260949741944e-09
1.082252267951789176e-09
1.079016879913042659e-09
1.074998203362995791e-09
1.070177303932560032e-09
1.064589036679238562e-09
1.058268709406100604e-09
1.051212205227325499e-09
1.043375970481356258e-09
1.034734417132912635e-09
1.025307846788739057e-09
1.015129329127955285e-09
1.004208819001342474e-09
9.925327930186259746e-10
9.801150508037788423e-10
9.670111047630160778e-10
9.532872198733248850e-10
9.389881350322649512e-10
9.241636122033820850e-10
9.088922434786939028e-10
8.932556890786288542e-10
8.773094844387483634e-10
8.610946034367006182e-10
8.446524683063200013e-10
8.280117076114840157e-10
8.111790033641216067e-10
7.941556157715357424e-10
7.769514304160924770e-10
7.595837727145525359e-10
7.420788576407122248e-10
7.244803355159068691e-10
7.068441964490179648e-10
6.892214364269796213e-10
6.716504528322323898e-10
6.541556604091559412e-10
6.367408490150734364e-10
6.193844225268103597e-10
6.020459882026293055e-10
5.846763797690005033e-10
5.672309052499965358e-10
5.496833669815190214e-10
5.320332958074717606e-10
5.143107990230171873e-10
4.965772290632948030e-10
4.789213866199382109e-10
4.614534899137809793e-10
4.442968632316923187e-10
4.275765668277850037e-10
4.114030841492516026e-10
3.958474865353219709e-10
3.809177381679253038e-10
3.665538666137157333e-10
3.526500762526678340e-10
3.390825527458672139e-10
3.257458332508186405e-10
3.125956657872074812e-10
2.996646750794142176e-10
2.870377714541865318e-10
2.748045801034720272e-10
2.630237769142224975e-10
2.517183091350484123e-10
2.408845262883221662e-10
2.305019187177476300e-10
2.205402292433478943e-10
2.109577942653171675e-10
2.017017297942623608e-10
1.927329296497493572e-10
1.840566091505000415e-10
1.757181974897037194e-10
1.677669354957819454e-10
1.602169680838311343e-10
1.530334650851225886e-10
1.461578259690565832e-10
1.395447950472426105e-10
1.331820835923615557e-10
1.270875710632240226e-10
1.212821618455166933e-10
1.157633196632342611e-10
1.105056182948498399e-10
1.054792735762275283e-10
1.006695655941994035e-10
9.607927680829314672e-11
9.170981692857024332e-11
8.754726479350644665e-11
8.357361790943970748e-11
7.978185640684164339e-11
7.616969382760987169e-11
7.272837994530173762e-11
6.944588626689334659e-11
6.631492287120935514e-11
6.333132894437114812e-11
6.048747010269501846e-11
5.777475960612103865e-11
5.518768101497712396e-11
5.272070766765757219e-11
5.036712971764187254e-11
4.812132089231040714e-11
4.597821621143278977e-11
4.393232293135732853e-11
4.197856012982642608e-11
4.011228742494723720e-11
3.832886733607166034e-11
3.662390767694514093e-11
3.499328166651347776e-11
3.343299188346748964e-11
3.193923397389863777e-11
3.050841999816146080e-11
2.913716916437736017e-11
2.782230572616546151e-11
2.656083454337325763e-11
2.534992218311537481e-11
2.418691060119074217e-11
2.306934112230790290e-11
2.199495072222132636e-11
2.096164897560485710e-11
1.996749611039944599e-11
1.901069861733970590e-11
1.808962096580489307e-11
1.720278477401708190e-11
1.634885498651162964e-11
1.552662512789022042e-11
1.473500454422091469e-11
1.397301030411846828e-11
1.323976114938929391e-11
1.253447099126864191e-11
1.185644222046969050e-11
1.120505131537689555e-11
1.057972494271577655e-11
9.979926241566814615e-12
9.405152184576908320e-12
8.854929959463931398e-12
8.328807323186811212e-12
7.826330263606914259e-12
7.347028635768478402e-12
6.890417215483436545e-12
6.455994959675265325e-12
6.043242690073674675e-12
5.651617040383298383e-12
5.280545069447091045e-12
4.929427320680795652e-12
4.597640593929292131e-12
4.284540167678306065e-12
3.989463528154875199e-12
3.711733003055354457e-12
3.450659401111976128e-12
3.205545964411818666e-12
2.975691966730305997e-12
2.760397021155936325e-12
2.558965071850411201e-12
2.370707515897432200e-12
2.194946095308308935e-12
2.031015580396168296e-12
1.878266363794169863e-12
1.736066927619785745e-12
1.603805530558713948e-12
1.480891415807379262e-12
1.366755892657448878e-12
1.260853227677233735e-12
1.162661449363032805e-12
1.071682672934983650e-12
9.874430155938412868e-13
9.094924646294527965e-13
8.374046284716198697e-13
7.707764572612434929e-13
7.092277565156635287e-13
6.524004491664267961e-13
5.999578378488305703e-13
5.515838379632454296e-13
5.069822169148739566e-13
4.658757837512997798e-13
4.280054630917504566e-13
3.931293920595384455e-13
3.610220422060391936e-13
3.314733683987623968e-13
3.042879764058285408e-13
2.792842583128112690e-13
2.562935587963038541e-13
2.351593862848813530e-13
2.157366593805258258e-13
1.978909925423394248e-13
1.814979898117537864e-13
1.664425697836118690e-13
1.526183357600723422e-13
1.399269804753008668e-13
1.282777295854770727e-13
1.175868069908391235e-13
1.077769276968718480e-13
9.877682787951000354e-14
9.052082452037303528e-14
8.294840669094604995e-14
7.600384982057549836e-14
6.963585256613181822e-14
6.379720175777243574e-14
5.844446051786304503e-14
5.353767986198612722e-14
4.904013020600997186e-14
4.491804812806404285e-14
4.114040577024232846e-14
3.767869628285198910e-14
3.450673609202615001e-14
3.160048153664978111e-14
2.893785751453270964e-14
2.649859942330861557e-14
2.426418851740249780e-14
2.221752634668064154e-14
2.034288359841384042e-14
1.862588884860687364e-14
1.705335822626694001e-14
1.561319947691110849e-14
1.429438676742594581e-14
1.308679726726874589e-14
1.198099627731091390e-14
1.096844570446083503e-14
1.004132153881308082e-14
9.192509029614424642e-15
8.415473530225318801e-15
7.704079097549377280e-15
7.052801676923603629e-15
6.456597544396530563e-15
5.910908922063858759e-15
5.411368340910532951e-15
4.954081019713037689e-15
4.535531014417174158e-15
4.152434400486984649e-15
3.801754109938987868e-15
3.480773181153551870e-15
3.186992036783526324e-15
2.918072946436573657e-15
2.671931536555469752e-15
2.446634893754186274e-15
2.240405004082379014e-15
2.051641326167683846e-15
1.878852006364447136e-15
1.720686577430125842e-15
1.575906392687897459e-15
1.443377195828213339e-15
1.322062411040410691e-15
1.211015623978233339e-15
1.109366932911693174e-15
1.016330835052658573e-15
9.311725972002569442e-16
8.532435058166752497e-16
7.819271930339817018e-16
7.166634679448880280e-16
6.569659589957027018e-16
6.023475803268839988e-16
5.523812278411610328e-16
5.066786080637864010e-16
4.648843017142286558e-16
4.266590424723019987e-16
3.917022764052652986e-16
3.597398592241026725e-16
3.305224951135999531e-16
3.038236022161298990e-16
2.794363622630502197e-16
2.571707191049597623e-16
2.368505822411236944e-16
2.183116478109095732e-16
2.014003945999440390e-16
1.859779077903526056e-16
1.719095165764254462e-16
1.590677271148101942e-16
1.473428016021376054e-16
1.366360077260094300e-16
1.268612683906029567e-16
1.179514078149612378e-16
1.098397393826431487e-16
1.024582982467618671e-16
