# bin_3_2
2.710177511762289802e-11
2.727101852266037680e-11
2.744684957472376780e-11
2.762952098452696359e-11
2.781929478748447687e-11
2.801644258585870322e-11
2.822124594705553188e-11
2.843399663939320911e-11
2.865499694648144190e-11
2.888456003381758001e-11
2.912301016481471390e-11
2.937068312663966302e-11
2.962792642799541458e-11
2.989509970665146911e-11
3.017257495233756654e-11
3.046073688522671536e-11
3.075998318802598770e-11
3.107072486375408688e-11
3.139338648602636782e-11
3.172840645036244009e-11
3.207623724210285325e-11
3.243734567933278501e-11
3.281221380923477296e-11
3.320133923333317817e-11
3.360523642702888649e-11
3.402443727293022529e-11
3.445949282191593810e-11
3.491097434273082797e-11
3.537947494371151502e-11
3.586561169885631098e-11
3.637002749078371441e-11
3.689339334443064836e-11
3.743641116127448455e-11
3.799981648455948352e-11
3.858438152831864144e-11
3.919091841447811910e-11
3.982028276840665039e-11
4.047337725316791412e-11
4.115115501912656374e-11
4.185462384092973338e-11
4.258485149059873277e-11
4.334296621359700959e-11
4.413015148806498635e-11
4.494762889454221240e-11
4.579663562559396589e-11
4.667840016461459110e-11
4.759411464557344888e-11
4.854490418820626085e-11
4.953179387580652527e-11
5.055567500692428575e-11
5.161727126585643050e-11
5.271710266999936557e-11
5.385545897522006420e-11
5.503237402881902099e-11
5.624755963252413388e-11
5.750052074886762232e-11
5.879137201112209126e-11
6.012226587989385101e-11
6.149593022967491443e-11
6.291484044529679320e-11
6.438171348276503149e-11
6.589929717410305077e-11
6.747035907389878548e-11
6.909743637421806551e-11
7.078285729136284341e-11
7.252869996012902178e-11
7.433659568301166959e-11
7.620781685871032747e-11
7.814331139223000147e-11
8.014386532304644012e-11
8.221029920400762336e-11
8.434361725467078080e-11
8.654504156744235998e-11
8.881603801250290981e-11
9.115831552674798238e-11
9.357380229902681625e-11
9.606455241164015669e-11
9.863253416567492110e-11
1.012793198141144281e-10
1.040058844834025795e-10
1.068127987245222029e-10
1.097006897974405455e-10
1.126706285922592355e-10
1.157238992595233135e-10
1.188613030282326822e-10
1.220828024016532196e-10
1.253883796068371658e-10
1.287794490631394510e-10
1.322589396421862493e-10
1.358296526562887077e-10
1.394926547394127381e-10
1.432467135353915453e-10
1.470889802065604265e-10
1.510171860208632560e-10
1.550309138759640904e-10
1.591308314335881656e-10
1.633177476521457145e-10
1.675931343421657414e-10
1.719607802450020871e-10
1.764235435297531989e-10
1.809799206315470054e-10
1.856294309469823215e-10
1.903733341846275234e-10
1.952071201928699637e-10
2.001201332805601947e-10
2.050999935427328556e-10
2.101296633613500717e-10
2.151915672531263296e-10
2.202708465202841099e-10
2.253638606036628819e-10
2.304863406503304614e-10
2.356390043886318311e-10
2.408523853601081951e-10
2.461218363576898789e-10
2.514399674252043874e-10
2.567981749422043423e-10
2.621940172196744460e-10
2.676246857985790712e-10
2.730819496666402710e-10
2.785588761953451797e-10
2.840487107407484676e-10
2.895467592633580165e-10
2.950499668310511696e-10
3.005554065942454580e-10
3.060603312323859415e-10
3.115620612836256808e-10
3.170581448753913900e-10
3.225456006920597095e-10
3.280212861637017326e-10
3.334806804630766448e-10
3.389181762044790327e-10
3.443266761517484115e-10
3.496975183778902445e-10
3.550200423735124143e-10
3.602814745029170559e-10
3.654669682256487062e-10
3.705592781275617658e-10
3.755386521305217596e-10
3.803827799453151008e-10
3.850670055522464478e-10
3.895651313728024364e-10
3.938503937513535891e-10
3.978967534254835319e-10
4.016801968751317938e-10
4.051797945414042003e-10
4.083785696604783194e-10
4.112637977910435970e-10
4.138270666654201771e-10
4.160637336664923634e-10
4.179721267325451064e-10
4.195509526554975655e-10
4.207968922173863990e-10
4.217023101200964442e-10
4.222532657139704316e-10
4.224286813421425969e-10
4.222009385926850534e-10
4.215386151454287506e-10
4.204107907200087685e-10
4.187922863517290842e-10
4.166689816098584687e-10
4.140416970800300245e-10
4.109272663551800927e-10
4.073556418856087608e-10
4.033638382425495658e-10
3.989898236763650024e-10
3.942668575047545157e-10
3.892226279570929198e-10
3.838821209979734590e-10
3.782726032444445498e-10
3.724295895057586625e-10
3.663975215287918081e-10
3.602275261478850944e-10
3.539682648700913819e-10
3.476585031042076318e-10
3.413243724164009956e-10
3.349797236190561717e-10
3.286284601886977304e-10
3.222643990064628592e-10
3.158691948093236480e-10
3.094154622096322602e-10
3.028691286163270763e-10
2.961929016106069192e-10
2.893478941559036677e-10
2.822960750836608270e-10
2.750048923803577438e-10
2.674529147758927326e-10
2.596342373277556830e-10
2.515627409780856663e-10
2.432752718145364099e-10
2.348336173185296947e-10
2.263241198587384122e-10
2.178524489801251902e-10
2.095354644796638131e-10
2.014803207917499748e-10
1.937715235257298640e-10
1.864477036385549325e-10
1.794994196107020514e-10
1.728707320526806799e-10
1.664753929127679363e-10
1.602160739002273993e-10
1.540079970950322413e-10
1.477975094486739823e-10
1.415750457868394468e-10
1.353782682912373534e-10
1.292835718941305611e-10
1.233849875346631634e-10
1.177615445305821586e-10
1.124475072117947608e-10
1.074244987439734042e-10
1.026378568492840647e-10
9.802461706751228186e-11
9.354254985006579096e-11
8.918616785000678607e-11
8.497894647591028671e-11
8.095205960327089394e-11
7.712045630408271412e-11
7.347370339341666800e-11
6.998878470811192284e-11
6.664768810267343849e-11
6.344778646717714674e-11
6.039758877199867958e-11
5.750166738854322681e-11
5.475123907287354193e-11
5.212958170394321469e-11
4.962534886097948101e-11
4.723805598882375481e-11
4.497130361469464113e-11
4.282353724236405538e-11
4.078504813677034623e-11
3.884621477751606720e-11
3.700288192271451637e-11
3.525419220760708018e-11
3.359713888628102711e-11
3.202539612107601897e-11
3.053384153389317745e-11
2.911919038171158259e-11
2.777825579677959970e-11
2.650673543148423246e-11
2.530100112736164061e-11
2.415757759047311973e-11
2.307314632442163958e-11
2.204439657575828682e-11
2.106826377634156245e-11
2.014167211999684588e-11
1.926178743571540124e-11
1.842586372129691327e-11
1.763128462234420964e-11
1.687553801774123756e-11
1.615625556897806045e-11
1.547117657732215201e-11
1.481816203235866810e-11
1.419519292109735045e-11
1.360036554797124705e-11
1.303188848119190374e-11
1.248807629140960789e-11
1.196734561927210888e-11
1.146821740963233435e-11
1.098931550520380262e-11
1.052936137076848514e-11
1.008716802732278959e-11
9.661636296306800024e-12
9.251755078713837119e-12
8.856599969183387133e-12
8.475329490038006712e-12
8.107179305309809873e-12
7.751457474289852043e-12
7.407542122066083035e-12
7.074879002188216715e-12
6.752979213311152089e-12
6.441414455813789517e-12
6.139812125820013749e-12
5.847849887930129378e-12
5.565250597445155625e-12
5.291780738005859231e-12
5.027246848021231917e-12
4.771491418327944127e-12
4.524385702780591269e-12
4.285820929743169285e-12
4.055704958059751232e-12
3.833959604157064956e-12
3.620518233454377358e-12
3.415320637502332096e-12
3.218304393886383060e-12
3.029400098407016600e-12
2.848529284310733429e-12
2.675603808691062903e-12
2.510524392062299521e-12
2.353177147808027363e-12
2.203431549913522587e-12
2.061140248312010312e-12
1.926140216182057809e-12
1.798253541877227108e-12
1.677288068486385567e-12
1.563038391573834881e-12
1.455287489347498523e-12
1.353808919277259630e-12
1.258368638584314472e-12
1.168726822551678465e-12
1.084639574226931326e-12
1.005860602547772489e-12
9.321430144727700501e-13
8.632408784798140016e-13
7.989107350310887188e-13
7.389128996018218768e-13
6.830124867278963249e-13
6.309803210235446731e-13
5.825936879736616251e-13
5.376370499653257971e-13
4.959026473610825598e-13
4.571908734897725671e-13
4.213105090155773418e-13
3.880788538543526643e-13
3.573218371668425440e-13
3.288740859756580245e-13
3.025788658036556245e-13
2.782879283364548943e-13
2.558613088374308304e-13
2.351671190536157244e-13
2.160813406438228175e-13
1.984875631542966605e-13
1.822766762969959571e-13
1.673465450302397760e-13
1.536016929456597153e-13
1.409530039240558528e-13
1.293174100282312215e-13
1.186175648821797806e-13
1.087815171694342743e-13
9.974239820222717849e-14
9.143813136310948301e-14
8.381114676534556141e-14
7.680809751831737063e-14
7.037958375838949764e-14
6.447989168216102522e-14
5.906675221645864759e-14
5.410111121471738014e-14
4.954690750193137049e-14
4.537086042692162941e-14
4.154227052831636135e-14
3.803283545141548998e-14
3.481647737880991513e-14
3.186917920448579467e-14
2.916882993112362618e-14
2.669508057366381694e-14
2.442921151810276718e-14
2.235400974574251748e-14
2.045365395220094149e-14
1.871360641926348539e-14
1.712051250047331629e-14
1.566210797388124336e-14
1.432713311840689460e-14
1.310525221699215551e-14
1.198697907254138241e-14
1.096360838414231352e-14
1.002715296393336372e-14
9.170287417158735058e-15
8.386296858348130382e-15
7.669029129416321873e-15
7.012849646886111616e-15
6.412599847218871805e-15
5.863555868245130917e-15
5.361390215545543953e-15
4.902136562151640449e-15
4.482158840435204756e-15
4.098122188051020546e-15
3.746968499631794141e-15
3.425894306400207749e-15
3.132330704973804326e-15
2.863924579779635419e-15
2.618521675875658770e-15
2.394150840314756201e-15
2.189009279865516746e-15
2.001448628138139624e-15
1.829961820354143649e-15
1.673171002404548961e-15
1.529816461085299573e-15
1.398746494733432008e-15
1.278908148532259251e-15
1.169338744824027826e-15
1.069158140942333540e-15
9.775616512548607159e-16
8.938135762147087001e-16
8.172412863191184230e-16
7.472298134089043834e-16
6.832178802764337958e-16
6.246990468215211947e-16
5.712106830852441143e-16
5.223272638454879138e-16
4.776551145692311107e-16
4.368324697013710240e-16
3.995270882055793681e-16
3.654330207366850557e-16
3.342703004335755565e-16
3.057836443116788209e-16
2.797409147382805727e-16
2.559311790129427069e-16
2.341629974982176628e-16
2.142622432802170312e-16
1.960700336179932910e-16
1.794409624662507922e-16
1.642412512000606220e-16
