# bin_4_2
3.215337634742440431e-11
3.235456180046824890e-11
3.256358422482947042e-11
3.278074483249298477e-11
3.300635601518266189e-11
3.324074165402431095e-11
3.348423759075804727e-11
3.373719193542955023e-11
3.399996545667336680e-11
3.427293202775607231e-11
3.455647892154435320e-11
3.485100732240508940e-11
3.515693260786119295e-11
3.547468484738378567e-11
3.580470911527164384e-11
3.614746596551445593e-11
3.650343175992881236e-11
3.687309912824607883e-11
3.725697732157792302e-11
3.765559257044849863e-11
3.806948846333946140e-11
3.849922630307334959e-11
3.894538613154567093e-11
3.940856717718541800e-11
3.988938931841214574e-11
4.038849375094679246e-11
4.090654490999534992e-11
4.144423167202063312e-11
4.200226914366394194e-11
4.258140096948393482e-11
4.318240135623571864e-11
4.380607760345117776e-11
4.445327304735211712e-11
4.512487004027676350e-11
4.582179320359503459e-11
4.654501290211661005e-11
4.729554908852677250e-11
4.807447508721874459e-11
4.888292129595512540e-11
4.972207959290598505e-11
5.059320900944849083e-11
5.149763643043198343e-11
5.243675147882720469e-11
5.341198930491251670e-11
5.442480791510975061e-11
5.547666361868772102e-11
5.656898307419976749e-11
5.770313223967937292e-11
5.888038290723353212e-11
6.010187847455906497e-11
6.136859961980073590e-11
6.268132771061845061e-11
6.404061784748531821e-11
6.544677289144754608e-11
6.689977632378547491e-11
6.839940956192877909e-11
6.994608284506583574e-11
7.154228922798063391e-11
7.319111934133278505e-11
7.489542006074885541e-11
7.665829709730129676e-11
7.848290113178386671e-11
8.037241646257039893e-11
8.232980555249102938e-11
8.435783044452000567e-11
8.645900964779382506e-11
8.863541620505064911e-11
9.088876672705162157e-11
9.322045604840091663e-11
9.563172388882387247e-11
9.812385664963628082e-11
1.006983408249762247e-10
1.033568989727700081e-10
1.061015173982352661e-10
1.089344464831105973e-10
1.118581777653409290e-10
1.148753503212435776e-10
1.179885332099285109e-10
1.211999026423284549e-10
1.245110316291088793e-10
1.279230876070074555e-10
1.314373111164850917e-10
1.350554184155653564e-10
1.387793595958165501e-10
1.426105879286228848e-10
1.465496793120689590e-10
1.505972160791652665e-10
1.547552706201570934e-10
1.590275000422070687e-10
1.634174175201716409e-10
1.679266868300710871e-10
1.725545139799210399e-10
1.772983837873455860e-10
1.821564294925138519e-10
1.871288342240646842e-10
1.922170902701043487e-10
1.974230088364141516e-10
2.027492964704150861e-10
2.082013637816893566e-10
2.137837831401222537e-10
2.194964734966223772e-10
2.253404782815785348e-10
2.313186454537429671e-10
2.374270333617504458e-10
2.436541654960791096e-10
2.499859220234228007e-10
2.564021564750130084e-10
2.628814686470848547e-10
2.694050733016054020e-10
2.759674545275086074e-10
2.825869821629236449e-10
2.892645503523150358e-10
2.960402201905171084e-10
3.029098464724560644e-10
3.098661412372285241e-10
3.168997336920679297e-10
3.240109370728459375e-10
3.311993563621474987e-10
3.384557859224488423e-10
3.457715287020332930e-10
3.531359553247797553e-10
3.605418526985928912e-10
3.679849621590115273e-10
3.754608279611166706e-10
3.829651602974693165e-10
3.904935209759975682e-10
3.980415322914267240e-10
4.056040079587472239e-10
4.131754781650513305e-10
4.207487618119027126e-10
4.283153589169341514e-10
4.358648846026601515e-10
4.433851602334562224e-10
4.508616397855079807e-10
4.582773069429285405e-10
4.656127310508060680e-10
4.728456885059335636e-10
4.799511004739902294e-10
4.869009391819009968e-10
4.936644405873570248e-10
5.002089326986535487e-10
5.065008305663667752e-10
5.125069698192082695e-10
5.181959236258775090e-10
5.235391204432154100e-10
5.285117595168924533e-10
5.330931309964906820e-10
5.372667521218204742e-10
5.410198351344405775e-10
5.443425610915477775e-10
5.472254952317349304e-10
5.496572199832089214e-10
5.516220879004837818e-10
5.530982836701054305e-10
5.540571214874608271e-10
5.544637647906802782e-10
5.542801748317155087e-10
5.534696213212148697e-10
5.520021856883896010e-10
5.498603775075712648e-10
5.470432128576692732e-10
5.435674809676800920e-10
5.394649957231658934e-10
5.347764861182734775e-10
5.295455180012861693e-10
5.238126601646502323e-10
5.176146310266601615e-10
5.109870754388544791e-10
5.039694876033901421e-10
4.966111737686758629e-10
4.889713776864747403e-10
4.811168889493625321e-10
4.731115015928951868e-10
4.650077824055319171e-10
4.568437545501498944e-10
4.486429340740192378e-10
4.404163214064109006e-10
4.321615626984451437e-10
4.238599235963927866e-10
4.154798229941230925e-10
4.069793903103467370e-10
3.983101269012000172e-10
3.894187405186448362e-10
3.802510157186777062e-10
3.707582167079876849e-10
3.609052054610409941e-10
3.506768544504391128e-10
3.400841199661259493e-10
3.291688467554494536e-10
3.180067890401400735e-10
3.067075810977344777e-10
2.954085527658579997e-10
2.842645306718485273e-10
2.734215541343243893e-10
2.630003114937687695e-10
2.530658228803629655e-10
2.436231429034987764e-10
2.346165069838529108e-10
2.259469497612415179e-10
2.174932643275460359e-10
2.091419493980168429e-10
2.008127381560506660e-10
1.924782491499911688e-10
1.841713851148925053e-10
1.759774362833911626e-10
1.680104570359890473e-10
1.603738791320685689e-10
1.531219702369030509e-10
1.462464985724218506e-10
1.396928133097668089e-10
1.333908512780768715e-10
1.272892926646663108e-10
1.213759944669018378e-10
1.156711506098183090e-10
1.102048950243608372e-10
1.049907452665013093e-10
1.000150852772252594e-10
9.525205534874199368e-11
9.068387545964445108e-11
8.631180409716383171e-11
8.214894526254018626e-11
7.820023327685392356e-11
7.445082943550706968e-11
7.087534735938664788e-11
6.745736566941119063e-11
6.419730112713572919e-11
6.110239482309683480e-11
5.817203863308470276e-11
5.539261089014589460e-11
5.274947391906020792e-11
5.023611897352989853e-11
4.785190829537551233e-11
4.559359446411621191e-11
4.345275239103452698e-11
4.142185560776803622e-11
3.949607757834611449e-11
3.767126010454021145e-11
3.594174306804710715e-11
3.430247583749491603e-11
3.274854832494393719e-11
3.127542811969020232e-11
2.987864393324656040e-11
2.855396805656242026e-11
2.729714164654845792e-11
2.610428425865628875e-11
2.497163100246161202e-11
2.389556923417347509e-11
2.287264051487420673e-11
2.189958863406627514e-11
2.097329584686193276e-11
2.009081399006477888e-11
1.924935948701335808e-11
1.844630418676249362e-11
1.767917554975335604e-11
1.694564676800455492e-11
1.624353081584969134e-11
1.557078338623046795e-11
1.492550213278470436e-11
1.430591996848426730e-11
1.371039615538650445e-11
1.313741075639752056e-11
1.258556466581302012e-11
1.205357818525476301e-11
1.154028627561559945e-11
1.104463067864520396e-11
1.056565340298068421e-11
1.010249317849574758e-11
9.654382034749283847e-12
9.220642121299534619e-12
8.800679454332110570e-12
8.393977542648666509e-12
8.000090041677737596e-12
7.618633713310993584e-12
7.249285829422032142e-12
6.891779446707326418e-12
6.545898262112778917e-12
6.211467234917665324e-12
5.888340828166021275e-12
5.576397923779272824e-12
5.275538074372697056e-12
4.985678416742736700e-12
4.706746893068372819e-12
4.438670743489236091e-12
4.181369663965610354e-12
3.934752756218872227e-12
3.698717573617320380e-12
3.473147817023230332e-12
3.257908370652043522e-12
3.052842076100225068e-12
2.857769248958012357e-12
2.672489144610129064e-12
2.496780717037955449e-12
2.330403084030863895e-12
2.173096375672103662e-12
2.024583705473078850e-12
1.884574167006687071e-12
1.752765283190578758e-12
1.628845384092678302e-12
1.512495748885203516e-12
1.403392797445580785e-12
1.301210588376523877e-12
1.205623045185342748e-12
1.116306102531012819e-12
1.032939549336345666e-12
9.552085005297278664e-13
8.828047327245008776e-13
8.154278153142037891e-13
7.527861915281121865e-13
6.945981016692049394e-13
6.405922006988464057e-13
5.905079641829261287e-13
5.440959499194859617e-13
5.011180268544814389e-13
4.613475441216987821e-13
4.245693265006712202e-13
3.905795237701880290e-13
3.591853819359598357e-13
3.302050070868201734e-13
3.034671267281505166e-13
2.788107762725902543e-13
2.560849105936567238e-13
2.351479826899896333e-13
2.158675331532506845e-13
1.981198023495705363e-13
1.817893246993151419e-13
1.667684967847858375e-13
1.529571387278929729e-13
1.402620745958350658e-13
1.285967415660951453e-13
1.178808069926143292e-13
1.080397851053161814e-13
9.900466004151064473e-14
9.071152925812299538e-14
8.310127338624088855e-14
7.611924239363962820e-14
6.971495176761498656e-14
6.384178945546237000e-14
5.845674070402149382e-14
5.352013379325121599e-14
4.899540194804743258e-14
4.484885723593082523e-14
4.104947596415276470e-14
3.756869838041233006e-14
3.438024420620807772e-14
3.145994191845217624e-14
2.878556903636926990e-14
2.633670137973847873e-14
2.409457283550949928e-14
2.204194608452758815e-14
2.016299279117228061e-14
1.844318151539117145e-14
1.686917364083292557e-14
1.542872719985176580e-14
1.411060878968212550e-14
1.290451434679120289e-14
1.180099693658620091e-14
1.079139953454744812e-14
9.867791786898189285e-15
9.022912007342477646e-15
8.250109930729478887e-15
7.543293630239912015e-15
6.896880547292690967e-15
6.305754072027540177e-15
5.765222445631142944e-15
5.270983721330686500e-15
4.819093867211321551e-15
4.405938045255338811e-15
4.028204098408796864e-15
3.682858860105485160e-15
3.367126236894802712e-15
3.078466873595694545e-15
2.814558879827319461e-15
2.573279441992957265e-15
2.352687817651269575e-15
2.151009750235517841e-15
1.966623193702432489e-15
1.798045250675718300e-15
1.643920231120180568e-15
1.503008736957708785e-15
1.374177683586240364e-15
1.256391177784791285e-15
1.148702178469153400e-15
1.050244872974021778e-15
9.602286987678050472e-16
8.779377399693668903e-16
8.027178976655821404e-16
7.339685859866172224e-16
6.711360199800541670e-16
6.137120349629498614e-16
5.612305278764914145e-16
5.132631266950536400e-16
4.694179379165559500e-16
4.293373690303289422e-16
3.926957812051103351e-16
3.591967974067782202e-16
3.285709062403369637e-16
3.005726389016695425e-16
2.749779078532148028e-16
2.515816984815966123e-16
2.301957144237244927e-16
