# bin_4_4
3.670286477750230870e-11
3.690448467741956928e-11
3.711343002427969384e-11
3.732991229202327736e-11
3.755436557866837105e-11
3.778714402859100549e-11
3.802834995116811715e-11
3.827824750174012524e-11
3.853708797035404333e-11
3.880517760448775318e-11
3.908304731110371107e-11
3.937082719228671019e-11
3.966882265164126296e-11
3.997731368512462115e-11
4.029677599276050154e-11
4.062752504033286683e-11
4.096984517654516086e-11
4.132408927877569363e-11
4.169072960693046307e-11
4.207007079224862492e-11
4.246248664370945343e-11
4.286840463961913336e-11
4.328823865891930373e-11
4.372236376374048583e-11
4.417121702520311320e-11
4.463524360995259958e-11
4.511485164801330675e-11
4.561049916549409806e-11
4.612263157275941595e-11
4.665169507356451732e-11
4.719814925338961687e-11
4.776243914884000128e-11
4.834502240579953341e-11
4.894633448874774912e-11
4.956682035124941555e-11
5.020690599703588016e-11
5.086696803059844054e-11
5.154740902375331463e-11
5.224856746143875023e-11
5.297073860837372274e-11
5.371421662655367922e-11
5.447921269369673833e-11
5.526589586664008324e-11
5.607441430146142662e-11
5.690484473162530594e-11
5.775724106620688974e-11
5.863163131453600956e-11
5.952802042930099393e-11
6.044640135881404944e-11
6.138675366841863604e-11
6.234904041460848631e-11
6.333321181479435984e-11
6.433918507832424158e-11
6.536682870925358967e-11
6.641591685095611920e-11
6.748609198640788168e-11
6.857678257686164631e-11
6.968715478319098508e-11
7.081606559304057838e-11
7.196206391951188067e-11
7.312341112203851808e-11
7.429813676967503052e-11
7.548414379435356343e-11
7.667936106609369540e-11
7.788192511096828237e-11
7.909029029090616821e-11
8.030322256541445645e-11
8.151971314376722397e-11
8.273878883757888188e-11
8.395918762165974660e-11
8.517898522608642581e-11
8.639542966902835633e-11
8.760501673720227110e-11
8.880370770528586279e-11
8.998730730336881971e-11
9.115183082720289449e-11
9.229355666439740982e-11
9.340890472719275630e-11
9.449421855418291865e-11
9.554561045307391938e-11
9.655902659060636979e-11
9.753037369838874655e-11
9.845562140448563333e-11
9.933085039045389064e-11
1.001522586171569049e-10
1.009161598250244611e-10
1.016190211942546337e-10
1.022575664660799646e-10
1.028288906407884776e-10
1.033304210522309474e-10
1.037597793372929702e-10
1.041147971596443069e-10
1.043938308673035398e-10
1.045964144695788053e-10
1.047232871203814222e-10
1.047753553534279218e-10
1.047526403017424067e-10
1.046565937957069668e-10
1.044959223310995897e-10
1.042793200962415555e-10
1.040069566910615403e-10
1.036826396848349420e-10
1.033125483664253730e-10
1.029014019517847501e-10
1.024546273570847015e-10
1.019774298577043674e-10
1.014743649367331481e-10
1.009496299358365731e-10
1.004060901217633744e-10
9.984472069403862796e-11
9.926574880804032328e-11
9.866714180031773247e-11
9.804506003546916040e-11
9.739511390512285355e-11
9.671146588292716436e-11
9.598813735892451167e-11
9.521924349609660062e-11
9.439834938765853190e-11
9.352119599511903612e-11
9.258615586887101677e-11
9.159403464316663985e-11
9.054951631059655398e-11
8.946153177441722238e-11
8.834027620827021630e-11
8.719756064856823342e-11
8.604223769721785899e-11
8.488339017665613025e-11
8.372848346692286796e-11
8.258334436627357723e-11
8.145196350731236690e-11
8.033686199952977548e-11
7.923987759901844321e-11
7.816329401679685204e-11
7.711019206733553933e-11
7.608415450509427062e-11
7.508827558911922330e-11
7.412400729790518588e-11
7.319017346931906463e-11
7.228290884413733031e-11
7.139659378392444130e-11
7.052529907613306525e-11
6.966438637950084290e-11
6.881129714650663553e-11
6.796501204797801534e-11
6.712485803634212494e-11
6.628924003077085905e-11
6.545554650256871621e-11
6.462114396863542449e-11
6.378433938013695322e-11
6.294459950646517936e-11
6.210202254246401326e-11
6.125687451551888315e-11
6.040996164365797731e-11
5.956361324063348086e-11
5.872224898686714215e-11
5.789153653407008139e-11
5.707697643135772974e-11
5.628247021700083260e-11
5.550938646982082791e-11
5.475537356952357564e-11
5.401343607685200879e-11
5.327310437563993423e-11
5.252273425343688044e-11
5.175257280304663653e-11
5.095747529983144659e-11
5.013745755573065084e-11
4.929808392589662354e-11
4.844838711896283853e-11
4.759699555138353218e-11
4.674872641328199548e-11
4.590237002090812334e-11
4.505101416013309284e-11
4.418504837026026811e-11
4.329635744406219146e-11
4.238235576463164680e-11
4.144725070726359809e-11
4.050038246676989960e-11
3.955266978501730181e-11
3.861281632799942087e-11
3.768532062109525875e-11
3.677137841940179295e-11
3.587131276596901064e-11
3.498617708500253070e-11
3.411701262761145862e-11
3.326517096027924206e-11
3.243013955416393949e-11
3.160808203295369854e-11
3.079278888152202778e-11
2.997895365620939736e-11
2.916396589686771040e-11
2.834785479737475185e-11
2.753132394439118647e-11
2.671576968620322515e-11
2.590245683532569363e-11
2.509073789676259944e-11
2.427793348632877094e-11
2.346049635739931755e-11
2.263504109383575867e-11
2.179999966463063733e-11
2.095807331135494784e-11
2.011683990988446468e-11
1.928765822658075509e-11
1.848305077587950436e-11
1.771288619953586917e-11
1.698159994248119665e-11
1.628767624126419783e-11
1.562560904965477362e-11
1.499034456659257900e-11
1.437822159636488433e-11
1.378447294487263233e-11
1.320194716875465782e-11
1.262285514757558797e-11
1.204326364387486631e-11
1.146626726768518188e-11
1.090073789927616714e-11
1.035672659199933876e-11
9.841928062101493968e-12
9.360642285553427626e-12
8.912425474078976428e-12
8.491161582241868157e-12
8.087236904120933848e-12
7.692621595474405311e-12
7.304859193702099230e-12
6.926990594583016407e-12
6.564875552248843621e-12
6.223789200928883864e-12
5.905179793136081906e-12
5.605858759738181864e-12
5.320778456954003393e-12
5.046406471392455006e-12
4.782515849553502738e-12
4.531208615882730520e-12
4.294265264403016371e-12
4.071367409069846758e-12
3.860483090274555918e-12
3.659783326222106326e-12
3.468923916673507027e-12
3.288401950831789800e-12
3.118219775968307689e-12
2.957463261747813394e-12
2.805268254591344771e-12
2.661339981631494483e-12
2.525482839431861621e-12
2.397261097998441077e-12
2.276138266339639359e-12
2.161739882790369201e-12
2.053745772207644030e-12
1.951780658531171637e-12
1.855469932021799224e-12
1.764500784441255584e-12
1.678554852938670121e-12
1.597323189733439278e-12
1.520518329475687199e-12
1.447869114173576879e-12
1.379111321621276103e-12
1.314004359207173462e-12
1.252316720844636571e-12
1.193831850325797111e-12
1.138348256262076205e-12
1.085677684676720642e-12
1.035643267293437820e-12
9.880784181183933412e-13
9.428281633851388739e-13
8.997505526109283472e-13
8.587142395577524367e-13
8.195961258442750855e-13
7.822805897506706100e-13
7.466597972583940286e-13
7.126345089966174185e-13
6.801131295614200407e-13
6.490103284543995019e-13
6.192466245729382036e-13
5.907480913893833369e-13
5.634463184942688971e-13
5.372781405060774850e-13
5.121851059355281493e-13
4.881132396319597588e-13
4.650126813536453547e-13
4.428373413423169907e-13
4.215447498067458952e-13
4.010957907835400604e-13
3.814545128874905820e-13
3.625878564882098384e-13
3.444652332946312067e-13
3.270583944907983023e-13
3.103412496986825315e-13
2.942896883713612888e-13
2.788814070806842385e-13
2.640955482433652547e-13
2.499125932570377409e-13
2.363142957480517752e-13
2.232835219914836024e-13
2.108041016993014968e-13
1.988605340338779939e-13
1.874379001418415644e-13
1.765219313039294529e-13
1.660989346052471269e-13
1.561556403293096344e-13
1.466789151313005705e-13
1.376556554784920988e-13
1.290729043130757011e-13
1.209179081275916015e-13
1.131780586928338388e-13
1.058406630434077535e-13
9.889281397629240128e-14
9.232145338726760982e-14
8.611347895442857538e-14
8.025581033192514123e-14
7.473532999664395880e-14
6.953882032131023853e-14
6.465298879346968247e-14
6.006454032088057223e-14
5.576026026652194948e-14
5.172706091409030520e-14
4.795200368136018466e-14
4.442232724620153127e-14
4.112548787882945862e-14
3.804920741115599217e-14
3.518151594636012137e-14
3.251078636925298713e-14
3.002575465928764912e-14
2.771553706358526203e-14
2.556964775008520376e-14
2.357801494117198206e-14
2.173099610673808679e-14
2.001938102491733026e-14
1.843438950101782172e-14
1.696766856667234265e-14
1.561128935346657255e-14
1.435774598925679065e-14
1.319994717561763309e-14
1.213120307422616672e-14
1.114521183277666967e-14
1.023604630839343686e-14
9.398143589548925637e-15
8.626291512952481268e-15
7.915612057800539516e-15
7.261544783185909414e-15
6.659830822102703850e-15
6.106499193805357205e-15
5.597852510089531352e-15
5.130451296150303697e-15
4.701098670667997999e-15
4.306825476492216230e-15
3.944877218918147503e-15
3.612701744301359730e-15
3.307936086819632497e-15
3.028393515069821338e-15
2.772051490918038336e-15
2.537040838421954510e-15
2.321635567159934689e-15
2.124242792068282726e-15
1.943393292920613150e-15
1.777732522867144283e-15
1.626012393242445446e-15
1.487083870971562462e-15
1.359890505161758496e-15
1.243464626602511617e-15
1.136914891785981362e-15
1.039419431516825437e-15
9.502243187387369378e-16
8.686368719387484624e-16
7.940203389109885352e-16
7.257904461989970114e-16
6.634069337473806131e-16
6.063754713022267643e-16
5.542428162361136766e-16
5.065947563929351329e-16
4.630511477229552557e-16
4.232637637289735650e-16
3.869137477206281502e-16
3.537082824340163176e-16
3.233790083028644407e-16
2.956774415008739115e-16
2.703751758084698165e-16
2.472638867025771326e-16
2.261519073755734510e-16
2.068651423540345363e-16
1.892449500993313345e-16
1.731469476587140027e-16
1.584395394515039781e-16
1.450028827936905121e-16
1.327274715056968388e-16
1.215130678626510099e-16
1.112677272612191715e-16
1.019071938352969173e-16
9.335448728103504920e-17
8.553985871715797653e-17
7.840042692669473206e-17
7.188006525894331814e-17
6.592816348187004000e-17
6.049831465131008614e-17
5.554708889079478941e-17
5.103219828007429432e-17
4.691311636897419651e-17
4.315223621414276538e-17
3.971606432886792689e-17
3.657582487977200904e-17
3.370636963758772019e-17
3.108494051101552387e-17
