# bin_2_3
9.964380555054775426e-12
1.002542082204016882e-11
1.008881250253375956e-11
1.015464378358004540e-11
1.022300597330750827e-11
1.029399355172119551e-11
1.036770428579972580e-11
1.044423945700878819e-11
1.052370383122948373e-11
1.060620574099889348e-11
1.069185737199028167e-11
1.078077477680915976e-11
1.087307794263077715e-11
1.096889107122457233e-11
1.106834266651741388e-11
1.117156555716808635e-11
1.127869736183782020e-11
1.138988029538494217e-11
1.150526169109912864e-11
1.162499402343899470e-11
1.174923515464201093e-11
1.187814870839939014e-11
1.201190416489579063e-11
1.215067733923392905e-11
1.229465074810789700e-11
1.244401395549778149e-11
1.259896403065084171e-11
1.275970546440084708e-11
1.292645101220716867e-11
1.309942052992895060e-11
1.327884209302332162e-11
1.346495040076981689e-11
1.365798801708725218e-11
1.385820294281089509e-11
1.406584957541643904e-11
1.428118632394376665e-11
1.450447473733209869e-11
1.473597817740741359e-11
1.497595899203633780e-11
1.522467584518106844e-11
1.548238119707803537e-11
1.574931763690100293e-11
1.602571221169733072e-11
1.631176820121007743e-11
1.660767189492364261e-11
1.691361473786784917e-11
1.722990708233316976e-11
1.755692905242821277e-11
1.789501418400563739e-11
1.824450197223685324e-11
1.860574603485913673e-11
1.897908490123418937e-11
1.936484691536860669e-11
1.976333911943477001e-11
2.017483420931768753e-11
2.059956692168411069e-11
2.103772627676391998e-11
2.148944951407294695e-11
2.195482121706846505e-11
2.243388148684157774e-11
2.292663219231289715e-11
2.343305810003474929e-11
2.395319180582033306e-11
2.448718109918298355e-11
2.503526125594423743e-11
2.559784263292502864e-11
2.617553533290311045e-11
2.676905125653847988e-11
2.737921450478735848e-11
2.800682825757495323e-11
2.865257699375154607e-11
2.931694264794784204e-11
3.000016818651824845e-11
3.070224010993189168e-11
3.142292035150011200e-11
3.216179257618809015e-11
3.291827123725244556e-11
3.369158533297084683e-11
3.448075752149132963e-11
3.528468888012787975e-11
3.610248751219919642e-11
3.693394299725513377e-11
3.777978004603927669e-11
3.864105380914637776e-11
3.951794818981192762e-11
4.040895746015540952e-11
4.131141574001715993e-11
4.222267609001465142e-11
4.314087763154032090e-11
4.406511823197738937e-11
4.499542812514162518e-11
4.593240299585304083e-11
4.687625102102210186e-11
4.782530450088218001e-11
4.877611357172164564e-11
4.972580927838183516e-11
5.067253438561419226e-11
5.161408380639267988e-11
5.254792988715049172e-11
5.347148212533890402e-11
5.438197835650993438e-11
5.527652575662574388e-11
5.615237012005190114e-11
5.700676749288193353e-11
5.783680546912933362e-11
5.864104294888427552e-11
5.941654373919399372e-11
6.015894783234417942e-11
6.086562191338844973e-11
6.153345618464676976e-11
6.215953956344610121e-11
6.274093337460924889e-11
6.327490795235094046e-11
6.375917232463248075e-11
6.419150733347977445e-11
6.457030359371953799e-11
6.489405137364491511e-11
6.516177485033376062e-11
6.537318480159965692e-11
6.552888899438158624e-11
6.562935800300516152e-11
6.567511137190583321e-11
6.566770725156890709e-11
6.560887655800620952e-11
6.550067961731783848e-11
6.534559848940715225e-11
6.514644719004147582e-11
6.490617345943267481e-11
6.462777633918037885e-11
6.431415848463611716e-11
6.396799019553693050e-11
6.359153216401709669e-11
6.318648494506496817e-11
6.275387653319432014e-11
6.229398553142938879e-11
6.180635117192452527e-11
6.128982455122001997e-11
6.074270922406932905e-11
6.016295953365633250e-11
5.954839998248933383e-11
5.889697506418969705e-11
5.820700429778739963e-11
5.747744509218548906e-11
5.670809031974154089e-11
5.589968708101721875e-11
5.505399710344694907e-11
5.417368418137737212e-11
5.326208734023792801e-11
5.232309065876153474e-11
5.136110519102559674e-11
5.038109619377923757e-11
4.938847628503679334e-11
4.838890486730894163e-11
4.738812853642839389e-11
4.639167971212463683e-11
4.540437181728051684e-11
4.442965461386680696e-11
4.346892187117934161e-11
4.252099000037671145e-11
4.158199890797344000e-11
4.064605067660023143e-11
3.970653943049003592e-11
3.875755525419514299e-11
3.779517772498572670e-11
3.681861000391766386e-11
3.583058178904830359e-11
3.483681377720436467e-11
3.384500550615971718e-11
3.286327109365929367e-11
3.189844338731772570e-11
3.095496679770200006e-11
3.003405118216995825e-11
2.913414089765418344e-11
2.825198937550167040e-11
2.738430429217219923e-11
2.652936431855103664e-11
2.568764088406016407e-11
2.486130021588529241e-11
2.405333149839386498e-11
2.326650814332146947e-11
2.250186299312894924e-11
2.175778195928695881e-11
2.103031471610049686e-11
2.031470771122247475e-11
1.960732467185324175e-11
1.890767375974230919e-11
1.821959623001676143e-11
1.755016321400306013e-11
1.690629148727293236e-11
1.629023853477354992e-11
1.569798218094961345e-11
1.512027304299585089e-11
1.454718672822782643e-11
1.397380937439988274e-11
1.340314110665064926e-11
1.284374841980957492e-11
1.230394752449164468e-11
1.178724786356435634e-11
1.129233161771945668e-11
1.081669636652777027e-11
1.035976575927828214e-11
9.922984278453630353e-12
9.507397459133064117e-12
9.111431272454246258e-12
8.731062574663822601e-12
8.362304617483683480e-12
8.003286808931253746e-12
7.654565057217108170e-12
7.317778451569157441e-12
6.993632633243134966e-12
6.681610422054323894e-12
6.381305317912886679e-12
6.093228421433518880e-12
5.818339155093366984e-12
5.556967673667668679e-12
5.308349077538391083e-12
5.070859532152589753e-12
4.842586452177309653e-12
4.622183677851690320e-12
4.409425668257179531e-12
4.204914258952115057e-12
4.009161707358294217e-12
3.822115868032970636e-12
3.643416667205774697e-12
3.472470836231344980e-12
3.308508051032310187e-12
3.150935284984728749e-12
2.999631545169161723e-12
2.854752292647846901e-12
2.716216529389634582e-12
2.583640845836524288e-12
2.456659934052962813e-12
2.335130789224091599e-12
2.218975456506736086e-12
2.108009791890464564e-12
2.001962753221088214e-12
1.900665792510029618e-12
1.804037939550784985e-12
1.711934679610592683e-12
1.624127470472178141e-12
1.540435679566377239e-12
1.460756256445726955e-12
1.384941997358057317e-12
1.312803358735894572e-12
1.244190003068308719e-12
1.178972450693170461e-12
1.116999282133650609e-12
1.058124704824925758e-12
1.002214854640775456e-12
9.491335574967839815e-13
8.987478541914708321e-13
8.509344973796757568e-13
8.055733442731213394e-13
7.625478219367394320e-13
7.217450348620925440e-13
6.830560119315631793e-13
6.463762342945359509e-13
6.116060864815440887e-13
5.786503241953994885e-13
5.474170851715285192e-13
5.178176879532774938e-13
4.897670193640648159e-13
4.631837817395512886e-13
4.379905899427215715e-13
4.141137769954524603e-13
3.914829056491624133e-13
3.700307656226228930e-13
3.496935042368982090e-13
3.304107172867551230e-13
3.121256563790894717e-13
2.947847252793561022e-13
2.783371903889220244e-13
2.627351909806102664e-13
2.479336952978504086e-13
2.338906064643710679e-13
2.205664480601858679e-13
2.079240551591364634e-13
1.959285016853476528e-13
1.845469995685861488e-13
1.737488179684251822e-13
1.635051351712561749e-13
1.537888775509898962e-13
1.445746262810937806e-13
1.358385027798010554e-13
1.275580226591375927e-13
1.197119913211883684e-13
1.122804268104052279e-13
1.052444944928749799e-13
9.858638772048352735e-14
9.228917883552928540e-14
8.633673997622641563e-14
8.071369861872179043e-14
7.540541079274040672e-14
7.039787766662838996e-14
6.567762104458317131e-14
6.123163253070709954e-14
5.704735294889742393e-14
5.311266046543700393e-14
4.941584631160808741e-14
4.594555784298496828e-14
4.269077836807277116e-14
3.964082425580526874e-14
3.678533246268884627e-14
3.411425846481715009e-14
3.161787321622171261e-14
2.928676598370545553e-14
2.711185197198854499e-14
2.508436765479620787e-14
2.319586809205967710e-14
2.143823197773407053e-14
1.980366567098403711e-14
1.828470647458430295e-14
1.687422049104973149e-14
1.556539731463244737e-14
1.435174859321086505e-14
1.322710538475684834e-14
1.218561321909123444e-14
1.122172547851062454e-14
1.033019411398565660e-14
9.506062189879029060e-15
8.744656213638285144e-15
8.041576455918460354e-15
7.392686968473198749e-15
6.794104133189426708e-15
6.242186132776179489e-15
5.733522991221134183e-15
5.264925536147747018e-15
4.833414669860757896e-15
4.436210278282495495e-15
4.070720692573584435e-15
3.734532917189750699e-15
3.425402463330461443e-15
3.141243549311759774e-15
2.880119413657212066e-15
2.640232977327684149e-15
2.419918278444733115e-15
2.217632050906751959e-15
2.031945732850113226e-15
1.861537881825666570e-15
1.705186948492782004e-15
1.561764562357859223e-15
1.430228958662544277e-15
1.309618720707652016e-15
1.199046997962019441e-15
1.097696063910955617e-15
1.004812334297866883e-15
9.197016968482338763e-16
8.417251363222680019e-16
7.702946461966325649e-16
7.048693458556214868e-16
6.449519152101623155e-16
5.900853120499786632e-16
5.398496229253259484e-16
4.938590805547397782e-16
4.517593813737615095e-16
4.132251939697088940e-16
3.779578312104143467e-16
3.456831142542302861e-16
3.161494721155669454e-16
2.891261094576056061e-16
2.644013684062654638e-16
2.417812428573560898e-16
2.210879474241409256e-16
2.021586171721677910e-16
1.848441544038936611e-16
1.690080688679659015e-16
1.545253067566197612e-16
1.412812704898124315e-16
1.291709166037540916e-16
1.180978786385734203e-16
1.079737317188714978e-16
9.871742497968069331e-17
9.025471239459560003e-17
8.251761124995949098e-17
7.544392194992462392e-17
6.897676549583765114e-17
6.306413484998250967e-17
5.765872930232304960e-17
5.271810474495477259e-17
4.820350611796968430e-17
4.407957848967733878e-17
4.031326688134318669e-17
3.687524104183547787e-17
3.373765001582722308e-17
3.087528111053405233e-17
2.826587538525587531e-17
2.588785863944799474e-17
2.372215363172924055e-17
2.175140495087851768e-17
1.995980340716177474e-17
1.833278577279244762e-17
1.685666394320736089e-17
1.551876450184116803e-17
1.430580740273441025e-17
1.320524172039567309e-17
1.220540800167501875e-17
1.129544558750278673e-17
1.046593094870100799e-17
9.708603071235119054e-18
9.016077005232216813e-18
