# bin_1_4
3.264182188991386835e-11
3.282004255678294224e-11
3.300471780096608101e-11
3.319603044000175820e-11
3.339437012217702854e-11
3.360005210749361657e-11
3.381315740969918806e-11
3.403391646824700494e-11
3.426254678111897872e-11
3.449931613991832094e-11
3.474470088715825089e-11
3.499880579445347367e-11
3.526189665687389423e-11
3.553421484237072002e-11
3.581618199851729663e-11
3.610807249558147327e-11
3.641013031406679545e-11
3.672266178970690897e-11
3.704608251992750578e-11
3.738065391452475245e-11
3.772669931068840094e-11
3.808459072554824526e-11
3.845468743384261984e-11
3.883731136149357668e-11
3.923284052153773272e-11
3.964165982977329342e-11
4.006411860789796687e-11
4.050061077132116297e-11
4.095151771252255669e-11
4.141722013641833773e-11
4.189810942222734426e-11
4.239456257871334597e-11
4.290696630939750238e-11
4.343568584861193591e-11
4.398109372342557488e-11
4.454354335540496671e-11
4.512334163343476150e-11
4.572081771139763295e-11
4.633624134241770227e-11
4.696984086384210237e-11
4.762184248093844996e-11
4.829239573440723556e-11
4.898160988945471753e-11
4.968957385700107221e-11
5.041630880459400016e-11
5.116181255542042604e-11
5.192605570210334230e-11
5.270898310081693376e-11
5.351052357623096160e-11
5.433058774306054894e-11
5.516906453241801092e-11
5.602582458242826637e-11
5.690070220373973215e-11
5.779348262450647502e-11
5.870386293880302183e-11
5.963142312875859093e-11
6.057555709915980096e-11
6.153543620844614454e-11
6.250997110014179553e-11
6.349781506897928849e-11
6.449738116741202813e-11
6.550688693182688358e-11
6.652443697884492279e-11
6.754814056062823983e-11
6.857624979146797835e-11
6.960723787418187491e-11
7.063978466728120330e-11
7.167270067081010939e-11
7.270477495977666438e-11
7.373452807755937855e-11
7.475993893224843346e-11
7.577833552774420101e-11
7.678646584961441841e-11
7.778067050642739803e-11
7.875716181351387368e-11
7.971228317777988819e-11
8.064253437943490199e-11
8.154448094281893536e-11
8.241460603130623928e-11
8.324921163143526138e-11
8.404446175968099243e-11
8.479647251026121093e-11
8.550139662072660042e-11
8.615546817535900445e-11
8.675502207557564260e-11
8.729651751412017447e-11
8.777658277002960293e-11
8.819208867252086794e-11
8.854023044447179133e-11
8.881856670811501640e-11
8.902502016124452315e-11
8.915790475333515942e-11
8.921607696905206523e-11
8.919923808766506575e-11
8.910791376397347390e-11
8.894311658337907345e-11
8.870604552135197910e-11
8.839888146070904078e-11
8.802630622355865859e-11
8.759325659336411556e-11
8.710292239263338348e-11
8.655973966803839818e-11
8.596899896667996166e-11
8.533565366056808806e-11
8.466476519178104880e-11
8.396115341203819239e-11
8.322903162595928289e-11
8.247189810651369282e-11
8.169218955858779884e-11
8.089101073011852161e-11
8.006809618577419379e-11
7.922163628203380831e-11
7.834842333843480234e-11
7.744415833924933807e-11
7.650373800736539083e-11
7.552176700044031242e-11
7.449302909302813404e-11
7.341299803382223300e-11
7.227863397454079726e-11
7.108897503540696834e-11
6.984551783185264510e-11
6.855260958437844131e-11
6.721722025310133071e-11
6.584827975991622953e-11
6.445633230796562851e-11
6.305131817705420019e-11
6.164245412707872477e-11
6.023702172817421101e-11
5.884048127518088885e-11
5.745653735497840665e-11
5.608750746787302491e-11
5.473513278032307731e-11
5.340162712027050364e-11
5.209010899470667365e-11
5.080426510517032308e-11
4.954749155480321227e-11
4.832183089274520720e-11
4.712701947404391064e-11
4.596039920917794358e-11
4.481778621837358299e-11
4.369481205077076154e-11
4.258845031678891545e-11
4.149769966761960679e-11
4.042308085571176689e-11
3.936545501694743361e-11
3.832480809892248402e-11
3.730009249839078624e-11
3.629011723856970779e-11
3.529440628634995191e-11
3.431334357136632252e-11
3.334764366084110176e-11
3.239790423404810900e-11
3.146495775418931555e-11
3.055080950073579580e-11
2.965917295559070698e-11
2.879475114306121090e-11
2.796213411678819000e-11
2.716474330358968064e-11
2.640389001262509986e-11
2.567788888102517299e-11
2.498157422767233679e-11
2.430714486577055314e-11
2.364600728579135321e-11
2.299099663400848372e-11
2.233834132305529704e-11
2.168860358809795984e-11
2.104654983479430850e-11
2.041936535354244561e-11
1.981387158440081756e-11
1.923383661747999607e-11
1.867832818101653272e-11
1.814200098217776020e-11
1.761723038428046671e-11
1.709727314418710993e-11
1.657903634488117405e-11
1.606402071797930542e-11
1.555709434825989996e-11
1.506381946044601847e-11
1.458777956437013462e-11
1.412935965185449621e-11
1.368654026357910165e-11
1.325695607845907812e-11
1.283951306953040739e-11
1.243457062877878919e-11
1.204337772925086524e-11
1.166641948800865952e-11
1.130243012040048039e-11
1.094890979098787766e-11
1.060364735120810823e-11
1.026560687236211470e-11
9.934757016159945297e-12
9.611125611053998982e-12
9.294564806391339719e-12
8.984608192246766844e-12
8.680252164963719419e-12
8.380052162700862776e-12
8.082425626747050511e-12
7.785820598880167876e-12
7.489162603242515139e-12
7.192518237486977484e-12
6.897234559702485158e-12
6.605733311705312741e-12
6.320972934555432055e-12
6.045577652411372880e-12
5.781221901416208499e-12
5.528402938281343407e-12
5.286693620656638218e-12
5.055644636995980339e-12
4.834873479164241231e-12
4.623356111248545183e-12
4.419013301901968589e-12
4.219088640550802416e-12
4.021453823802453490e-12
3.825774346462243690e-12
3.633445284536286725e-12
3.446541487310638672e-12
3.267144614548118975e-12
3.097173377506201098e-12
2.937789173556330395e-12
2.788641521448223968e-12
2.647845739173176186e-12
2.513014047072522921e-12
2.382429050121285594e-12
2.255510085626875351e-12
2.132822722700685639e-12
2.015686300654075855e-12
1.905231347920797442e-12
1.801614648358990888e-12
1.704032066830640018e-12
1.611258874161785028e-12
1.522440321586066587e-12
1.437500357581352535e-12
1.356850568265467591e-12
1.280797314718513770e-12
1.209162343575490346e-12
1.141435166295545368e-12
1.077205580126261895e-12
1.016363630256412902e-12
9.589359328014834892e-13
9.048188545277935279e-13
8.537981845941796575e-13
8.056704747052954101e-13
7.602987192134245748e-13
7.175720872950397846e-13
6.773524117949081115e-13
6.395011236925608628e-13
6.038851394794391515e-13
5.703782461650193659e-13
5.388637813379108105e-13
5.092300823453471635e-13
4.813617900580343375e-13
4.551541209461882441e-13
4.305082737401584525e-13
4.073279678549089707e-13
3.855209078423809163e-13
3.650024159260425397e-13
3.456902448832845977e-13
3.275077593709094384e-13
3.103830842502404736e-13
2.942487306101138565e-13
2.790411664960436082e-13
2.647004014347359894e-13
2.511701922352287747e-13
2.383984154669229962e-13
2.263366096248115333e-13
2.149393613840577508e-13
2.041639255372630009e-13
1.939701916835739274e-13
1.843208447906742409e-13
1.751811891290237405e-13
1.665188311330632611e-13
1.583034865654768609e-13
1.505068523217933452e-13
1.431025466556273467e-13
1.360660350462194569e-13
1.293745209234144002e-13
1.230068547014296173e-13
1.169434209281963792e-13
1.111660175642227522e-13
1.056577780572234877e-13
1.004031111156343570e-13
9.538765339326149726e-14
9.059819242700582382e-14
8.602254336233225655e-14
8.164946571753872818e-14
7.746860222505563858e-14
7.347044046499444985e-14
6.964626387004588400e-14
6.598804978337261300e-14
6.248839910107590062e-14
5.914048691548003690e-14
5.593802876009080828e-14
5.287524424294443489e-14
4.994677254267213852e-14
4.714761570490665479e-14
4.447311180907121908e-14
4.191891835006599323e-14
3.948098920802303526e-14
3.715549711439064923e-14
3.493877792823156130e-14
3.282731209493079103e-14
3.081772692709834763e-14
2.890680038808786763e-14
2.709140821395658718e-14
2.536847287690385081e-14
2.373493876505805080e-14
2.218777358124190508e-14
2.072398862022790229e-14
1.934063018023051427e-14
1.803475879502590209e-14
1.680343315850248839e-14
1.564370581871327824e-14
1.455263801749093018e-14
1.352731238107295306e-14
1.256483946317595575e-14
1.166235987520126491e-14
1.081704535411007435e-14
1.002610682824508397e-14
9.286805043386270667e-15
8.596460726871390992e-15
7.952461469667784229e-15
7.352266149455858497e-15
6.793409081513126181e-15
6.273504744208523837e-15
5.790253110817659849e-15
5.341442885817343270e-15
4.924953348223077278e-15
4.538754879322384804e-15
4.180909164607773312e-15
3.849570252184976590e-15
3.542984398198495935e-15
3.259489001404648707e-15
2.997510479524600057e-15
2.755561635113078333e-15
2.532239823314724831e-15
2.326224738859024025e-15
2.136275759149183586e-15
1.961228746544786424e-15
1.799992459673654395e-15
1.651545504791147701e-15
1.514933315230423451e-15
1.389265051228191640e-15
1.273710341818388759e-15
1.167495751203247680e-15
1.069901631069243758e-15
9.802592418054328377e-16
8.979478215570409592e-16
8.223916362735697234e-16
7.530570346382371599e-16
6.894497374443059657e-16
6.311123150362061431e-16
5.776217794490841774e-16
5.285873311687943269e-16
4.836480865972210021e-16
4.424709561970254706e-16
4.047487994389816869e-16
3.701993677894164960e-16
3.385665260002534231e-16
3.096129638497210162e-16
2.831179152917058081e-16
2.588795091189866491e-16
2.367120512515168614e-16
2.164444873578482542e-16
1.979202218644113212e-16
1.809918290810253625e-16
1.655249992683160661e-16
1.513961666228659831e-16
1.384925251894991284e-16
1.267094526293397772e-16
1.159506793490927643e-16
1.061282931489625720e-16
9.716163154864231436e-17
8.897738719148401415e-17
8.150670347592411464e-17
7.468631732231950557e-17
6.845917556856165666e-17
6.277206020922301432e-17
5.757723078396566250e-17
5.283140789256882034e-17
4.849551402165267093e-17
4.453410339244881963e-17
4.091510740984861889e-17
3.760920117721256070e-17
3.458942318747349188e-17
3.183083110352107994e-17
2.931042771584733098e-17
2.700720445442107210e-17
2.490244164339690884e-17
2.297970520149117614e-17
2.122500716853808665e-17
1.962604784308830429e-17
1.817140572784125783e-17
1.684980385680141930e-17
1.564894328076803208e-17
1.455620544938630147e-17
1.355969706212219413e-17
1.264924714349480847e-17
1.181690737459316496e-17
1.105622300632240054e-17
1.036143433425053577e-17
