# bin_1_2
1.146385930237674192e-11
1.153456113172913359e-11
1.160800168014272724e-11
1.168428471547972253e-11
1.176351768448608365e-11
1.184581176252824712e-11
1.193128202657463724e-11
1.202004748930108201e-11
1.211223119204047663e-11
1.220796033476949761e-11
1.230736627702547751e-11
1.241058470342489821e-11
1.251775559776986700e-11
1.262902338010703266e-11
1.274453688888352092e-11
1.286444948124676164e-11
1.298891900928434444e-11
1.311810788881945902e-11
1.325218307462531338e-11
1.339131602682432065e-11
1.353568268311230796e-11
1.368546340453533929e-11
1.384084346426730632e-11
1.400201304576910261e-11
1.416916806833102594e-11
1.434251034226204752e-11
1.452224874044986816e-11
1.470859976249673895e-11
1.490178856592908332e-11
1.510205040084686420e-11
1.530963179454935868e-11
1.552479212684760942e-11
1.574780552038559836e-11
1.597896274348194599e-11
1.621857331834521841e-11
1.646696777294766230e-11
1.672450017875541833e-11
1.699155063213994859e-11
1.726852765275248911e-11
1.755587114747549794e-11
1.785405639675795354e-11
1.816359386686227748e-11
1.848502419363328688e-11
1.881890315439344170e-11
1.916578222372490191e-11
1.952618775756955315e-11
1.990059756249443839e-11
2.028941510263144913e-11
2.069294192303727769e-11
2.111134968087012914e-11
2.154465226388680463e-11
2.199267609459600333e-11
2.245503840035310060e-11
2.293112614858943173e-11
2.342004056953914097e-11
2.392069528293218845e-11
2.443250647139912452e-11
2.495659318138583655e-11
2.549452196925005534e-11
2.604760106536268874e-11
2.661729994156673337e-11
2.720506867215291840e-11
2.781232961067357943e-11
2.844027501058897611e-11
2.908988913558111633e-11
2.976192404363739134e-11
3.045674758691313724e-11
3.117442248614147841e-11
3.191473918518489647e-11
3.267734432133673519e-11
3.346189143982696259e-11
3.426815340641132374e-11
3.509604341278184434e-11
3.594563060057004430e-11
3.681713529456404617e-11
3.771090411342302163e-11
3.862733077400501279e-11
3.956670235093877564e-11
4.052899879303907964e-11
4.151377307596996790e-11
4.252030054598142693e-11
4.354789306339714432e-11
4.459614400039041969e-11
4.566476464301150931e-11
4.675314085728561512e-11
4.786013605692350437e-11
4.898464492234181672e-11
5.012638255053117897e-11
5.128584883213731030e-11
5.246338915155486588e-11
5.365838075281162834e-11
5.486901998285843632e-11
5.609269384793215789e-11
5.732698231778343024e-11
5.857012162022613326e-11
5.982050440526039081e-11
6.107628656156100025e-11
6.233558537249743928e-11
6.359699031299734980e-11
6.485861683717951875e-11
6.611736208880080098e-11
6.737054120866794618e-11
6.861603416800718351e-11
6.985077990323060326e-11
7.107092276732302745e-11
7.227257262990648722e-11
7.345129124691934963e-11
7.460256673720960002e-11
7.572206037456428501e-11
7.680628119946784140e-11
7.785331396542376788e-11
7.886006271294003895e-11
7.982619250429590414e-11
8.074876068022891412e-11
8.162492777875264415e-11
8.245202310100831223e-11
8.322846590347829724e-11
8.395302396209438941e-11
8.462425984617484810e-11
8.524119608866881155e-11
8.580310918847408013e-11
8.631010823964251598e-11
8.676315491990256161e-11
8.716373242212012344e-11
8.751383405529065853e-11
8.781603035746048853e-11
8.807343664554139721e-11
8.828941951317244146e-11
8.846737518168561648e-11
8.861037590023155117e-11
8.872103332075485695e-11
8.880148908943553657e-11
8.885304355907944747e-11
8.887602924898276946e-11
8.886972059723884470e-11
8.883223838742281393e-11
8.876038155797768644e-11
8.864949388121491647e-11
8.849343903709851818e-11
8.828482961775251140e-11
8.801560562144991117e-11
8.767788303465974707e-11
8.726496356806706751e-11
8.677233673492276041e-11
8.619850758552629237e-11
8.554555480491762498e-11
8.481934645633779326e-11
8.402941503797129744e-11
8.318843538017525374e-11
8.231132401225424112e-11
8.141294278898712315e-11
8.050596086021542337e-11
7.959878494095419824e-11
7.869376890852437046e-11
7.778615255180992365e-11
7.686430589132066618e-11
7.591173917109481504e-11
7.491047075625663745e-11
7.384498360977831680e-11
7.270620703436521989e-11
7.149453576483305403e-11
7.022024489797930125e-11
6.890052903252991568e-11
6.755443442048798693e-11
6.619747003296785347e-11
6.483741087003445880e-11
6.347370210433082328e-11
6.210041720206208943e-11
6.071121451960049974e-11
5.930458092416858519e-11
5.788617232025141424e-11
5.646727641009525917e-11
5.506023531366108024e-11
5.367374857411837770e-11
5.231121384288722841e-11
5.097226205956445508e-11
4.965487917185869851e-11
4.835611126060497642e-11
4.707160989541921669e-11
4.579615160567411106e-11
4.452534963564277081e-11
4.325742728668710869e-11
4.199292609942454184e-11
4.073268295788739065e-11
3.947647895976556550e-11
3.822295417079965602e-11
3.697003959447512460e-11
3.571564269133980896e-11
3.445860012683528949e-11
3.320020746015534252e-11
3.194535892256275644e-11
3.070266996209295368e-11
2.948394805753577116e-11
2.830181771406810074e-11
2.716700212333315238e-11
2.608469769473664290e-11
2.505373930417547226e-11
2.406762128250593535e-11
2.311792292045745909e-11
2.219715289718707806e-11
2.129984931599854906e-11
2.042190447888248268e-11
1.956040969214980606e-11
1.871482159287717090e-11
1.788832693861257067e-11
1.708736488904373107e-11
1.631860877391421293e-11
1.558568019670551935e-11
1.488801535391154279e-11
1.422209388277595482e-11
1.358357245491702879e-11
1.296920639007433890e-11
1.237787634851228061e-11
1.181012292335657129e-11
1.126680013574442718e-11
1.074756744889369738e-11
1.025064018852124831e-11
9.774112584277192979e-12
9.317056686384643062e-12
8.879676629850395720e-12
8.462596028548096762e-12
8.065695871434026293e-12
7.687511474792245460e-12
7.325890126679624635e-12
6.979398130332251450e-12
6.647927863831895592e-12
6.331914059768980156e-12
6.031211309315654390e-12
5.744728977650976248e-12
5.471270626476449466e-12
5.210216587160636266e-12
4.961429889565015333e-12
4.724639010693419554e-12
4.499185436043569331e-12
4.284424041316068047e-12
4.079909288418681129e-12
3.885282919754009097e-12
3.700086565968425938e-12
3.523881729031853508e-12
3.356233751317512794e-12
3.196746709679421351e-12
3.045034594970826119e-12
2.900722026703932427e-12
2.763431473978077436e-12
2.632818027119538596e-12
2.508546824028197312e-12
2.390292632439576608e-12
2.277743430290248455e-12
2.170603930781221750e-12
2.068590367862630875e-12
1.971433417297120632e-12
1.878877360426318243e-12
1.790678109892400684e-12
1.706603300014214849e-12
1.626432214042489321e-12
1.549955606190840914e-12
1.476975367331752781e-12
1.407304040017218828e-12
1.340764201916828133e-12
1.277187863608986579e-12
1.216416281664051410e-12
1.158300087184229932e-12
1.102699189265446040e-12
1.049482464640244911e-12
9.985270884175548627e-13
9.497181013734857777e-13
9.029484045806456148e-13
8.581186448124260607e-13
8.151370276827750265e-13
7.739188231722389452e-13
7.343858783223792159e-13
6.964662451352537976e-13
6.600937896416803979e-13
6.252080053496543725e-13
5.917536591366572465e-13
5.596803977056570744e-13
5.289421444718463423e-13
4.994963504915439561e-13
4.713036375282080511e-13
4.443275084528235830e-13
4.185340868877085530e-13
3.938916313961377155e-13
3.703697567039423482e-13
3.479389460470976518e-13
3.265703092113546728e-13
3.062354681429802174e-13
2.869063395495376169e-13
2.685547481569972850e-13
2.511521524426460971e-13
2.346695666621025330e-13
2.190776199810412979e-13
2.043465498329371431e-13
1.904461687072139223e-13
1.773458525084105654e-13
1.650146194756107307e-13
1.534212966642750150e-13
1.425346454817074130e-13
1.323234768912987380e-13
1.227567471914057368e-13
1.138036625915689025e-13
1.054338165952623027e-13
9.761731149914784044e-14
9.032487338714004017e-14
8.352794770244511420e-14
7.719877159607806959e-14
7.131044025212217696e-14
6.583696121482547773e-14
6.075330516874830140e-14
5.603544767227912748e-14
5.166039212897860942e-14
4.760617887929485797e-14
4.385188552529788130e-14
4.037762549996947637e-14
3.716454367924645359e-14
3.419480166436937503e-14
3.145155319607019066e-14
2.891891482396655780e-14
2.658193667741492214e-14
2.442657373333874941e-14
2.243965311997222216e-14
2.060883661054637418e-14
1.892258138112314748e-14
1.737010222536309924e-14
1.594133591482513119e-14
1.462690516398331700e-14
1.341808109966537892e-14
1.230674554711451470e-14
1.128535512874968241e-14
1.034690773916182380e-14
9.484910128889420033e-15
8.693345788601138905e-15
7.966643523611901984e-15
7.299647857164639640e-15
6.687591591832442610e-15
6.126069905791296696e-15
5.611015439187098799e-15
5.138674292367034293e-15
4.705583509531858772e-15
4.308550224789388465e-15
3.944632175446450275e-15
3.611119277645293118e-15
3.305516198004483662e-15
3.025526142056092964e-15
2.769035914739907898e-15
2.534102126770092949e-15
2.318938333234126259e-15
2.121902844901588721e-15
1.941487364854669734e-15
1.776306554197828343e-15
1.625088379748800104e-15
1.486665085966262760e-15
1.359964829278043604e-15
1.244003960852652514e-15
1.137879926085293018e-15
1.040764840831593590e-15
9.518996412979201561e-16
8.705886391305393623e-16
7.961944158432403613e-16
7.281331562498903330e-16
6.658701137066959638e-16
6.089154217613399132e-16
5.568202257779916865e-16
5.091732220970717998e-16
4.655973761516753824e-16
4.257470678144406976e-16
3.893054702637336901e-16
3.559821901430815875e-16
3.255111142194115679e-16
2.976484901557027924e-16
2.721711607593704065e-16
2.488749423350557783e-16
2.275730960523844295e-16
2.080948610343171775e-16
1.902840944273803740e-16
1.739980246879931396e-16
1.591061079092469827e-16
1.454889789549214458e-16
1.330374929123533933e-16
1.216518499675349490e-16
1.112407952379840893e-16
1.017208874168029125e-16
9.301583034631709111e-17
8.505586148620339598e-17
7.777801661588251660e-17
7.113038597884697454e-17
6.506574873192639940e-17
5.953868307406674461e-17
5.450376346036985265e-17
4.991794427164910767e-17
4.574067384655331505e-17
4.193316064910408463e-17
3.845982286695626526e-17
3.528874616056185969e-17
3.239179872817362152e-17
2.974430889553138755e-17
2.732481088302296914e-17
2.511434609930060702e-17
2.309579306674003803e-17
2.125336900357792121e-17
1.957203422479525714e-17
