# bin_3_4
3.598495640891332318e-11
3.618224418649640688e-11
3.638669201100122413e-11
3.659850540743173787e-11
3.681811093593202165e-11
3.704585558870302243e-11
3.728183601722560925e-11
3.752630942575497350e-11
3.777951999878130301e-11
3.804176629492360597e-11
3.831356988461534920e-11
3.859505408196273782e-11
3.888651600612838032e-11
3.918822728411881419e-11
3.950065363460904475e-11
3.982410156223636850e-11
4.015884632143282135e-11
4.050523091829707438e-11
4.086371659255599643e-11
4.123459799196673296e-11
4.161823803478440993e-11
4.201505261113243687e-11
4.242544385403598305e-11
4.284977495762111903e-11
4.328847031234287143e-11
4.374196201995266013e-11
4.421064499070688349e-11
4.469496324402057336e-11
4.519534788759275214e-11
4.571223036695695657e-11
4.624605492855667473e-11
4.679725095130607344e-11
4.736625979503535854e-11
4.795350034524787908e-11
4.855940039327604377e-11
4.918436837639828809e-11
4.982876320398304353e-11
5.049296898478813531e-11
5.117730576033897746e-11
5.188205007573817579e-11
5.260747681735858275e-11
5.335377801668700382e-11
5.412110326613621766e-11
5.490958080071925094e-11
5.571926724834456396e-11
5.655019581170730481e-11
5.740237308512417134e-11
5.827578174179206864e-11
5.917039142843549745e-11
6.008615728124235904e-11
6.102301673923864313e-11
6.198089316624453058e-11
6.295967586789585888e-11
6.395920467101860382e-11
6.497922490751354633e-11
6.601935094509380796e-11
6.707898516198332024e-11
6.815727086078359834e-11
6.925304626390748366e-11
7.036484583431157036e-11
7.149092042693014914e-11
7.262929189713327037e-11
7.377785591391650852e-11
7.493453090104277253e-11
7.609743524421531778e-11
7.726499412352683645e-11
7.843593235885064063e-11
7.960918905235188677e-11
8.078373174530519602e-11
8.195823992687383380e-11
8.313074202890049183e-11
8.429845584612423986e-11
8.545786357194423324e-11
8.660492486405627497e-11
8.773544454004028762e-11
8.884542841863791047e-11
8.993113292116206976e-11
9.098894672589733514e-11
9.201518024795582088e-11
9.300591666356456376e-11
9.395707450915521462e-11
9.486453041997005336e-11
9.572421973771205235e-11
9.653218439730973325e-11
9.728458054332658648e-11
9.797767979767646792e-11
9.860790770499929859e-11
9.917194351339508415e-11
9.966683110259271963e-11
1.000899492737528160e-10
1.004388900091657783e-10
1.007114753010074178e-10
1.009060531943353767e-10
1.010221124863885413e-10
1.010603046839735397e-10
1.010214843599940635e-10
1.009057434125827182e-10
1.007145576787867186e-10
1.004561109743597973e-10
1.001386009540939345e-10
9.976250589999308734e-11
9.933166753657656065e-11
9.885211767334130428e-11
9.832857008263796664e-11
9.776636630913871872e-11
9.717061004139336073e-11
9.654574185056406084e-11
9.589576025562849218e-11
9.522335275414956460e-11
9.452938913769612790e-11
9.381386928870036830e-11
9.307465480760336036e-11
9.230790522342085151e-11
9.150911015637574752e-11
9.067253706121395630e-11
8.979234578048312377e-11
8.886288934700521162e-11
8.787848457041148656e-11
8.683541769724062429e-11
8.573234632599224900e-11
8.457041258134009543e-11
8.335395915395713623e-11
8.209040722510017549e-11
8.078897105872842136e-11
7.946064621436208587e-11
7.811552642889383239e-11
7.676314447245620814e-11
7.541119549839949259e-11
7.406556780709866021e-11
7.273032264157705988e-11
7.140805770764262102e-11
7.010073934557127264e-11
6.881078342217526394e-11
6.754146268446880634e-11
6.629654181925116219e-11
6.507934439309289261e-11
6.389161456142760520e-11
6.273252343399207174e-11
6.159860065740288283e-11
6.048467050491545504e-11
5.938528548214507092e-11
5.829634660564424040e-11
5.721584586705169020e-11
5.614335362181450075e-11
5.507881118340791118e-11
5.402128468769835057e-11
5.296884460896200851e-11
5.191955732606390515e-11
5.087244218833084246e-11
4.982767716343806196e-11
4.878607661731257086e-11
4.774862377946175519e-11
4.671683842616510428e-11
4.569375351396144968e-11
4.468447504389249682e-11
4.369534977647904728e-11
4.273257608540555629e-11
4.180080855859177341e-11
4.090220990602645181e-11
4.003528987467694788e-11
3.919401995403943778e-11
3.836895956920517034e-11
3.754949740652193422e-11
3.672681258471295969e-11
3.589649877525964996e-11
3.505915191593111529e-11
3.422068311303417826e-11
3.339024984627423083e-11
3.257648613120009234e-11
3.178415291883537641e-11
3.101196794028553112e-11
3.025291954773179891e-11
2.949715982165574049e-11
2.873609809274814515e-11
2.796627981480519460e-11
2.719064016640204626e-11
2.641692427971752426e-11
2.565421885857164684e-11
2.490931010916078645e-11
2.418484412395745973e-11
2.348017452651172012e-11
2.279388606051668592e-11
2.212544124585218258e-11
2.147478514553970244e-11
2.084266788343533148e-11
2.022838150936292555e-11
1.962827222428921396e-11
1.903677377453332719e-11
1.844942827159465442e-11
1.786478277931302889e-11
1.728402746609054422e-11
1.670928788426666506e-11
1.614352772446092570e-11
1.558963487572102813e-11
1.504850844590254062e-11
1.451857452473256761e-11
1.399655660610108017e-11
1.347823264834036139e-11
1.296000307878537787e-11
1.244130929690586551e-11
1.192535413657184180e-11
1.141836650288758729e-11
1.092761455907849375e-11
1.045825835946982029e-11
1.001157132143746021e-11
9.585040959979271158e-12
9.174530281660892322e-12
8.778047809803003151e-12
8.396115513803018893e-12
8.028961144856382548e-12
7.674294595756350440e-12
7.327619563828905218e-12
6.985473384775071230e-12
6.648279938907381962e-12
6.319721057030912680e-12
6.003556642917068098e-12
5.702137510243571199e-12
5.417288185742212518e-12
5.149911462445213674e-12
4.898463725112345345e-12
4.659055600541346116e-12
4.427948794581882617e-12
4.203646143805642195e-12
3.986644153823228425e-12
3.778559477153965498e-12
3.581259400158513823e-12
3.395563004005991922e-12
3.220607394788985556e-12
3.054689067320326808e-12
2.896282144675183420e-12
2.744743996403714109e-12
2.600305035047058313e-12
2.463465928014739586e-12
2.334305019605984642e-12
2.212242959493463799e-12
2.096481613226817200e-12
1.986565010961847588e-12
1.882430682857087406e-12
1.784044162602352210e-12
1.691092668981360097e-12
1.603178898990889344e-12
1.520035112229224021e-12
1.441465141997068916e-12
1.367249563704929729e-12
1.297129743066662583e-12
1.230875225820762866e-12
1.168275728664640640e-12
1.109123757440413039e-12
1.053215123258626324e-12
1.000362313718445638e-12
9.503806043381680879e-13
9.030966159876784343e-13
8.583466028438607078e-13
8.159755165753741388e-13
7.758352872839977772e-13
7.377899303572201786e-13
7.017091644754384350e-13
6.674721655300757947e-13
6.349674106606903889e-13
6.040913234295776761e-13
5.747470015198629242e-13
5.468432787590157586e-13
5.202953923311289578e-13
4.950263302491414124e-13
4.709652117075422168e-13
4.480455872706970641e-13
4.262048996444156764e-13
4.053844772514841419e-13
3.855302113754691069e-13
3.665919757067042455e-13
3.485226823760146501e-13
3.312781066945694373e-13
3.148166550972758576e-13
2.990993677025995604e-13
2.840898005892907484e-13
2.697537250469951742e-13
2.560590778150080518e-13
2.429757963062907488e-13
2.304756408082626636e-13
2.185321200465923726e-13
2.071203464024887546e-13
1.962169837067299485e-13
1.858001697881445585e-13
1.758493263201071948e-13
1.663450872190689203e-13
1.572691886005217804e-13
1.486043978883254133e-13
1.403344808210444814e-13
1.324440533697739527e-13
1.249185198541298249e-13
1.177440185333969543e-13
1.109073546847911568e-13
1.043959687836532705e-13
9.819782518467982986e-14
9.230135549939081706e-14
8.669546334861311018e-14
8.136949366960667645e-14
7.631319551618694699e-14
7.151662060128957024e-14
6.697006139699817518e-14
6.266407295613966193e-14
5.858948856637986216e-14
5.473741094746353724e-14
5.109913531323623949e-14
4.766608573337743206e-14
4.442981602692547117e-14
4.138203789574280662e-14
3.851464669758419649e-14
3.581970407966390295e-14
3.328940706328651961e-14
3.091608040660830159e-14
2.869219120792109622e-14
2.661037393607316581e-14
2.466344542312020095e-14
2.284440917573564054e-14
2.114645744820934465e-14
1.956297851524017511e-14
1.808756840289523398e-14
1.671404174004802605e-14
1.543644062117981910e-14
1.424903775856944385e-14
1.314633897285521493e-14
1.212308509552488165e-14
1.117425287071347969e-14
1.029505649445895850e-14
9.480945146174019532e-15
8.727599335089457006e-15
8.030926365203399487e-15
7.387054923895859692e-15
6.792331005412164330e-15
6.243311645550997822e-15
5.736757562615096191e-15
5.269625307366830868e-15
4.839058860149507674e-15
4.442382603468598269e-15
4.077093649289770664e-15
3.740853463530077020e-15
3.431479440433574915e-15
3.146936330861522177e-15
2.885328652274377237e-15
2.644893165701263910e-15
2.423991282548171334e-15
2.221101690834350404e-15
2.034812852158873968e-15
1.863816272854995160e-15
1.706900384296041549e-15
1.562944198998417964e-15
1.430911020802792019e-15
1.309842577553267172e-15
1.198853663860887492e-15
1.097127087867501377e-15
1.003908865664057770e-15
9.185038608273006486e-16
8.402714995941791560e-16
7.686217596830789106e-16
7.030115983167832948e-16
6.429422801612490210e-16
5.879592019919706568e-16
5.376428822257509970e-16
4.916052904942573244e-16
4.494912152437158267e-16
4.109743547424232624e-16
3.757546811508430805e-16
3.435573762928079655e-16
3.141264101501935884e-16
2.872280907750325521e-16
2.626478789707493881e-16
2.401898291158260064e-16
2.196732018712817468e-16
2.009320220677475855e-16
1.838144867411725121e-16
1.681812608101991720e-16
1.539052069941080328e-16
1.408678841706811263e-16
1.289605453374345172e-16
1.180846186720751064e-16
1.081488429717614799e-16
9.907085423733280890e-17
9.077579600704728202e-17
8.319580680662022193e-17
7.626918008519465265e-17
6.993990221560024987e-17
6.415676649423934242e-17
5.887278735629201245e-17
5.404466596408080092e-17
4.963258376709191825e-17
4.560014994519544320e-17
4.191467920694769327e-17
3.854712668107542545e-17
3.547224181401234687e-17
3.266759753373331072e-17
3.011252797954968931e-17
2.778713494006056934e-17
2.567068805892704041e-17
2.374240508598213777e-17
2.198273691854032606e-17
2.037466746802441335e-17
1.890442219211387946e-17
1.756052078732625736e-17
1.633268165405666923e-17
