# bin_3_3
1.201832740026612745e-11
1.209227648898013130e-11
1.216908047041975227e-11
1.224884695961667226e-11
1.233168742673266718e-11
1.241771727263277768e-11
1.250705597173287076e-11
1.259982733281025077e-11
1.269615949273491469e-11
1.279618502825323448e-11
1.290004128019966133e-11
1.300787039525447353e-11
1.311981942559771615e-11
1.323604064823907766e-11
1.335669168756187201e-11
1.348193556925717104e-11
1.361194123687249158e-11
1.374688338315230681e-11
1.388694302787312333e-11
1.403230757587047413e-11
1.418317111025179042e-11
1.433973481807686530e-11
1.450220712696644118e-11
1.467080424234673118e-11
1.484575056854902455e-11
1.502727910955230276e-11
1.521563199070349381e-11
1.541106041790668291e-11
1.561382560162006211e-11
1.582419760666703675e-11
1.604245656301613760e-11
1.626889107679374396e-11
1.650379957364093718e-11
1.674748785324075402e-11
1.700027014974850671e-11
1.726246673802554382e-11
1.753440310488847451e-11
1.781640865951924542e-11
1.810881388855581697e-11
1.841194768146388495e-11
1.872613481255003700e-11
1.905169223210636201e-11
1.938892329092658077e-11
1.973810932463697859e-11
2.009951670015796815e-11
2.047341970659490226e-11
2.086021797737799905e-11
2.126038597079843316e-11
2.167435309441219483e-11
2.210255782359243166e-11
2.254545607606214241e-11
2.300349098214129046e-11
2.347709780087138726e-11
2.396669228676974941e-11
2.447265703441839028e-11
2.499533752287561943e-11
2.553503383545239466e-11
2.609199414134436889e-11
2.666641361236046389e-11
2.725844287540197258e-11
2.786819470992113773e-11
2.849576656134716902e-11
2.914130932171438809e-11
2.980509919423941711e-11
3.048750988557583446e-11
3.118910605773447832e-11
3.191067034420759383e-11
3.265310135179118878e-11
3.341742540034262673e-11
3.420465625930887093e-11
3.501569103797119568e-11
3.585121995367902709e-11
3.671168523657329188e-11
3.759725944490912759e-11
3.850787634015648771e-11
3.944327832391712341e-11
4.040302611860314609e-11
4.138648231846814537e-11
4.239278849019483275e-11
4.342095707867652169e-11
4.447023146218438220e-11
4.554061051425142252e-11
4.663313588885553354e-11
4.774923116458901067e-11
4.888936657236355462e-11
5.005213276607700754e-11
5.123481494601135074e-11
5.243471656581135443e-11
5.365004364041269999e-11
5.488012149788528477e-11
5.612538779426874762e-11
5.738698672090067357e-11
5.866565435848499560e-11
5.995992274867545888e-11
6.126616988020558207e-11
6.258144307204023682e-11
6.390401228744245456e-11
6.523172030508439975e-11
6.656202813045957399e-11
6.789235491870635028e-11
6.921994786646416584e-11
7.054195595852357532e-11
7.185584148089765130e-11
7.315922567655192229e-11
7.444961068908388836e-11
7.572681255358306527e-11
7.698838136176618693e-11
7.822953711123042947e-11
7.944808188232403117e-11
8.064079842895132240e-11
8.180434606779527650e-11
8.293466657973266995e-11
8.402752111084318756e-11
8.507927082462254079e-11
8.608613566250365616e-11
8.704591305938179563e-11
8.795629693413491718e-11
8.881670739600229024e-11
8.962995699558700374e-11
9.040303728850961930e-11
9.113665393320739071e-11
9.182723777829340702e-11
9.247657878617044757e-11
9.308536464326896939e-11
9.365467863969301187e-11
9.418646461947063725e-11
9.468323541622303102e-11
9.514757336764807827e-11
9.558198679549967632e-11
9.598882643729517365e-11
9.637023134283261428e-11
9.672779172848125014e-11
9.706242848055721177e-11
9.737427011975076123e-11
9.766257340525424588e-11
9.792579587066090966e-11
9.816148220102740632e-11
9.836647847672287731e-11
9.853717938662489990e-11
9.866970916329163118e-11
9.876016192838749102e-11
9.880488254886477216e-11
9.880079001321059249e-11
9.874552150892814602e-11
9.863760104420407901e-11
9.847650883507467427e-11
9.826254516002776436e-11
9.799662346537066862e-11
9.768014113397070476e-11
9.731497977388154930e-11
9.690356529603057608e-11
9.644876715958186107e-11
9.595367909967269156e-11
9.542145223778458605e-11
9.485496508763482687e-11
9.425629315889054393e-11
9.362608854062875101e-11
9.296288338600471003e-11
9.226259776266174592e-11
9.151847961775899804e-11
9.072184134487187063e-11
8.986353883924677436e-11
8.893549310720945227e-11
8.793209970689749151e-11
8.685154074148349880e-11
8.569631815738669162e-11
8.447272916995476332e-11
8.318991731489546767e-11
8.185825484475267120e-11
8.048748709281015735e-11
7.908557413840334242e-11
7.765758503816908780e-11
7.620622117497527007e-11
7.473291423277473651e-11
7.323939866631258081e-11
7.172924753820690634e-11
7.020830179137779672e-11
6.868426849097182208e-11
6.716551236613815317e-11
6.565905306798530117e-11
6.416872249774419352e-11
6.269437401632488462e-11
6.123229363261033939e-11
5.977717039608598255e-11
5.832330172917353723e-11
5.686711164176773512e-11
5.540911832342142912e-11
5.395206120224171693e-11
5.249743097398432616e-11
5.104082755605427074e-11
4.957140217660162426e-11
4.807426140168664669e-11
4.653685517013914394e-11
4.495628655436895081e-11
4.334288842747468368e-11
4.171721917507283123e-11
4.010252188838729634e-11
3.851840022658265144e-11
3.697937491907819278e-11
3.549720359165209478e-11
3.408233160901214121e-11
3.274181419412537158e-11
3.147457182559787780e-11
3.027079697404896978e-11
2.911317845781871276e-11
2.798163259806819932e-11
2.685950659449950841e-11
2.573817128474891634e-11
2.461811339855293268e-11
2.350635244919511217e-11
2.241447250138188290e-11
2.135795063628583563e-11
2.035267074175050996e-11
1.940849211601346322e-11
1.852494526779701163e-11
1.769210493514428305e-11
1.689464390244873393e-11
1.611809231132702897e-11
1.535555209350115569e-11
1.460989566203290720e-11
1.389069335425440595e-11
1.320788176823469321e-11
1.256536486098124073e-11
1.195958559599140341e-11
1.138247635683706630e-11
1.082666294406746945e-11
1.029043619504045502e-11
9.777300985208605210e-12
9.290878512676021893e-12
8.830907960040970174e-12
8.393740607093366659e-12
7.976108497616870412e-12
7.577693045818247321e-12
7.199674357466831197e-12
6.841690398078891536e-12
6.501676742602086323e-12
6.178356715519396705e-12
5.871666634380704574e-12
5.581301004614595703e-12
5.306073834204661499e-12
5.044949094919353392e-12
4.797605276947006548e-12
4.563484240370653859e-12
4.341686194035688994e-12
4.131571420518464233e-12
3.932663887815281576e-12
3.744316870356124593e-12
3.565930309857487635e-12
3.396990884565487673e-12
3.236963834893272138e-12
3.085327884829086040e-12
2.941615296982165481e-12
2.805364947766686364e-12
2.676137088802734219e-12
2.553515494601684053e-12
2.437104308049763307e-12
2.326526512046433393e-12
2.221425323862658852e-12
2.121465076598662072e-12
2.026329548596726110e-12
1.935720551738216326e-12
1.849356581064662624e-12
1.766972495033733539e-12
1.688320527441936244e-12
1.613169848435868706e-12
1.541305194352069018e-12
1.472525969380671986e-12
1.406645701119778398e-12
1.343491984363446127e-12
1.282906391571184629e-12
1.224743187518311380e-12
1.168868464431690658e-12
1.115159658899891540e-12
1.063504867578710481e-12
1.013802432354272559e-12
9.659600249141855348e-13
9.198939454552825987e-13
8.755287421680991585e-13
8.327963713276574275e-13
7.916354010752177849e-13
7.519904106093318385e-13
7.138115910209114150e-13
6.770544692819126593e-13
6.416790432680080584e-13
6.076488343863103967e-13
5.749304471160511644e-13
5.434934147135524751e-13
5.133101653250953853e-13
4.843551219343706857e-13
4.566035956640777093e-13
4.300314393525325338e-13
4.046150480476199654e-13
3.803316145042854105e-13
3.571585839910296718e-13
3.350726222932943446e-13
3.140493384675889488e-13
2.940633360972976408e-13
2.750884978486372040e-13
2.570980158833456614e-13
2.400639804015539341e-13
2.239573134525068819e-13
2.087478792614676351e-13
1.944046455227315730e-13
1.808959065103292497e-13
1.681894029204342279e-13
1.562524764223032173e-13
1.450522473685689703e-13
1.345557468272262329e-13
1.247300805671135188e-13
1.155426231739410720e-13
1.069611865329787060e-13
9.895415772754469079e-14
9.149059804730693108e-14
8.454032917928098111e-14
7.807404626818887093e-14
7.206341013771138753e-14
6.648110353794571590e-14
6.130086495965909556e-14
5.649750508312785891e-14
5.204694044164168733e-14
4.792621966288704756e-14
4.411352196930273159e-14
4.058814332636976178e-14
3.733047037514577052e-14
3.432196383155220747e-14
3.154514381305983108e-14
2.898355882773353771e-14
2.662174899959800765e-14
2.444520354195942780e-14
2.244032292375542482e-14
2.059438626306931543e-14
1.889551114657000659e-14
1.733261121609828806e-14
1.589535229013754836e-14
1.457411097289826027e-14
1.335993858097325337e-14
1.224452289868676264e-14
1.122014964406517534e-14
1.027966470355363558e-14
9.416438159572538328e-15
8.624332407634797614e-15
7.897670400996136799e-15
7.231204364288846277e-15
6.620086049893804904e-15
6.059838485457855413e-15
5.546330633877647578e-15
5.075753244319138787e-15
4.644595564022968738e-15
4.249623409885531544e-15
3.887858411889151002e-15
3.556559346144983159e-15
3.253204769776036490e-15
2.975476295620335230e-15
2.721242920201499023e-15
2.488546497932644865e-15
2.275588215445459785e-15
2.080716021455421098e-15
1.902412944174439654e-15
1.739286309994202445e-15
1.590057551481950245e-15
1.453553454706531409e-15
1.328698460732863177e-15
1.214507078883673684e-15
1.110076984205486941e-15
1.014582924854436306e-15
9.272700767475773335e-16
8.474468700813326109e-16
7.744791937008387423e-16
7.077852192407709609e-16
6.468304280159861507e-16
5.911236953183905272e-16
5.402146427103886200e-16
4.936907625754879757e-16
4.511745138630815035e-16
4.123206642856914213e-16
3.768136777273296284e-16
3.443651903557589045e-16
3.147119368504490082e-16
2.876141644554378224e-16
2.628528375321035360e-16
2.402278822547324923e-16
2.195557139930539068e-16
2.006694958225983730e-16
1.834156968386420332e-16
1.676542772105997127e-16
1.532580958558697801e-16
1.401096935073647796e-16
1.281024102054881939e-16
1.171388710547337999e-16
1.071301573343239120e-16
9.799490144216974184e-17
8.965835592429271734e-17
8.205204905105794034e-17
7.511160769995475112e-17
6.877775780256233934e-17
6.299612194884347837e-17
5.771677721375684582e-17
5.289462935447030768e-17
4.848883835117186314e-17
4.446225212292552922e-17
