# bin_2_4
3.488855824865472152e-11
3.507943837549272791e-11
3.527723816845959215e-11
3.548215500641601338e-11
3.569460360164178211e-11
3.591492032546312218e-11
3.614319520834970345e-11
3.637967589734756619e-11
3.662459693103803912e-11
3.687824607294319850e-11
3.714113030828492819e-11
3.741336505049824598e-11
3.769523613418906402e-11
3.798700404506005508e-11
3.828911970758455813e-11
3.860187775152404253e-11
3.892554162878700963e-11
3.926044101908086402e-11
3.960702139386147874e-11
3.996556465021346658e-11
4.033641916742266837e-11
4.071998503297113527e-11
4.111664866625319282e-11
4.152675776898545766e-11
4.195071974683700821e-11
4.238894931951538082e-11
4.284182421965724660e-11
4.330976992637543243e-11
4.379319889300068827e-11
4.429252342454458692e-11
4.480816785064626603e-11
4.534054152320744494e-11
4.589006494038957944e-11
4.645713612816484541e-11
4.704216134105377221e-11
4.764552726634019657e-11
4.826757154554096716e-11
4.890865597435986503e-11
4.956907917271977222e-11
5.024909647659741219e-11
5.094896111556641514e-11
5.166884470997833433e-11
5.240887663847041333e-11
5.316916481257939919e-11
5.394974613844004977e-11
5.475063371945942294e-11
5.557181347482784551e-11
5.641324649917551960e-11
5.727487963291260434e-11
5.815664377911044932e-11
5.905845062628658958e-11
5.998019619872956635e-11
6.092174136311794072e-11
6.188289709143302523e-11
6.286338098486882130e-11
6.386278275900427315e-11
6.488048636075296452e-11
6.591562566746751183e-11
6.696704053220175033e-11
6.803327864774465400e-11
6.911261489746836354e-11
7.020310335983916832e-11
7.130267478436492437e-11
7.240927722609714263e-11
7.352104293010451418e-11
7.463638753897340193e-11
7.575400092021945046e-11
7.687276416947792851e-11
7.799157257651924091e-11
7.910903744763670347e-11
8.022314704551877592e-11
8.133112063186034686e-11
8.242948254896738792e-11
8.351426461162921980e-11
8.458135023952738556e-11
8.562680439409423692e-11
8.664691643538344846e-11
8.763808910051475768e-11
8.859664484424002150e-11
8.951869030405968762e-11
9.040017303520710325e-11
9.123699512828828477e-11
9.202511003306137415e-11
9.276056990530856807e-11
9.343953651121516345e-11
9.405828896024499910e-11
9.461326405528357638e-11
9.510114859548408230e-11
9.551898192213141810e-11
9.586414783592034633e-11
9.613429056186380424e-11
9.632733364138085128e-11
9.644173234592915199e-11
9.647699889297119627e-11
9.643371044468871016e-11
9.631272978895337167e-11
9.611443929877540288e-11
9.584048852479728143e-11
9.549795064938211970e-11
9.509396388301366060e-11
9.462981867254197466e-11
9.410952524555459008e-11
9.353886108108642418e-11
9.292262055654478512e-11
9.226605110579789638e-11
9.157415501904641640e-11
9.085128898765469381e-11
9.010122787150292246e-11
8.932652508434558494e-11
8.852810768455561384e-11
8.770576368044324726e-11
8.685740857222153784e-11
8.597944892641872554e-11
8.506727266772548290e-11
8.411532627399351534e-11
8.311780767436482374e-11
8.206909707081655715e-11
8.096423787511825647e-11
7.979989593317619139e-11
7.857489365518717765e-11
7.729063634886372469e-11
7.595142832909521921e-11
7.456415568524147295e-11
7.313769029041653756e-11
7.168242775651655376e-11
7.020877326384377570e-11
6.872630884221167928e-11
6.724288431406930137e-11
6.576443324889773596e-11
6.429502395147878434e-11
6.283727575683832048e-11
6.139321223586726902e-11
5.996531400302809836e-11
5.855696597152068441e-11
5.717206121311924176e-11
5.581411162000043322e-11
5.448512413938107732e-11
5.318461878940033449e-11
5.190955430450102852e-11
5.065524713601183365e-11
4.941677971551277842e-11
4.819061017453429537e-11
4.697528374580726249e-11
4.577093718752966949e-11
4.457808321609854511e-11
4.339638390007884383e-11
4.222450894225190016e-11
4.106110427893153456e-11
3.990572285068691428e-11
3.875901070586487014e-11
3.762218482641168580e-11
3.649656667899421562e-11
3.538394450564412853e-11
3.428753809598295492e-11
3.321254875666133108e-11
3.216535468679216234e-11
3.115219443552239624e-11
3.017786196661228231e-11
2.924474302203288474e-11
2.835172452292498236e-11
2.749342588347329362e-11
2.666123875609935285e-11
2.584545833318992278e-11
2.503803251359524320e-11
2.423499575731350446e-11
2.343717379898884174e-11
2.265035103545850220e-11
2.188326175601974592e-11
2.114409440663198755e-11
2.043730194857201250e-11
1.976156828376644679e-11
1.911011963669135416e-11
1.847338301075774550e-11
1.784285649575681970e-11
1.721464745480519931e-11
1.659068552667292604e-11
1.597727525942537254e-11
1.538182021771620872e-11
1.480946529402929080e-11
1.426146481428230730e-11
1.373598921973601956e-11
1.323063853544930599e-11
1.274404692163486958e-11
1.227578332547466104e-11
1.182646014784674846e-11
1.139559784436582001e-11
1.098024949254882561e-11
1.057588037697511160e-11
1.017887019418665820e-11
9.788225081800414758e-12
9.405126601300562979e-12
9.031560962834296573e-12
8.670094310128195234e-12
8.323190821534330804e-12
7.991738327101325397e-12
7.674563852326530056e-12
7.368967559281389405e-12
7.071164339498879539e-12
6.777499336552295952e-12
6.486360728566878991e-12
6.198728614766392675e-12
5.917759750001649390e-12
5.647441648795986273e-12
5.390247207659501003e-12
5.146022819028858952e-12
4.912220728571835213e-12
4.685726310454847593e-12
4.465710597195887516e-12
4.253761367287084259e-12
4.051572068835327693e-12
3.858924750534796293e-12
3.673530118950883989e-12
3.493146073680417177e-12
3.317660051358824143e-12
3.148631116873897546e-12
2.987020388510056342e-12
2.832651401721426723e-12
2.685634595240643041e-12
2.546580386387952663e-12
2.415464360021338333e-12
2.291102703426666112e-12
2.172229513451195550e-12
2.058373883094887276e-12
1.949397484631049978e-12
1.845312899729874233e-12
1.746414314338016619e-12
1.652907691200181585e-12
1.564565144045510971e-12
1.480922999451298576e-12
1.401478679434245304e-12
1.325871109726542287e-12
1.253971401518816451e-12
1.185802478340610173e-12
1.121336934682478840e-12
1.060387432223869684e-12
1.002675006501209330e-12
9.479803217137129573e-13
8.961912772577103889e-13
8.472287962493106972e-13
8.009622088622054898e-13
7.572314204095271726e-13
7.158966435593104232e-13
6.768419407434060592e-13
6.399542453462644498e-13
6.051122869593878320e-13
5.722013440749708017e-13
5.411135890521812504e-13
5.117447838972745536e-13
4.839945505625852466e-13
4.577682516710442593e-13
4.329739822426773680e-13
4.095258136277608804e-13
3.873429606453844647e-13
3.663490897044487294e-13
3.464723815818355371e-13
3.276463936790092946e-13
3.098080371993843170e-13
2.928990597623341439e-13
2.768665406346376668e-13
2.616617921016835884e-13
2.472393548183364012e-13
2.335564076938741139e-13
2.205731861710862171e-13
2.082540589637709419e-13
1.965663956683703547e-13
1.854793767788068485e-13
1.749637084681672202e-13
1.649916068805738871e-13
1.555373203485707895e-13
1.465767462846785801e-13
1.380868104815780515e-13
1.300454245215139776e-13
1.224313800565889871e-13
1.152243870761679528e-13
1.084050385929895311e-13
1.019546868349817015e-13
9.585546946228498261e-14
9.009026295972800171e-14
8.464261348208354809e-14
7.949672088041732554e-14
7.463743184136994816e-14
7.005025596031455987e-14
6.572135842533131267e-14
6.163749361018823304e-14
5.778597737915058058e-14
5.415468982089785589e-14
5.073207563483262087e-14
4.750714218057031281e-14
4.446941161464217727e-14
4.160888839289583132e-14
3.891606162217955212e-14
3.638189964218714275e-14
3.399783937351770391e-14
3.175574944399867622e-14
2.964789704435798177e-14
2.766694792320320208e-14
2.580596214167851986e-14
2.405837860856840414e-14
2.241798012562438089e-14
2.087885960605239833e-14
1.943541363412266691e-14
1.808234135056637378e-14
1.681463442877876763e-14
1.562754874518050471e-14
1.451657327614306905e-14
1.347741594929240394e-14
1.250600016289411693e-14
1.159846097955321931e-14
1.075113166528592788e-14
9.960524573908997825e-15
9.223317533124725188e-15
8.536347156965235213e-15
7.896605058214574705e-15
7.301232955405551003e-15
6.747515111561371615e-15
6.232870645418102325e-15
5.754847978129420276e-15
5.311120458478980057e-15
4.899482631412860935e-15
4.517846398837209260e-15
4.164236364449229012e-15
3.836785751332202016e-15
3.533732093477740191e-15
3.253413081656022550e-15
2.994262941529777733e-15
2.754808287373875935e-15
2.533664322223790852e-15
2.329530861169465045e-15
2.141188334470639913e-15
1.967494358492525811e-15
1.807380003021248713e-15
1.659846184411814106e-15
1.523959961833487500e-15
1.398850764697014009e-15
1.283707147453027503e-15
1.177773550382910281e-15
1.080347097022685335e-15
9.907744375194851745e-16
9.084486192383625388e-16
8.328062731064860244e-16
7.633248736244249369e-16
6.995202112724683725e-16
6.409439861866668841e-16
5.871812969110709323e-16
5.378484076398895365e-16
4.925908223194030488e-16
4.510812480335456763e-16
4.130175008590666766e-16
3.781206729278267274e-16
3.461334731535873644e-16
3.168186024887601560e-16
2.899572913522447814e-16
2.653480735275308358e-16
2.428055158809483504e-16
2.221589993456898017e-16
2.032516845550865335e-16
1.859402607462132088e-16
1.700970104194019076e-16
1.556030412209799015e-16
1.423466673455621804e-16
1.302265927209360471e-16
1.191497722703426372e-16
1.090304692072762356e-16
9.979071075120835066e-17
9.135529471195694728e-17
8.365640913984659717e-17
7.663156836486076429e-17
7.022399839967491348e-17
6.438025897559499106e-17
5.905078554886853744e-17
5.419037681434686285e-17
4.975747805203758133e-17
4.571477196210425088e-17
4.202644970615368879e-17
3.865974542829139990e-17
3.558580053827793270e-17
3.277724138894328867e-17
3.021010567865732781e-17
2.786288699665469825e-17
2.571644239750306667e-17
2.375355744050919309e-17
2.195884626735042396e-17
2.031821336943590488e-17
1.881857932104470592e-17
1.744763174194559207e-17
1.619386876616253122e-17
1.504676827506640773e-17
1.399725105091062022e-17
1.303779560496459786e-17
1.216274319107079777e-17
1.136751934393840172e-17
1.064776274384532162e-17
9.998514152122715628e-18
9.412835566113696090e-18
8.882665974340723803e-18
8.400129914664723208e-18
7.958835757376097764e-18
7.554600217962303395e-18
7.184624584608354123e-18
6.846538704623262883e-18
