# bin_4_1
4.433882095201608960e-10
4.457496006988784506e-10
4.481983138664064633e-10
4.507374460470387352e-10
4.533702056333837136e-10
4.560997874833792958e-10
4.589292778893880082e-10
4.618617968212391016e-10
4.649005007574962516e-10
4.680487000392686946e-10
4.713100338107875070e-10
4.746882769402314429e-10
4.781873326788908744e-10
4.818111442072789530e-10
4.855636614913946448e-10
4.894489312784631514e-10
4.934709847650653997e-10
4.976339423953902962e-10
5.019419431288729989e-10
5.063992253222137214e-10
5.110100799798271545e-10
5.157788463808670616e-10
5.207098756510448214e-10
5.258076488317681085e-10
5.310767576586549689e-10
5.365217963889542846e-10
5.421472767934581532e-10
5.479578868048854793e-10
5.539583856753043171e-10
5.601531025233211070e-10
5.665461016059278052e-10
5.731419562072090690e-10
5.799464534573072014e-10
5.869649677200736345e-10
5.942002491480109511e-10
6.016550297699750886e-10
6.093367205997766223e-10
6.172529770318771826e-10
6.254040472062730440e-10
6.337918466172341426e-10
6.424281399730257540e-10
6.513171809049720185e-10
6.604556707570606747e-10
6.698560057804824301e-10
6.795247109602832155e-10
6.894566872051562209e-10
6.996663852557932482e-10
7.101545695037454635e-10
7.209216328878453557e-10
7.319790417362324120e-10
7.433217407844508092e-10
7.549595195432675498e-10
7.668895760604424379e-10
7.791174492561455379e-10
7.916420280564151915e-10
8.044671354414373116e-10
8.175921024507153121e-10
8.310204931419353367e-10
8.447538454437424553e-10
8.587955903078193130e-10
8.731506419756848965e-10
8.878240464103009318e-10
9.028228723124385708e-10
9.181558596574859377e-10
9.338321973457070216e-10
9.498621554382792178e-10
9.662562660145102821e-10
9.830246803130044673e-10
1.000176220461607177e-09
1.017720478706706778e-09
1.035666262367054136e-09
1.054019741133294231e-09
1.072785459783277454e-09
1.091967930647631947e-09
1.111572568364537154e-09
1.131607356747756832e-09
1.152081443304580778e-09
1.173009225534084286e-09
1.194394342858806865e-09
1.216236350598549344e-09
1.238536565237160795e-09
1.261308681088457783e-09
1.284586419132463916e-09
1.308414449577018718e-09
1.332834498665170193e-09
1.357857431961197701e-09
1.383464677662220354e-09
1.409636153574013663e-09
1.436352961778669370e-09
1.463596235425577468e-09
1.491341224690729079e-09
1.519548478026038770e-09
1.548169632084344231e-09
1.577178413930699898e-09
1.606566343340792033e-09
1.636329869934253942e-09
1.666474907121532536e-09
1.697073514774691156e-09
1.728255169161300874e-09
1.760023866200224427e-09
1.792198323114598708e-09
1.824704374370078869e-09
1.857588002106205508e-09
1.890780981608846213e-09
1.924198989096386536e-09
1.957875195575705365e-09
1.991784695963270279e-09
2.025895221562163271e-09
2.060195754821118254e-09
2.094660148571930915e-09
2.129262366684568864e-09
2.163943542089568580e-09
2.198642338745928689e-09
2.233282236913956655e-09
2.267783071044989289e-09
2.302058499593023982e-09
2.336051736297729736e-09
2.369745444439025016e-09
2.403130737814090591e-09
2.436173196455582837e-09
2.468800121841110185e-09
2.500905739783635450e-09
2.532365696488505274e-09
2.563050446535674427e-09
2.592861128300761690e-09
2.621755346724902047e-09
2.649703684557116164e-09
2.676612644304499530e-09
2.702316702089160456e-09
2.726629454384060507e-09
2.749400579769040561e-09
2.770550739383083426e-09
2.790030658132295840e-09
2.807750226364612696e-09
2.823552915215933528e-09
2.837266773764984884e-09
2.848776396321691856e-09
2.858023540452522464e-09
2.864952811889371533e-09
2.869471790086332768e-09
2.871451884586905243e-09
2.870789448901811857e-09
2.867435603921981768e-09
2.861363623121213972e-09
2.852533878231233274e-09
2.840895744008130158e-09
2.826441337710309249e-09
2.809221055899530574e-09
2.789312441327508116e-09
2.766788025112635021e-09
2.741743990494850333e-09
2.714324646762063142e-09
2.684693668550111797e-09
2.653001926715090792e-09
2.619398972664384771e-09
2.584045933468238286e-09
2.547097059738349286e-09
2.508688507671221598e-09
2.468956524218769116e-09
2.428045523496455645e-09
2.386096965207596159e-09
2.343255954001909713e-09
2.299681616805379922e-09
2.255532816624687975e-09
2.210944816911640723e-09
2.166003861921976070e-09
2.120750379577887851e-09
2.075175540946739074e-09
2.029198733045991185e-09
1.982684421590900616e-09
1.935473415970874861e-09
1.887406237736197742e-09
1.838365087404498500e-09
1.788299758552923292e-09
1.737245359383186288e-09
1.685330975426168736e-09
1.632779162049475214e-09
1.579896521456023684e-09
1.527057030278064107e-09
1.474671560357499351e-09
1.423142653348064738e-09
1.372797963680371459e-09
1.323818501490548468e-09
1.276210598831892416e-09
1.229858541458662535e-09
1.184568245083246540e-09
1.140123603691641208e-09
1.096404859586653295e-09
1.053446293616603554e-09
1.011400839080590467e-09
9.704616812481626201e-10
9.307911299647353433e-10
8.924984368903018046e-10
8.556118901386401733e-10
8.200568811451081193e-10
7.856866897473686417e-10
7.523322761378925302e-10
7.198400305351185416e-10
6.881543698170863514e-10
6.573924593306786802e-10
6.277922768831924302e-10
5.995757747353964085e-10
5.728211915567438003e-10
5.473993823355470659e-10
5.230540248285724109e-10
4.995606479956949296e-10
4.768349808629294477e-10
4.549532798131829097e-10
4.340460495403213072e-10
4.141596556945554966e-10
3.952333198913833197e-10
3.771608948789710938e-10
3.598695387690554050e-10
3.433515554553693458e-10
3.276095077295266420e-10
3.126029595518681705e-10
2.982813163961417455e-10
2.846298841149306339e-10
2.716400737193546101e-10
2.592738038961410881e-10
2.474868441925301686e-10
2.362572406351298277e-10
2.255738421256402928e-10
2.154088586244759797e-10
2.057294135500246369e-10
1.965166141783109890e-10
1.877507714216187245e-10
1.794063335427755489e-10
1.714631902148523460e-10
1.639029602584587606e-10
1.567042865263158870e-10
1.498480785219642986e-10
1.433171594564599729e-10
1.370934931172643114e-10
1.311601712244055871e-10
1.255013648328718658e-10
1.201014022464097365e-10
1.149453355086487162e-10
1.100190572822592058e-10
1.053090777001233050e-10
1.008026305048816129e-10
9.648760982771828368e-11
9.235249059654537666e-11
8.838639161155167004e-11
8.457915039160368478e-11
8.092130930072419001e-11
7.740405990912208964e-11
7.401920765192122376e-11
7.075916024199978186e-11
6.761696464849548665e-11
6.458630656749739886e-11
6.166147451970999982e-11
5.883733721915038288e-11
5.610930971517612718e-11
5.347332117545960795e-11
5.092579529289151180e-11
4.846363217994273415e-11
4.608419379405643096e-11
4.378525802378505590e-11
4.156492327842637843e-11
3.942155149015704047e-11
3.735375807532816882e-11
3.536038994599958827e-11
3.344048577470630221e-11
3.159318500924465549e-11
2.981765597021198306e-11
2.811308939801942929e-11
2.647867535554038280e-11
2.491357733308209805e-11
2.341690220359759606e-11
2.198766122886205411e-11
2.062476599574910317e-11
1.932702061259402689e-11
1.809311193617807748e-11
1.692161682392371214e-11
1.581100354923470042e-11
1.475963666181188508e-11
1.376578457342203681e-11
1.282762574367587333e-11
1.194326224800060816e-11
1.111073561686788387e-11
1.032803960036572274e-11
9.593133289984657314e-12
8.903953719329423224e-12
8.258428623436729611e-12
7.654490521093564364e-12
7.090088201087940318e-12
6.563196448774863637e-12
6.071825500079900695e-12
5.614029258725627007e-12
5.187913279805734502e-12
4.791640915918110310e-12
4.423437389424914805e-12
4.081593580190804138e-12
3.764468814888617440e-12
3.470493164170701572e-12
3.198168851062456179e-12
2.946070233010555907e-12
2.712843586104904594e-12
2.497206404697706485e-12
2.297946332389589545e-12
2.113919793823926870e-12
1.944049895897109768e-12
1.787324248374323051e-12
1.642792688503878031e-12
1.509564842722858219e-12
1.386807671006740251e-12
1.273742745200977739e-12
1.169643531358813904e-12
1.073832762363867658e-12
9.856798007542566264e-13
9.045980950028047336e-13
8.300426095965076560e-13
7.615073119980735464e-13
6.985228051366597691e-13
6.406540273960325493e-13
5.874980722948065489e-13
5.386820766755367954e-13
4.938611877210548874e-13
4.527166686385316661e-13
4.149540953569918108e-13
3.803016635876664776e-13
3.485085851486955776e-13
3.193435635709388515e-13
2.925933813495174930e-13
2.680615727205295116e-13
2.455671852013234659e-13
2.249436222390093199e-13
2.060375521922599278e-13
1.887079022885555723e-13
1.728249214865848615e-13
1.582693110148927298e-13
1.449314165658919749e-13
1.327104725877823686e-13
1.215139044098921598e-13
1.112567651657797433e-13
1.018609403173720476e-13
9.325466914956815914e-14
8.537213917686321434e-14
7.815294701521175605e-14
7.154166446690552171e-14
6.548750678627847888e-14
5.994388131484857093e-14
5.486790103298430323e-14
5.022035759126135060e-14
4.596531101783437532e-14
4.206987263327034291e-14
3.850387463255532695e-14
3.523950910872232769e-14
3.225138999802775036e-14
2.951626656023503649e-14
2.701289846663832948e-14
2.472162675627940532e-14
2.262455278209665334e-14
2.070533262426024516e-14
1.894892589751567347e-14
1.734152106461507219e-14
1.587053115288343505e-14
1.452441282825420029e-14
1.329254093910167465e-14
1.216524528430712639e-14
1.113364635849688751e-14
1.018960726392190564e-14
9.325709861958491417e-15
8.535136575876522196e-15
7.811664792080494751e-15
7.149597471769009259e-15
6.543720753181782527e-15
5.989265247877380863e-15
5.481869116427460605e-15
5.017536847007626998e-15
4.592624073956954035e-15
4.203778366304625407e-15
3.847958532433040088e-15
3.522356443034211633e-15
3.224406670921558823e-15
2.951791803778051163e-15
2.702343567517185528e-15
2.474098973265803978e-15
2.265264861110860876e-15
2.074200522073156007e-15
1.899388191915817158e-15
1.739450592104644397e-15
1.593128579907970870e-15
1.459271952936151125e-15
1.336830219795527679e-15
1.224842937346032952e-15
1.122430451707009502e-15
1.028785291289242437e-15
9.431646972712276440e-16
8.648850046484328474e-16
7.933226975625289102e-16
7.278973464582030129e-16
6.680718589212965974e-16
6.133636994125837948e-16
5.633334887565258400e-16
5.175850313157298652e-16
4.757723307847391195e-16
4.375719736911407393e-16
4.026780277426376675e-16
