# bin_1_3
8.300339341778755471e-12
8.351139829823456756e-12
8.403896223641115937e-12
8.458681780428085070e-12
8.515572342106856780e-12
8.574646374132817802e-12
8.635985062421323145e-12
8.699672509080135720e-12
8.765795699466465688e-12
8.834444567702387547e-12
8.905712245827440590e-12
8.979695070479483984e-12
9.056492634138706974e-12
9.136208030589750107e-12
9.218947924005858984e-12
9.304822565347415165e-12
9.393946197654947205e-12
9.486436880501705814e-12
9.582416946832778883e-12
9.682013020055247169e-12
9.785356227652669331e-12
9.892582529483334756e-12
1.000383279935724209e-11
1.011925324681351285e-11
1.023899574186743190e-11
1.036321812072457086e-11
1.049208458569968429e-11
1.062576562363268718e-11
1.076443874963370299e-11
1.090828743785808832e-11
1.105750211818177003e-11
1.121227870719710102e-11
1.137281970387053099e-11
1.153933196891468042e-11
1.171202755292493157e-11
1.189112150207063823e-11
1.207683103030989584e-11
1.226937426380835930e-11
1.246896764999802756e-11
1.267582349517117606e-11
1.289014763651238049e-11
1.311213609594257497e-11
1.334196991614991537e-11
1.357980769164298494e-11
1.382579179071662754e-11
1.408006857765481819e-11
1.434289184315133019e-11
1.461457788542033557e-11
1.489539949138992410e-11
1.518563417086378248e-11
1.548557190807578624e-11
1.579548904986634736e-11
1.611565334642505930e-11
1.644631453912292293e-11
1.678769331397345931e-11
1.713997890238250232e-11
1.750332305683415484e-11
1.787783558227910776e-11
1.826358427100093602e-11
1.866060247741466268e-11
1.906889436268118450e-11
1.948845240714907687e-11
1.991931186067730483e-11
2.036160591992321795e-11
2.081553884157189927e-11
2.128145762952932470e-11
2.175987047353099643e-11
2.225136069827904207e-11
2.275659404293947789e-11
2.327620600930667687e-11
2.381072218097417040e-11
2.436049192354067168e-11
2.492566446687144515e-11
2.550618240258531831e-11
2.610181513629456234e-11
2.671220076386588285e-11
2.733685370103318322e-11
2.797514995796592376e-11
2.862631133954021775e-11
2.928947118324835333e-11
2.996391958006755155e-11
3.064944407866968525e-11
3.134649486318242646e-11
3.205573242082378941e-11
3.277718471055540196e-11
3.350971371413450881e-11
3.425141872166587602e-11
3.500043476364929683e-11
3.575540068164338121e-11
3.651551654658928747e-11
3.728046989959383102e-11
3.805016976396358087e-11
3.882419433046965270e-11
3.960104073669302178e-11
4.037828686032621116e-11
4.115382463351976146e-11
4.192600892301631101e-11
4.269299841076955778e-11
4.345277159268680549e-11
4.420323485283380247e-11
4.494218780814647363e-11
4.566734535953085562e-11
4.637642397253343817e-11
4.706711625765229282e-11
4.773704378508194719e-11
4.838411916283411427e-11
4.900594760462061863e-11
4.959988320096102788e-11
5.016363615179245990e-11
5.069486225035848790e-11
5.119127189967273427e-11
5.165055799739899160e-11
5.207047182386125443e-11
5.244893541146947618e-11
5.278401443981746474e-11
5.307412576412082863e-11
5.331797171404922834e-11
5.351480199939379059e-11
5.366486120555429838e-11
5.376982584861496375e-11
5.383078046565110338e-11
5.384809934231145634e-11
5.382376539402123905e-11
5.375950260309870983e-11
5.365705864046616708e-11
5.351866920540654996e-11
5.334699930044800068e-11
5.314479888634930782e-11
5.291483650962386346e-11
5.265974989123632191e-11
5.238197212666232730e-11
5.208352572857816509e-11
5.176592840176581212e-11
5.143009115761718282e-11
5.107625405004459717e-11
5.070401237003362407e-11
5.031235253396405818e-11
4.989978512638326064e-11
4.946453518119797509e-11
4.900472401906859270e-11
4.851858662715307846e-11
4.800469345535250063e-11
4.746218553917347239e-11
4.689091738546108460e-11
4.629153527841684821e-11
4.566550732312206679e-11
4.501500628887035548e-11
4.434270896204636736e-11
4.365165896993770436e-11
4.294520966181121173e-11
4.222702762058439831e-11
4.150101171661229213e-11
4.077116679850453501e-11
4.004153626733570039e-11
3.931604102237265258e-11
3.859810152081920599e-11
3.789007659020133165e-11
3.719266195612316236e-11
3.650443716393206156e-11
3.582178276000221832e-11
3.513941793856059231e-11
3.445148028072637457e-11
3.375274011098423625e-11
3.303976630584201535e-11
3.231177208505698360e-11
3.157083458402933080e-11
3.082140497341953973e-11
3.006931836538063671e-11
2.932053185351272943e-11
2.857989022664983136e-11
2.785028830470964117e-11
2.713227775470175508e-11
2.642436465365022704e-11
2.572392082872803858e-11
2.502859301728776643e-11
2.433761640815263456e-11
2.365226111738882954e-11
2.297538468769065672e-11
2.231065645966538669e-11
2.166146173112758824e-11
2.102979112221454567e-11
2.041553680697215780e-11
1.981654931386820401e-11
1.922964581531099697e-11
1.865177015872070740e-11
1.808139191705970131e-11
1.751959533865049587e-11
1.696940006744571895e-11
1.643377659382917521e-11
1.591306225936314022e-11
1.540364460451815443e-11
1.489874033835749406e-11
1.439146270381154254e-11
1.387854789921798319e-11
1.336213188318691187e-11
1.284814404511346056e-11
1.234266524047239480e-11
1.184919944896507722e-11
1.136881299839598210e-11
1.090240282601890000e-11
1.045244852302875177e-11
1.002252319427565229e-11
9.614928997137223154e-12
9.229338739960280720e-12
8.862763682187544193e-12
8.510725194611713261e-12
8.168852659762937502e-12
7.833922986721961018e-12
7.504088746308720927e-12
7.178661958140383306e-12
6.858293423837096958e-12
6.545471077970095985e-12
6.244000288788015751e-12
5.957261774388545322e-12
5.686740462260443491e-12
5.431718778186512474e-12
5.189610534038130840e-12
4.956891882927026671e-12
4.730692612028707993e-12
4.509927485515334927e-12
4.295395532543451276e-12
4.088989597848902781e-12
3.892280261196340535e-12
3.705588487077967545e-12
3.527928606938737817e-12
3.357673476520004714e-12
3.193726992286646456e-12
3.036000787819223901e-12
2.884885383326559176e-12
2.740595467390463903e-12
2.602909482714919665e-12
2.471402178176619722e-12
2.345810259390693739e-12
2.226026352092744605e-12
2.111815697369425625e-12
2.002839350554382671e-12
1.898986026462829227e-12
1.800254798486151308e-12
1.706463227951215055e-12
1.617277681089926845e-12
1.532478214782361277e-12
1.452009472777307421e-12
1.375718243674376703e-12
1.303352281114838162e-12
1.234741454288707593e-12
1.169761393550692338e-12
1.108230808595242299e-12
1.049976980718470833e-12
9.948548036575413348e-13
9.427101615824870860e-13
8.933876309403564071e-13
8.467478613025849571e-13
8.026524351224754291e-13
7.609665348135556274e-13
7.215612009573424025e-13
6.843125096071163249e-13
6.491009172174612706e-13
6.158122737257925657e-13
5.843377293339856690e-13
5.545731263309802711e-13
5.264188022172116953e-13
4.997797371298177603e-13
4.745655334470764360e-13
4.506905408427685544e-13
4.280736011872670357e-13
4.066378076864675617e-13
3.863105098578923684e-13
3.670232808611205645e-13
3.487118849745036552e-13
3.313161785338955221e-13
3.147798526126744630e-13
2.990503022274652089e-13
2.840785456055374214e-13
2.698190719819349296e-13
2.562297096456174018e-13
2.432714138540030690e-13
2.309080861009247956e-13
2.191064671703273364e-13
2.078359445863420589e-13
1.970683656285783518e-13
1.867778819739453031e-13
1.769407945962019348e-13
1.675354481642215520e-13
1.585420268753789539e-13
1.499423344247000796e-13
1.417196715714999545e-13
1.338587320968838556e-13
1.263455509814299985e-13
1.191673091985426933e-13
1.123120759741356823e-13
1.057686977906692660e-13
9.952672170963787330e-14
9.357639175308908316e-14
8.790853608926068384e-14
8.251433594768073355e-14
7.738523421546537690e-14
7.251287090130881086e-14
6.788906125005263768e-14
6.350577758033267715e-14
5.935505427869909854e-14
5.542895891862881608e-14
5.171957188283582958e-14
4.821895103197715969e-14
4.491913761141770462e-14
4.181216924786844075e-14
3.889010653789430484e-14
3.614505791167271097e-14
3.356917848226064066e-14
3.115467963810251982e-14
2.889386111899198357e-14
2.677914381567064303e-14
2.480309707571078024e-14
2.295845493115575977e-14
2.123812771038299893e-14
1.963522283148407364e-14
1.814306422837815981e-14
1.675520515106676994e-14
1.546543689644844139e-14
1.426779246228665081e-14
1.315655287647100535e-14
1.212625311688893809e-14
1.117168284409339254e-14
1.028788558974909650e-14
9.470154755622629964e-15
8.714029869653467744e-15
8.015293315129240190e-15
7.369963966801851815e-15
6.774290466563515799e-15
6.224743362253972465e-15
5.718006965027073464e-15
5.250971925909645623e-15
4.820726296394389371e-15
4.424546554773325069e-15
4.059888567883729998e-15
3.724378356960927054e-15
3.415803624891847314e-15
3.132104873061540443e-15
2.871366684803106787e-15
2.631809465227082053e-15
2.411781258443168494e-15
2.209750138660865658e-15
2.024296603341052336e-15
1.854106175717892184e-15
1.697962568889285044e-15
1.554741080384276924e-15
1.423402466189979090e-15
1.302987092473709266e-15
1.192609313707372315e-15
1.091452256003681144e-15
9.987628468463257567e-16
9.138472219725884605e-16
8.360664202589556707e-16
7.648322653309922623e-16
6.996035792956357760e-16
6.398826657183343440e-16
5.852119852838092128e-16
5.351710384138967269e-16
4.893734567854724432e-16
4.474643060949580580e-16
4.091175338271102464e-16
3.740337172514684418e-16
3.419380753865767923e-16
3.125785425941218139e-16
2.857240594718077236e-16
2.611631144442147238e-16
2.387021980914561179e-16
2.181641019091857114e-16
1.993864955440344835e-16
1.822205832082059168e-16
1.665297342093261836e-16
1.521883714125130737e-16
1.390812217327718900e-16
1.271025529165504510e-16
1.161554482488122163e-16
1.061511966341259726e-16
9.700867835764675507e-17
8.865372684046513920e-17
8.101876199493017501e-17
7.404272817932231087e-17
6.766985055033544970e-17
6.184920967440653946e-17
5.653360492178555831e-17
5.168069043037460531e-17
4.725083741491140503e-17
4.320805211293032505e-17
3.952012386706792138e-17
3.615653685461868119e-17
3.308996263455689146e-17
3.029548896974124731e-17
2.775038598361636412e-17
2.543377462352718251e-17
2.332624819933461478e-17
2.140992775636158265e-17
1.966707873985903271e-17
1.808118257402110425e-17
1.663702198523314958e-17
1.532056317089714356e-17
1.411941951672682278e-17
1.302257903745279522e-17
1.202013556746753084e-17
