# bin_2_1
3.915255352361950700e-10
3.935615329602791574e-10
3.956717244451111889e-10
3.978587210446543516e-10
4.001252894213491118e-10
4.024742050218810709e-10
4.049082765275415320e-10
4.074303734599378929e-10
4.100432126984145241e-10
4.127494714279357971e-10
4.155519127246674933e-10
4.184533720309636400e-10
4.214569736001270713e-10
4.245659640909530938e-10
4.277836418672381488e-10
4.311133001735677118e-10
4.345582146747215188e-10
4.381216866867879379e-10
4.418070464017878459e-10
4.456176788171802821e-10
4.495569827882287542e-10
4.536283519835941070e-10
4.578351688491371864e-10
4.621808736737722458e-10
4.666690485789777502e-10
4.713032926683578806e-10
4.760870889694216924e-10
4.810238432985424453e-10
4.861169143116000091e-10
4.913694333700949857e-10
4.967843433830107272e-10
5.023652943657944439e-10
5.081166365716447164e-10
5.140413054602615296e-10
5.201404819913579080e-10
5.264179771133827759e-10
5.328797097917072104e-10
5.395266980752919347e-10
5.463590603368429520e-10
5.533843788546933507e-10
5.606058747183561880e-10
5.680208821132270143e-10
5.756378878491004501e-10
5.834593474751613257e-10
5.914830225144786390e-10
5.997186087116717634e-10
6.081632164565294508e-10
6.168210972186746580e-10
6.256947018548888166e-10
6.347833265141432329e-10
6.440903426173396246e-10
6.536142189798807101e-10
6.633564847271284486e-10
6.733156848926088130e-10
6.834912627827588437e-10
6.938824080189831550e-10
7.044877791476123505e-10
7.153068895085331053e-10
7.263394224550940790e-10
7.375857764824454154e-10
7.490475595458215966e-10
7.607271746041564892e-10
7.726283753736551095e-10
7.847561719403472238e-10
7.971164041681683013e-10
8.097156173855709780e-10
8.225604415925179936e-10
8.356566775035771661e-10
8.490106389368415141e-10
8.626287182539187484e-10
8.765149974843790936e-10
8.906717135001822472e-10
9.051004040014894501e-10
9.198023191559889124e-10
9.347799559109153389e-10
9.500371217685935765e-10
9.655857212452971815e-10
9.814315583896500694e-10
9.975757464354620937e-10
1.014014692548898434e-09
1.030745810487066827e-09
1.047776136175051753e-09
1.065132414306709660e-09
1.082855159767487253e-09
1.100970356584626801e-09
1.119477596882898907e-09
1.138360926231358918e-09
1.157601870398639089e-09
1.177183785471410510e-09
1.197092101575786404e-09
1.217297454547926005e-09
1.237767565531670511e-09
1.258467710538272307e-09
1.279376938100790209e-09
1.300493588931592625e-09
1.321810885882240568e-09
1.343333807456409450e-09
1.365117105654943167e-09
1.387242329792048963e-09
1.409705770845491352e-09
1.432376672606848558e-09
1.455202980978143079e-09
1.478202135429214323e-09
1.501322557069090197e-09
1.524503266022811542e-09
1.547748070406408973e-09
1.571041394484856828e-09
1.594358693441618755e-09
1.617686668515991739e-09
1.641007188273132875e-09
1.664283397211717065e-09
1.687475994311348869e-09
1.710534207252760744e-09
1.733400078529294766e-09
1.756000376385061256e-09
1.778293433085834959e-09
1.800270473766906119e-09
1.821926638496297169e-09
1.843237663339094304e-09
1.864171562602534896e-09
1.884671649138497570e-09
1.904650488106510315e-09
1.924014142643595715e-09
1.942686230661454560e-09
1.960639588526902169e-09
1.977869991360714250e-09
1.994321681189684072e-09
2.009887222011865374e-09
2.024437731193551428e-09
2.037857541126786292e-09
2.050088570088356889e-09
2.061111006995081013e-09
2.070875620053416964e-09
2.079268120962763267e-09
2.086164739754089318e-09
2.091492419644463099e-09
2.095223344095235677e-09
2.097334271226030179e-09
2.097761743025893164e-09
2.096415950494048134e-09
2.093239192945724176e-09
2.088210183695288088e-09
2.081313532478199956e-09
2.072519321878737755e-09
2.061783312513393201e-09
2.049100280769652572e-09
2.034515158176645847e-09
2.018076217501299788e-09
1.999823826393166339e-09
1.979832284897085829e-09
1.958215591561701163e-09
1.935094316534334087e-09
1.910581326288322060e-09
1.884794270999841184e-09
1.857858877156412177e-09
1.829886913981251579e-09
1.800971141079836879e-09
1.771195707552078052e-09
1.740648498216541854e-09
1.709410941451432773e-09
1.677563165976942573e-09
1.645201069203405089e-09
1.612430499670681963e-09
1.579356167651752644e-09
1.546073008832302822e-09
1.512639367074280315e-09
1.479077874485003316e-09
1.445376086028225475e-09
1.411470192407832503e-09
1.377255644600338170e-09
1.342612937078953989e-09
1.307427434670834179e-09
1.271619693199707969e-09
1.235164990441966532e-09
1.198105562525222126e-09
1.160555729831023726e-09
1.122699375511588325e-09
1.084780680047922482e-09
1.047088805660444474e-09
1.009932989820738927e-09
9.736063648974849742e-10
9.383342530669242349e-10
9.042196238236539300e-10
8.712244476663551486e-10
8.392123815328272938e-10
8.079887634604456513e-10
7.773532177572287902e-10
7.471912271297984395e-10
7.175183360000664750e-10
6.884515922653443147e-10
6.601424104760539613e-10
6.327190416675833214e-10
6.062695639723948093e-10
5.808264766500297584e-10
5.563542091807663027e-10
5.327670358142578155e-10
5.099544592256608191e-10
4.878024786374792572e-10
4.662533730263110330e-10
4.453649238808414012e-10
4.252817381445922169e-10
4.061423394161757034e-10
3.879897996615020385e-10
3.707306720988823554e-10
3.541938959498170401e-10
3.382379353314898550e-10
3.228193472028949909e-10
3.079988173301985629e-10
2.938630386916078455e-10
2.804327630964523678e-10
2.676533556437750825e-10
2.554441935083916498e-10
2.437566342194628061e-10
2.325919748130891873e-10
2.219568857202871446e-10
2.118233288279800377e-10
2.021529802738285347e-10
1.929332699529783368e-10
1.841587474344692441e-10
1.758046525830467593e-10
1.678407688776008021e-10
1.602516295257161304e-10
1.530293746959380179e-10
1.461548489575436965e-10
1.396057940117935390e-10
1.333696539556720319e-10
1.274332913518564596e-10
1.217793723556725070e-10
1.163940600515079577e-10
1.112649712642697874e-10
1.063779325922552638e-10
1.017201167821923668e-10
9.727996244010098261e-11
9.304546288314883741e-11
8.900527893212951409e-11
8.514882652503037143e-11
8.146570388211604087e-11
7.794597636761431855e-11
7.458025482653937359e-11
7.135961440702268264e-11
6.827562587475395092e-11
6.532030326124930668e-11
6.248606077021099953e-11
5.976574897178436453e-11
5.715271387452992366e-11
5.464078690014311849e-11
5.222424097588237370e-11
4.989775831336814853e-11
4.765642317914188157e-11
4.549574962214550560e-11
4.341168067146423288e-11
4.140056166981242969e-11
3.945911955055473702e-11
3.758443664188155977e-11
3.577392875594205607e-11
3.402533081335258576e-11
3.233668345785253367e-11
3.070632147064272920e-11
2.913283978120001834e-11
2.761502636080076911e-11
2.615182279584194435e-11
2.474231753187140805e-11
2.338573229317289195e-11
2.208139465199559760e-11
2.082867404648141870e-11
1.962693398882952212e-11
1.847552972757682995e-11
1.737379621957546949e-11
1.632103366149741516e-11
1.531648750498911732e-11
1.435932457359301714e-11
1.344863369460145817e-11
1.258342437152985961e-11
1.176262448270918313e-11
1.098508761442082630e-11
1.024959627535457507e-11
9.554867704403256019e-12
8.899561176794121597e-12
8.282284662291713247e-12
7.701605881277243022e-12
7.156063873604014293e-12
6.644178265829319848e-12
6.164458265630444000e-12
5.715411229508449054e-12
5.295551329390369695e-12
4.903408661298495159e-12
4.537536372978522446e-12
4.196516429085428416e-12
3.878965072513095185e-12
3.583537517489380258e-12
3.308932472417809439e-12
3.053895341194955088e-12
2.817220061424862327e-12
2.597750760541926921e-12
2.394382830114256745e-12
2.206063775415259764e-12
2.031793458029782430e-12
1.870623436429650830e-12
1.721656221763417553e-12
1.584044273854373661e-12
1.456988856392317657e-12
1.339738716539089174e-12
1.231588315365891472e-12
1.131876047278877860e-12
1.039982428584571800e-12
9.553282465709719745e-13
8.773727258115097046e-13
8.056115394949113585e-13
7.395748536726235777e-13
6.788254469302414108e-13
6.229568604598594980e-13
5.715916312029645267e-13
5.243795184164610851e-13
4.809957855120354424e-13
4.411395848846073647e-13
4.045324043787035603e-13
3.709166054643985505e-13
3.400540110641474335e-13
3.117245539117561603e-13
2.857250189679237591e-13
2.618678522846682018e-13
2.399800492273440213e-13
2.199021028398541260e-13
2.014870078288216680e-13
1.845993388210794705e-13
1.691143865147025630e-13
1.549173552085273787e-13
1.419026137985507516e-13
1.299729907694832299e-13
1.190391256965205235e-13
1.090188654380434116e-13
9.983670598833346061e-14
9.142327420447276627e-14
8.371484346688438232e-14
7.665291003084484023e-14
7.018380984737163938e-14
6.425809288106586935e-14
5.883047051849703453e-14
5.385937852032582659e-14
4.930667693970895027e-14
4.513742738161340669e-14
4.131958315644409293e-14
3.782360108390764313e-14
3.462249977494819440e-14
3.169154586380555135e-14
2.900815804240969669e-14
2.655153061794891752e-14
2.430254287527163178e-14
2.224373247598405921e-14
2.035916321613093416e-14
1.863414402671521038e-14
1.705516228175716441e-14
1.560990365449440172e-14
1.428717272312702500e-14
1.307652444590791552e-14
1.196848614853655066e-14
1.095445073421498185e-14
1.002639121700497813e-14
9.177035317931127648e-15
8.399736977696997151e-15
7.688351849345873428e-15
7.037310354150284684e-15
6.441481432093614398e-15
5.896181723690913706e-15
5.397125784039797885e-15
4.940387186400534492e-15
4.522377295362663447e-15
4.139810402494250032e-15
3.789680792678317212e-15
3.469240446522773964e-15
3.175970702752148429e-15
2.907578175927684784e-15
2.661951993111560307e-15
2.437163627121421789e-15
2.231465797433811333e-15
2.043232549280877363e-15
1.870986983697046931e-15
1.713380159522348289e-15
1.569181141515487373e-15
1.437244219890526113e-15
1.316530579396496766e-15
1.206089258737836530e-15
1.105050346705447282e-15
1.012619075787076939e-15
9.280701761346299597e-16
8.507416562462449164e-16
7.800282240901133366e-16
7.153751444859711216e-16
6.562751878206247894e-16
6.022653319842095833e-16
5.529025018938694684e-16
5.077865982832649577e-16
4.665595643354053080e-16
4.288703743523142210e-16
3.944151516811591191e-16
3.629098736063810065e-16
3.341129872480887816e-16
3.078025217849987427e-16
2.837795387831905165e-16
2.618529198704573759e-16
