# bin_4_3
1.394754029422065661e-11
1.403367172616849733e-11
1.412313421518215397e-11
1.421605383764446498e-11
1.431256122992557262e-11
1.441279168928335110e-11
1.451688534394773806e-11
1.462498744413528502e-11
1.473724838234896125e-11
1.485382383471989443e-11
1.497487511906010015e-11
1.510056926699204645e-11
1.523107915614634906e-11
1.536658386574852522e-11
1.550726883464584940e-11
1.565332594980839903e-11
1.580495410641217159e-11
1.596235907261940138e-11
1.612575411494262192e-11
1.629536009526226630e-11
1.647140580914980946e-11
1.665412846012528418e-11
1.684377384041391943e-11
1.704059692152917413e-11
1.724486232770615835e-11
1.745684478955817087e-11
1.767682972481939529e-11
1.790511324748650598e-11
1.814200315991088333e-11
1.838781784340787081e-11
1.864288754319117360e-11
1.890755282010543111e-11
1.918216597490053733e-11
1.946708863554513475e-11
1.976269289979854127e-11
2.006935898009732022e-11
2.038747443418086338e-11
2.071743293613515096e-11
2.105963146893791403e-11
2.141446769731419061e-11
2.178233749933066551e-11
2.216363129031967663e-11
2.255872825451650807e-11
2.296798790184754118e-11
2.339175728403898072e-11
2.383039425624310996e-11
2.428438651025737370e-11
2.475430053459694497e-11
2.524066031876886520e-11
2.574400219352888511e-11
2.626488335238354171e-11
2.680385124238036990e-11
2.736144853580462817e-11
2.793820134024515255e-11
2.853460535500965930e-11
2.915112183615024091e-11
2.978816915362260457e-11
3.044611614148518788e-11
3.112528101272051574e-11
3.182594002514939618e-11
3.254833446117776902e-11
3.329269382901700450e-11
3.405930639445985136e-11
3.484859306946044657e-11
3.566107962381363068e-11
3.649749275983253942e-11
3.735878826111189601e-11
3.824604733186903934e-11
3.916048899237393911e-11
4.010332678595443796e-11
4.107566198794742133e-11
4.207839068903324267e-11
4.311216072210895808e-11
4.417734812641897937e-11
4.527408741950012046e-11
4.640231930296517161e-11
4.756180069437092360e-11
4.875208836130103037e-11
4.997251516452653478e-11
5.122228516925336008e-11
5.250084754620145677e-11
5.380844304951900480e-11
5.514640610463432588e-11
5.651648006454118686e-11
5.791942497429460926e-11
5.935404552439211490e-11
6.081778454038700329e-11
6.230810906976640628e-11
6.382344525126126537e-11
6.536341346466610496e-11
6.692882885027951861e-11
6.852127743769650140e-11
7.014192890613883202e-11
7.178960080359459800e-11
7.346078131851918398e-11
7.515265127572587683e-11
7.686369227208279219e-11
7.859191149410582615e-11
8.033489959533263975e-11
8.209021082097170707e-11
8.385523108385207589e-11
8.562728227258492497e-11
8.740413533719324174e-11
8.918388158090275272e-11
9.096459865838893497e-11
9.274711922254118289e-11
9.452974457918552185e-11
9.630809337622551672e-11
9.808074245503059519e-11
9.984496175744841012e-11
1.015975545095643247e-10
1.033338426721648992e-10
1.050482783675290669e-10
1.067355814902743302e-10
1.083898973985246706e-10
1.100072336538037004e-10
1.115834575611635696e-10
1.131172885651703306e-10
1.146144106693083896e-10
1.160905620914229203e-10
1.175492195607276351e-10
1.189824985411571116e-10
1.203938383391752929e-10
1.217823162679624300e-10
1.231468739564393516e-10
1.244885964751675878e-10
1.258096501771099621e-10
1.271122214658022280e-10
1.283982810874751255e-10
1.296695258850835723e-10
1.309275090040688857e-10
1.321730413922952508e-10
1.334061706199278286e-10
1.346260426120352594e-10
1.358307904441968564e-10
1.370177216961510726e-10
1.381829970373840654e-10
1.393219070432886999e-10
1.404292079777150903e-10
1.414992089791695289e-10
1.425260147675274592e-10
1.435038122104575976e-10
1.444272789542897913e-10
1.452916306014038298e-10
1.460928402515823507e-10
1.468277237926096934e-10
1.474937519891151760e-10
1.480888796818716119e-10
1.486114124589476488e-10
1.490600079507108453e-10
1.494337721774772623e-10
1.497321655113780074e-10
1.499547818629688373e-10
1.501011934279342266e-10
1.501706231792035755e-10
1.501614141932231391e-10
1.500704543325982305e-10
1.498924945363517842e-10
1.496197066184777686e-10
1.492416669606067181e-10
1.487461865284564694e-10
1.481208917649918868e-10
1.473548334461199385e-10
1.464400133135065330e-10
1.453728149300137356e-10
1.441546484057765861e-10
1.427914850249828738e-10
1.412929809947038657e-10
1.396708914942908463e-10
1.379371720676494542e-10
1.361028402329140645e-10
1.341767629242890322e-10
1.321662014880789982e-10
1.300779049127819249e-10
1.279195970447717737e-10
1.257013903171580596e-10
1.234359626495685701e-10
1.211382694879600573e-10
1.188242026040621022e-10
1.165071655984506250e-10
1.141959346732783693e-10
1.118938787611852000e-10
1.095992393954569902e-10
1.073076760538085689e-10
1.050124558438081026e-10
1.027070646214034068e-10
1.003882779902753962e-10
9.805304257068064001e-11
9.569523816622058108e-11
9.330130268079763158e-11
9.085065294453168235e-11
8.831965865228568759e-11
8.569006426718998940e-11
8.295811722899649560e-11
8.013910652391172861e-11
7.726420616347659437e-11
7.437189908706858054e-11
7.150036003326421499e-11
6.868466162229510729e-11
6.595736084988848982e-11
6.334763345223006148e-11
6.087622676449145666e-11
5.854649313325644983e-11
5.634475917122229305e-11
5.424159849016677431e-11
5.219756209505944688e-11
5.017401025597265068e-11
4.814350435625346269e-11
4.609587211887915627e-11
4.403787719262194936e-11
4.199155430437728227e-11
3.999232373108386687e-11
3.808023745244015600e-11
3.628452085309227280e-11
3.461243547466563334e-11
3.304878904586817027e-11
3.156237024324262130e-11
3.011888421960136031e-11
2.869727883065867835e-11
2.729753726932123997e-11
2.593727772799944517e-11
2.464024706952262291e-11
2.342081407654200095e-11
2.227672851167870586e-11
2.119275366293774600e-11
2.015143319315192653e-11
1.914586848252378950e-11
1.818143923616904669e-11
1.726616982968285729e-11
1.640178375152981900e-11
1.558261061861540315e-11
1.480193449118053113e-11
1.405797083332006714e-11
1.335249810737883438e-11
1.268507960187133142e-11
1.205205441523550027e-11
1.145110621751361268e-11
1.088200597609987970e-11
1.034397101776843871e-11
9.834632261439121238e-12
9.352004580300573316e-12
8.895559927053021558e-12
8.464178928474782364e-12
8.056009461358378284e-12
7.669828397515078889e-12
7.304762506894821315e-12
6.959514344841282642e-12
6.632901283771574342e-12
6.323950944946489562e-12
6.031623942865057054e-12
5.754900173432811964e-12
5.492880269165527264e-12
5.244669655190851883e-12
5.009416751802092145e-12
4.786321129069984270e-12
4.574622007614359191e-12
4.373595058606618216e-12
4.182555107077828568e-12
4.000858695203855383e-12
3.827901646711289040e-12
3.663116862997501531e-12
3.505971082105891083e-12
3.355963169885508734e-12
3.212625923160857495e-12
3.075525182713626793e-12
2.944257825939393008e-12
2.818450173263335992e-12
2.697756436756582300e-12
2.581858265024655268e-12
2.470464060739095124e-12
2.363306912141326922e-12
2.260143244142469488e-12
2.160751757359979508e-12
2.064931898845420709e-12
1.972502677250226369e-12
1.883301039097039442e-12
1.797180714380679971e-12
1.714011543802956893e-12
1.633677758834920107e-12
1.556076284436945594e-12
1.481115574147224372e-12
1.408714829456282797e-12
1.338803601704620493e-12
1.271320073319077030e-12
1.206209092777350961e-12
1.143421294276867126e-12
1.082912744571278919e-12
1.024645090306719817e-12
9.685838718809720302e-13
9.146961561524089775e-13
8.629497476542589950e-13
8.133130560431989319e-13
7.657557488985512883e-13
7.202478687743186932e-13
6.767576423348771281e-13
6.352507856074016653e-13
5.956903839284521998e-13
5.580373931682700105e-13
5.222508376124470859e-13
4.882869842762461342e-13
4.560991697918364756e-13
4.256378891592981404e-13
3.968509847690635963e-13
3.696841173273628926e-13
3.440810631633083697e-13
3.199840758309939994e-13
2.973342520878875596e-13
2.760717636278903119e-13
2.561361982545975971e-13
2.374670057583379958e-13
2.200039014326598838e-13
2.036871976995363871e-13
1.884580406634570489e-13
1.742586148737903935e-13
1.610324150881473399e-13
1.487244828282816955e-13
1.372815654983017106e-13
1.266522267639160492e-13
1.167869103145287774e-13
1.076380371318238095e-13
9.916009214701926187e-14
9.130965151183425850e-14
8.404538451570868202e-14
7.732802284260129063e-14
7.112034393974225269e-14
6.538716071871662384e-14
6.009527622609738920e-14
5.521342683734939000e-14
5.071220977142692688e-14
4.656401512284754387e-14
4.274296946430114233e-14
3.922486323849874480e-14
3.598707379375606787e-14
3.300848406734418257e-14
3.026940285476479426e-14
2.775149594726191010e-14
2.543771248633880196e-14
2.331221066053197317e-14
2.136028465429295661e-14
1.956829316900452866e-14
1.792359614293598597e-14
1.641449183170112833e-14
1.503015479891446173e-14
1.376057706095329560e-14
1.259651118182935092e-14
1.152941898964613720e-14
1.055142273572961122e-14
9.655257905312257389e-15
8.834228968958188644e-15
8.082167110431975370e-15
7.393392030899112549e-15
6.762676445869570371e-15
6.185211965532316851e-15
5.656577392149297864e-15
5.172709079697190774e-15
4.729873157774738465e-15
4.324639692371823964e-15
3.953858604030966591e-15
3.614637293399386624e-15
3.304319425626170693e-15
3.020466628869876060e-15
2.760842596459021158e-15
2.523397503430208606e-15
2.306254038265290547e-15
2.107695290712681369e-15
1.926151439077410692e-15
1.760184897205950760e-15
1.608478151797679103e-15
1.469822631840113522e-15
1.343107826141866540e-15
1.227312780505684207e-15
1.121500595079960788e-15
1.024812572859941761e-15
9.364624240959644096e-16
8.557310767590935614e-16
7.819613761614969441e-16
7.145528363886595871e-16
6.529570305810502971e-16
5.966736850326882439e-16
5.452457463745337356e-16
4.982556835559402398e-16
4.553212270287176797e-16
4.160940303173056290e-16
3.802547131345302340e-16
3.475117133728390316e-16
3.175994697036680203e-16
2.902740341784055527e-16
2.653131940149766848e-16
2.425140026734458015e-16
2.216910884453265705e-16
2.026749582130541259e-16
1.853103402867822821e-16
1.694551884068129657e-16
1.549778599368430284e-16
1.417576025202216090e-16
1.296838569690819081e-16
1.186553560158865318e-16
1.085801030694264132e-16
9.937441099999167024e-17
9.096197997619976218e-17
