# bin_2_2
1.763387635241067723e-11
1.774328393513461984e-11
1.785693935822113412e-11
1.797500454189857919e-11
1.809764726325377093e-11
1.822504127321062011e-11
1.835736655830193217e-11
1.849480944340383371e-11
1.863756276507686267e-11
1.878582609013315853e-11
1.893980578609854061e-11
1.909971528644190658e-11
1.926577513416739871e-11
1.943821321942517231e-11
1.961726483691535206e-11
1.980317288574299767e-11
1.999618792509589262e-11
2.019656834270900077e-11
2.040458041564969144e-11
2.062049836557210224e-11
2.084460442320785866e-11
2.107718886338180233e-11
2.131855066052910997e-11
2.156899758924856096e-11
2.182884727114214743e-11
2.209842746035519148e-11
2.237807749629907406e-11
2.266814906777460276e-11
2.296900751616109116e-11
2.328103361201941399e-11
2.360462505118794176e-11
2.394019840909511094e-11
2.428819146810820394e-11
2.464906556770709546e-11
2.502330819857083032e-11
2.541143577731925146e-11
2.581399675554645059e-11
2.623157466892155510e-11
2.666479109844472733e-11
2.711430927998684673e-11
2.758083888363607942e-11
2.806513607465251049e-11
2.856799808723438248e-11
2.909024639061054676e-11
2.963270473108335950e-11
3.019617546176933627e-11
3.078141273814056835e-11
3.138909285579218918e-11
3.201978237096512693e-11
3.267390558010272083e-11
3.335171195809600539e-11
3.405324147643229478e-11
3.477829898113057758e-11
3.552642943967398553e-11
3.629685427611193190e-11
3.708858181590151341e-11
3.790119055188092177e-11
3.873619749800397991e-11
3.959564911541815861e-11
4.048132481280488610e-11
4.139521134898831655e-11
4.233929968652732058e-11
4.331557442881178307e-11
4.432577621670996118e-11
4.537142308990865333e-11
4.645377409196368450e-11
4.757364459057704347e-11
4.873149167299568175e-11
4.992744797079955112e-11
5.116147501431609176e-11
5.243354717112147618e-11
5.374379087521175667e-11
5.509251472836975669e-11
5.648023134332288937e-11
5.790765433816331850e-11
5.937567277917976299e-11
6.088525907132362816e-11
6.243727143062468336e-11
6.403217320960886443e-11
6.566985389565862086e-11
6.734981060645021801e-11
6.907157029491634714e-11
7.083504123377408626e-11
7.264030931436896885e-11
7.448702082857583825e-11
7.637408170456336583e-11
7.830045328699116672e-11
8.026639613640047861e-11
8.227351867629651538e-11
8.432333142805520365e-11
8.641586148151149483e-11
8.854918127636427979e-11
9.071996333747670950e-11
9.292527719735984309e-11
9.516357070672188351e-11
9.743386820195876055e-11
9.973495718589322928e-11
1.020658077365808698e-10
1.044268870672512453e-10
1.068176359794483274e-10
1.092339702928576071e-10
1.116727513165456373e-10
1.141325687832505692e-10
1.166086555954136304e-10
1.190932158683420767e-10
1.215786230238159468e-10
1.240553826265309388e-10
1.265146037750094127e-10
1.289496155222470927e-10
1.313594438265656240e-10
1.337515066674411605e-10
1.361237416322335279e-10
1.384840915632864864e-10
1.408263083268433403e-10
1.431435718209260506e-10
1.454298946047262445e-10
1.476809965716928594e-10
1.498933598649837416e-10
1.520633883421221667e-10
1.541884024276834036e-10
1.562664413666638857e-10
1.582961188164641843e-10
1.602767990797270101e-10
1.622083368017580666e-10
1.640909806137006987e-10
1.659254681764094588e-10
1.677130683324241090e-10
1.694550585438979867e-10
1.711527196514792021e-10
1.728066573805861857e-10
1.744168176392634221e-10
1.759823696483003624e-10
1.775013560796450225e-10
1.789705089309449526e-10
1.803851329772110563e-10
1.817390668984107906e-10
1.830244484812570285e-10
1.842315667917352569e-10
1.853488623482669105e-10
1.863631497082017371e-10
1.872603409611204606e-10
1.880264046450395656e-10
1.886485522053272762e-10
1.891164607152306740e-10
1.894232373431253018e-10
1.895661570587976224e-10
1.895469273765633731e-10
1.893716023457497816e-10
1.890500179814028924e-10
1.885948540201221400e-10
1.880190477234306956e-10
1.873333409182269382e-10
1.865439139585792221e-10
1.856503325843725853e-10
1.846444711564114504e-10
1.835108713814041272e-10
1.822290761500693913e-10
1.807775229753630909e-10
1.791382549875216917e-10
1.773016457299152206e-10
1.752699130331772071e-10
1.730578354402925159e-10
1.706896206444805015e-10
1.681930642555623367e-10
1.655934634962727043e-10
1.629084115813053921e-10
1.601469892631525429e-10
1.573128674264968876e-10
1.544094471156762040e-10
1.514457961128241859e-10
1.484385474030979351e-10
1.454099721060100215e-10
1.423817984000664666e-10
1.393693801626979318e-10
1.363798265719480001e-10
1.334130116076602367e-10
1.304641501181059715e-10
1.275247884399865063e-10
1.245822153080757065e-10
1.216212666195511538e-10
1.186266191509711132e-10
1.155857353983851354e-10
1.124896084320122234e-10
1.093319271371311972e-10
1.061094499056976895e-10
1.028228386428321655e-10
9.947706798936708678e-11
9.608237958422068623e-11
9.265528198263894925e-11
8.921983712106110687e-11
8.580806986367278604e-11
8.245802859975631593e-11
7.921067934703071556e-11
7.610071300986187232e-11
7.315065019957632321e-11
7.036171423529890259e-11
6.771440712562862011e-11
6.517270688779814399e-11
6.269477470803821699e-11
6.024452619892269964e-11
5.779976274453864063e-11
5.535504635720296115e-11
5.292202303860077872e-11
5.052725501248850557e-11
4.820669834605144327e-11
4.599564209670655221e-11
4.391552139155823559e-11
4.196480825641147510e-11
4.012069211358078859e-11
3.835083587531741827e-11
3.662815681950727384e-11
3.494223902556113885e-11
3.330176361049149453e-11
3.172558865378904413e-11
3.022974199379836354e-11
2.881708452128093459e-11
2.747693147688016394e-11
2.619501111974133710e-11
2.496259633193628968e-11
2.377955172858526227e-11
2.265065907569767899e-11
2.157859867570395433e-11
2.056054075014094542e-11
1.959046030882474192e-11
1.866408031317186892e-11
1.778065502921843194e-11
1.694045569354524456e-11
1.614240216020227845e-11
1.538353567640151783e-11
1.466123270299275406e-11
1.397404438331592842e-11
1.332102250414536995e-11
1.270080927525246282e-11
1.211135710270117177e-11
1.155109356161027581e-11
1.101880653172415402e-11
1.051321943685983691e-11
1.003280458611915974e-11
9.576338100937725628e-12
9.142599544104252394e-12
8.730383649691970835e-12
8.338514827023666811e-12
7.965911398944752941e-12
7.611488003620118358e-12
7.274239118038313680e-12
6.953195206461908645e-12
6.647434713263637524e-12
6.356073684044382819e-12
6.078275404592281787e-12
5.813245383174250360e-12
5.560233046421352694e-12
5.318531659905854271e-12
5.087474945534963832e-12
4.866434418934165040e-12
4.654818654614097648e-12
4.452072532911175447e-12
4.257677659719666583e-12
4.071150811613398234e-12
3.892041568358468861e-12
3.719930524898182249e-12
3.554428277923794321e-12
3.395175791140690942e-12
3.241843650070840198e-12
3.094130526182260981e-12
2.951760897568660160e-12
2.814483264346102140e-12
2.682069820128620686e-12
2.554315826789146003e-12
2.431038907757653073e-12
2.312076999918126754e-12
2.197286100979923058e-12
2.086538489813965111e-12
1.979721294496500321e-12
1.876736425612505731e-12
1.777499060055320724e-12
1.681935478179553849e-12
1.589980242056150186e-12
1.501573281075050602e-12
1.416659436415401651e-12
1.335187682242022767e-12
1.257109875712047018e-12
1.182378723030716745e-12
1.110944757267080793e-12
1.042755207996145508e-12
9.777536868769375704e-13
9.158801177355298226e-13
8.570704659875348937e-13
8.012557021247920292e-13
7.483614041593395314e-13
6.983079419161387691e-13
6.510110676115940762e-13
6.063825189932568616e-13
5.643304976032007213e-13
5.247602000189100353e-13
4.875744284545088339e-13
4.526743373928134763e-13
4.199601127026584161e-13
3.893316472409887576e-13
3.606891476960487659e-13
3.339336506078106465e-13
3.089675452369675572e-13
2.856950206515803238e-13
2.640224942519649375e-13
2.438589664195477129e-13
2.251162616576125900e-13
2.077092408686513620e-13
1.915559626087364967e-13
1.765778322928163352e-13
1.626997139853930647e-13
1.498499618858629917e-13
1.379604216510291523e-13
1.269664052497067104e-13
1.168066594756502699e-13
1.074233249154920187e-13
9.876185207468547059e-14
9.077089861324459290e-14
8.340221784745683845e-14
7.661054630894093125e-14
7.035349534420044124e-14
6.459142549333958239e-14
5.928731295383342701e-14
5.440661690714544401e-14
4.991714998501263892e-14
4.578895744299412918e-14
4.199419294760863165e-14
3.850699326815684698e-14
3.530335743191539361e-14
3.236103073933456847e-14
2.965939742912435136e-14
2.717937584909717813e-14
2.490331588629126916e-14
2.281490168510050060e-14
2.089905955908568508e-14
1.914187307602936784e-14
1.753050243414063143e-14
1.605310716738213587e-14
1.469877340953457028e-14
1.345744562887730676e-14
1.231986363316882657e-14
1.127750358275630691e-14
1.032252216726587038e-14
9.447704655667293512e-15
8.646416623019863288e-15
7.912559519258897741e-15
7.240529634985900890e-15
6.625179786768981281e-15
6.061783382814027624e-15
5.546000985249253631e-15
5.073849536808110497e-15
4.641673848199218740e-15
4.246119831660862711e-15
3.884110005295962388e-15
3.552821172320484643e-15
3.249664011267230992e-15
2.972264825455630106e-15
2.718448942771387893e-15
2.486225111928911508e-15
2.273770420022114325e-15
2.079416271705221509e-15
1.901634408357403544e-15
1.739024143327334686e-15
1.590300886498910134e-15
1.454286385760630799e-15
1.329899776090720322e-15
1.216150155090352009e-15
1.112129717707861930e-15
1.017007278581982123e-15
9.300220917912795644e-16
8.504781383321228330e-16
7.777387857425785484e-16
7.112218187082864316e-16
6.503948346002284866e-16
5.947709917636321850e-16
5.439051125263789065e-16
4.973901183063705220e-16
4.548537686817808839e-16
4.159556786424897440e-16
3.803845913896011073e-16
3.478558850489975783e-16
3.181092928782775743e-16
2.909068186889075139e-16
2.660308307404489101e-16
2.432823187233029823e-16
2.224802351433290503e-16
2.034654700125108735e-16
1.860928826577035563e-16
1.702272775176605538e-16
1.557405929523965280e-16
1.425139750594450293e-16
1.304373325778934496e-16
1.194079339588727209e-16
1.093316322060655289e-16
1.001230072614205082e-16
9.170515725826758964e-17
8.400900179706489671e-17
7.697270089691379986e-17
7.054054794709622013e-17
6.466189443280512995e-17
5.929028830291294175e-17
5.438247818891228352e-17
