# bin_3_1
4.275554033950987197e-10
4.298182624208860524e-10
4.321647173123477802e-10
4.345977412209151118e-10
4.371203032212025834e-10
4.397352552311888960e-10
4.424454757606905551e-10
4.452538739966724988e-10
4.481634619391207752e-10
4.511775777113745804e-10
4.542997171704973134e-10
4.575334930904166724e-10
4.608826033604308197e-10
4.643507203334131951e-10
4.679415994550068137e-10
4.716589828361693743e-10
4.755066525544010559e-10
4.794884504510626093e-10
4.836082750962005014e-10
4.878701221726738466e-10
4.922780112186051734e-10
4.968359853627584186e-10
5.015481443787222175e-10
5.064187370892484798e-10
5.114520474450030339e-10
5.166522802667505403e-10
5.220236428024782009e-10
5.275704877424300105e-10
5.332970480663072227e-10
5.392071994524129268e-10
5.453048210024091419e-10
5.515946393345672619e-10
5.580819470836455048e-10
5.647705655991339890e-10
5.716625178041082630e-10
5.787619515129299628e-10
5.860766126148940039e-10
5.936107379553153724e-10
6.013632600299655738e-10
6.093401114939346747e-10
6.175516066760939661e-10
6.259960040442988857e-10
6.346747287975817441e-10
6.436015011683651042e-10
6.527742201922276670e-10
6.621940533066143949e-10
6.718744994544565649e-10
6.818096758590948388e-10
6.920078777954968089e-10
7.024724901180818756e-10
7.132021979604796551e-10
7.242043266545862955e-10
7.354754740273233145e-10
7.470209457862431778e-10
7.588386543132439908e-10
7.709311902874951741e-10
7.832982393866398800e-10
7.959410106555541755e-10
8.088619101675873768e-10
8.220625206286101260e-10
8.355466755995610317e-10
8.493191119390224928e-10
8.633855981551350442e-10
8.777536916810949696e-10
8.924317255003438925e-10
9.074287335456717145e-10
9.227540423394012396e-10
9.384166744517392377e-10
9.544242658883704436e-10
9.707855670372078207e-10
9.875081055730291323e-10
1.004597013380116557e-09
1.022055842282206160e-09
1.039888211917040599e-09
1.058098618700693801e-09
1.076694006333928088e-09
1.095683028502385509e-09
1.115078993333919497e-09
1.134884019650968073e-09
1.155097702112102879e-09
1.175719669037514278e-09
1.196762379291602694e-09
1.218256482532047960e-09
1.240244547113012951e-09
1.262765126319691053e-09
1.285826393006308053e-09
1.309409394269294314e-09
1.333493645711456305e-09
1.358060924775103082e-09
1.383092566677158921e-09
1.408565678836320882e-09
1.434440890077534013e-09
1.460673822950429933e-09
1.487239634412713193e-09
1.514130900091448849e-09
1.541344906583710081e-09
1.568886326265694092e-09
1.596822520469064274e-09
1.625269758544765839e-09
1.654231114500420638e-09
1.683539153953408922e-09
1.713125573803380770e-09
1.743029593053165374e-09
1.773185933462062732e-09
1.803517674221506076e-09
1.834048443655711657e-09
1.864753894727360317e-09
1.895603811283265838e-09
1.926587237002161980e-09
1.957681305801153507e-09
1.988862124482668786e-09
2.020074204079836067e-09
2.051260788105729732e-09
2.082349890830896387e-09
2.113266674270048531e-09
2.143929026879785476e-09
2.174290421302957277e-09
2.204339734597515026e-09
2.234071621964469271e-09
2.263453090654942985e-09
2.292416809532007148e-09
2.320864511837019473e-09
2.348679726872303583e-09
2.375742535861215920e-09
2.401967260418588880e-09
2.427323767763686083e-09
2.451788306807821081e-09
2.475270164398643091e-09
2.497612163771629810e-09
2.518642224464399092e-09
2.538227479940336057e-09
2.556304539087865366e-09
2.572834343027434300e-09
2.587732611157786465e-09
2.600850309205344651e-09
2.612032157675294327e-09
2.621182536992016828e-09
2.628258216007408575e-09
2.633212004069481354e-09
2.635957672628964268e-09
2.636378217675363861e-09
2.634386190663248536e-09
2.629946867955488613e-09
2.623039921853196964e-09
2.613628435127001545e-09
2.601668115949668847e-09
2.587160012430805299e-09
2.570159588357013933e-09
2.550741714598594593e-09
2.528973821564818782e-09
2.504951558264810036e-09
2.478815947002736154e-09
2.450719743620879807e-09
2.420801688076456457e-09
2.389200446799028701e-09
2.356064902871668897e-09
2.321532565810284721e-09
2.285722855924894882e-09
2.248755303328612989e-09
2.210757707117614977e-09
2.171853521618207297e-09
2.132171166903171579e-09
2.091854327968128043e-09
2.051046497526326290e-09
2.009869451664996740e-09
1.968401126223871095e-09
1.926677052228742311e-09
1.884686756536058425e-09
1.842354435494942030e-09
1.799554008566771999e-09
1.756137984427677783e-09
1.711960181313266399e-09
1.666914477871925143e-09
1.620958241359650806e-09
1.574128671806890943e-09
1.526550450495628844e-09
1.478434735543073366e-09
1.430069319299807406e-09
1.381802732803530459e-09
1.334015593407323528e-09
1.287077554231980618e-09
1.241285617549007277e-09
1.196797404217103290e-09
1.153605803451903708e-09
1.111588828597706602e-09
1.070552132719172802e-09
1.030283911777712185e-09
9.906657950336526397e-10
9.517261152953158272e-10
9.136067023348253236e-10
8.764881274821719029e-10
8.405224335640819748e-10
8.058125854312533718e-10
7.723883233366531543e-10
7.401868754203871889e-10
7.090800158677559521e-10
6.789162671741305825e-10
6.495539150027199380e-10
6.209366606583192783e-10
5.931637209245692119e-10
5.664449015251234267e-10
5.409769308268416761e-10
5.168274250687565647e-10
4.938778797862012337e-10
4.718975870985635104e-10
4.506870012684197378e-10
4.301741766129708769e-10
4.104308013140299060e-10
3.915743196795093732e-10
3.736435124907071914e-10
3.565794871959316795e-10
3.402837367585367434e-10
3.246906182322751854e-10
3.097949975879620276e-10
2.956005627014319893e-10
2.820705606510467716e-10
2.691581325758337817e-10
2.568493730525271744e-10
2.451367927376844289e-10
2.339863977578069833e-10
2.233581552031623757e-10
2.132319682626733186e-10
2.035975876236298780e-10
1.944298025909096503e-10
1.856989864697245520e-10
1.773882405342346110e-10
1.694799047824346541e-10
1.619509027347758116e-10
1.547829797533639210e-10
1.479595399255456975e-10
1.414614058951796397e-10
1.352714091842904841e-10
1.293740891710583043e-10
1.237532282656625615e-10
1.183935909412421586e-10
1.132809355424085895e-10
1.084011932962034825e-10
1.037409387347636717e-10
9.928749136537304972e-11
9.502874194462761657e-11
9.095323916004575695e-11
8.705012657207327224e-11
8.330907322822065195e-11
7.972032815985238752e-11
7.627479218088368078e-11
7.296400513719036448e-11
6.978009302313374636e-11
6.671573337384073872e-11
6.376414574789919252e-11
6.091912572749818875e-11
5.817504407162816222e-11
5.552681376215067443e-11
5.296986797180869640e-11
5.050012840871912656e-11
4.811397629276633827e-11
4.580823434491206847e-11
4.358015005390367279e-11
4.142738203909715075e-11
3.934795775081745862e-11
3.734018652660573272e-11
3.540260788423105364e-11
3.353398248291186489e-11
3.173327267516948123e-11
2.999960651133666099e-11
2.833219485021815216e-11
2.673026669043283214e-11
2.519306398753851799e-11
2.371982188543581529e-11
2.230974630510628994e-11
2.096198692295360067e-11
1.967560271661911978e-11
1.844955934962656433e-11
1.728272332230267549e-11
1.617385449302484751e-11
1.512161336343013122e-11
1.412456304593052290e-11
1.318117443148077612e-11
1.228983370622416057e-11
1.144884871110857123e-11
1.065646176856440137e-11
9.910864246282483183e-12
9.210208273394062369e-12
8.552618633360782140e-12
7.936204164613066428e-12
7.359069297669148886e-12
6.819326644556147753e-12
6.315107165637057144e-12
5.844568705636333632e-12
5.405904244464992670e-12
4.997349059591818527e-12
4.617187668502921500e-12
4.263759078460675963e-12
3.935460181233509882e-12
3.630748891894761539e-12
3.348146422508300948e-12
3.086239142827249830e-12
2.843679632598393099e-12
2.619186465445438950e-12
2.411543827945583929e-12
2.219600725342631264e-12
2.042269887913032400e-12
1.878526415062292541e-12
1.727405772416684647e-12
1.588001730324833309e-12
1.459464224740788070e-12
1.340997094049112003e-12
1.231855809218630015e-12
1.131344970447563181e-12
1.038815819543146068e-12
9.536638348076341302e-13
8.753263303650700938e-13
8.032801455252399274e-13
7.370393130377415786e-13
6.761527873138797126e-13
6.202023017151456086e-13
5.688002939276003099e-13
5.215879418603365124e-13
4.782332616589572844e-13
4.384292821243990445e-13
4.018923411918421302e-13
3.683604680966060008e-13
3.375918656872422563e-13
3.093634727432334302e-13
2.834696007142049005e-13
2.597206684129446610e-13
2.379420155772002255e-13
2.179727960786576169e-13
1.996649436580146843e-13
1.828821987015027715e-13
1.674992098123137303e-13
1.534006981512382627e-13
1.404806820943686801e-13
1.286417568806047036e-13
1.177944217753045907e-13
1.078564578492194246e-13
9.875244333775956006e-14
9.041299068185984470e-14
8.277438270784509562e-14
7.577818438671639514e-14
6.937076621243439757e-14
6.350291848379064619e-14
5.812957988541474818e-14
5.320935737554552352e-14
4.870418750165534922e-14
4.457926726186975852e-14
4.080269616713934981e-14
3.734530886375090306e-14
3.418029267326610366e-14
3.128297659331463810e-14
2.863082962357302784e-14
2.620323699724418614e-14
2.398131791275336766e-14
2.194763161566562992e-14
2.008629252522438713e-14
1.838281569473415859e-14
1.682382033799777443e-14
1.539705914538251976e-14
1.409137501541463390e-14
1.289650371285122468e-14
1.180302251368315783e-14
1.080235938148044736e-14
9.886621413892333039e-15
9.048595693664162996e-15
8.281696451676054408e-15
7.579874481960202428e-15
6.937609320048815957e-15
6.349844088980428743e-15
5.811952028617732415e-15
5.319701390678437525e-15
4.869221424365925838e-15
4.456965520496239600e-15
4.079702828946826409e-15
3.734458384377365339e-15
3.418525904816036358e-15
3.129426531538921968e-15
2.864877046985324131e-15
2.622812141684046972e-15
2.401325825090934635e-15
2.198665694879605898e-15
2.013237039076884526e-15
1.843583542454408598e-15
1.688367712568196708e-15
1.546359842581492068e-15
1.416442499924280536e-15
1.297595071822790052e-15
1.188885379895139403e-15
1.089461138353273518e-15
9.985417053578862142e-16
9.154103830617829047e-16
8.394076901465683724e-16
7.699334628472935851e-16
7.064239375647654113e-16
6.483604939537177654e-16
5.952717185571227134e-16
5.467296388632553574e-16
5.023359619969367261e-16
4.617489479566107877e-16
4.246511285611090328e-16
3.907680984615448103e-16
3.598224712975796980e-16
