# bin_2_1
2.295496841360130931e-04
2.264859955395198373e-04
2.234286058203251559e-04
2.203770223642376939e-04
2.173328127025480391e-04
2.142959506550861260e-04
2.112674985197510690e-04
2.082477933225419364e-04
2.052378065567851326e-04
2.022378110436328291e-04
1.992489540063113274e-04
1.962713671389714918e-04
1.933061966140492015e-04
1.903537865565649550e-04
1.874150211697486735e-04
1.844904257332552803e-04
1.815808340247609357e-04
1.786867278497446981e-04
1.758090488955734863e-04
1.729481658888519155e-04
1.701050416233489582e-04
1.672801354217611370e-04
1.644742466031469310e-04
1.616879433327944593e-04
1.589219795075931909e-04
1.561768774481481063e-04
1.534534419280125859e-04
1.507521211610868695e-04
1.480737196466942361e-04
1.454187119219455991e-04
1.427877745987264017e-04
1.401814277068196056e-04
1.376003193537725768e-04
1.350449318032417064e-04
1.325159132081935140e-04
1.300136664633532314e-04
1.275388187618886756e-04
1.250917678546748077e-04
1.226730505615118824e-04
1.202830686518877501e-04
1.179223004677185907e-04
1.155910937329479560e-04
1.132899045129388246e-04
1.110190184228380727e-04
1.087788442427239688e-04
1.065696315185659320e-04
1.043917148968031568e-04
1.022453128644039340e-04
1.001306974093086802e-04
9.804803074374243861e-05
9.599753716437364661e-05
9.397931716552825911e-05
9.199353915694159778e-05
9.004025237455980687e-05
8.811955498038567748e-05
8.623145214667361227e-05
8.437597754743325043e-05
8.255307634766482410e-05
8.076273140835606439e-05
7.900483031454394510e-05
7.727930000650342127e-05
7.558597182669628083e-05
7.392470835135017020e-05
7.229529818580392761e-05
7.069754973343900467e-05
6.913120264900670547e-05
6.759601250440908310e-05
6.609167232144154912e-05
6.461789382854706064e-05
6.317432372103039837e-05
6.176062900401996301e-05
6.037641831714355811e-05
5.902132591819704907e-05
5.769492694004246385e-05
5.639681665398988200e-05
5.512654478200690062e-05
5.388367483126774914e-05
5.266773199396929291e-05
5.147825732288114693e-05
5.031475342367614905e-05
4.917675386808640985e-05
4.806374844493360336e-05
4.697524870202733914e-05
4.591074330748818444e-05
4.486973122959559855e-05
4.385169833300697149e-05
4.285614062770247369e-05
4.188253707606758930e-05
4.093040547071753776e-05
3.999922836909268036e-05
3.908851695716291134e-05
3.819777213775090027e-05
3.732650557285488354e-05
3.647423806819807964e-05
3.564049307187659981e-05
3.482479247039951397e-05
3.402670329615295968e-05
3.324576052055267986e-05
3.248153333743254321e-05
3.173358703418713235e-05
3.100149732745904413e-05
3.028486612089228850e-05
2.958328712220578647e-05
2.889635977465038492e-05
2.822373687891366207e-05
2.756503462384919570e-05
2.691990788656091070e-05
2.628800576874621177e-05
2.566898684137373319e-05
2.506255303824633039e-05
2.446837819436233582e-05
2.388614946546960445e-05
2.331561159089109297e-05
2.275646266720799903e-05
2.220844643191214715e-05
2.167129280507162467e-05
2.114473805895063520e-05
2.062858169038082984e-05
2.012256797577467667e-05
1.962646476871516700e-05
1.914009850628746372e-05
1.866323288173518441e-05
1.819569166823817801e-05
1.773727034689906554e-05
1.728776575495165842e-05
1.684706318943137885e-05
1.641496038807644414e-05
1.599128935064306510e-05
1.557593935036117320e-05
1.516871798537270344e-05
1.476951389871440031e-05
1.437816470313053223e-05
1.399450660925224319e-05
1.361849500406246298e-05
1.324995890161615048e-05
1.288877891645777929e-05
1.253488344991337388e-05
1.218810552962299472e-05
1.184838420575096005e-05
1.151557675267010541e-05
1.118953945898395917e-05
1.087028293368073894e-05
1.055764669832286030e-05
1.025154601189189621e-05
9.951928206098818670e-06
9.658635089162520069e-06
9.371651095784216707e-06
9.090834961603186918e-06
8.816050320845338415e-06
8.547353006915836264e-06
8.284575992100821061e-06
8.027659599251755034e-06
7.776553410955658555e-06
7.531095872483602496e-06
7.291320793653328698e-06
7.057074579834319786e-06
6.828221188717044203e-06
6.604853697224679860e-06
6.386783530612664608e-06
6.173973725975144955e-06
5.966364481121164218e-06
5.763786388751061518e-06
5.566330127874241431e-06
5.373813874047878795e-06
5.186095344729963083e-06
5.003298737415733081e-06
4.825209007585422736e-06
4.651820480554984293e-06
4.483052219767154254e-06
4.318717542991074440e-06
4.158968272087099137e-06
4.003586446308942824e-06
3.852430241662562368e-06
3.705645484457980096e-06
3.562980573564512056e-06
3.424471474742403267e-06
3.290015408549741152e-06
3.159404634496185398e-06
3.032845903317413914e-06
2.910077920736852855e-06
2.790978464583823238e-06
2.675703162316145194e-06
2.563952995932745261e-06
2.455818093991349727e-06
2.351179742419172073e-06
2.249801508746709524e-06
2.151937017442827995e-06
2.057289765805982570e-06
1.965765559608623656e-06
1.877510173325864984e-06
1.792196002987865592e-06
1.709961759169266639e-06
1.630669031999887780e-06
1.554072451090997798e-06
1.480449567485095097e-06
1.409475681374328630e-06
1.341105410293183404e-06
1.275442992653918533e-06
1.212170247490320881e-06
1.151451824118805956e-06
1.093137255454573680e-06
1.036993727820284696e-06
9.832950363862783274e-07
9.317111499998894745e-07
8.822423392925379213e-07
8.349479617207087405e-07
7.895359369955883808e-07
7.461829110877218027e-07
7.047273812999764142e-07
6.649699934567304148e-07
6.271526550665969036e-07
5.909636020787360891e-07
5.564379398862377214e-07
5.235952459212361698e-07
4.921859545112897361e-07
4.623846347021975825e-07
4.340301021634316477e-07
4.069723826020401111e-07
3.814060511875794106e-07
3.570583476062920834e-07
3.339831623173763225e-07
3.121652797554841930e-07
2.913989836719311122e-07
2.718298127544771533e-07
2.532958394365077013e-07
2.356858046211866077e-07
2.191317646035021578e-07
2.034102754912079698e-07
1.885832842304194974e-07
1.746247419058660331e-07
1.613900118341734301e-07
1.490058734124064919e-07
