# bin_3_2
4.658609638807177699e-04
4.587316191386183947e-04
4.516359303672451398e-04
4.445740848256502366e-04
4.375489926805359222e-04
4.305614181383022893e-04
4.236136204478452121e-04
4.167068019525210776e-04
4.098430548232531549e-04
4.030235081651332030e-04
3.962503977419815581e-04
3.895246798536274209e-04
3.828485343491426019e-04
3.762231277028953700e-04
3.696502899091132222e-04
3.631313553974684430e-04
3.566680346503552654e-04
3.502615721142366681e-04
3.439137300691536762e-04
3.376255792653053535e-04
3.313988356694425540e-04
3.252346088057926003e-04
3.191343633911350518e-04
3.130992611503701059e-04
3.071306378353292807e-04
3.012295345727423264e-04
2.953972586872096514e-04
2.896346975981682354e-04
2.839430722164674407e-04
2.783232155114743057e-04
2.727761207992197129e-04
2.673025834646244035e-04
2.619034756256158943e-04
2.565794643271544144e-04
2.513313280122823575e-04
2.461595608652390440e-04
2.410648252120726196e-04
2.360475175197182941e-04
2.311081088582797550e-04
2.262469095094431703e-04
2.214642373943163283e-04
2.167602545926998459e-04
2.121351638579570026e-04
2.075889787440469958e-04
2.031217652880318476e-04
1.987334126658066194e-04
1.944238246030466984e-04
1.901927778820774074e-04
1.860400377822253473e-04
1.819652463347132851e-04
1.779680422912678465e-04
1.740479441023774212e-04
1.702044672209420285e-04
1.664370118666044524e-04
1.627449630094545817e-04
1.591276193655681201e-04
1.555842607935177828e-04
1.521140768899475213e-04
1.487162448491444492e-04
1.453898723887635507e-04
1.421340438983522433e-04
1.389477774311041085e-04
1.358300704576992780e-04
1.327798711165197358e-04
1.297961253543556954e-04
1.268777188119906817e-04
1.240235221536513865e-04
1.212323904337468233e-04
1.185031442008620397e-04
1.158345931312527202e-04
1.132255260394032543e-04
1.106747139758850374e-04
1.081809587076150832e-04
1.057430138864034141e-04
1.033596433790449296e-04
1.010296236924933602e-04
9.875170070472887626e-05
9.652465561356496923e-05
9.434724804470319534e-05
9.221825038708571622e-05
9.013649472796663408e-05
8.810077454447625886e-05
8.610991095842227352e-05
8.416276304744754538e-05
8.225815901524290586e-05
8.039500338143413540e-05
7.857216600119069114e-05
7.678855627652492210e-05
7.504317068957337602e-05
7.333495869024403858e-05
7.166291619555425769e-05
7.002608265054363233e-05
6.842346623059673751e-05
6.685418981204986069e-05
6.531731390821078392e-05
6.381195554452713276e-05
6.233734199080050240e-05
6.089262881162910829e-05
5.947703561618328813e-05
5.808981718152721814e-05
5.673019560132903911e-05
5.539754500177116879e-05
5.409113006088370836e-05
5.281028037295933027e-05
5.155446278353137358e-05
5.032303320128164145e-05
4.911543206863750046e-05
4.793110759333825665e-05
4.676947406451430059e-05
4.563014637495314867e-05
4.451255823309779175e-05
4.341622112967524554e-05
4.234080677346046775e-05
4.128582353496849277e-05
4.025089944298131285e-05
3.923562632805333158e-05
3.823955840109290676e-05
3.726251437437560246e-05
3.630403793985816774e-05
3.536377961912407338e-05
3.444156417984603393e-05
3.353698357747438941e-05
3.264981701359355763e-05
3.177974537282417391e-05
3.092640040085664404e-05
3.008976879248127795e-05
2.926944961536750024e-05
2.846518832215665917e-05
2.767690898703671355e-05
2.690423081303463149e-05
2.614705277816849893e-05
2.540508780343726550e-05
2.467799618695305883e-05
2.396590172975916194e-05
2.326840854388344100e-05
2.258533448565000804e-05
2.191664828652963400e-05
2.126196752213750608e-05
2.062129258382279184e-05
1.999432668166194508e-05
1.938072704440250334e-05
1.878073105909287350e-05
1.819390939543024687e-05
1.762013810151010369e-05
1.705939053745411169e-05
1.651125812350095521e-05
1.597584962177918635e-05
1.545282697661438530e-05
1.494183148793860081e-05
1.444319803805415498e-05
1.395643601983247945e-05
1.348147480194383185e-05
1.301826102387228057e-05
1.256634388823365429e-05
1.212596131663108898e-05
1.169670977030583547e-05
1.127821487043269473e-05
1.087088915640030482e-05
1.047415786036288379e-05
1.008801341782735604e-05
9.712355279350189306e-06
9.346693119842552081e-06
8.991409434714319959e-06
8.646006237233729811e-06
8.310095368965247822e-06
7.984143684721666136e-06
7.667496606434403850e-06
7.360236860048519471e-06
7.062195441636085104e-06
6.772833954125851211e-06
6.492672529762091940e-06
6.221114851185362374e-06
5.957794066256443692e-06
5.703194032898963094e-06
5.456576021924187200e-06
5.218129387097832352e-06
4.987624712919213888e-06
4.764486497453064703e-06
4.549331142798553335e-06
4.341466717363737262e-06
4.140603648263429262e-06
3.947200511252027806e-06
3.760437974380617992e-06
3.580620121985652118e-06
3.407480844529168542e-06
3.240410077204048495e-06
3.080077139907785678e-06
2.925739459443357679e-06
2.777199205949588985e-06
2.634836910130085218e-06
2.497831241160667932e-06
2.366558999654850865e-06
2.240717505418792854e-06
2.119727590239089590e-06
2.004241728297798971e-06
1.893503221707573094e-06
1.787442147505452223e-06
1.686296232702304182e-06
1.589346083664517841e-06
1.496971629369199980e-06
1.408866076328272008e-06
1.324533158481634352e-06
1.244550972529502890e-06
1.168217986841886919e-06
1.095564648210715775e-06
1.026709159141485981e-06
9.610565160023134775e-07
8.989579053718481734e-07
8.401026086296595664e-07
7.840985748500362635e-07
7.313884344688868111e-07
6.813527520286888739e-07
6.340568879387777177e-07
5.895047696549060418e-07
5.472066320343156865e-07
5.074333059596475753e-07
4.698702301335998584e-07
4.342287094556113659e-07
4.008103090788670355e-07
3.691286572818635765e-07
3.392884071452004073e-07
3.112683766519727928e-07
2.847462318611655249e-07
2.599609985565548832e-07
2.366766426834114546e-07
2.147380526438450198e-07
1.943395681963929530e-07
1.751338474158135421e-07
1.572123067263678001e-07
1.405209981923164327e-07
1.248405553296402089e-07
1.103249692707439274e-07
