# bin_4_1
3.035437556781659611e-04
2.992090548560951855e-04
2.948903118652436081e-04
2.905871666831121112e-04
2.863015975822584525e-04
2.820337472557628571e-04
2.777850021425435864e-04
2.735559110080618811e-04
2.693477528957547687e-04
2.651609866068363377e-04
2.609970635343216924e-04
2.568562968615047473e-04
2.527401147341753356e-04
2.486490439537262761e-04
2.445841995668144643e-04
2.405463053190378037e-04
2.365364197667117329e-04
2.325551832187094492e-04
2.286037447107694713e-04
2.246826319046436838e-04
2.207929921354241187e-04
2.169354122630455560e-04
2.131108659520865919e-04
2.093200664859608696e-04
2.055638930895846775e-04
2.018429291443343441e-04
1.981581211344034341e-04
1.945100124005478799e-04
1.908994890325157524e-04
1.873270991547897567e-04
1.837936057507594961e-04
1.802995673628383271e-04
1.768456745545389812e-04
1.734324269780108388e-04
1.700604897580641360e-04
1.667302831019062818e-04
1.634424224185744014e-04
1.601972808359026265e-04
1.569953823674599843e-04
1.538370769798723305e-04
1.507227934597324046e-04
1.476528197186225311e-04
1.446275305341534025e-04
1.416471331957937577e-04
1.387119402471262723e-04
1.358220867028585852e-04
1.329777978441062090e-04
1.301791593516861314e-04
1.274263043717015990e-04
1.247192506120277085e-04
1.220580592881487881e-04
1.194426710804277178e-04
1.168730715165508912e-04
1.143491282048906995e-04
1.118707509759453948e-04
1.094377417170142941e-04
1.070499312606583209e-04
1.047070500309071775e-04
1.024088568485019134e-04
1.001550182604488365e-04
9.794522755880782775e-05
9.577908321918153804e-05
9.365620653285570399e-05
9.157614399156510968e-05
8.953846090920902865e-05
8.754264835145079764e-05
8.558820854957263863e-05
8.367459240812716390e-05
8.180125101143486169e-05
7.996758767175715231e-05
7.817301171434214125e-05
7.641688118507555870e-05
7.469858823284291011e-05
7.301746095970635482e-05
7.137284775815899512e-05
6.976406692736496792e-05
6.819043696033139871e-05
6.665125794889922915e-05
6.514583453164180340e-05
6.367344349011656369e-05
6.223341302579558378e-05
6.082501397137837675e-05
5.944755072023371397e-05
5.810031822175432939e-05
5.678260957736387291e-05
5.549373293594936471e-05
5.423299244845969532e-05
5.299968557365060282e-05
5.179317998328318410e-05
5.061278584003542846e-05
4.945786083375525535e-05
4.832776247120953555e-05
4.722184597873897998e-05
4.613951245909923723e-05
4.508014262633621279e-05
4.404312760846587952e-05
4.302794149462286409e-05
4.203399507756636863e-05
4.106075415418572499e-05
4.010768761845292070e-05
3.917425993171113913e-05
3.826001029326332856e-05
3.736442757290047621e-05
3.648702352445331172e-05
3.562740495860194651e-05
3.478509907936302710e-05
3.395969983239401909e-05
3.315079285542202179e-05
3.235795647714745279e-05
3.158087514518778238e-05
3.081914226904359610e-05
3.007238471536532784e-05
2.934033556743327351e-05
2.862262208363240744e-05
2.791895811816776056e-05
2.722902679421144493e-05
2.655250115486124452e-05
2.588919598606002825e-05
2.523878402751298459e-05
2.460099079819118073e-05
2.397565157330817625e-05
2.336246196521992398e-05
2.276123915591837061e-05
2.217173834807955379e-05
2.159369616902431536e-05
2.102703887977113426e-05
2.047149125784208495e-05
1.992685402765866293e-05
1.939303462856379901e-05
1.886976709837159423e-05
1.835695159840117739e-05
1.785438254441554324e-05
1.736183285478569538e-05
1.687931790423149246e-05
1.640658546171978261e-05
1.594349467713275205e-05
1.548999061217140068e-05
1.504582628738589907e-05
1.461096655627630784e-05
1.418521720326668830e-05
1.376836591561760930e-05
1.336049701588472093e-05
1.296135699650884866e-05
1.257084889156819605e-05
1.218892898553964204e-05
1.181535199251645453e-05
1.145014320262589179e-05
1.109309807745930981e-05
1.074400789472253182e-05
1.040301150889904500e-05
1.006983640605629874e-05
9.744419574456773844e-06
9.426708252679658141e-06
9.116447412280923677e-06
8.813729270660681969e-06
8.518323379048875954e-06
8.230020741015500426e-06
7.949002165603867318e-06
7.674961304772749451e-06
7.407867876029468049e-06
7.147646840803345160e-06
6.894032177293058704e-06
6.647191453157168535e-06
6.406850240337072034e-06
6.172794654287782715e-06
5.945237189373070121e-06
5.723836631539343725e-06
5.508607377103139019e-06
5.299439174965266511e-06
5.096045579655979854e-06
4.898671598563211573e-06
4.706992634909583958e-06
4.520802449152395493e-06
4.340330694373239494e-06
4.165192075794153209e-06
3.995457705863008311e-06
3.830985209095003493e-06
3.671465740380888844e-06
3.517208885477424098e-06
3.367834774136512815e-06
3.223172224903454603e-06
3.083451473136721112e-06
2.948233157749032394e-06
2.817658565882574955e-06
2.691564940643645588e-06
2.569613747693685605e-06
2.452165103105044518e-06
2.338800768713433602e-06
2.229395186788964920e-06
2.124154001876054659e-06
2.022616202792475161e-06
1.924981542371152425e-06
1.831065027417087716e-06
1.740529203045333471e-06
1.653750520664572127e-06
1.570284177804459497e-06
1.490072814468821505e-06
1.413252478247063915e-06
1.339388957472882725e-06
1.268699084173487261e-06
1.200981765206512610e-06
1.135923420255388310e-06
1.073874737635423522e-06
1.014395438782753893e-06
9.574869084219455319e-07
9.032206168949183884e-07
8.512156456661181443e-07
8.016964977121942858e-07
7.544600463831824079e-07
7.092546059486848456e-07
6.663831961099341978e-07
6.254528483520253446e-07
5.865147477876694274e-07
5.495945551133420538e-07
5.143858977803332135e-07
4.811039784523212758e-07
4.495557825547525380e-07
4.195606457011969455e-07
3.913479531169178169e-07
3.645815968288465332e-07
3.393213245786113650e-07
3.155365472060051357e-07
2.929710349860279844e-07
2.717799113348371108e-07
2.517643665643157772e-07
2.327891182266620053e-07
2.149984617004023941e-07
1.981333878177404493e-07
1.822693307993431743e-07
1.673801970788114731e-07
1.533081619017758533e-07
1.401950497361845626e-07
