# bin_3_3
6.341575271173083457e-04
6.237835525006086733e-04
6.134771668319350616e-04
6.032390197965829814e-04
5.930730168847170997e-04
5.829804581225386893e-04
5.729644758165245528e-04
5.630267984994467931e-04
5.531702768582644680e-04
5.433965546239855450e-04
5.337085774012034897e-04
5.241077560123434415e-04
5.145968701016937971e-04
5.051775159667431722e-04
4.958520424612268855e-04
4.866221557874508960e-04
4.774899882035327789e-04
4.684570973403989020e-04
4.595256030858518902e-04
4.506967954741537743e-04
4.419726586474781948e-04
4.333544709679360897e-04
4.248438700851005917e-04
4.164421054701897057e-04
4.081505962844616674e-04
3.999704117403185782e-04
3.919028535522029464e-04
3.839487013882283170e-04
3.761091038842206838e-04
3.683847493694740547e-04
3.607764871043954370e-04
3.532848852067833499e-04
3.459105420309596668e-04
3.386538273523992219e-04
3.315151856787876120e-04
3.244947376036030201e-04
3.175927433696796730e-04
3.108091554240893415e-04
3.041439660473917042e-04
2.975969836470798192e-04
2.911679823553408979e-04
2.848565623965912093e-04
2.786623281175806279e-04
2.725846771656900897e-04
2.666230322757740792e-04
2.607766223389765747e-04
2.550446544375577001e-04
2.494262124018561608e-04
2.439203358625513485e-04
2.385259370153178324e-04
2.332419001169949897e-04
2.280669987626180145e-04
2.229999776553994372e-04
2.180394698938257038e-04
2.131840721738870355e-04
2.084323104635643208e-04
2.037826904744775695e-04
1.992336283729329461e-04
1.947835066225018933e-04
1.904306832622273732e-04
1.861734599523806610e-04
1.820101122710946569e-04
1.779388769638291811e-04
1.739579618912073117e-04
1.700656046738661866e-04
1.662599710665924339e-04
1.625392245997157349e-04
1.589015616400645903e-04
1.553451102928728276e-04
1.518680521598041622e-04
1.484685226775107447e-04
1.451446803906179968e-04
1.418947544739351981e-04
1.387169168156993863e-04
1.356093649137642403e-04
1.325703713899105646e-04
1.295981337286533153e-04
1.266909675361574427e-04
1.238471299581186567e-04
1.210649334865701522e-04
1.183428144623676113e-04
1.156791382639777154e-04
1.130723273099098520e-04
1.105208913620843144e-04
1.080232647749700348e-04
1.055780513482183183e-04
1.031837665322103231e-04
1.008390053072417758e-04
9.854253162454918488e-05
9.629300258730330434e-05
9.408916038159312431e-05
9.192982612041868942e-05
8.981373891789434902e-05
8.773986359613315745e-05
8.570701795802017342e-05
8.371411536965293670e-05
8.176028227498859709e-05
7.984447466129512198e-05
7.796576518319222931e-05
7.612327888761814799e-05
7.431605156445764420e-05
7.254341555390769053e-05
7.080445479181422938e-05
6.909836565195114923e-05
6.742460581433288647e-05
6.578238083148582778e-05
6.417105826088813120e-05
6.258999962719699703e-05
6.103847598710440735e-05
5.951614932216287436e-05
5.802229470661443279e-05
5.655632499005302881e-05
5.511796233829599332e-05
5.370657450092178054e-05
5.232176838120593466e-05
5.096305789295619616e-05
4.962986347022561363e-05
4.832212072835218361e-05
4.703920309069662548e-05
4.578068105796113810e-05
4.454646474085008215e-05
4.333597940017560902e-05
4.214902946304675433e-05
4.098520757085679874e-05
3.984399336329351617e-05
3.872555339737152654e-05
3.762928490040308915e-05
3.655486510301549200e-05
3.550231773673559021e-05
3.447105351097466588e-05
3.346104413437808132e-05
3.247188714589525302e-05
3.150306151682344787e-05
3.055492796164839905e-05
2.962684324460106516e-05
2.871857694873540122e-05
2.783018690665796640e-05
2.696104552970894473e-05
2.611127498141735766e-05
2.528042705783115407e-05
2.446794881794452933e-05
2.367436262942947930e-05
2.289893952933955769e-05
2.214153520062843100e-05
2.140218554220544287e-05
2.068020215702357875e-05
1.997587356152056925e-05
1.928866692002620883e-05
1.861799380355737304e-05
1.796450907139554500e-05
1.732737021212572791e-05
1.670652035888273835e-05
1.610193156859560996e-05
1.551284275477614119e-05
1.493973564235366060e-05
1.438196351192033771e-05
1.383891813727233953e-05
1.331134652220667596e-05
1.279827450911607792e-05
1.229974999948191596e-05
1.181565488739114515e-05
1.134517262634386725e-05
1.088898571521934788e-05
1.044630171559335909e-05
1.001650982564548496e-05
9.600401494579591756e-06
9.196895576582162388e-06
8.806178187882626363e-06
8.428016680284369262e-06
8.061541203334366559e-06
7.707604270558382901e-06
7.365277332759438686e-06
7.034007774994353521e-06
6.714566466675259917e-06
6.405779589677335093e-06
6.107980324583389703e-06
5.820843218817336921e-06
5.543475555030431248e-06
5.276821997725255963e-06
5.019839719988562382e-06
4.772114080067197510e-06
4.534331238111164567e-06
4.305251272266582811e-06
4.085347246441367852e-06
3.874244471939874708e-06
3.671041868605752570e-06
3.476704086677517828e-06
3.290154736737489126e-06
3.111127971171614048e-06
2.940157276336443025e-06
2.776064013859139367e-06
2.619387514049021701e-06
2.469714989174941840e-06
2.326237177242035781e-06
2.189844061118840245e-06
2.059490988481005723e-06
1.935103623493217144e-06
1.816994014864370675e-06
1.704191733251662491e-06
1.597202455610668662e-06
1.495625510045695440e-06
1.398798254478807050e-06
1.307450494760066556e-06
1.220640567466199836e-06
1.138396003318028032e-06
1.060823810864959813e-06
9.871340810195104572e-07
9.177314523538055289e-07
8.522080136341438398e-07
7.900558154728030787e-07
7.317896635796223284e-07
6.766253664293178186e-07
6.246407317481384278e-07
5.758228105194383024e-07
5.295874534754315381e-07
4.862521066422463403e-07
4.454632947573339624e-07
4.068983012335851129e-07
3.709008080231274260e-07
3.369069775834459917e-07
3.050381845075331032e-07
2.752534871172942931e-07
2.471854648392558499e-07
2.210773307304665173e-07
1.966698299259534573e-07
1.737979184983460369e-07
1.526596696215743054e-07
1.328859171668384447e-07
1.145783994150179011e-07
9.767547894121780270e-08
8.195349583022688880e-08
6.754959826339497028e-08
