# bin_1_1
1.579039129933324480e-04
1.559319753794067946e-04
1.539623306548582580e-04
1.519944408350286326e-04
1.500295744786509389e-04
1.480673514207336762e-04
1.461084498266692038e-04
1.441530945987824211e-04
1.422019282387885976e-04
1.402549707120294507e-04
1.383130639211119358e-04
1.363761416610927786e-04
1.344449924352832614e-04
1.325197662555011849e-04
1.306010227850928147e-04
1.286890447962248899e-04
1.267843968062400584e-04
1.248873130638223554e-04
1.229984284896296597e-04
1.211179262814363858e-04
1.192464537732126797e-04
1.173842582768365358e-04
1.155318857039904716e-04
1.136896635121282178e-04
1.118581164342459647e-04
1.100375465140635949e-04
1.082285063521744447e-04
1.064312747558572239e-04
1.046463996335466874e-04
1.028741893634117560e-04
1.011151306125010902e-04
9.936957381445847678e-05
9.763797923325553171e-05
9.592063840105801342e-05
9.421804540102220041e-05
9.253048509547637148e-05
9.085842516631696469e-05
8.920216193195110155e-05
8.756209216733080091e-05
8.593853331498961241e-05
8.433184963881122740e-05
8.274233255678347721e-05
8.117034283849444785e-05
7.961612742480019488e-05
7.808003669961988981e-05
7.656228788839780283e-05
7.506319451676336969e-05
7.358296896017961768e-05
7.212187741277521682e-05
7.068009681652340681e-05
6.925787486916257945e-05
6.785536024575195067e-05
6.647276593434669166e-05
6.511020106296979966e-05
6.376783827589417586e-05
6.244576802294658010e-05
6.114411503401308637e-05
5.986293841557992706e-05
5.860232690280761122e-05
5.736230457854535195e-05
5.614292185634895261e-05
5.494416544946557104e-05
5.376605196931855791e-05
5.260853395436413744e-05
5.147158357543691199e-05
5.035512482610995347e-05
4.925909323619167288e-05
4.818337591435428068e-05
4.712787878974274868e-05
4.609245481701591606e-05
4.507697334730646809e-05
4.408126142298821737e-05
4.310515654768416657e-05
4.214845894331404041e-05
4.121097633325834699e-05
4.029248473310826652e-05
3.939276757410971227e-05
3.851157506076770623e-05
3.764866884787601271e-05
3.680377664428000821e-05
3.597664835079727384e-05
3.516699584684981558e-05
3.437454806441688843e-05
3.359900731387781693e-05
3.284008599512477575e-05
3.209747920506654588e-05
3.137088919919857934e-05
3.065999996464923702e-05
2.996451820451508536e-05
2.928412313109740950e-05
2.861851188528689039e-05
2.796736850086495592e-05
2.733038410888175669e-05
2.670724820910910942e-05
2.609765466809072518e-05
2.550128778050017998e-05
2.491786209826174446e-05
2.434706539244596034e-05
2.378860910220777184e-05
2.324219635529936560e-05
2.270753771702957181e-05
2.218435525677099485e-05
2.167236751680008585e-05
2.117129244087870071e-05
2.068088043393996191e-05
2.020085709530647760e-05
1.973097311436350942e-05
1.927097274621971510e-05
1.882060724392256793e-05
1.837965078004614227e-05
1.794786303896550797e-05
1.752501034751882068e-05
1.711089280269743749e-05
1.670528304670833181e-05
1.630798243351420457e-05
1.591878367801896193e-05
1.553748495805940132e-05
1.516391894005225545e-05
1.479789087179786845e-05
1.443921835017943084e-05
1.408775425574394460e-05
1.374331606293827472e-05
1.340575829653591431e-05
1.307491981594467250e-05
1.275064275243468759e-05
1.243281725837088388e-05
1.212128935406520335e-05
1.181592417914567142e-05
1.151661982348674537e-05
1.122323101382748694e-05
1.093565872875950857e-05
1.065377755495179405e-05
1.037746369098180813e-05
1.010665676802747100e-05
9.841232495177664033e-06
9.581094573400260501e-06
9.326173189865594621e-06
9.076349203660295749e-06
8.831560516357384155e-06
8.591703381190185713e-06
8.356675794471778756e-06
8.126456536929318729e-06
7.900937780168576776e-06
7.680051307721866077e-06
7.463746231245748710e-06
7.251917772844680380e-06
7.044535166143840530e-06
6.841503524553123661e-06
6.642732670373135036e-06
6.448232474417087710e-06
6.257899376310383477e-06
6.071684530817658088e-06
5.889544166983943561e-06
5.711378231757280895e-06
5.537187179232685328e-06
5.366874773420226694e-06
5.200355766846302019e-06
5.037664915302649062e-06
4.878691611266823571e-06
4.723401950637947142e-06
4.571750421325872677e-06
4.423636546879335921e-06
4.279095232956642290e-06
4.138017528661443024e-06
4.000316471285572691e-06
3.866047710164168939e-06
3.735088289660770201e-06
3.607422385045076302e-06
3.482994177048932134e-06
3.361695042974940799e-06
3.243597491278121639e-06
3.128573115833003103e-06
3.016534660487082263e-06
2.907553776089214114e-06
2.801486924339632458e-06
2.698342549967321091e-06
2.598052772543005662e-06
2.500496382575873384e-06
2.405782041649721154e-06
2.313755540156254558e-06
2.224339229860189838e-06
2.137614931471148242e-06
2.053408934129716862e-06
1.971763025753333246e-06
1.892599446316014647e-06
1.815777099106631161e-06
1.741438185966984978e-06
1.669404426709607378e-06
1.599612563391664271e-06
1.532143564980493753e-06
1.466800926411338101e-06
1.403659827481356613e-06
1.342629908289871122e-06
1.283560211389285184e-06
1.226615819855287213e-06
1.171596906666701891e-06
1.118468828165558697e-06
1.067292812669114424e-06
1.017870402685592727e-06
9.702992733907238674e-07
9.244794446229869874e-07
8.802620228947255062e-07
8.378183150662323612e-07
7.969381735221034105e-07
7.576156813063522097e-07
7.198873766646352350e-07
6.835639173871558728e-07
6.487582825458722974e-07
6.153614895000745150e-07
5.832416755116759421e-07
5.525589849968498746e-07
5.231081761058623146e-07
4.949082312421524437e-07
4.679718498619879605e-07
4.421309493380416417e-07
4.175046540458921599e-07
3.939810353758374991e-07
3.714566268142755449e-07
3.500676023362619626e-07
3.296269921453581213e-07
3.101694452312887809e-07
2.916849404281241228e-07
2.740291686259132747e-07
2.573087526239408720e-07
2.414071125310176022e-07
2.262438124948293459e-07
2.119185091245257271e-07
1.982715051830220299e-07
1.853481608673411159e-07
1.731316689026126865e-07
1.615161110182882958e-07
1.506020760598808340e-07
