# bin_4_3
7.233039985551108957e-04
7.111474211555690508e-04
6.990802482269225593e-04
6.871033402477866488e-04
6.752210891102856027e-04
6.634350194161789307e-04
6.517486712433901439e-04
6.401639938075476656e-04
6.286841829748019903e-04
6.173110796857377708e-04
6.060479233122501898e-04
5.948962894416916745e-04
5.838591973162648302e-04
5.729383782353275481e-04
5.621363618654074031e-04
5.514549549442284522e-04
5.408964159998518820e-04
5.304623615119001588e-04
5.201549885131193356e-04
5.099756016355333531e-04
4.999262113176058129e-04
4.900080686409509978e-04
4.802227831581333257e-04
4.705715354322988989e-04
4.610556655491584110e-04
4.516761286801759747e-04
4.424341017076152162e-04
4.333302073906267530e-04
4.243654245340603109e-04
4.155402433521114070e-04
4.068552965765686626e-04
3.983109167980931442e-04
3.899074447270023413e-04
3.816449760126131171e-04
3.735236608047879043e-04
3.655433145291328480e-04
3.577038697070396354e-04
3.500049411798315585e-04
3.424461618399930610e-04
3.350269762861875678e-04
3.277467755781939148e-04
3.206047717863860433e-04
3.136001613908394737e-04
3.067319425741494025e-04
2.999991127928271196e-04
2.934004827457227125e-04
2.869348220527467028e-04
2.806007839272689551e-04
2.743969689661448900e-04
2.683218512228613167e-04
2.623738634400243843e-04
2.565513517597078322e-04
2.508526074927676006e-04
2.452758325848639390e-04
2.398191760718851285e-04
2.344807326916506691e-04
2.292585809778273495e-04
2.241507122874751231e-04
2.191550792189773369e-04
2.142696445216886014e-04
2.094922882511272106e-04
2.048208994259698265e-04
2.002533124555999221e-04
1.957873550380894779e-04
1.914209014728933021e-04
1.871517524743690399e-04
1.829777089890804098e-04
1.788966445569646624e-04
1.749063353474932729e-04
1.710046566606852913e-04
1.671894182125544730e-04
1.634584774560403949e-04
1.598097919917828799e-04
1.562412504743764528e-04
1.527507763331850199e-04
1.493364070882732689e-04
1.459960719415567593e-04
1.427278722269638227e-04
1.395298225624404687e-04
1.364000179010165068e-04
1.333367191785758080e-04
1.303380891791204393e-04
1.274023639090511248e-04
1.245278997706037903e-04
1.217129399418337605e-04
1.189559607453021640e-04
1.162553068380157745e-04
1.136094272841473978e-04
1.110169955635958186e-04
1.084765301066636532e-04
1.059866586640147124e-04
1.035461111430184143e-04
1.011534934537505022e-04
9.880771621987834499e-05
9.650747664310037148e-05
9.425159359729195553e-05
9.203916885193173564e-05
8.986905915091536999e-05
8.774027449968095768e-05
8.565188704444677667e-05
8.360283639217019360e-05
8.159245984683715020e-05
7.961974524235435687e-05
7.768382308745222097e-05
7.578417274248507528e-05
7.391991772856765447e-05
7.209039912161093334e-05
7.029494024158172434e-05
6.853273167056047005e-05
6.680348862812284416e-05
6.510639302060933968e-05
6.344080463354611450e-05
6.180649713902646228e-05
6.020275289464767891e-05
5.862917978454786907e-05
5.708525168409499907e-05
5.557030742647542197e-05
5.408437569317460134e-05
5.262672211884160476e-05
5.119687202781487582e-05
4.979480433062300452e-05
4.841983638279400126e-05
4.707180144753672364e-05
4.575024206810528031e-05
4.445454043044849175e-05
4.318499305377703244e-05
4.194086583964233523e-05
4.072179686011505540e-05
3.952788442744043949e-05
3.835840235192035716e-05
3.721338095681332709e-05
3.609234902638528032e-05
3.499466840799973603e-05
3.392086215267021976e-05
3.287012535074538351e-05
3.184220184236308612e-05
3.083721352016784471e-05
2.985437340006281178e-05
2.889389121679584329e-05
2.795522756858561452e-05
2.703769527634695543e-05
2.614200352816458512e-05
2.526722984740728865e-05
2.441322270667041163e-05
2.358006213982988028e-05
2.276688124300682572e-05
2.197408785167625109e-05
2.120103215977409012e-05
2.044698250519764966e-05
1.971279415880841730e-05
1.899740265323040375e-05
1.830076540288111484e-05
1.762287330256832036e-05
1.696277275605550299e-05
1.632109633046820797e-05
1.569705340086964234e-05
1.508989494720788955e-05
1.450056748647185466e-05
1.392785339748823098e-05
1.337183873055174976e-05
1.283239674867649622e-05
1.230851539468335708e-05
1.180105097492323437e-05
1.130904169479468578e-05
1.083174871385923190e-05
1.037014682194509855e-05
9.922904991972680440e-06
9.490271409181015548e-06
9.071977796278169910e-06
8.666964439332450746e-06
8.276264758668893577e-06
7.898765826137402291e-06
7.533813103171577079e-06
7.182330026996523365e-06
6.842899979295403780e-06
6.515934858056413852e-06
6.201056224839448861e-06
5.897198501494698172e-06
5.605474607586812411e-06
5.324655013202188668e-06
5.054259092853915392e-06
4.795085945984428673e-06
4.545673373719706345e-06
4.306579834575258079e-06
4.077372638137225454e-06
3.857000412227684038e-06
3.646570553183936768e-06
3.444837176776014953e-06
3.251500314490663521e-06
3.067164447299078369e-06
2.890473410529224071e-06
2.722044872018043581e-06
2.561412458506553477e-06
2.407656537755248072e-06
2.261777357021158898e-06
2.122592560962853611e-06
1.990025590535903217e-06
1.864417132087224264e-06
1.744674588683107440e-06
1.631352635354808532e-06
1.523998350656973668e-06
1.421862924681272061e-06
1.325730077354774683e-06
1.234539535212143157e-06
1.148309201233940869e-06
1.067130505587345278e-06
9.901214274930201488e-07
9.177000624735480945e-07
8.494107473452962538e-07
7.846924316462676610e-07
7.240852734900789954e-07
6.667398614912629881e-07
6.127460115529473563e-07
5.620896193724795823e-07
5.141574727473282568e-07
4.692878300244107536e-07
4.271177228009995893e-07
3.873166253195192932e-07
3.502430209545887026e-07
3.153103604384063249e-07
2.826501169723748748e-07
2.522160941034540468e-07
2.236300359116549893e-07
1.971310518303256656e-07
1.724529699381678252e-07
1.494263508525150271e-07
1.282383690555639337e-07
1.085115989379256673e-07
9.034203317189968850e-08
7.365802466452386115e-08
5.823348572114444412e-08
4.418600607339426469e-08
