# bin_3_1
2.793692354917945908e-04
2.754608549012814889e-04
2.715646546537358067e-04
2.676802086920505776e-04
2.638093715731612316e-04
2.599522435068216748e-04
2.561101373493093747e-04
2.522835198736222972e-04
2.484735772726299574e-04
2.446807248414525340e-04
2.409063456278460460e-04
2.371506917759772860e-04
2.334151089818975358e-04
2.297000792911806089e-04
2.260066762343057795e-04
2.223355577800013774e-04
2.186877227377952723e-04
2.150637830558852544e-04
2.114648512761741384e-04
2.078913943587986876e-04
2.043445291317544919e-04
2.008248242842990475e-04
1.973332130183990925e-04
1.938703574138875882e-04
1.904371289436510646e-04
1.870341488836615692e-04
1.836623207769493460e-04
1.803221264074605478e-04
1.770144726726671975e-04
1.737398939691450056e-04
1.704991655581293347e-04
1.672928458699290423e-04
1.641216216043891736e-04
1.609860065066670109e-04
1.578866870929915105e-04
1.548240754145971680e-04
1.517988249037450284e-04
1.488113276135749358e-04
1.458621243583526565e-04
1.429516001167020940e-04
1.400802165544193624e-04
1.372482890261150508e-04
1.344562451038651299e-04
1.317043135227179986e-04
1.289928626135345856e-04
1.263220747223762911e-04
1.236922182386746439e-04
1.211034356729805031e-04
1.185559165054214745e-04
1.160497281662770444e-04
1.135850041038562565e-04
1.111617312348754140e-04
1.087799776988862300e-04
1.064396656470613308e-04
1.041407725113465066e-04
1.018831716660040032e-04
9.966676842443721713e-05
9.749136738397932306e-05
9.535680384142254293e-05
9.326281296373816019e-05
9.120917207831118179e-05
8.919555300944440556e-05
8.722166300072080900e-05
8.528711929999858933e-05
8.339157570636882293e-05
8.153459566341309406e-05
7.971577084126637875e-05
7.793462251949923622e-05
7.619069109729899065e-05
7.448345281820923736e-05
7.281240210497211534e-05
7.117697510721660850e-05
6.957664232427484988e-05
6.801080511402833747e-05
6.647889204349520574e-05
6.498029200880552753e-05
6.351440159033427187e-05
6.208058927719262274e-05
6.067823538420400787e-05
5.930668386529313382e-05
5.796532845391709130e-05
5.665350505957016287e-05
5.537058489088657814e-05
5.411591802263425579e-05
5.288886454582280937e-05
5.168878368628326391e-05
5.051504180418858302e-05
4.936699024109874267e-05
4.824404152989920366e-05
4.714555797026514199e-05
4.607094568872237701e-05
4.501960208338814110e-05
4.399093476866571537e-05
4.298437592821712460e-05
4.199935381510519348e-05
4.103529712997089883e-05
4.009170718017228353e-05
3.916803193079046517e-05
3.826377018052798542e-05
3.737841726495930655e-05
3.651147481244771097e-05
3.566249545863449264e-05
3.483100383800512165e-05
3.401653759055231599e-05
3.321871533876730561e-05
3.243709127177024014e-05
3.167127864226816950e-05
3.092088028872779816e-05
3.018550306007850785e-05
2.946482981702910447e-05
2.875848295194428304e-05
2.806610757951373666e-05
2.738743727647717754e-05
2.672212248814023199e-05
2.606988574248308597e-05
2.543042345812355907e-05
2.480343218821493700e-05
2.418871455222574489e-05
2.358597099694483500e-05
2.299493938203193291e-05
2.241544916787005433e-05
2.184722018240899702e-05
2.129006998025708767e-05
2.074376559399577314e-05
2.020806747764002253e-05
1.968288120761871793e-05
1.916796049677720775e-05
1.866311522389202304e-05
1.816824438645113550e-05
1.768310914887043974e-05
1.720760356340277148e-05
1.674153584218133358e-05
1.628470398143814140e-05
1.583709699768473335e-05
1.539849504577388886e-05
1.496876282464302631e-05
1.454783872216438404e-05
1.413550512195219787e-05
1.373171623847197014e-05
1.333629490061977171e-05
1.294905559182464056e-05
1.257005282536896884e-05
1.219906948261711333e-05
1.183601095181503148e-05
1.148083037744090926e-05
1.113331408948541124e-05
1.079347217232575398e-05
1.046112148761043315e-05
1.013608071936312839e-05
9.818457497737766095e-06
9.508019274336276840e-06
9.204702445402177614e-06
8.908455671119042168e-06
8.619057017921198755e-06
8.336578704546927248e-06
8.060816232827337297e-06
7.791587236457845809e-06
7.529041683848593972e-06
7.272916043029254961e-06
7.023176433519097688e-06
6.779753998817541875e-06
6.542415848723070657e-06
6.311304941503696677e-06
6.086177508514714394e-06
5.866844732130455300e-06
5.653489966419808565e-06
5.445815923308224990e-06
5.243829700187333449e-06
5.047431878748781325e-06
4.856368911996413331e-06
4.670857449715373271e-06
4.490607251686544750e-06
4.315433901937614075e-06
4.145540849668759410e-06
3.980587273857991382e-06
3.820633018440358476e-06
3.665549576564481121e-06
3.515060199272991689e-06
3.369444260233656920e-06
3.228358981622310071e-06
3.091649563323546339e-06
2.959523884627731063e-06
2.831587358040481621e-06
2.707965804645704433e-06
2.588511289001888089e-06
2.472916613193205343e-06
2.361511228657293156e-06
2.253913848960362964e-06
2.150009245818114959e-06
2.049985206463317045e-06
1.953421472623155546e-06
1.860499188418275493e-06
1.771047825875704395e-06
1.684757161523636699e-06
1.601975714315768237e-06
1.522295136852667997e-06
1.445663868137629293e-06
1.372210771560433812e-06
1.301538984432125412e-06
1.233852358429913403e-06
1.168967355366238840e-06
1.106595421853361907e-06
1.047066496606612293e-06
9.899725333272198853e-07
9.353146924891349537e-07
8.831599833917474107e-07
8.331528404177649591e-07
7.855029448412183025e-07
7.400190627112505124e-07
6.964639865208650546e-07
6.551234626513744420e-07
6.156272262789148835e-07
5.780217315153242204e-07
5.423303018082739833e-07
5.082629862233065305e-07
4.760233896159526798e-07
4.454282005029725258e-07
4.163056697676741783e-07
3.888765468493253786e-07
3.628229092030234543e-07
3.382037084378334497e-07
3.149930008798196011e-07
2.929494352674075616e-07
2.722259187899844434e-07
2.526344663215947003e-07
2.340464396658151528e-07
2.166037639119803490e-07
2.000572052056863657e-07
1.844791647773915987e-07
1.698436820107623013e-07
1.559969298144003125e-07
1.430771769854977750e-07
