# bin_2_2
3.635482170550388150e-04
3.582740316722403027e-04
3.530183467089324247e-04
3.477810266342971132e-04
3.425643791096903723e-04
3.373688071460154429e-04
3.321960331277468452e-04
3.270468759261792443e-04
3.219229323545952609e-04
3.168249567923896214e-04
3.117547151687369181e-04
3.067128077282678432e-04
3.017009782082241817e-04
2.967200470897916388e-04
2.917714532949536787e-04
2.868562008775152436e-04
2.819756479460239391e-04
2.771307371928213793e-04
2.723229122024295587e-04
2.675529762356721104e-04
2.628223651291241593e-04
2.581319522729003308e-04
2.534829685489135669e-04
2.488763731347476351e-04
2.443133127230923932e-04
2.397946663118324115e-04
2.353215946366204396e-04
2.308948654782374600e-04
2.265155982036546028e-04
2.221845483766549296e-04
2.179026571852897640e-04
2.136706850888640352e-04
2.094894994055028861e-04
2.053597778592109726e-04
2.012823397947621263e-04
1.972577346828944893e-04
1.932867112812069262e-04
1.893697659672120706e-04
1.855075033928901005e-04
1.817003756230605404e-04
1.779488772231346382e-04
1.742533548423223007e-04
1.706142295241083002e-04
1.670317365487208254e-04
1.635061987018316299e-04
1.600377652231747285e-04
1.566266334606834451e-04
1.532728737098170931e-04
1.499765744462752855e-04
1.467377024609136033e-04
1.435562511928039221e-04
1.404320849906685962e-04
1.373650986158683166e-04
1.343550629510377036e-04
1.314017622748965357e-04
1.285048855266118784e-04
1.256641212488297376e-04
1.228790639014614068e-04
1.201493164476246192e-04
1.174743919744501383e-04
1.148538092807411414e-04
1.122869992158797176e-04
1.097733945404053316e-04
1.073123609791170322e-04
1.049032670185780198e-04
1.025454137124488628e-04
1.002380978047487001e-04
9.798057105550917498e-05
9.577207558276356258e-05
9.361180937572825887e-05
9.149896802011318875e-05
8.943270514817665945e-05
8.741219698752329432e-05
8.543656537607034198e-05
8.350494385830877690e-05
8.161644528206120895e-05
7.977017425072714587e-05
7.796522903050131376e-05
7.620070519367257644e-05
7.447568348265386370e-05
7.278928527609952032e-05
7.114059314201391193e-05
6.952871186547591130e-05
6.795275214335511505e-05
6.641181634891023559e-05
6.490503497360029903e-05
6.343152895993539250e-05
6.199043043268611080e-05
6.058093039046860570e-05
5.920218421287905454e-05
5.785338315031137438e-05
5.653373571871339132e-05
5.524244364402044333e-05
5.397876747204152954e-05
5.274194329561935881e-05
5.153123572203764500e-05
5.034598310658908339e-05
4.918548010182047930e-05
4.804906879128364381e-05
4.693610925325006854e-05
4.584595466324593589e-05
4.477804340852388357e-05
4.373176322584261164e-05
4.270653839359909960e-05
4.170188385979961906e-05
4.071725104889424156e-05
3.975215010099824204e-05
3.880609601749174204e-05
3.787859574095440323e-05
3.696927222988580100e-05
3.607765454064183416e-05
3.520331758721698367e-05
3.434593934540810893e-05
3.350510458089467656e-05
3.268047527394251506e-05
3.187169357541980755e-05
3.107838964612603635e-05
3.030034867420376520e-05
2.953720382572997096e-05
2.878865161635714467e-05
2.805449818142680523e-05
2.733441499360783343e-05
2.662818796867577034e-05
2.593554638202863905e-05
2.525619913626048375e-05
2.459006489471108180e-05
2.393684006026866799e-05
2.329630702166156491e-05
2.266835916557990383e-05
2.205271039521222782e-05
2.144924214835617013e-05
2.085772581929251686e-05
2.027790916733039216e-05
1.970981745024869325e-05
1.915317008021187825e-05
1.860781199782402093e-05
1.807368218849120418e-05
1.755050932207470203e-05
1.703825155008262192e-05
1.653668732093279266e-05
1.604557468808141748e-05
1.556502517749055596e-05
1.509474891307726927e-05
1.463463695371816719e-05
1.418464225289324967e-05
1.374448542407631082e-05
1.331420184212517882e-05
1.289355063710602234e-05
1.248228540599667932e-05
1.208059159492137937e-05
1.168814563431139568e-05
1.130487661377786142e-05
1.093072645153569470e-05
1.056539212704196584e-05
1.020900007638005083e-05
9.861270078814212979e-06
9.521946353982788778e-06
9.191275827735242461e-06
8.868880243495295236e-06
8.554730827307052549e-06
8.248741957677073195e-06
7.950584968287725501e-06
7.660491789555938573e-06
7.378118670021384929e-06
7.103196582800616085e-06
6.836020849081761543e-06
6.576156264728835838e-06
6.323636158659894554e-06
6.078329872517538659e-06
5.839872217140945538e-06
5.608602377525569136e-06
5.384105353217956062e-06
5.166119731418349649e-06
4.954966620235853392e-06
4.750143833241423585e-06
4.551762970280042979e-06
4.359651168604220630e-06
4.173408742529104513e-06
3.993459788083546458e-06
3.819313542630160540e-06
3.650755728440560652e-06
3.488105454056626897e-06
3.330787055704222445e-06
3.179003639947769030e-06
3.032554457005128627e-06
2.891001417263412309e-06
2.754827855746722865e-06
2.623493103589119913e-06
2.496843380595959029e-06
2.375156911519046344e-06
2.257834045604797986e-06
2.145146173433877066e-06
2.036861517399500959e-06
1.932547777027867503e-06
1.832698348665636165e-06
1.736744261494357410e-06
1.644623483073530772e-06
1.556519877086224190e-06
1.471884437201084374e-06
1.391007771566839981e-06
1.313646396552659739e-06
1.239412863325565704e-06
1.168763494545702101e-06
1.101149806962444966e-06
1.036588685585564134e-06
9.751801866539629184e-07
9.164535327954470840e-07
8.606992300318018889e-07
8.076700705264189805e-07
7.570554747079358145e-07
7.092326840416955151e-07
6.637073871903127419e-07
6.205381158985876221e-07
5.797419332209670725e-07
5.409182508789388854e-07
5.043063018414907804e-07
4.696426862907612823e-07
4.366833748747453509e-07
4.056939749534709929e-07
3.762602699530043181e-07
3.484692595299020201e-07
3.223062517319911409e-07
2.974884816443434633e-07
2.742325611290013844e-07
2.523261859437355375e-07
2.316265907731788030e-07
2.123124144835368000e-07
1.940686003816691753e-07
1.769738257116224032e-07
1.609789624007789821e-07
1.458785235536318473e-07
1.318225969950157893e-07
