# bin_4_4
8.394527113708014293e-04
8.249120830641178863e-04
8.104931890585043326e-04
7.961971330773671670e-04
7.820288966580812677e-04
7.679902155126264868e-04
7.540850748014481719e-04
7.403156549421504966e-04
7.266855387205315353e-04
7.131967211800828085e-04
6.998527264485864463e-04
6.866552623341659915e-04
6.736075768002018974e-04
6.607114687037489052e-04
6.479695804611194671e-04
6.353837590980864706e-04
6.229563275403681225e-04
6.106888481339500796e-04
5.985834915733946994e-04
5.866414918698955585e-04
5.748647630486779713e-04
5.632543848562562502e-04
5.518118186761878556e-04
5.405380579962200437e-04
5.294342019560769295e-04
5.185008699837597010e-04
5.077389809536089066e-04
4.971488840688349483e-04
4.867311802539696949e-04
4.764859903721955104e-04
4.664135312415857099e-04
4.565137110254412949e-04
4.467864313199344274e-04
4.372313101180245239e-04
4.278479946673183708e-04
4.186358219917129153e-04
4.095941738679579496e-04
4.007221283854455070e-04
3.920187658615444841e-04
3.834829558459893124e-04
3.751135052734245524e-04
3.669090436054748151e-04
3.588681432430845830e-04
3.509892295133614512e-04
3.432706652144902203e-04
3.357106509200072082e-04
3.283073364512136363e-04
3.210587523475081739e-04
3.139628802586324108e-04
3.070175845216114295e-04
3.002206585027012288e-04
2.935698732392921090e-04
2.870628806873067561e-04
2.806973065341007820e-04
2.744706974982531310e-04
2.683805653717079753e-04
2.624244199637984173e-04
2.565996858375647329e-04
2.509037498966623647e-04
2.453340650224958438e-04
2.398879565308386014e-04
2.345628178565646799e-04
2.293559603287532750e-04
2.242647323761361156e-04
2.192865423850433326e-04
2.144187348986324195e-04
2.096586471729372471e-04
2.050037606271328005e-04
2.004514036721634135e-04
1.959990804505237977e-04
1.916441941201412499e-04
1.873842313330311208e-04
1.832168248884251600e-04
1.791395202299234102e-04
1.751499070721804284e-04
1.712457471363410400e-04
1.674246418472498301e-04
1.636844438302889409e-04
1.600228737300668741e-04
1.564377684278297966e-04
1.529271941921894501e-04
1.494890725245040530e-04
1.461214210922877268e-04
1.428224284210438352e-04
1.395901052795833200e-04
1.364227939000708760e-04
1.333186330604060172e-04
1.302759008582299544e-04
1.272931883849773250e-04
1.243688473835311817e-04
1.215013782979885981e-04
1.186894171769909518e-04
1.159314047230804466e-04
1.132262120226367418e-04
1.105723869145424358e-04
1.079686377335979522e-04
1.054140655645750948e-04
1.029074034219426304e-04
1.004475952516049062e-04
9.803366050699973615e-05
9.566441509179329197e-05
9.333923266552872485e-05
9.105697384043380700e-05
8.881668753585447306e-05
8.661791002924960306e-05
8.445965426449959161e-05
8.234123947711859928e-05
8.026194717486110893e-05
7.822085636264208743e-05
7.621778328837181882e-05
7.425177709654309744e-05
7.232212636100105222e-05
7.042869918755440863e-05
6.857065304887497543e-05
6.674761036366889835e-05
6.495899329138493119e-05
6.320402142766792179e-05
6.148287892631694581e-05
5.979467024318646246e-05
5.813885803596135815e-05
5.651553659138501697e-05
5.492385928920107574e-05
5.336371387340375368e-05
5.183457333635399782e-05
5.033567280383011643e-05
4.886751600343993264e-05
4.742916963621256399e-05
4.602021693142213578e-05
4.464087672786639163e-05
4.329021403582716191e-05
4.196835720159499875e-05
4.067473666668887600e-05
3.940853755475633624e-05
3.817053389769041010e-05
3.695967586096929162e-05
3.577567347332668977e-05
3.461874963702483141e-05
3.348787691614517353e-05
3.238340337844066043e-05
3.130465896997736423e-05
3.025075635570457925e-05
2.922268581371142960e-05
2.821923507449256482e-05
2.724024725130353095e-05
2.628587093744542001e-05
2.535497441153530021e-05
2.444814555546228935e-05
2.356456797925525557e-05
2.270330076791176902e-05
2.186549186512245528e-05
2.104975063774095479e-05
2.025606063749777687e-05
1.948444226861781797e-05
1.873366269082727068e-05
1.800457221035833236e-05
1.729617783670292231e-05
1.660753019370215258e-05
1.593985755244414323e-05
1.529159337794231850e-05
1.466288224687162572e-05
1.405358623152500302e-05
1.346241691513379532e-05
1.289047065884744010e-05
1.233655239303734840e-05
1.179974676384556100e-05
1.128127772324029358e-05
1.077946606441210823e-05
1.029464768633252486e-05
9.826505517008831444e-06
9.373719688445484257e-06
8.937562813658066972e-06
8.516674343353227900e-06
8.110263617739789824e-06
7.719452596023096836e-06
7.342497272552884512e-06
6.979914135457061522e-06
6.631253447634507876e-06
6.295220526761275535e-06
5.973141159970389265e-06
5.663542401049731883e-06
5.365857769394885239e-06
5.081025873503939157e-06
4.807295745439565032e-06
4.545332971866460265e-06
4.294628890837062430e-06
4.053940422807699852e-06
3.824547521014276196e-06
3.604991242375105571e-06
3.394929393427700494e-06
3.195050165621988657e-06
3.003778362907460286e-06
2.821827696134517213e-06
2.648668174944403732e-06
2.483249138465466576e-06
2.326700254319966660e-06
2.177674191581281019e-06
2.036089683633792646e-06
1.902310422982485044e-06
1.775089233098775231e-06
1.655020799151060696e-06
1.541574970116726469e-06
1.433887071059638478e-06
1.332780981804559657e-06
1.237049113881190121e-06
1.146690650642027821e-06
1.061772173594546513e-06
9.813104016076044363e-07
9.057353718179269359e-07
8.345421306950781526e-07
7.671168014507165997e-07
7.040251431128413011e-07
6.443583085453761234e-07
5.882285402785128156e-07
5.356284474209650687e-07
4.859287185775980856e-07
4.394914688309092563e-07
3.959528705003838966e-07
3.549811512984828294e-07
3.169418731151418961e-07
2.812304547315829291e-07
2.479833188951050249e-07
2.171426723193194590e-07
1.883207309197790047e-07
1.617383026172883884e-07
1.371223250901577531e-07
1.142980485242344326e-07
9.342708246027816651e-08
7.412856332279192583e-08
5.648417778168375145e-08
4.040827731354548386e-08
2.567632534548800247e-08
1.237356423379182576e-08
