# bin_4_2
5.153293914819775034e-04
5.072777273030182549e-04
4.992683145594877013e-04
4.913014881343144135e-04
4.833804477204453501e-04
4.755061213993888570e-04
4.676810224780565358e-04
4.599065247727006063e-04
4.521849504678000656e-04
4.445175935218018148e-04
4.369069030938381904e-04
4.293539884841192584e-04
4.218612229437721049e-04
4.144299181041419321e-04
4.070620720150116027e-04
3.997591537091609243e-04
3.925230195812426425e-04
3.853550320000537969e-04
3.782570799668294979e-04
3.712303327322505602e-04
3.642766114706581988e-04
3.573971068627183477e-04
3.505933634748155761e-04
3.438666060659111793e-04
3.372182262668780867e-04
3.306493065338220053e-04
3.241611882294119854e-04
3.177547777951328866e-04
3.114313071687973221e-04
3.051916070211632193e-04
2.990366562973372508e-04
2.929672273987684781e-04
2.869841546002751295e-04
2.810880594429760165e-04
2.752796608316106968e-04
2.695593861698666991e-04
2.639278169188945191e-04
2.583852619543721752e-04
2.529320893463332665e-04
2.475685030997128080e-04
2.422946989308293313e-04
2.371107135234462582e-04
2.320166091139659267e-04
2.270122585513215075e-04
2.220975711653472892e-04
2.172722791255809278e-04
2.125361143959795184e-04
2.078886832942198834e-04
2.033295685811258979e-04
1.988582297926598074e-04
1.944741104583434896e-04
1.901765407116763238e-04
1.859648321117729562e-04
1.818381875615483268e-04
1.777957822289449625e-04
1.738367109713535072e-04
1.699600438153000268e-04
1.661647626873820848e-04
1.624498289844067574e-04
1.588141472299106508e-04
1.552565846126899285e-04
1.517759550920509551e-04
1.483710418239748995e-04
1.450405885382447034e-04
1.417833373361908355e-04
1.385979727798007915e-04
1.354831609656199194e-04
1.324375688220167031e-04
1.294598157989186886e-04
1.265485290740078392e-04
1.237023055954253239e-04
1.209197369446003131e-04
1.181994523209182400e-04
1.155400337198521143e-04
1.129400739529044280e-04
1.103981960690012540e-04
1.079129797124772888e-04
1.054830624826155234e-04
1.031070495522109815e-04
1.007835724139000664e-04
9.851133474481919069e-05
9.628899809439972848e-05
9.411525565009423646e-05
9.198885479154296876e-05
8.990849851634487029e-05
8.787299241430924775e-05
8.588109223524239286e-05
8.393160707863728557e-05
8.202345076842013267e-05
8.015547949086215688e-05
7.832660288775500010e-05
7.653578692751643396e-05
7.478195155595825647e-05
7.306416258009511527e-05
7.138140050586230692e-05
6.973271620793074677e-05
6.811729347289621089e-05
6.653422416644562962e-05
6.498267509395660318e-05
6.346185589690885595e-05
6.197092816942027392e-05
6.050924369428022250e-05
5.907600955947165793e-05
5.767051231686259351e-05
5.629220455904629253e-05
5.494039667227214980e-05
5.361450041126644570e-05
5.231393483756734765e-05
5.103806986860491503e-05
4.978652509775246426e-05
4.855868712717127450e-05
4.735403751832508367e-05
4.617225306455939756e-05
4.501280312585378697e-05
4.387530382415291843e-05
4.275932359398915768e-05
4.166437823196159236e-05
4.059031179123852117e-05
3.953662100386014022e-05
3.850293387244068700e-05
3.748909173110501821e-05
3.649464330124955010e-05
3.551936963110113448e-05
3.456292752654801083e-05
3.362490772329902115e-05
3.270533995974255300e-05
3.180377022525758378e-05
3.091992551873364638e-05
3.005375168057522790e-05
2.920481508336796389e-05
2.837302945049718374e-05
2.755807727760948181e-05
2.675957128266961364e-05
2.597769389118561147e-05
2.521198526111638569e-05
2.446225006635832067e-05
2.372847695400956210e-05
2.301022139585516546e-05
2.230751148048306417e-05
2.162001058102857280e-05
2.094732086785300681e-05
2.028975165973202047e-05
1.964679619788693937e-05
1.901832411022709386e-05
1.840432241372561248e-05
1.780431086821678620e-05
1.721844167436369853e-05
1.664632512271480480e-05
1.608754169505920069e-05
1.554250867540101682e-05
1.501064366965698483e-05
1.449187807809074476e-05
1.398616291194700894e-05
1.349296659451022297e-05
1.301258880389602944e-05
1.254456087783257197e-05
1.208844540310653452e-05
1.164474314823528024e-05
1.121277347224242331e-05
1.079254185625127043e-05
1.038394115128139673e-05
9.986394440023831228e-06
9.600363448711389926e-06
9.225270180082153129e-06
8.860665015704896128e-06
8.507102946463496147e-06
8.163814127552436350e-06
7.830908027915908860e-06
7.508196778681927933e-06
7.195051965476345996e-06
6.892084851317883676e-06
6.598607230838277156e-06
6.314199609664369656e-06
6.039426275979035260e-06
5.773428218406282044e-06
5.516434106014782502e-06
5.268186600144827713e-06
5.028021990600116398e-06
4.796649814876262805e-06
4.573279030684279234e-06
4.357583601315367010e-06
4.150088201122771661e-06
3.949854139611748213e-06
3.757233915825094048e-06
3.571929624257185827e-06
3.393248046828144516e-06
3.221945381337889273e-06
3.057182468090044753e-06
2.898740847764282411e-06
2.747047586230888638e-06
2.601176715939770877e-06
2.461553712672729324e-06
2.327842656480100939e-06
2.199395851399433578e-06
2.076937751881898738e-06
1.959624313348991387e-06
1.847381759100826875e-06
1.740470394344329342e-06
1.638092340231852179e-06
1.540666591103548891e-06
1.447857341403254055e-06
1.359119078886180481e-06
1.275083633110839241e-06
1.194980886251152371e-06
1.118847452594724025e-06
1.046807592976843170e-06
9.782091244317503431e-07
9.134253732682879897e-07
8.521132557413918189e-07
7.938404398990031543e-07
7.390731147344621957e-07
6.871350328263014737e-07
6.380935391342039446e-07
5.919457833346567410e-07
5.481637855656886495e-07
5.070303555697260851e-07
4.682093536544232838e-07
4.313942702782081087e-07
3.969028596968933483e-07
3.642227848493111506e-07
3.334710300582353796e-07
3.046284573929680814e-07
2.773616642172661127e-07
2.519207471301223182e-07
2.280623999755805061e-07
2.056272431487014781e-07
1.848132130788932115e-07
1.652587874909026356e-07
1.470572419485123038e-07
1.301493971448361692e-07
1.143085374167887517e-07
9.968550323974508598e-08
