# bin_2_2
1.833722561909560485e-05
1.841079658157318314e-05
1.848292053235742592e-05
1.855305120943997498e-05
1.862153242412714580e-05
1.868798998776804527e-05
1.875256638498863553e-05
1.881502202345952492e-05
1.887544428934181907e-05
1.893358411616501627e-05
1.898958103612410523e-05
1.904312596749877166e-05
1.909436015708982772e-05
1.914305070140218939e-05
1.918923493367110462e-05
1.923274863936865207e-05
1.927360858847034281e-05
1.931164018584643439e-05
1.934689058058011797e-05
1.937915441418437272e-05
1.940849808345311488e-05
1.943473738584149506e-05
1.945786469879326767e-05
1.947776522006136132e-05
1.949442787261906288e-05
1.950771980507703867e-05
1.951765868560165372e-05
1.952409045300747164e-05
1.952703792869566723e-05
1.952637334176965872e-05
1.952209153322089722e-05
1.951409254012669126e-05
1.950236771783967512e-05
1.948681760390083133e-05
1.946744911336076395e-05
1.944416096792287509e-05
1.941696662776710601e-05
1.938577861011937667e-05
1.935060261706926478e-05
1.931137099103643999e-05
1.926809055706838749e-05
1.922070065516277008e-05
1.916921906626546575e-05
1.911359089435406110e-05
1.905384212414335305e-05
1.898992972599255428e-05
1.892188043995607651e-05
1.884966861068460462e-05
1.877332583735079184e-05
1.869283333047383318e-05
1.860823559413046947e-05
1.851952521491342051e-05
1.842675530412704222e-05
1.832992809007569137e-05
1.822909985722038728e-05
1.812428924849803188e-05
1.801556188735132667e-05
1.790294647067448762e-05
1.778651559630205461e-05
1.766631051883854058e-05
1.754241418849382462e-05
1.741487494556669466e-05
1.728378325000492425e-05
1.714919830268527850e-05
1.701122334226101324e-05
1.686992534324367377e-05
1.672541097114183914e-05
1.657776208721521003e-05
1.642708921662118567e-05
1.627348062421145515e-05
1.611705437546339945e-05
1.595790371415091316e-05
1.579616190568836911e-05
1.563192730550399355e-05
1.546532959061466974e-05
1.529648149768666262e-05
1.512551164107658750e-05
1.495253718821987472e-05
1.477769093349580568e-05
1.460108721948448269e-05
1.442287759408948421e-05
1.424317632271560619e-05
1.406212522904569695e-05
1.387985040890746491e-05
1.369648543653844039e-05
1.351216085765384229e-05
1.332700952042136190e-05
1.314115118077219759e-05
1.295474126891785339e-05
1.276789297965297539e-05
1.258074509681187578e-05
1.239342039598051028e-05
1.220604260967229554e-05
1.201874139649385032e-05
1.183163513509524590e-05
1.164483274659808729e-05
1.145848063355686234e-05
1.127267436191761381e-05
1.108753734848250183e-05
1.090317400199321229e-05
1.071968621004824000e-05
1.053719285293185017e-05
1.035578376384156079e-05
1.017554535020430244e-05
9.996604614686552538e-06
9.819029024847282576e-06
9.642918187452485470e-06
9.468347077123482193e-06
9.295387074865568030e-06
9.124141343218255154e-06
8.954662591589774149e-06
8.787008183338490075e-06
8.621280016989807420e-06
8.457509936024647348e-06
8.295771805159143461e-06
8.136105401226466455e-06
7.978547395158567968e-06
7.823184584367197990e-06
7.670028385597240592e-06
7.519107851769280757e-06
7.370498230239669377e-06
7.224191400380920399e-06
7.080240116623826035e-06
6.938648851104363153e-06
6.799418543997491088e-06
6.662624475414783895e-06
6.528238033585907753e-06
6.396263967166305933e-06
6.266751973445801943e-06
6.139655999915108991e-06
6.015014779824835117e-06
5.892798688922563767e-06
5.772977121095483431e-06
5.655620331743372061e-06
5.540663090203746043e-06
5.428095288044016511e-06
5.317941619335716250e-06
5.210126824857637160e-06
5.104683836953451453e-06
5.001552669480123517e-06
4.900678036422690500e-06
4.802131310671097019e-06
4.705815618328478127e-06
4.611715069533029957e-06
4.519832198149808391e-06
4.430070113952571191e-06
4.342467878620704134e-06
4.256938948996187081e-06
4.173412032131856937e-06
4.091964977762812743e-06
4.012474395926968814e-06
3.934926905739097961e-06
3.859305688545711070e-06
3.785499427492045405e-06
3.713565899893753140e-06
3.643395295560599551e-06
3.574909319486576269e-06
3.508194793396912220e-06
3.443106139410099944e-06
3.379641491967544622e-06
3.317767808954055062e-06
3.257368115039538647e-06
3.198527780002217461e-06
3.141113976481931854e-06
3.085048159606632291e-06
3.030426813439380969e-06
2.977090287688673647e-06
2.925058043271278511e-06
2.874280873016229704e-06
2.824639442408749044e-06
2.776249970669100540e-06
2.728960839745135703e-06
2.682703868556829093e-06
2.637580760797286744e-06
2.593421116662702871e-06
2.550272161382945802e-06
2.508073366175040119e-06
2.466706945248482329e-06
2.426314552589076919e-06
2.386729492469658377e-06
2.347906936784219275e-06
2.309946834725387116e-06
2.272669723714961276e-06
2.236154679883650077e-06
2.200336050504162520e-06
2.165096564317017812e-06
2.130597229393272302e-06
2.096666190657127039e-06
2.063283732221603376e-06
2.030538511332565803e-06
1.998257184469669714e-06
1.966542221145833969e-06
1.935323009064701728e-06
1.904493704350166562e-06
1.874220568885001893e-06
1.844332898984472489e-06
1.814842226232858084e-06
1.785811391005397974e-06
1.757092532061075833e-06
1.728796059367969608e-06
1.700852352436862585e-06
1.673173273502149144e-06
1.645917687219302850e-06
1.618927088863305803e-06
1.592237651423749273e-06
1.565890334658043587e-06
1.539765653382572685e-06
1.513978009802559892e-06
1.488460097734807656e-06
1.463147375517691320e-06
1.438180443471802378e-06
1.413419147854162413e-06
1.388912288170606890e-06
1.364678140544119927e-06
1.340617218274691213e-06
1.316831671571444260e-06
1.293246557183926819e-06
1.269808498232132573e-06
1.246620106500364109e-06
1.223550952443605111e-06
1.200644061130922968e-06
1.177893057116561785e-06
1.155215085500164646e-06
1.132697808261471303e-06
1.110273661087892844e-06
1.087917883242671512e-06
1.065720881895960386e-06
1.043598774236590120e-06
1.021621057179563290e-06
9.998026323923659481e-07
9.781129614604294374e-07
9.566536546085134458e-07
