# bin_4_3
5.196209223458977261e-05
5.207149705693648022e-05
5.217336992608545424e-05
5.226679824090003294e-05
5.235222723069768056e-05
5.242897526274835368e-05
5.249723014344544788e-05
5.255651720817195068e-05
5.260694596122064150e-05
5.264804385698945266e-05
5.267996921431485226e-05
5.270223486720548888e-05
5.271499351701054747e-05
5.271784327721084734e-05
5.271083393801884171e-05
5.269368113088570080e-05
5.266639716174502015e-05
5.262870005500899599e-05
5.258067626284193048e-05
5.252202653848597069e-05
5.245280662717362980e-05
5.237279541116765557e-05
5.228204579471006357e-05
5.218038346650618025e-05
5.206784550790932015e-05
5.194428634913511399e-05
5.180977646195778413e-05
5.166417791750205950e-05
5.150759056540246857e-05
5.133990762931480231e-05
5.116122284367999871e-05
5.097148651336211875e-05
5.077078986405105388e-05
5.055911250552367736e-05
5.033658248823209396e-05
5.010319309192195938e-05
4.985910094126537456e-05
4.960432776358915928e-05
4.933903686197301761e-05
4.906329505710936144e-05
4.877727566451856662e-05
4.848107236842018808e-05
4.817488450668525778e-05
4.785883250106172750e-05
4.753314070016575213e-05
4.719794776185028552e-05
4.685349316946217050e-05
4.649994241560774055e-05
4.613755794470783252e-05
4.576653132768931318e-05
4.538713046387992452e-05
4.499958347681237833e-05
4.460417254366194335e-05
4.420113412922829890e-05
4.379076605054704475e-05
4.337331782058249366e-05
4.294912205713755478e-05
4.251843442949112119e-05
4.208157969961417739e-05
4.163885644939067221e-05
4.119058754986672097e-05
4.073707326827642159e-05
4.027864699047865795e-05
3.981560296373730010e-05
3.934831954771665988e-05
3.887708686658652247e-05
3.840225080514424725e-05
3.792414788346207272e-05
3.744310378089524141e-05
3.695945085420919402e-05
3.647352000103394642e-05
3.598561534524189896e-05
3.549612852262270011e-05
3.500534417003648595e-05
3.451360178468410267e-05
3.402123415561321879e-05
3.352853822700421987e-05
3.303584246600337651e-05
3.254344152972797757e-05
3.205161162855496088e-05
3.156073005386905890e-05
3.107104018825590898e-05
3.058284623561846426e-05
3.009644176346681208e-05
2.961206643391130357e-05
2.913002148789980850e-05
2.865053452117544480e-05
2.817382672918130508e-05
2.770023867636017581e-05
2.722994320245735350e-05
2.676318879896634692e-05
2.630020134370959729e-05
2.584114456049525644e-05
2.538628118696699450e-05
2.493575091591171419e-05
2.448970303714640480e-05
2.404842818017388417e-05
2.361200866752750802e-05
2.318062803631924427e-05
2.275442871122289996e-05
2.233349142763176381e-05
2.191804390838488550e-05
2.150812242343795212e-05
2.110379677880674576e-05
2.070530563157498246e-05
2.031263521205439854e-05
1.992591089599330740e-05
1.954518317715221853e-05
1.917044824426437292e-05
1.880191282541939033e-05
1.843950586738240787e-05
1.808322507846794468e-05
1.773326065164826628e-05
1.738950151773821590e-05
1.705203375135861649e-05
1.672081889489399181e-05
1.639577415700726920e-05
1.607710057743807323e-05
1.576462283197082611e-05
1.545829043815274219e-05
1.515825177114193546e-05
1.486429711555098048e-05
1.457650411178262911e-05
1.429475875675631383e-05
1.401890369200011603e-05
1.374915595037281910e-05
1.348524974910501177e-05
1.322710892091806356e-05
1.297484404350348025e-05
1.272816361849552477e-05
1.248716157923607076e-05
1.225165590230066818e-05
1.202143351686399206e-05
1.179674058950745471e-05
1.157723431895179235e-05
1.136284581822459486e-05
1.115363946516542865e-05
1.094927717439424548e-05
1.074988356140756617e-05
1.055522049911864994e-05
1.036504171680040547e-05
1.017962659093074099e-05
9.998572332854869146e-06
9.821840302098914396e-06
9.649449519926297497e-06
9.481038867812501962e-06
9.316784636259067628e-06
9.156400975538585003e-06
8.999634490593116771e-06
8.846794891516017491e-06
8.697437782041649444e-06
8.551568887869896805e-06
8.409164868488009487e-06
8.269860321081444512e-06
8.133899468564410596e-06
8.000955263391863019e-06
7.870791346976597480e-06
7.743736085895564972e-06
7.619319753403130953e-06
7.497603814417966371e-06
7.378527054054403070e-06
7.261741612310463024e-06
7.147561298851728875e-06
7.035620765259055571e-06
6.925716594354681792e-06
6.818182045420402130e-06
6.712547519724233291e-06
6.608939076501548777e-06
6.507258277298037536e-06
6.407182542038917591e-06
6.309083088156097939e-06
6.212571402658528147e-06
6.117498069240445512e-06
6.024180350729607011e-06
5.932161635668029042e-06
5.841630645826470583e-06
5.752466593340204671e-06
5.664380147750242929e-06
5.577771684787456433e-06
5.492243530359949878e-06
5.407720938242443118e-06
5.324485671778472216e-06
5.242101741572272008e-06
5.160813752649646860e-06
5.080496399417816854e-06
5.000888636920340807e-06
4.922397875795224706e-06
4.844644477439545345e-06
4.767620613713004401e-06
4.691555769056568317e-06
4.616071040791662961e-06
4.541437919057648489e-06
4.467532379446633521e-06
4.394145688758860760e-06
4.321661337588900815e-06
4.249734003048443449e-06
4.178426110199845293e-06
4.107890073886021847e-06
4.037834860802930847e-06
3.968511102559822741e-06
3.899796589505918097e-06
3.831518827772878892e-06
3.763983890818348694e-06
3.696864074199312821e-06
3.630221048759177526e-06
3.564102231714280059e-06
3.498247121367618612e-06
3.432835581596727708e-06
3.367717095777486705e-06
3.302747958002462598e-06
3.238157251373563354e-06
3.173690649774121262e-06
3.109461669226710716e-06
3.045536968864568811e-06
2.981802621442185143e-06
2.918500106268027749e-06
2.855597469886665464e-06
2.793105157975205082e-06
2.731279028570052913e-06
2.670009114866692668e-06
2.609467518076335750e-06
2.549731906861288757e-06
2.490754452009094476e-06
2.432722227435178285e-06
2.375592053874068163e-06
2.319365446380721398e-06
2.264174439407932325e-06
2.209901333214600324e-06
2.156631758081730666e-06
2.104360052581482674e-06
2.053012273435254681e-06
2.002663860374676223e-06
