# bin_4_4
6.558170106255778637e-05
6.568074644105177206e-05
6.576932897339180840e-05
6.584641428456770352e-05
6.591248344630191373e-05
6.596676990480050131e-05
6.600950606680960366e-05
6.604013983653265064e-05
6.605880276601526632e-05
6.606497753834387403e-05
6.605886058095243021e-05
6.603991568924874633e-05
6.600831565066306013e-05
6.596364992829421229e-05
6.590599589885249362e-05
6.583504474950516313e-05
6.575085951155272318e-05
6.565317248206032155e-05
6.554205439009723390e-05
6.541722266938451843e-05
6.527882814922948446e-05
6.512664895576702627e-05
6.496077292229039473e-05
6.478106943225091208e-05
6.458762187152212889e-05
6.438032315002228836e-05
6.415931386398947929e-05
6.392449607634813802e-05
6.367603628908731354e-05
6.341389494174267218e-05
6.313822599635070677e-05
6.284904707278317901e-05
6.254653257155548042e-05
6.223072542117799393e-05
6.190183745954988407e-05
6.155994406827174352e-05
6.120528409633519621e-05
6.083796949178276652e-05
6.045824634628815906e-05
6.006626836585932409e-05
5.966231166471679277e-05
5.924655176739412573e-05
5.881928641277088098e-05
5.838073622749686122e-05
5.793121984569369725e-05
5.747097612398419710e-05
5.700033417071502843e-05
5.651956577988803329e-05
5.602903840030902348e-05
5.552903272081342764e-05
5.501991700544595906e-05
5.450202396495533311e-05
5.397573160707647242e-05
5.344137546572898863e-05
5.289934860177121820e-05
5.234999092985916059e-05
5.179374363106561681e-05
5.123094812233288487e-05
5.066201665461920236e-05
5.008735327894233113e-05
4.950735730740824864e-05
4.892242479392330725e-05
4.833296666818569438e-05
4.773935876256470498e-05
4.714207558166841648e-05
4.654147511658097291e-05
4.593797765865194907e-05
4.533200887724113815e-05
4.472395036298309866e-05
4.411421483822098249e-05
4.350319093852527183e-05
4.289123977639622054e-05
4.227883835878415219e-05
4.166631514662136137e-05
4.105406479720497242e-05
4.044248656878174944e-05
3.983190868947172306e-05
3.922272270366882613e-05
3.861525401522218859e-05
3.800981232711707288e-05
3.740684454496484644e-05
3.680661058580584667e-05
3.620945049880885562e-05
3.561569933549098944e-05
3.502560292016429911e-05
3.443950943994126830e-05
3.385764937255902565e-05
3.328025286504873075e-05
3.270771712755038023e-05
3.214020369821233745e-05
3.157797836245477787e-05
3.102128507043450253e-05
3.047026835024187370e-05
2.992522989073502810e-05
2.938628362598163111e-05
2.885356765933304559e-05
2.832741934343920649e-05
2.780788205393364988e-05
2.729514370531236820e-05
2.678934224341981952e-05
2.629051962534060004e-05
2.579894220302542148e-05
2.531459364081668510e-05
2.483751498009101403e-05
2.436798638192669124e-05
2.390593185496632127e-05
2.345147622258015848e-05
2.300464480831216114e-05
2.256537903141211693e-05
2.213393204416871853e-05
2.171015598092307711e-05
2.129400926136256080e-05
2.088572152734575509e-05
2.048509856000345551e-05
2.009223050739341240e-05
1.970703678192892565e-05
1.932936726257917487e-05
1.895948248455768046e-05
1.859710871725524868e-05
1.824215597986970558e-05
1.789481131972419395e-05
1.755476189817459774e-05
1.722210377167628556e-05
1.689666905605951246e-05
1.657822185847222619e-05
1.626705561047994092e-05
1.596278947946764046e-05
1.566531458392953039e-05
1.537477760187278033e-05
1.509077046124554966e-05
1.481342415558404867e-05
1.454249244200618800e-05
1.427767875062834164e-05
1.401932078094629776e-05
1.376694840369891801e-05
1.352047551728789337e-05
1.327999307751907205e-05
1.304504603622686270e-05
1.281581260686838619e-05
1.259198391759765193e-05
1.237323241763999071e-05
1.215993943131921435e-05
1.195156912714613984e-05
1.174808460901771377e-05
1.154952021615745472e-05
1.135540448278661039e-05
1.116598310553610528e-05
1.098089439006719380e-05
1.079981267828661388e-05
1.062315267896509226e-05
1.045033775531534568e-05
1.028139303806198152e-05
1.011629943842063053e-05
9.954592116914296829e-06
9.796598359441038216e-06
9.641912040728045584e-06
9.490239199063836423e-06
9.342009305358766588e-06
9.196627423332345467e-06
9.054190087352105454e-06
8.914630937267004318e-06
8.777517708870486121e-06
8.643255617739857176e-06
8.511398914803439152e-06
8.381703173873491835e-06
8.254593215731159875e-06
8.129487483025808525e-06
8.006559593531180279e-06
7.885698440734392815e-06
7.766512657338635041e-06
7.649466751869660135e-06
7.534094990877291753e-06
7.420225106639149814e-06
7.308251909018215352e-06
7.197622684772140876e-06
7.088581334777273470e-06
6.980991331162226876e-06
6.874509880614651412e-06
6.769624962216896417e-06
6.665868375542996553e-06
6.563160727509066436e-06
6.461845097332419898e-06
6.361406166295005813e-06
6.262146785421201882e-06
6.163927425246552903e-06
6.066446672804336512e-06
5.970190081417247525e-06
5.874720228500284716e-06
5.780039488617257284e-06
5.686424606529819101e-06
5.593442390599524333e-06
5.501423646752903846e-06
5.410239629832236091e-06
5.319663692617976686e-06
5.230150370368491186e-06
5.141315619582891889e-06
5.053243067640854764e-06
4.966106451794128521e-06
4.879562134707202113e-06
4.793870836390378474e-06
4.708855573426579790e-06
4.624269214431415323e-06
4.540395283710917837e-06
4.456809207417795069e-06
4.373539332138278643e-06
4.290613869849322758e-06
4.207745352832894004e-06
4.125163642900151175e-06
4.042761515900483176e-06
3.960459403603119474e-06
3.878596051348699520e-06
3.796987717804614429e-06
3.715851295914407116e-06
3.635337340405381583e-06
3.555386445849900727e-06
3.476302467031842743e-06
3.398081588600006206e-06
3.320748365101625139e-06
3.244568355199633712e-06
3.169412474628076867e-06
3.095442947215702108e-06
3.022713777777645050e-06
2.951145198733770935e-06
2.880894860384775951e-06
2.811888916395650943e-06
2.744099939715153311e-06
2.677627247718776325e-06
2.612326116397927012e-06
2.548259427135471606e-06
2.485400288312534134e-06
2.423658063177981316e-06
2.363083740018498110e-06
