# bin_3_1
1.074540196757031967e-05
1.078685485390051168e-05
1.082757362848330593e-05
1.086712866127867743e-05
1.090583522204961487e-05
1.094340091358806230e-05
1.097996372640799188e-05
1.101536203136704186e-05
1.104969177749163273e-05
1.108276156348201216e-05
1.111471939322101971e-05
1.114533608888653801e-05
1.117476081244714602e-05
1.120281297072698631e-05
1.122955648192131268e-05
1.125488930583059805e-05
1.127884263283165673e-05
1.130129483647819840e-05
1.132233669051245991e-05
1.134180837577084146e-05
1.135976452949510731e-05
1.137609429217569016e-05
1.139084277502606925e-05
1.140391860643375386e-05
1.141534198672123103e-05
1.142502622385131198e-05
1.143300672827068495e-05
1.143917924272660474e-05
1.144359060995796899e-05
1.144614429355701907e-05
1.144686781077201585e-05
1.144569309526692591e-05
1.144262841369345908e-05
1.143761184575982165e-05
1.143066762780703275e-05
1.142171828651363983e-05
1.141079663830379849e-05
1.139783362693978577e-05
1.138285129027094553e-05
1.136580034493077323e-05
1.134669016418487048e-05
1.132547813031353041e-05
1.130218463471417406e-05
1.127675977177694271e-05
1.124923180078176224e-05
1.121955602163575046e-05
1.118775765226211262e-05
1.115380179244000607e-05
1.111770875070303487e-05
1.107945615548714882e-05
1.103906757060235456e-05
1.099651953797062577e-05
1.095184120254596024e-05
1.090501309510778023e-05
1.085606542346100166e-05
1.080498740584641953e-05
1.075181089246230406e-05
1.069652888314711168e-05
1.063917896239211384e-05
1.057975763273911286e-05
1.051830627718000589e-05
1.045482666134862551e-05
1.038936124104609925e-05
1.032191845468328416e-05
1.025254598147433371e-05
1.018125789098416479e-05
1.010810182599416172e-05
1.003309841650737940e-05
9.956298755549197217e-06
9.877728128729307928e-06
9.797439549444384607e-06
9.715462255414428200e-06
9.631858525791295910e-06
9.546660039728518637e-06
9.459928061433607905e-06
9.371702964617704436e-06
9.282045831529933612e-06
9.191000949118317500e-06
9.098631999376431757e-06
9.004983304839498344e-06
8.910131206645843511e-06
8.814120818136452718e-06
8.717023356817419144e-06
8.618893675902410906e-06
8.519799013532435445e-06
8.419798930309838278e-06
8.318962256549510697e-06
8.217343034138503561e-06
8.115026488308931305e-06
8.012064140534403100e-06
7.908532612906181148e-06
7.804492582292470282e-06
7.700012891625905082e-06
7.595161135928151472e-06
7.490004934389256293e-06
7.384600503842946240e-06
7.279035226460317286e-06
7.173359192946309437e-06
7.067647646991959582e-06
6.961958959308462607e-06
6.856356572306641728e-06
6.750910187672520260e-06
6.645678018157276494e-06
6.540711076020866506e-06
6.436092216573413162e-06
6.331862456154450175e-06
6.228089873641724584e-06
6.124822830520345274e-06
6.022112607851357902e-06
5.920026339741718806e-06
5.818605709210544366e-06
5.717890982061777109e-06
5.617954743715791210e-06
5.518822553238170807e-06
5.420551777000008593e-06
5.323174824950590629e-06
5.226726415898978166e-06
5.131267333316480608e-06
5.036818231334316660e-06
4.943406383809666871e-06
4.851090492457943117e-06
4.759875661416436615e-06
4.669808465286570154e-06
4.580902882391522051e-06
4.493174002316888530e-06
4.406675995680139446e-06
4.321407190279504639e-06
4.237381643417922543e-06
4.154642292596194828e-06
4.073173261506915034e-06
3.993011564122328235e-06
3.914151597267250974e-06
3.836589597622862388e-06
3.760374206692610218e-06
3.685482028357423488e-06
3.611917349316242958e-06
3.539706018784188381e-06
3.468814906613383785e-06
3.399273982646239621e-06
3.331059097891798564e-06
3.264150662293635812e-06
3.198593598262530694e-06
3.134345207128736285e-06
3.071403819899342655e-06
3.009779306114427447e-06
2.949425065876667089e-06
2.890369367520563838e-06
2.832571459699593850e-06
2.776000570149829890e-06
2.720700277445182838e-06
2.666611782865145244e-06
2.613731303334212315e-06
2.562054621584730590e-06
2.511525699506295898e-06
2.462177482025131216e-06
2.413954810847222541e-06
2.366820745326158205e-06
2.320819178212281897e-06
2.275878145241611823e-06
2.231996234367047830e-06
2.189157569478922030e-06
2.147301770011599302e-06
2.106471703665868295e-06
2.066598682590825730e-06
2.027643392770390163e-06
1.989651539893957146e-06
1.952542839977583185e-06
1.916323655504856327e-06
1.880967499425932656e-06
1.846411906012976340e-06
1.812712887608752707e-06
1.779790944851771740e-06
1.747610000621989068e-06
1.716216934412749620e-06
1.685525083060895776e-06
1.655552881002938298e-06
1.626266473061842968e-06
1.597603375623765888e-06
1.569632046307212462e-06
1.542264152429767598e-06
1.515473844315507198e-06
1.489307353974393211e-06
1.463672038020509484e-06
1.438602348438350692e-06
1.414060868199449018e-06
1.389984369342835503e-06
1.366452928767535402e-06
1.343374090863991769e-06
1.320733798111635245e-06
1.298573751172076346e-06
1.276801655347333026e-06
1.255465081677333445e-06
1.234522333695718782e-06
1.213913627322745093e-06
1.193724200512522497e-06
1.173859402273343890e-06
1.154320902327776888e-06
1.135138929660714093e-06
1.116231877159904484e-06
1.097655436526298427e-06
1.079367900450075630e-06
1.061317514671257211e-06
1.043589424316702884e-06
1.026091519739644684e-06
1.008837427266677428e-06
9.918442157220862269e-07
9.750390050779839065e-07
9.584799122021304258e-07
9.421217159021648882e-07
9.259217573781691252e-07
9.099588634554809907e-07
8.941496324620264937e-07
8.785208614501103512e-07
8.630850427073919384e-07
8.477875679879006263e-07
8.326955163626903215e-07
8.177706419007302228e-07
8.029889353134314864e-07
7.884242764842678090e-07
7.740072416483723058e-07
7.597729756917708803e-07
7.457263137713609963e-07
7.318228387253528222e-07
7.181230508470451502e-07
7.045839552305050084e-07
6.911854071940653586e-07
6.779795981845471026e-07
6.649000864169755519e-07
6.519750835490813754e-07
6.391946984667016976e-07
6.265173824947264347e-07
6.139905330219838223e-07
