# bin_4_1
1.231317391585154556e-05
1.235449056235223898e-05
1.239479778775449547e-05
1.243364858080629775e-05
1.247135498678895498e-05
1.250761881622356161e-05
1.254259044112061192e-05
1.257609393513474885e-05
1.260822200776847884e-05
1.263878447592883232e-05
1.266794180388544801e-05
1.269545003673532143e-05
1.272145416312845164e-05
1.274578443740320990e-05
1.276850539677420030e-05
1.278950253735401774e-05
1.280882595272047880e-05
1.282636634789801388e-05
1.284216839934634063e-05
1.285607839348427024e-05
1.286820070056287826e-05
1.287840740363835969e-05
1.288673428383369616e-05
1.289310369222879769e-05
1.289753258202661335e-05
1.289993694851249700e-05
1.290036464565600642e-05
1.289870616640145590e-05
1.289501288442611510e-05
1.288920232755420080e-05
1.288129625350377844e-05
1.287123451164228226e-05
1.285903527917068286e-05
1.284463611002205730e-05
1.282806845989991754e-05
1.280926185265900732e-05
1.278825199807403805e-05
1.276498275346901673e-05
1.273947506749830105e-05
1.271168708390095637e-05
1.268163991377049092e-05
1.264929161673342998e-05
1.261467202513478429e-05
1.257773842851287415e-05
1.253852503204554037e-05
1.249699659529909367e-05
1.245317701751081550e-05
1.240704874197607721e-05
1.235863809599715889e-05
1.230792566224864023e-05
1.225494427673084318e-05
1.219967657300151438e-05
1.214216093526222259e-05
1.208238457013227041e-05
1.202038545837232997e-05
1.195615801890295401e-05
1.188974477037622773e-05
1.182114546254405958e-05
1.175040196587801530e-05
1.167752306977036560e-05
1.160255320735684299e-05
1.152550476960143475e-05
1.144642442897564844e-05
1.136533009272649566e-05
1.128227681750821430e-05
1.119728444781323924e-05
1.111040684843556194e-05
1.102167524227365056e-05
1.093114405289897594e-05
1.083884783186314506e-05
1.074484524025003546e-05
1.064917082520066209e-05
1.055189670144626644e-05
1.045305942319110906e-05
1.035272616183373488e-05
1.025094566861381559e-05
1.014778228064138240e-05
1.004328901438831739e-05
9.937533837282686198e-06
9.830566195189959668e-06
9.722471052569298577e-06
9.613297182665814567e-06
9.503121618747841978e-06
9.392005504608185419e-06
9.280019175216831835e-06
9.167229539893472992e-06
9.053708485624510188e-06
8.939513482805940957e-06
8.824738088046934592e-06
8.709435987973653562e-06
8.593688122722820108e-06
8.477560640115406013e-06
8.361122992993995549e-06
8.244450558992685361e-06
8.127610843238599399e-06
8.010662875261337113e-06
7.893701646258843692e-06
7.776776829175655506e-06
7.659967105971872826e-06
7.543334139903882955e-06
7.426940339932003795e-06
7.310863203728921183e-06
7.195158293202835973e-06
7.079877421205575651e-06
6.965110391448823833e-06
6.850895442800975642e-06
6.737303299501606202e-06
6.624383293010366741e-06
6.512183771672636260e-06
6.400779731490555786e-06
6.290207569474796025e-06
6.180506786634167004e-06
6.071756087306750959e-06
5.963975451662840532e-06
5.857224867761387865e-06
5.751535393797465288e-06
5.646936803366339080e-06
5.543498057763352439e-06
5.441231909570246419e-06
5.340163958456212838e-06
5.240357988731143073e-06
5.141810963881085904e-06
5.044572449711374966e-06
4.948653105158820563e-06
4.854061292336028576e-06
4.760859765272133128e-06
4.669036652598895568e-06
4.578604177865116990e-06
4.489609051275412847e-06
4.402025282986588795e-06
4.315893668493722747e-06
4.231203394305527815e-06
4.147943001753295356e-06
4.066169861735280469e-06
3.985848782008253650e-06
3.906982863036531914e-06
3.829599921745380277e-06
3.753656259865711710e-06
3.679186117786131069e-06
3.606158949534586573e-06
3.534547235330311646e-06
3.464404570919740648e-06
3.395675659063019945e-06
3.328358674151217392e-06
3.262463753256195082e-06
3.197934064572353524e-06
3.134802734611243966e-06
3.073021759409923183e-06
3.012552999132545872e-06
2.953448278406899348e-06
2.895636234640533307e-06
2.839113968610595887e-06
2.783876212768255324e-06
2.729857591191542853e-06
2.677096654580168966e-06
2.625530543189693495e-06
2.575116128814738734e-06
2.525904894722231111e-06
2.477812983590154534e-06
2.430840880157970523e-06
2.384970748362151280e-06
2.340134194475404863e-06
2.296380376799212128e-06
2.253632729448670325e-06
2.211847136763656566e-06
2.171076166022273577e-06
2.131228865513042793e-06
2.092314500359019935e-06
2.054304039355119734e-06
2.017128363503822187e-06
1.980850323407833089e-06
1.945382746968036608e-06
1.910686305773609122e-06
1.876813931607724542e-06
1.843669610342435627e-06
1.811275585153391078e-06
1.779595321678489003e-06
1.748560965293401455e-06
1.718248046954652430e-06
1.688560984797655529e-06
1.659472372266816329e-06
1.631033654853620780e-06
1.603144019193532696e-06
1.575842568402121751e-06
1.549089443184835348e-06
1.522817009916394599e-06
1.497112529886281336e-06
1.471877199073568013e-06
1.447097072421991868e-06
1.422818622804089391e-06
1.398943562410894315e-06
1.375525433025135530e-06
1.352521314107511343e-06
1.329868896549900567e-06
1.307660388487752993e-06
1.285794726396933581e-06
1.264272657272917755e-06
1.243123807414165941e-06
1.222256509990974579e-06
1.201725087276851998e-06
1.181479413848137270e-06
1.161459380090926287e-06
1.141751497331350548e-06
1.122256643977275477e-06
1.102990759514106336e-06
1.083976097144931492e-06
1.065141741310201130e-06
1.046557559382777533e-06
1.028185073963068962e-06
1.009988863091003537e-06
9.920606201631684862e-07
9.743202301094724895e-07
9.568021540193964951e-07
9.395238975185409042e-07
9.224303058663473928e-07
9.055924921320530039e-07
8.889696335249342076e-07
8.725348038770918678e-07
8.563621502731456696e-07
8.403757926523160542e-07
8.246089583385184137e-07
8.090631570508180432e-07
7.936883716610378285e-07
7.785441248891789903e-07
7.635826913944647058e-07
7.487805583615666259e-07
7.341890143135914579e-07
7.197371962761122046e-07
7.054527865872493207e-07
6.913245444727679902e-07
6.773087540449943385e-07
6.634537486892596327e-07
