# bin_1_1
4.479319909480736671e-06
4.499808407492954749e-06
4.520249379103977547e-06
4.540301652200912856e-06
4.560244564324704425e-06
4.579864558054110530e-06
4.599272021624119494e-06
4.618369946021926022e-06
4.637240629562961116e-06
4.655744604912639643e-06
4.674033471101738428e-06
4.691919698185975413e-06
4.709546365450960260e-06
4.726786741391123683e-06
4.743695792012567410e-06
4.760219621193602608e-06
4.776393017585426923e-06
4.792125870803771022e-06
4.807506789775739970e-06
4.822408854228018642e-06
4.836924688873166451e-06
4.850961911524575358e-06
4.864560427607583190e-06
4.877651197676545338e-06
4.890262775534353029e-06
4.902344220067795199e-06
4.913933817800768681e-06
4.924950614416714867e-06
4.935447267077445750e-06
4.945346738461504877e-06
4.954682553510801416e-06
4.963401679708041237e-06
4.971524664699264095e-06
4.978991915286337472e-06
4.985841288825828784e-06
4.992001984910355665e-06
4.997508208623180065e-06
5.002304144212693517e-06
5.006408513297554105e-06
5.009772982465571147e-06
5.012411108990741958e-06
5.014284182136077545e-06
5.015407758820891667e-06
5.015732116036940094e-06
5.015276673541032609e-06
5.013999418893548593e-06
5.011909730669077854e-06
5.008974908466810718e-06
5.005200608224025432e-06
5.000554546447435096e-06
4.995047329490572349e-06
4.988641960762148954e-06
4.981355907628137294e-06
4.973154250848467760e-06
4.964046692274091182e-06
4.954007193447845447e-06
4.943043701440376627e-06
4.931131746809623590e-06
4.918281527468509592e-06
4.904470019512599768e-06
4.889708869839988011e-06
4.873978552915522722e-06
4.857288740625362184e-06
4.839622879678288621e-06
4.820993511151819595e-06
4.801385469393480696e-06
4.780813626002840224e-06
4.759264971286366164e-06
4.736756206831794686e-06
4.713275731434615565e-06
4.688841470491361042e-06
4.663445298837391061e-06
4.637108471733759187e-06
4.609825159485478411e-06
4.581616394188659082e-06
4.552480323084100968e-06
4.522439285577625003e-06
4.491494855520797125e-06
4.459670803311160854e-06
4.426969764089297747e-06
4.393420259678969808e-06
4.359027543802676126e-06
4.323819978959436179e-06
4.287806857011340546e-06
4.251016492497867059e-06
4.213461959027158573e-06
4.175173318324605309e-06
4.136163308803225022e-06
4.096467903236266934e-06
4.056101526000713877e-06
4.015098684979622182e-06
3.973477887197013180e-06
3.931272942478103778e-06
3.888506177007779977e-06
3.845211823080764011e-06
3.801410790110776350e-06
3.757144220619276687e-06
3.712432332767172768e-06
3.667314120255132250e-06
3.621813779915184690e-06
3.575967437351262954e-06
3.529804073466780714e-06
3.483359029286038265e-06
3.436657092418835190e-06
3.389741378242658727e-06
3.342634559138694534e-06
3.295376328250563707e-06
3.247992240778244007e-06
3.200517585097908799e-06
3.152983715931192484e-06
3.105423562761168027e-06
3.057861579094448882e-06
3.010339261399289863e-06
2.962877218938148479e-06
2.915512650553114013e-06
2.868268298742263562e-06
2.821174814482758483e-06
2.774262682910760109e-06
2.727558417148261023e-06
2.681083254594436786e-06
2.634873475099608945e-06
2.588943939889442340e-06
2.543326890175992898e-06
2.498039113469023271e-06
2.453103731299097019e-06
2.408547977075190028e-06
2.364389638273668373e-06
2.320644435529093837e-06
2.277341132275765459e-06
2.234486584103598471e-06
2.192106735499204500e-06
2.150210196505862798e-06
2.108811251884882912e-06
2.067932756152214316e-06
2.027582624295599614e-06
1.987770562569423396e-06
1.948516450355734588e-06
1.909818872718140548e-06
1.871697387308224869e-06
1.834151663624941378e-06
1.797187138589596403e-06
1.760822342806549523e-06
1.725055308654670167e-06
1.689890198086775697e-06
1.655338034448312477e-06
1.621389653718927155e-06
1.588059930603847040e-06
1.555339785271381909e-06
1.523226971576733073e-06
1.491736739231406667e-06
1.460857999256080785e-06
1.430590608530656542e-06
1.400937477463622534e-06
1.371882926095334669e-06
1.343440022568513101e-06
1.315591747304978846e-06
1.288329978667487290e-06
1.261668047184560595e-06
1.235586702585100412e-06
1.210083530830138068e-06
1.185154596790598256e-06
1.160779763442987362e-06
1.136973424964917516e-06
1.113711036347581490e-06
1.090980237515567996e-06
1.068794050823954533e-06
1.047126984700162462e-06
1.025977259240822256e-06
1.005334868514694270e-06
9.851764146804246368e-07
9.655203914476040474e-07
9.463358899398959275e-07
9.276089921650962793e-07
9.093532956233236197e-07
8.915379825946529028e-07
8.741648885333351789e-07
8.572195361464843493e-07
8.406763838444167169e-07
8.245591965643350806e-07
8.088312053448999585e-07
7.934800005865951797e-07
7.785192602847040010e-07
7.639121565237079263e-07
7.496663328894398081e-07
7.357637902843335574e-07
7.221761619767923292e-07
7.089332421299188569e-07
6.959943264016866841e-07
6.833508085692575522e-07
6.710165520457036962e-07
6.589527869604365794e-07
6.471752495191506490e-07
6.356642711020704321e-07
6.243924329945401110e-07
6.133955299440247919e-07
6.026306444637452948e-07
5.920959794963846403e-07
5.818022895414360862e-07
5.717122653357780344e-07
5.618471844552976999e-07
5.521854889643498305e-07
5.427010900801081864e-07
5.334324039741135794e-07
5.243350897615923318e-07
5.154133474908230871e-07
5.066737349350398450e-07
4.980811832421597056e-07
4.896618730066458438e-07
4.813921488963664302e-07
4.732491899554418375e-07
4.652714208907331762e-07
4.574150974034221302e-07
4.496899954758657373e-07
4.420987480065992133e-07
4.346100567061844342e-07
4.272543225408374973e-07
4.200067276305529774e-07
4.128496139136476086e-07
4.058193186640344217e-07
3.988747686568663831e-07
3.920305946122783297e-07
3.852860573621792393e-07
3.786147451303158938e-07
3.720490268278583582e-07
3.655632336520401136e-07
3.591448717032597580e-07
3.528256137696181441e-07
3.465682288007729741e-07
3.403899407289650116e-07
3.342861012305676114e-07
3.282339748334473705e-07
3.222641672883227129e-07
