# bin_2_1
8.018279962401391025e-06
8.054783741604096002e-06
8.090956337549877296e-06
8.126406401037976359e-06
8.161424584530999594e-06
8.195759248653933080e-06
8.229536101662778005e-06
8.262611729982968157e-06
8.295071587460915469e-06
8.326758973592371418e-06
8.357809493029349978e-06
8.388009022539930881e-06
8.417498211589099401e-06
8.446127818123903364e-06
8.473948027380509359e-06
8.500867283894073144e-06
8.526920026999504866e-06
8.552001843329495436e-06
8.576175871059822100e-06
8.599306589885257911e-06
8.621475446112101035e-06
8.642562494928771369e-06
8.662580923939506303e-06
8.681471766522106962e-06
8.699245234623748335e-06
8.715821888555467519e-06
8.731237167544177353e-06
8.745387913918785784e-06
8.758312626197315820e-06
8.769928726165411882e-06
8.780246625975127474e-06
8.789205355376858198e-06
8.796809638186287763e-06
8.802994280944181527e-06
8.807775224559243014e-06
8.811080366899586624e-06
8.812928083244366733e-06
8.813254335658443620e-06
8.812066543245151829e-06
8.809313535322230133e-06
8.804999282260058722e-06
8.799073726607655447e-06
8.791546276927565627e-06
8.782365707281847021e-06
8.771543893116828377e-06
8.759035295203668371e-06
8.744847744929706837e-06
8.728945377820947026e-06
8.711334205377575332e-06
8.691979062999144421e-06
8.670893233580488386e-06
8.648044437067914448e-06
8.623448373453286635e-06
8.597076538930747378e-06
8.568942260899956213e-06
8.539026471566774198e-06
8.507343528387929427e-06
8.473878748736041004e-06
8.438649669383122795e-06
8.401644712399572272e-06
8.362886976202452084e-06
8.322367313229795429e-06
8.280110864798985166e-06
8.236115103885035139e-06
8.190408571341124979e-06
8.142992834332250213e-06
8.093899383113259006e-06
8.043135392066382578e-06
7.990734868973202166e-06
7.936708475649645580e-06
7.881093857301963725e-06
7.823906530437384451e-06
7.765189273424893057e-06
7.704962101561379113e-06
7.643268108454546767e-06
7.580133868362595426e-06
7.515604550991325301e-06
7.449710104024978395e-06
7.382498832696810003e-06
7.314002644580961730e-06
7.244277545232980227e-06
7.173358469921376835e-06
7.101300253886467472e-06
7.028143755019986698e-06
6.953943525225849318e-06
6.878744442215878158e-06
6.802602593161357529e-06
6.725562140089966672e-06
6.647688570273053503e-06
6.569026402098039800e-06
6.489637564310479907e-06
6.409571742003653882e-06
6.328888079904267958e-06
6.247640627915442085e-06
6.165888510091165891e-06
6.083680897281968305e-06
6.001087860255217411e-06
5.918155936299681710e-06
5.834948935081399849e-06
5.751518035681806677e-06
5.667920983088182025e-06
5.584215262292363087e-06
5.500455576316523402e-06
5.416689723116871324e-06
5.332985756627336333e-06
5.249386026219710190e-06
5.165949913288081902e-06
5.082723054511944637e-06
4.999755646516057589e-06
4.917103318518427650e-06
4.834810124702738926e-06
4.752916538337357461e-06
4.671483137069425576e-06
4.590541791898035351e-06
4.510143294110392060e-06
4.430322018958698780e-06
4.351115744325152319e-06
4.272574345916476071e-06
4.194726471421999264e-06
4.117602009030426436e-06
4.041250262997894548e-06
3.965687847455743174e-06
3.890955432079771659e-06
3.817072935262426926e-06
3.744062615766286448e-06
3.671967407051021230e-06
3.600798428538505555e-06
3.530573706792036196e-06
3.461329357576457890e-06
3.393065032265165318e-06
3.325811574063402791e-06
3.259572809560943370e-06
3.194355083635573371e-06
3.130195068898663854e-06
3.067086032285265426e-06
3.005035957625097946e-06
2.944066806363461817e-06
2.884163041877705631e-06
2.825347646218603231e-06
2.767608616334019290e-06
2.710938104833681913e-06
2.655368185271726602e-06
2.600875592289677993e-06
2.547460954344948862e-06
2.495132977851536756e-06
2.443863353076915629e-06
2.393671648554571226e-06
2.344531365415079092e-06
2.296423665378214530e-06
2.249378562713201279e-06
2.203358283157810202e-06
2.158359396582490203e-06
2.114378863569068620e-06
2.071378649358657605e-06
2.029380599973303147e-06
1.988345449680120548e-06
1.948247192917129923e-06
1.909115903288197719e-06
1.870901279778977276e-06
1.833599920858961959e-06
1.797199023508912511e-06
1.761654875326628085e-06
1.726996701213305491e-06
1.693173052182616088e-06
1.660153861871505664e-06
1.627971172611332002e-06
1.596565804204923880e-06
1.565939456075547812e-06
1.536070372165875616e-06
1.506911131288609495e-06
1.478501904091379432e-06
1.450781079214604077e-06
1.423719343267532595e-06
1.397350717392252920e-06
1.371608632037757022e-06
1.346504222552745759e-06
1.322009263298021386e-06
1.298074515172804564e-06
1.274751334075254561e-06
1.251969357804295427e-06
1.229706144143055083e-06
1.207996348865285241e-06
1.186766188623386359e-06
1.166040119935709130e-06
1.145786259987102683e-06
1.125953069331887847e-06
1.106602833252355814e-06
1.087660104150503243e-06
1.069111354386577748e-06
1.050988914930178331e-06
1.033217408735829543e-06
1.015833629094742323e-06
9.988022019650812958e-07
9.820737864708496023e-07
9.657174998603194809e-07
9.496551239832786588e-07
9.338862696114468516e-07
9.184349752349107114e-07
9.032325806921955468e-07
8.883237201455266107e-07
8.736719409741246927e-07
8.592333679918584121e-07
8.450792147755026578e-07
8.311327990448196306e-07
8.174056465651658400e-07
8.039135805462351032e-07
7.905963011846269518e-07
7.775043272158616814e-07
7.645994093006249411e-07
7.518452164604627367e-07
7.393084730885307061e-07
7.269158038672920918e-07
7.146861270381466405e-07
7.026258493206401030e-07
6.906824508604729065e-07
6.789085518647164215e-07
6.672646809593956168e-07
6.557244188564466432e-07
6.443477950310283699e-07
6.330702475331198764e-07
6.219188980172533986e-07
6.108960177543839559e-07
5.999614237862177888e-07
5.891691698847623134e-07
5.784817265059188465e-07
5.678829618557211969e-07
5.574225614284227502e-07
5.470445322075101373e-07
5.367771458999101299e-07
5.266149531291021107e-07
5.165236895277986275e-07
5.065496840986336629e-07
