# bin_3_3
4.284564175889086211e-05
4.295501264823385786e-05
4.305868791547379150e-05
4.315584809043163865e-05
4.324690585561531675e-05
4.333125271768389268e-05
4.340905626278762538e-05
4.347989930812857097e-05
4.354387682655485101e-05
4.360056399827911920e-05
4.365010511762605362e-05
4.369205259743562435e-05
4.372654527802892770e-05
4.375321189482360651e-05
4.377208920474595985e-05
4.378291459267546061e-05
4.378568639719116899e-05
4.378013771156159345e-05
4.376633712456916053e-05
4.374399363496511733e-05
4.371314220809148694e-05
4.367356309941369580e-05
4.362528567088355154e-05
4.356812991683196526e-05
4.350210612527881008e-05
4.342705728306949208e-05
4.334302231107834720e-05
4.324984476089401388e-05
4.314758866573378538e-05
4.303612364690637262e-05
4.291550417700173428e-05
4.278565091977622745e-05
4.264661159488891408e-05
4.249833154284467695e-05
4.234089162423304830e-05
4.217424330539322068e-05
4.199849257160465928e-05
4.181361659772985244e-05
4.161972433460717544e-05
4.141683437122360641e-05
4.120506078963961444e-05
4.098444613236116235e-05
4.075513007005878037e-05
4.051717358956460294e-05
4.027073997859278380e-05
4.001590853417238291e-05
3.975285467246741656e-05
3.948168405797366034e-05
3.920258921220678440e-05
3.891570166191823363e-05
3.862122318561688074e-05
3.831931293363561886e-05
3.801018847080681561e-05
3.769401991141690472e-05
3.737103890656522386e-05
3.704143178192937042e-05
3.670545749151166252e-05
3.636331144194360904e-05
3.601525287101603050e-05
3.566151038474103124e-05
3.530234663060781127e-05
3.493799613040814796e-05
3.456873153130220021e-05
3.419478872719856173e-05
3.381647503971306739e-05
3.343402791660762970e-05
3.304773484811915357e-05
3.265786885131067061e-05
3.226470674256718736e-05
3.186852179356284626e-05
3.146959625453933337e-05
3.106818713152442279e-05
3.066462234231134159e-05
3.025914740067944716e-05
2.985205487954319242e-05
2.944362634421744722e-05
2.903412550099344783e-05
2.862383218881528842e-05
2.821300914791544288e-05
2.780190064368402532e-05
2.739083015468052605e-05
2.698001930248682028e-05
2.656973881080025373e-05
2.616024672078841564e-05
2.575176704585217303e-05
2.534456327186984762e-05
2.493885010785715304e-05
2.453483328158723105e-05
2.413280974825832620e-05
2.373294967741526205e-05
2.333548155641492166e-05
2.294061273858169611e-05
2.254850881466043686e-05
2.215940282798737631e-05
2.177344103431008200e-05
2.139077277441527988e-05
2.101165398710071644e-05
2.063618365531636806e-05
2.026453649296426859e-05
1.989685285548307793e-05
1.953323043913299646e-05
1.917387064679220446e-05
1.881883574271558062e-05
1.846820917007539151e-05
1.812220117242820683e-05
1.778083178620509461e-05
1.744422391495235972e-05
1.711244150394459774e-05
1.678551048681956005e-05
1.646360925748961408e-05
1.614671057439609754e-05
1.583483515060444887e-05
1.552814865351498144e-05
1.522658917564192164e-05
1.493024063004481144e-05
1.463909098657082849e-05
1.435309742599577123e-05
1.407242664232784073e-05
1.379696302964816129e-05
1.352668171368473684e-05
1.326170880716418959e-05
1.300189839745458563e-05
1.274731923631772441e-05
1.249789304618101919e-05
1.225351142947518329e-05
1.201434739653999524e-05
1.178020725663371908e-05
1.155103813364235863e-05
1.132693070822499306e-05
1.110766758335987487e-05
1.089332316707813226e-05
1.068375899083714023e-05
1.047881578963681710e-05
1.027868565253827291e-05
1.008310738737326527e-05
9.892026855707474969e-06
9.705494473781881121e-06
9.523248539712270575e-06
9.345383356146261944e-06
9.171709808282404810e-06
9.002035636637866259e-06
8.836578026887155984e-06
8.675021361894687697e-06
8.517330096266982747e-06
8.363516015235804464e-06
8.213292013488851862e-06
8.066792273902682826e-06
7.923784200150502211e-06
7.784063832385595470e-06
7.647874215806944818e-06
7.514859594496356651e-06
7.385016815425288603e-06
7.258321989439654638e-06
7.134478336935577772e-06
7.013676616962614148e-06
6.895646266320998809e-06
6.780191852314875592e-06
6.667575035524436725e-06
6.557412393976827675e-06
6.449744974363399302e-06
6.344516916613540632e-06
6.241440311131981583e-06
6.140766990431164800e-06
6.042190201438616388e-06
5.945537015237887713e-06
5.851077876281445733e-06
5.758422674273703962e-06
5.667666900579693003e-06
5.578722703959274481e-06
5.491318054802389972e-06
5.405758091943808682e-06
5.321712035647121256e-06
5.239048683318458804e-06
5.158030087938437943e-06
5.078270118484040752e-06
4.999919625548263797e-06
4.922870737681784398e-06
4.846874892637659215e-06
4.772267921825970652e-06
4.698706494911220740e-06
4.626120906517852101e-06
4.554747726627657663e-06
4.484211442895956710e-06
4.414714569749708935e-06
4.346143972142305388e-06
4.278271008213392214e-06
4.211443529280245788e-06
4.145328633041476596e-06
4.079912936523860251e-06
4.015391034241617846e-06
3.951429151026856401e-06
3.888256107011738842e-06
3.825756156373393781e-06
3.763740168838447930e-06
3.702538901256311425e-06
3.641843070722133464e-06
3.581700582236765764e-06
3.522243593388628858e-06
3.463214894830372410e-06
3.404838964581756933e-06
3.347013037177660142e-06
3.289594679546674737e-06
3.232873069549843846e-06
3.176572885066402306e-06
3.120765136272415957e-06
3.065509255109096073e-06
3.010582663419260902e-06
2.956153136766205257e-06
2.902079848198479601e-06
2.848219455631321666e-06
2.794760232000948320e-06
2.741440778290914345e-06
2.688327267589205513e-06
2.635442737306075907e-06
2.582643641086539102e-06
2.530117832366790701e-06
2.477802917056783513e-06
2.425682544142354597e-06
2.373978720334981568e-06
2.322576970908740677e-06
2.271631446788308918e-06
2.221215759800139193e-06
2.171289537720666137e-06
2.122041392292134446e-06
2.073440104965449976e-06
2.025499650539705809e-06
1.978365043865200869e-06
1.931937981104002631e-06
1.886315879151172881e-06
1.841508079524260928e-06
1.797455570912501315e-06
1.754249708539496647e-06
