# bin_4_2
2.976115792827862093e-05
2.985958236469299189e-05
2.995480767516002052e-05
3.004614955074243936e-05
3.013398475896135763e-05
3.021782748046957423e-05
3.029782933945683162e-05
3.037365969812079913e-05
3.044540406396092070e-05
3.051273079613874104e-05
3.057577647212169806e-05
3.063415380943782727e-05
3.068799880203886487e-05
3.073701082653744146e-05
3.078121556415508355e-05
3.082039091957514587e-05
3.085454054947730346e-05
3.088343765819902460e-05
3.090711899273505895e-05
3.092533168785402143e-05
3.093813438545542843e-05
3.094530248223091590e-05
3.094682007403549881e-05
3.094254062290926273e-05
3.093244718906927761e-05
3.091638065140881744e-05
3.089435815343531428e-05
3.086620560078677435e-05
3.083194985154696818e-05
3.079145007114744866e-05
3.074470843906984758e-05
3.069161975605173707e-05
3.063218761020336089e-05
3.056631374928351009e-05
3.049402340561519734e-05
3.041522454919650718e-05
3.032995484868580683e-05
3.023814239041964643e-05
3.013982214493122940e-05
3.003494979306782435e-05
2.992356818019822464e-05
2.980564620030068019e-05
2.968124307318177705e-05
2.955034293340597654e-05
2.941301900500962026e-05
2.926927230472558259e-05
2.911918240255997192e-05
2.896277394738771955e-05
2.880013958447194663e-05
2.863131566593598768e-05
2.845641031669248811e-05
2.827548180282383314e-05
2.808865075673609173e-05
2.789598787895460665e-05
2.769762186691934421e-05
2.749364280091491915e-05
2.728419809612732291e-05
2.706939004032900522e-05
2.684937126187153316e-05
2.662426738693000856e-05
2.639424146810710449e-05
2.615942656319185096e-05
2.591999658930770783e-05
2.567609364912362176e-05
2.542791499130901705e-05
2.517560906926480596e-05
2.491936957367480433e-05
2.465937015806136004e-05
2.439580331810691909e-05
2.412884749214936158e-05
2.385870392341963610e-05
2.358554872038350463e-05
2.330961109412183488e-05
2.303106718861320739e-05
2.275013029614719387e-05
2.246700048829188191e-05
2.218187964860816885e-05
2.189497008941039660e-05
2.160647642948289061e-05
2.131658527736099022e-05
2.102553678025420700e-05
2.073350893046211046e-05
2.044071507878829426e-05
2.014735428655948303e-05
1.985361630838827337e-05
1.955970471173262330e-05
1.926580448184286968e-05
1.897208966639745963e-05
1.867879086893633236e-05
1.838606367675884578e-05
1.809410072956523917e-05
1.780307695169547905e-05
1.751315026175836827e-05
1.722450893098772851e-05
1.693729901430131635e-05
1.665166233062694890e-05
1.636780452237940502e-05
1.608583830297460334e-05
1.580592189848421334e-05
1.552818848375921732e-05
1.525275160708720733e-05
1.497977633034356380e-05
1.470935347751691609e-05
1.444158057959110946e-05
1.417662896880150321e-05
1.391455833813287999e-05
1.365548709527263391e-05
1.339949533239171780e-05
1.314664491412580612e-05
1.289707770627303510e-05
1.265082161705998351e-05
1.240792672626765817e-05
1.216852702864228798e-05
1.193262315544474326e-05
1.170029773894142172e-05
1.147157451789873180e-05
1.124646231733793334e-05
1.102508464710307503e-05
1.080740453463214132e-05
1.059343233008398442e-05
1.038326633717024636e-05
1.017684501185176832e-05
9.974228337743567795e-06
9.775388020197009478e-06
9.580281168088956959e-06
9.389024301606413095e-06
9.201521015700562752e-06
9.017752257365637238e-06
8.837783937521506299e-06
8.661499056668283544e-06
8.488948955027080461e-06
8.320057116387291466e-06
8.154738089690906596e-06
7.993112088220256077e-06
7.835030258580152153e-06
7.680461794902420104e-06
7.529439624829101281e-06
7.381808297486216519e-06
7.237622912935547105e-06
7.096765463807247114e-06
6.959119971472080812e-06
6.824817994610616859e-06
6.693666846580277050e-06
6.565638555247395951e-06
6.440736020604295138e-06
6.318778021543533592e-06
6.199840455425143012e-06
6.083769302181057439e-06
5.970432375912283985e-06
5.859977403034452314e-06
5.752176724961646262e-06
5.647017019796169788e-06
5.544474399141469761e-06
5.444353106872058385e-06
5.346766268430277730e-06
5.251528341818242118e-06
5.158505285143927245e-06
5.067860525513407909e-06
4.979338986402007434e-06
4.892953668721136383e-06
4.808657414007852958e-06
4.726253216418053619e-06
4.645900024225517379e-06
4.567381151248094693e-06
4.490570928597469341e-06
4.415645104651159806e-06
4.342334823415014511e-06
4.270690981002315616e-06
4.200642767578324329e-06
4.131996916350853572e-06
4.064957566761691476e-06
3.999284452947324095e-06
3.934875795708026986e-06
3.871909279933472268e-06
3.810108721999705906e-06
3.749568125366301892e-06
3.690200867919419236e-06
3.631823396801151988e-06
3.574671736557437270e-06
3.518489176780770808e-06
3.463215404611596873e-06
3.409017553343086811e-06
3.355616240360580807e-06
3.303149896850926680e-06
3.251526190353716773e-06
3.200569458880480443e-06
3.150535133604656184e-06
3.101166548605406893e-06
3.052444208247120221e-06
3.004510559568937279e-06
2.957106983787209606e-06
2.910399654204084890e-06
2.864291654123276592e-06
2.818631242182373856e-06
2.773670567714712716e-06
2.729162499700786013e-06
2.685133538835028617e-06
2.641680432611197170e-06
2.598591073552717485e-06
2.556032342069420250e-06
2.513910338236913208e-06
2.472102917523893168e-06
2.430840002480743430e-06
2.389900324475227508e-06
2.349344715822183750e-06
2.309236552700775646e-06
2.269414135229656845e-06
2.230042498365269444e-06
2.191033198961158573e-06
2.152297076792400279e-06
2.114020170562070425e-06
2.076001461372970431e-06
2.038298956744306544e-06
2.000923925944899607e-06
1.963730028652054451e-06
1.926843009961332814e-06
1.890159624574352069e-06
1.853610330094519261e-06
1.817333672910027119e-06
1.781171295720404427e-06
1.745200722618097420e-06
1.709437678854341340e-06
1.673803806976016803e-06
1.638439510723239315e-06
1.603292814555183453e-06
1.568364977178715480e-06
1.533794404723384626e-06
1.499501282810703696e-06
1.465593507590510342e-06
1.432104665630672463e-06
1.399007316870252592e-06
1.366424943173385222e-06
