# bin_3_2
2.606108434584953221e-05
2.615236210803330606e-05
2.624103287167096985e-05
2.632645459935660046e-05
2.640899416221710355e-05
2.648819984975129166e-05
2.656422026358284681e-05
2.663675259013734877e-05
2.670588258187711172e-05
2.677130343997585914e-05
2.683315240355828475e-05
2.689106530076196017e-05
2.694517941825977700e-05
2.699521389107804815e-05
2.704119737440465599e-05
2.708292444420404396e-05
2.712040199717258120e-05
2.715341795142020662e-05
2.718201133672499371e-05
2.720594233633266129e-05
2.722527092466468541e-05
2.723978324518819098e-05
2.724946468318849326e-05
2.725417664082989647e-05
2.725390261507906875e-05
2.724848964012395542e-05
2.723795351785573428e-05
2.722212416517541978e-05
2.720102561770028891e-05
2.717451887036898754e-05
2.714260212178855414e-05
2.710516956294227548e-05
2.706221918185316449e-05
2.701365007589516355e-05
2.695948002161486145e-05
2.689961166626088243e-05
2.683407340015072818e-05
2.676278613248911822e-05
2.668577391513198455e-05
2.660298294502401714e-05
2.651444298357775477e-05
2.642011157426691316e-05
2.632003336055226833e-05
2.621417801800276744e-05
2.610260251889908375e-05
2.598529208226831369e-05
2.586230829807803624e-05
2.573365829958834593e-05
2.559941412554442064e-05
2.545959329376104498e-05
2.531428285599334624e-05
2.516351880166032957e-05
2.500739972273327569e-05
2.484597345948032546e-05
2.467934522450771146e-05
2.450758164483638119e-05
2.433080359780316794e-05
2.414908952842714418e-05
2.396256652554555310e-05
2.377133281496497590e-05
2.357552622116049833e-05
2.337525258879511746e-05
2.317065965583662779e-05
2.296186328951194464e-05
2.274903100753569639e-05
2.253228579151597864e-05
2.231179431916331454e-05
2.208770126590858357e-05
2.186017410304945245e-05
2.162936302457967852e-05
2.139544393069339479e-05
2.115856746445406460e-05
2.091893302892226271e-05
2.067669321467474974e-05
2.043203595423758679e-05
2.018513437803111667e-05
1.993616871237770366e-05
1.968531509655045022e-05
1.943275696539078644e-05
1.917865936209285391e-05
1.892323524868810871e-05
1.866664404837810941e-05
1.840907789298576542e-05
1.815071385080449810e-05
1.789172578780645053e-05
1.763229510692212451e-05
1.737259216624424457e-05
1.711277540589510325e-05
1.685305251382239494e-05
1.659356753686232254e-05
1.633449751222446492e-05
1.607600210252106853e-05
1.581823037811448698e-05
1.556135283208842155e-05
1.530550870587685439e-05
1.505083095781101999e-05
1.479750711026556765e-05
1.454564635286068598e-05
1.429539706457618305e-05
1.404688445970640407e-05
1.380022017760247363e-05
1.355555496194310412e-05
1.331298115018305554e-05
1.307259404259466052e-05
1.283455112217746722e-05
1.259891625771279409e-05
1.236580255478658867e-05
1.213528938201859863e-05
1.190744305364761759e-05
1.168239283516042688e-05
1.146017607344095848e-05
1.124084601113876618e-05
1.102452615769191917e-05
1.081122846592134247e-05
1.060103278923845932e-05
1.039396852293657607e-05
1.019005435633734536e-05
9.989401187889096378e-06
9.791988695231821675e-06
9.597833474183946670e-06
9.407025776230610020e-06
9.219522173092579279e-06
9.035379698484577142e-06
8.854580706413379179e-06
8.677096921816633416e-06
8.503030315692833681e-06
8.332307043048366499e-06
8.164915425209155205e-06
8.000915246602096807e-06
7.840212929708873101e-06
7.682854668423551252e-06
7.528778864867914225e-06
7.377917896431823144e-06
7.230374420370573749e-06
7.086026973125547980e-06
6.944850716357598401e-06
6.806874991429015852e-06
6.671970385607577859e-06
6.540183604203055715e-06
6.411414938251393358e-06
6.285567835266141044e-06
6.162753087787361454e-06
6.042809070753640847e-06
5.925710779407094306e-06
5.811460161278466292e-06
5.699903056452599688e-06
5.591102342962740986e-06
5.484925214550394363e-06
5.381258745000524525e-06
5.280227097118599229e-06
5.181636125479070971e-06
5.085471543136458339e-06
4.991711044606466098e-06
4.900185720552355246e-06
4.810990049691449917e-06
4.723962262193468793e-06
4.638985758120407615e-06
4.556198699180129326e-06
4.475380912541163172e-06
4.396539834943125063e-06
4.319632298388187748e-06
4.244486543392746915e-06
4.171237502187546500e-06
4.099694737481057722e-06
4.029747156588695624e-06
3.961544876852580850e-06
3.894853570818671424e-06
3.829713559487379051e-06
3.766060502844537492e-06
3.703724282656720310e-06
3.642880969370611843e-06
3.583317935137950335e-06
3.524943660820662164e-06
3.467911673085099881e-06
3.411978963308803365e-06
3.357224437652470581e-06
3.303569416482522516e-06
3.250850794935348935e-06
3.199274949938886563e-06
3.148613091807360853e-06
3.098809521511503294e-06
3.050010325861938709e-06
3.001967203921396880e-06
2.954799899169897253e-06
2.908424236018099195e-06
2.862682579590027210e-06
2.817801076561283026e-06
2.773549174194999344e-06
2.729907099081551832e-06
2.687000556957982582e-06
2.644597051469344397e-06
2.602842794557873584e-06
2.561648617571193523e-06
2.520876561870961493e-06
2.480752277444036724e-06
2.441052023760842624e-06
2.401797916898876536e-06
2.363077051339951754e-06
2.324698014630952884e-06
2.286811870071979941e-06
2.249333675498805926e-06
2.212153169899346999e-06
2.175480058443999895e-06
2.139112927586114161e-06
2.103105305942253750e-06
2.067513490260782092e-06
2.032187702198233519e-06
1.997276624318804816e-06
1.962696962835952972e-06
1.928365833479309343e-06
1.894454785388557538e-06
1.860780300436580627e-06
1.827396897815585511e-06
1.794317229895409589e-06
1.761407974504136756e-06
1.728786694751459979e-06
1.696357143447030151e-06
1.664053102285924234e-06
1.632001257393692453e-06
1.600050610388220108e-06
1.568268109825633635e-06
1.536663271012327404e-06
1.505157287624651612e-06
1.473876534867823146e-06
1.442766184427740332e-06
1.411821729251444401e-06
1.381169478045198139e-06
1.350730040025134391e-06
1.320601475149702337e-06
1.290812954248699009e-06
1.261336752746495233e-06
1.232290469556915996e-06
