# d_c
0.000000000000000000e+00
6.403878174717316085e+01
1.276697740807064463e+02
1.908888696555381159e+02
2.536922269484633432e+02
3.160762702837756706e+02
3.780376892128592203e+02
4.395734372753249204e+02
5.006807301712185563e+02
5.613570433753368434e+02
6.216001092259992902e+02
6.814079135215727092e+02
7.407786916587558608e+02
7.997109243470823685e+02
8.582033329342438037e+02
9.162548743768284112e+02
9.738647358907425087e+02
1.031032329315169818e+03
1.087757285223198323e+03
1.144039446811483458e+03
1.199878863600328486e+03
1.255275784974451881e+03
1.310230653593574516e+03
1.364744098700600716e+03
1.418816929353898331e+03
1.472450127608686898e+03
1.525644841671168251e+03
1.578402379047511886e+03
1.630724199708349715e+03
1.682611909287926892e+03
1.734067252335598369e+03
1.785092105635910002e+03
1.835688471612040757e+03
1.885858471826043569e+03
1.935604340587942261e+03
1.984928418684448388e+03
2.033833147236821333e+03
2.082321061696198740e+03
2.130394785983599832e+03
2.178057026780715660e+03
2.225310567976593575e+03
2.272158265274402311e+03
2.318603040961518218e+03
2.364647878845401920e+03
2.410295819356940683e+03
2.455549954822233303e+03
2.500413424903133091e+03
2.544889412206291581e+03
2.588981138059887599e+03
2.632691858456756563e+03
2.676024860162158348e+03
2.718983456984083659e+03
2.761570986203606935e+03
2.803790805162502238e+03
2.845646288005071256e+03
2.887140822570904675e+03
2.928277807435089017e+03
2.969060649092230960e+03
3.009492759280484279e+03
3.049577552441734042e+03
3.089318443313935404e+03
3.128718844651566997e+03
3.167782165070151677e+03
3.206511807010729171e+03
3.244911164820172417e+03
3.282983622943277624e+03
3.320732554222546241e+03
3.358161318301641586e+03
3.395273260128526545e+03
3.432071708554362431e+03
3.468559975024315008e+03
3.504741352356482366e+03
3.540619113605216626e+03
3.576196511005241518e+03
3.611476774993023810e+03
3.646463113301926114e+03
3.681158710127837821e+03
3.715566725361994941e+03
3.749690293887834741e+03
3.783532524938861570e+03
3.817096501514513420e+03
3.850385279851219821e+03
3.883401888945865721e+03
3.916149330128998827e+03
3.948630576685236065e+03
3.980848573518387184e+03
4.012806236858918510e+03
4.044506454011495862e+03
4.075952083140401555e+03
4.107145953090729563e+03
4.138090863243355670e+03
4.168789583401747223e+03
4.199244853708760274e+03
4.229459384591685193e+03
4.259435856733822220e+03
4.289176921070999924e+03
4.318685198811493137e+03
4.347963281477859709e+03
4.377013730969318203e+03
4.405839079643321384e+03
4.434441830415051299e+03
4.462824456873643612e+03
4.490989403413977016e+03
4.518939085382938174e+03
4.546675889239139906e+03
4.574202172725067612e+03
4.601520265050768103e+03
4.628632467088151316e+03
4.655541051575086385e+03
4.682248263328481698e+03
4.708756319465604975e+03
4.735067409632912131e+03
4.761183696241723737e+03
4.787107314710102401e+03
4.812840373710320819e+03
4.838384955421359336e+03
4.863743115785890041e+03
4.888916884771229888e+03
4.913908266633801759e+03
4.938719240186635034e+03
4.963351759069484615e+03
4.987807752021176384e+03
5.012089123153788933e+03
5.036197752228334139e+03
5.060135494931586436e+03
5.083904183153767008e+03
5.107505625266777315e+03
5.130941606402723664e+03
5.154213888732452688e+03
5.177324211743891283e+03
5.200274292519943629e+03
5.223065826015737912e+03
5.245700485335052690e+03
5.268179922005709159e+03
5.290505766253786533e+03
5.312679627276501378e+03
5.334703093513594467e+03
5.356577732917105095e+03
5.378305093219405535e+03
5.399886702199385581e+03
5.421324067946674404e+03
5.442618679123815127e+03
5.463772005226301189e+03
5.484785496840391716e+03
5.505660585898640420e+03
5.526398685933061643e+03
5.547001192325895317e+03
5.567469482557892661e+03
5.587804916454094382e+03
5.608008836427052302e+03
5.628082567717459824e+03
5.648027418632162153e+03
5.667844680779505325e+03
5.687535629302029520e+03
5.707101523106452987e+03
5.726543605090955680e+03
5.745863102369748049e+03
5.765061226494899529e+03
5.784139173675443999e+03
5.803098124993742204e+03
5.821939246619113874e+03
5.840663690018724992e+03
5.859272592165757487e+03
5.877767075744846807e+03
5.896148249354808286e+03
5.914417207708665046e+03
5.932575031830971966e+03
5.950622789252482107e+03
5.968561534202127405e+03
5.986392307796376372e+03
6.004116138225948816e+03
6.021734040939934857e+03
6.039247018827315514e+03
6.056656062395923072e+03
6.073962149948860315e+03
6.091166247758384998e+03
6.108269310237310492e+03
6.125272280107926235e+03
6.142176088568467094e+03
6.158981655457166198e+03
6.175689889413896708e+03
6.192301688039457986e+03
6.208817938052503450e+03
6.225239515444157405e+03
6.241567285630333572e+03
6.257802103601798080e+03
6.273944814071990550e+03
6.289996251622632371e+03
6.305957240847162211e+03
6.321828596492012366e+03
6.337611123595762365e+03
6.353305617626187995e+03
6.368912864615250328e+03
6.384433641292037464e+03
6.399868715213683572e+03
6.415218844894319773e+03
6.430484779932045967e+03
6.445667261133983629e+03
6.460767020639417751e+03
6.475784782041064318e+03
6.490721260504482416e+03
6.505577162885665530e+03
6.520353187846839319e+03
6.535050025970479510e+03
6.549668359871589928e+03
6.564208864308259763e+03
6.578672206290534632e+03
6.593059045187603260e+03
6.607370032833355253e+03
6.621605813630321791e+03
6.635767024652010150e+03
6.649854295743679359e+03
6.663868249621569703e+03
6.677809501970611564e+03
6.691678661540627218e+03
6.705476330241075630e+03
6.719203103234331138e+03
6.732859569027535144e+03
6.746446309563053546e+03
6.759963900307536278e+03
6.773412910339618975e+03
6.786793902436284952e+03
6.800107433157912055e+03
6.813354052932008017e+03
6.826534306135681618e+03
6.839648731176850561e+03
6.852697860574204242e+03
6.865682221035967814e+03
6.878602333537447521e+03
6.891458713397409156e+03
6.904251870353289632e+03
6.916982308635281697e+03
6.929650527039269946e+03
6.942257018998682724e+03
6.954802272655258093e+03
6.967286770928720216e+03
6.979710991585424381e+03
6.992075407305955196e+03
7.004380485751713422e+03
7.016626689630492365e+03
7.028814476761075639e+03
7.040944300136863603e+03
7.053016607988543001e+03
7.065031843845818912e+03
7.076990446598229937e+03
7.088892850555042060e+03
7.100739485504260301e+03
7.112530776770757257e+03
7.124267145273533970e+03
7.135949007582136801e+03
7.147576775972230280e+03
7.159150858480346869e+03
7.170671658957836371e+03
7.182139577124004973e+03
7.193555008618477586e+03
7.204918345052788936e+03
7.216229974061216126e+03
7.227490279350858145e+03
7.238699640750989602e+03
7.249858434261689581e+03
7.260967032101753830e+03
7.272025802755912991e+03
7.283035111021365992e+03
7.293995318053626761e+03
7.304906781411711563e+03
7.315769855102672409e+03
7.326584889625478354e+03
7.337352232014268338e+03
7.348072225880981932e+03
7.358745211457367077e+03
7.369371525636390288e+03
7.379951502013052959e+03
7.390485470924618312e+03
7.400973759490261727e+03
7.411416691650161738e+03
7.421814588204028041e+03
7.432167766849078362e+03
7.442476542217484166e+03
7.452741225913275230e+03
7.462962126548731248e+03
7.473139549780247762e+03
7.483273798343705494e+03
7.493365172089339467e+03
7.503413968016112449e+03
7.513420480305608180e+03
7.523385000355457123e+03
7.533307816812281999e+03
7.543189215604190395e+03
7.553029479972818081e+03
7.562828890504914852e+03
7.572587725163504729e+03
7.582306259318605953e+03
7.591984765777525354e+03
7.601623514814743430e+03
7.611222774201375614e+03
7.620782809234233355e+03
7.630303882764489572e+03
7.639786255225946661e+03
7.649230184662915235e+03
7.658635926757718153e+03
7.668003734857818927e+03
7.677333860002572692e+03
7.686626550949624288e+03
7.695882054200943458e+03
7.705100614028507152e+03
7.714282472499636242e+03
7.723427869501987516e+03
7.732537042768218271e+03
7.741610227900308928e+03
7.750647658393563688e+03
7.759649565660291046e+03
7.768616179053171436e+03
7.777547725888302011e+03
7.786444431467946742e+03
7.795306519102980928e+03
7.804134210135031026e+03
7.812927723958335264e+03
7.821687278041298669e+03
7.830413087947783424e+03
7.839105367358100921e+03
7.847764328089738228e+03
7.856390180117813543e+03
7.864983131595258783e+03
7.873543388872739342e+03
7.882071156518321914e+03
7.890566637336876738e+03
7.899030032389231565e+03
7.907461541011082772e+03
7.915861360831650927e+03
7.924229687792107143e+03
7.932566716163753881e+03
7.940872638565973830e+03
7.949147645983955954e+03
7.957391927786179622e+03
7.965605671741689548e+03
7.973789064037143362e+03
7.981942289293641807e+03
7.990065530583347936e+03
7.998158969445894400e+03
8.006222785904580633e+03
8.014257158482369050e+03
8.022262264217679331e+03
8.030238278679978976e+03
8.038185375985181963e+03
8.046103728810859138e+03
8.053993508411243965e+03
8.061854884632067296e+03
8.069688025925194779e+03
8.077493099363091460e+03
8.085270270653096304e+03
8.093019704151533006e+03
8.100741562877630713e+03
8.108436008527287413e+03
8.116103201486655962e+03
8.123743300845560952e+03
8.131356464410758235e+03
8.138942848719024369e+03
8.146502609050091451e+03
8.154035899439425521e+03
8.161542872690836703e+03
8.169023680388953835e+03
8.176478472911533572e+03
8.183907399441629423e+03
8.191310607979606175e+03
8.198688245355016988e+03
8.206040457238328599e+03
8.213367388152515559e+03
8.220669181484505316e+03
8.227945979496495056e+03
8.235197923337127577e+03
8.242425153052532551e+03
8.249627807597245919e+03
8.256806024844987405e+03
8.263959941599314334e+03
8.271089693604155400e+03
8.278195415554211650e+03
8.285277241105237408e+03
8.292335302884206612e+03
8.299369732499344536e+03
8.306380660550055836e+03
8.313368216636734360e+03
8.320332529370451084e+03
8.327273726382534733e+03
8.334191934334039615e+03
8.341087278925104329e+03
8.347959884904199498e+03
8.354809876077270019e+03
8.361637375316773614e+03
8.368442504570610254e+03
8.375225384870953349e+03
8.381986136342973623e+03
8.388724878213475677e+03
8.395441728819416312e+03
8.402136805616342826e+03
8.408810225186727621e+03
8.415462103248204585e+03
8.422092554661721806e+03
8.428701693439592418e+03
8.435289632753454498e+03
8.441856484942150928e+03
8.448402361519511032e+03
