# d_l
0.000000000000000000e+00
6.499936347338075393e+01
1.314998673031276439e+02
1.994788687900373247e+02
2.689137605653711489e+02
3.397819905550588260e+02
4.120610812420165985e+02
4.857286481892340362e+02
5.607624177917648467e+02
6.371402442310072729e+02
7.148401256098991325e+02
7.938402192526322096e+02
8.741188561573318339e+02
9.556545545947634537e+02
1.038426032850434922e+03
1.122412221111614826e+03
1.207592272504520679e+03
1.293945573290538050e+03
1.381451752233462003e+03
1.470090689152756113e+03
1.559842522680427010e+03
1.650687657241404168e+03
1.742606769279454284e+03
1.835580812752308020e+03
1.929591023921301485e+03
2.024618925461944400e+03
2.120646329922923996e+03
2.217655342561754424e+03
2.315628363585856277e+03
2.414548089828175307e+03
2.514397515886617384e+03
2.615159934756607981e+03
2.716818937985820412e+03
2.819358415379935195e+03
2.922762554287792682e+03
3.027015838493783576e+03
3.132103046744704898e+03
3.238009250937589059e+03
3.344719813994251581e+03
3.452220387447434405e+03
3.560496908762549992e+03
3.669535598418159680e+03
3.779322956767274263e+03
3.889845760700686242e+03
4.001091060132521307e+03
4.113046174327239896e+03
4.225698688086295078e+03
4.339036447811727157e+03
4.453047557463006342e+03
4.567720374422472560e+03
4.683043505283777449e+03
4.799005801576908198e+03
4.915596355442420645e+03
5.032804495266691447e+03
5.150619781289178718e+03
5.269032001191901145e+03
5.388031165680563390e+03
5.507607504066088040e+03
5.627751459854505811e+03
5.748453686352669138e+03
5.869705042296476677e+03
5.991496587507750519e+03
6.113819578585392264e+03
6.236665464635867465e+03
6.360025883047537718e+03
6.483892655312973147e+03
6.608257782902866893e+03
6.733113443194791216e+03
6.858451985459623756e+03
6.984265926908127767e+03
7.110547948799845472e+03
7.237290892616136261e+03
7.364487756298850400e+03
7.492131690555979731e+03
7.620215995235279479e+03
7.748734115766593277e+03
7.877679639673571728e+03
8.007046293155100102e+03
8.136827937736600688e+03
8.267018566991413536e+03
8.397612303331930889e+03
8.528603394870451666e+03
8.659986212349280322e+03
8.791755246139602605e+03
8.923905103308632533e+03
9.056430504754331196e+03
9.189326282406924292e+03
9.322587376496496290e+03
9.456208832885731681e+03
9.590185800466853834e+03
9.724513528621884689e+03
9.859187364745133891e+03
9.994202751826849635e+03
1.012955522609708532e+04
1.026524041472851241e+04
1.040125403359717347e+04
1.053759188510004242e+04
1.067424985602814559e+04
1.081122391549421445e+04
1.094851011291365285e+04
1.108610457603762916e+04
1.122400350903721301e+04
1.136220319063736315e+04
1.150069997229957698e+04
1.163949027645219758e+04
1.177857059476705035e+04
1.191793748648148903e+04
1.205758757676463392e+04
1.219751755512672753e+04
1.233772417387054884e+04
1.247820424658385309e+04
1.261895464667171109e+04
1.275997230592781852e+04
1.290125421314372579e+04
1.304279741275496963e+04
1.318459900352320255e+04
1.332665613725333969e+04
1.346896601754473704e+04
1.361152589857563180e+04
1.375433308391977880e+04
1.389738492539455547e+04
1.404067882193961123e+04
1.418421221852522285e+04
1.432798260508960993e+04
1.447198751550433735e+04
1.461622452656708083e+04
1.476069125702098427e+04
1.490538536659991405e+04
1.505030455509876083e+04
1.519544656146831949e+04
1.534080916293383416e+04
1.548639017413666261e+04
1.563218744629845605e+04
1.577819886640709956e+04
1.592442235642389642e+04
1.607085587251141624e+04
1.621749740428132827e+04
1.636434497406175433e+04
1.651139663618357372e+04
1.665865047628510365e+04
1.680610461063469120e+04
1.695375718547068391e+04
1.710160637635832245e+04
1.724965038756303329e+04
1.739788745143970300e+04
1.754631582783746853e+04
1.769493380351960514e+04
1.784373969159804619e+04
1.799273183098218215e+04
1.814190858584151283e+04
1.829126834508174579e+04
1.844080952183400950e+04
1.859053055295677768e+04
1.874042989855018823e+04
1.889050604148236016e+04
1.904075748692742491e+04
1.919118276191495897e+04
1.934178041489038878e+04
1.949254901528624760e+04
1.964348715310381522e+04
1.979459343850498772e+04
1.994586650141394784e+04
2.009730499112854523e+04
2.024890757594099705e+04
2.040067294276763641e+04
2.055259979678761010e+04
2.070468686109008922e+04
2.085693287632994907e+04
2.100933660039148890e+04
2.116189680806018805e+04
2.131461229070211630e+04
2.146748185595086761e+04
2.162050432740179167e+04
2.177367854431334126e+04
2.192700336131538643e+04
2.208047764812414607e+04
2.223410028926380983e+04
2.238787018379446818e+04
2.254178624504627442e+04
2.269584740035965660e+04
2.285005259083141573e+04
2.300440077106658646e+04
2.315889090893583852e+04
2.331352198533837145e+04
2.346829299397005161e+04
2.362320294109678798e+04
2.377825084533284462e+04
2.393343573742411536e+04
2.408875666003615697e+04
2.424421266754686803e+04
2.439980282584368615e+04
2.455552621212521626e+04
2.471138191470716993e+04
2.486736903283248466e+04
2.502348667648549963e+04
2.517973396621020220e+04
2.533611003293226167e+04
2.549261401778490472e+04
2.564924507193848694e+04
2.580600235643364067e+04
2.596288504201792966e+04
2.611989230898594542e+04
2.627702334702275766e+04
2.643427735505058808e+04
2.659165354107866006e+04
2.674915112205615515e+04
2.690676932372828742e+04
2.706450738049511347e+04
2.722236453527342383e+04
2.738034003936137742e+04
2.753843315230584267e+04
2.769664314177242341e+04
2.785496928341815874e+04
2.801341086076671854e+04
2.817196716508604004e+04
2.833063749526854372e+04
2.848942115771356475e+04
2.864831746621216007e+04
2.880732574183423640e+04
2.896644531281779564e+04
2.912567551446035941e+04
2.928501568901256542e+04
2.944446518557376112e+04
2.960402335998957278e+04
2.976368957475156640e+04
2.992346319889872029e+04
3.008334360792075313e+04
3.024333018366343458e+04
3.040342231423551857e+04
3.056361939391751366e+04
3.072392082307213423e+04
3.088432600805653055e+04
3.104483436113593052e+04
3.120544530039907477e+04
3.136615824967521257e+04
3.152697263845246198e+04
3.168788790179782518e+04
3.184890348027862274e+04
3.201001881988533205e+04
3.217123337195580825e+04
3.233254659310094576e+04
3.249395794513162764e+04
3.265546689498695196e+04
3.281707291466382594e+04
3.297877548114774982e+04
3.314057407634481933e+04
3.330246818701497978e+04
3.346445730470641138e+04
3.362654092569107888e+04
3.378871855090141617e+04
3.395098968586809497e+04
3.411335384065884864e+04
3.427581052981845278e+04
3.443835927230960078e+04
3.460099959145487810e+04
3.476373101487970416e+04
3.492655307445628569e+04
3.508946530624842126e+04
3.525246725045731728e+04
3.541555845136834978e+04
3.557873845729859750e+04
3.574200682054531353e+04
3.590536309733533562e+04
3.606880684777518763e+04
3.623233763580209052e+04
3.639595502913579548e+04
3.655965859923113749e+04
3.672344792123141087e+04
3.688732257392252359e+04
3.705128213968784257e+04
3.721532620446376677e+04
3.737945435769610776e+04
3.754366619229705975e+04
3.770796130460288259e+04
3.787233929433231970e+04
3.803679976454564166e+04
3.820134232160425745e+04
3.836596657513113314e+04
3.853067213797163276e+04
3.869545862615516671e+04
3.886032565885729127e+04
3.902527285836242663e+04
3.919029985002724425e+04
3.935540626224451262e+04
3.952059172640749603e+04
3.968585587687502994e+04
3.985119835093697475e+04
4.001661878878022981e+04
4.018211683345539495e+04
4.034769213084372313e+04
4.051334432962474966e+04
4.067907308124432166e+04
4.084487803988308588e+04
4.101075886242553679e+04
4.117671520842944301e+04
4.134274674009571754e+04
4.150885312223881920e+04
4.167503402225753962e+04
4.184128911010614684e+04
4.200761805826608179e+04
4.217402054171800410e+04
4.234049623791418708e+04
4.250704482675142208e+04
4.267366599054422841e+04
4.284035941399849980e+04
4.300712478418547107e+04
4.317396179051610670e+04
4.334087012471586058e+04
4.350784948079973401e+04
4.367489955504772661e+04
4.384202004598064377e+04
4.400921065433621698e+04
4.417647108304555150e+04
4.434380103720995248e+04
4.451120022407802026e+04
4.467866835302305117e+04
4.484620513552084594e+04
4.501381028512767080e+04
4.518148351745870605e+04
4.534922455016661843e+04
4.551703310292048263e+04
4.568490889738508122e+04
4.585285165720035729e+04
4.602086110796115827e+04
4.618893697719736520e+04
4.635707899435415311e+04
4.652528689077257150e+04
4.669356039967044489e+04
4.686189925612337538e+04
4.703030319704615249e+04
4.719877196117433778e+04
4.736730528904603125e+04
4.753590292298405257e+04
4.770456460707815131e+04
4.787329008716755197e+04
4.804207911082378268e+04
4.821093142733359855e+04
4.837984678768216691e+04
4.854882494453657273e+04
4.871786565222937497e+04
4.888696866674244666e+04
4.905613374569111329e+04
4.922536064830826945e+04
4.939464913542893919e+04
4.956399896947489469e+04
4.973340991443942767e+04
4.990288173587249184e+04
5.007241420086583094e+04
5.024200707803842670e+04
5.041166013752204890e+04
5.058137315094708174e+04
5.075114589142835030e+04
5.092097813355136168e+04
5.109086965335849527e+04
5.126082022833548399e+04
5.143082963739804836e+04
5.160089766087861062e+04
5.177102408051332895e+04
5.194120867942913901e+04
5.211145124213099189e+04
5.228175155448930309e+04
5.245210940372748883e+04
5.262252457840967691e+04
5.279299686842855590e+04
5.296352606499340618e+04
5.313411196061817463e+04
5.330475434910982585e+04
5.347545302555670787e+04
5.364620778631714347e+04
5.381701842900813062e+04
5.398788475249408657e+04
5.415880655687591207e+04
5.432978364348001924e+04
5.450081581484747585e+04
5.467190287472346245e+04
5.484304462804664945e+04
5.501424088093877072e+04
5.518549144069438626e+04
5.535679611577063042e+04
5.552815471577712015e+04
5.569956705146612512e+04
5.587103293472257792e+04
5.604255217855445517e+04
5.621412459708310053e+04
5.638575000553370046e+04
5.655742822022594919e+04
5.672915905856466270e+04
5.690094233903064014e+04
5.707277788117155433e+04
5.724466550559296593e+04
5.741660503394936677e+04
5.758859628893551417e+04
5.776063909427758335e+04
5.793273327472468372e+04
5.810487865604028775e+04
5.827707506499381270e+04
5.844932232935234788e+04
5.862162027787236730e+04
5.879396874029157334e+04
5.896636754732092231e+04
5.913881653063657723e+04
