# d_v
0.000000000000000000e+00
6.397098064774235837e+01
1.273964020300206386e+02
1.902690807727266815e+02
2.525823348206622541e+02
3.143299846319978315e+02
3.755063528159107591e+02
4.361062622812978020e+02
4.961250329699627173e+02
5.555584772522224739e+02
6.144028940666127028e+02
6.726550618882043864e+02
7.303122306120937992e+02
7.873721124398751954e+02
8.438328718574068716e+02
8.996931147920163312e+02
9.549518770364461488e+02
1.009608612025480511e+03
1.063663178049223461e+03
1.117115824984661231e+03
1.169967180624325692e+03
1.222218236677744699e+03
1.273870334517965603e+03
1.324925150741752077e+03
1.375384682608261528e+03
1.425251233417005324e+03
1.474527397881875231e+03
1.523216047553904218e+03
1.571320316341347961e+03
1.618843586171583638e+03
1.665789472835328979e+03
1.712161812049758964e+03
1.757964645773262646e+03
1.803202208800931203e+03
1.847878915666304010e+03
1.891999347871523014e+03
1.935568241464843595e+03
1.978590474981400121e+03
2.021071057760291296e+03
2.063015118648346288e+03
2.104427895098480803e+03
2.145314722668233571e+03
2.185681024921945209e+03
2.225532303738117207e+03
2.264874130021699784e+03
2.303712134819464609e+03
2.342052000835160015e+03
2.379899454339877593e+03
2.417260257471882596e+03
2.454140200919181552e+03
2.490545096977196408e+03
2.526480772973171497e+03
2.561953065048292501e+03
2.596967812287954075e+03
2.631530851190160320e+03
2.665648010461714421e+03
2.699325106131555003e+03
2.732567936970421670e+03
2.765382280205878487e+03
2.797773887521694178e+03
2.829748481330526374e+03
2.861311751308913244e+03
2.892469351183667186e+03
2.923226895758859882e+03
2.953589958172757633e+03
2.983564067374249589e+03
3.013154705808506606e+03
3.042367307301853998e+03
3.071207255136079766e+03
3.099679880302649963e+03
3.127790459927612574e+03
3.155544215858213192e+03
3.182946313402563646e+03
3.210001860213985310e+03
3.236715905311963979e+03
3.263093438231923301e+03
3.289139388296348443e+03
3.314858624000091822e+03
3.340255952502943273e+03
3.365336119222908110e+03
3.390103807523844807e+03
3.414563638491461916e+03
3.438720170791901637e+03
3.462577900607419451e+03
3.486141261643946109e+03
3.509414625205537050e+03
3.532402300330995786e+03
3.555108533988157433e+03
3.577537511321590955e+03
3.599693355949659235e+03
3.621580130307120726e+03
3.643201836029630158e+03
3.664562414376729521e+03
3.685665746690083779e+03
3.706515654883894967e+03
3.727115901964626119e+03
3.747470192577302441e+03
3.767582173575843626e+03
3.787455434615010290e+03
3.807093508761697649e+03
3.826499873123467296e+03
3.845677949492298467e+03
3.864631105001709784e+03
3.883362652795482518e+03
3.901875852706358273e+03
3.920173911943162238e+03
3.938259985784946366e+03
3.956137178280783701e+03
3.973808542953991491e+03
3.991277083509623026e+03
4.008545754544136344e+03
4.025617462256249837e+03
4.042495065158057969e+03
4.059181374785540811e+03
4.075679156407672508e+03
4.091991129733400157e+03
4.108119969615816444e+03
4.124068306752888930e+03
4.139838728384205751e+03
4.155433778983169759e+03
4.170855960944212711e+03
4.186107735264547046e+03
4.201191522220089610e+03
4.216109702035192640e+03
4.230864615545835477e+03
4.245458564856025987e+03
4.259893813987108842e+03
4.274172589519776920e+03
4.288297081228568459e+03
4.302269442708669885e+03
4.316091791994877894e+03
4.329766212172562518e+03
4.343294751980543879e+03
4.356679426405769846e+03
4.369922217269718203e+03
4.383025073806463297e+03
4.395989913232368963e+03
4.408818621307347712e+03
4.421513052887711638e+03
4.434075032470558654e+03
4.446506354729734085e+03
4.458808785043360331e+03
4.470984060012973714e+03
4.483033887974283061e+03
4.494959949499604591e+03
4.506763897892021305e+03
4.518447359671303275e+03
4.530011935051669752e+03
4.541459198411448597e+03
4.552790698754706682e+03
4.564007960164921315e+03
4.575112482250779067e+03
4.586105740584185696e+03
4.596989187130566279e+03
4.607764250671553782e+03
4.618432337220144291e+03
4.628994830428438036e+03
4.639453091988028973e+03
4.649808462023173888e+03
4.660062259476814688e+03
4.670215782489570302e+03
4.680270308771790951e+03
4.690227095968782123e+03
4.700087382019297365e+03
4.709852385507403596e+03
4.719523306007826250e+03
4.729101324424869745e+03
4.738587603325027885e+03
4.747983287263370585e+03
4.757289503103830612e+03
4.766507360333475845e+03
4.775637951370870724e+03
4.784682351868643309e+03
4.793641621010338895e+03
4.802516801801666588e+03
4.811308921356244355e+03
4.820018991175937117e+03
4.828648007425873402e+03
4.837196951204256038e+03
4.845666788807045123e+03
4.854058471987619669e+03
4.862372938211497967e+03
4.870611110906221256e+03
4.878773899706480734e+03
4.886862200694579769e+03
4.894876896636322272e+03
4.902818857212418152e+03
4.910688939245465008e+03
4.918487986922634263e+03
4.926216832014103602e+03
4.933876294087337556e+03
4.941467180717294468e+03
4.948990287692636230e+03
4.956446399218013539e+03
4.963836288112518560e+03
4.971160716004357710e+03
4.978420433521839186e+03
4.985616180480730691e+03
4.992748686068081952e+03
4.999818669022539325e+03
5.006826837811274345e+03
5.013773890803558061e+03
5.020660516441050277e+03
5.027487393404882823e+03
5.034255190779592340e+03
5.040964568213963503e+03
5.047616176078843637e+03
5.054210655621997830e+03
5.060748639120052758e+03
5.067230750027592876e+03
5.073657603123464469e+03
5.080029804654345753e+03
5.086347952475625789e+03
5.092612636189670411e+03
5.098824437281501559e+03
5.104983929251953668e+03
5.111091677748358961e+03
5.117148240692808940e+03
5.123154168408035730e+03
5.129110003740967841e+03
5.135016282184004922e+03
5.140873531994056975e+03
5.146682274309383502e+03
5.152443023264300791e+03
5.158156286101764636e+03
5.163822563283909403e+03
5.169442348600544392e+03
5.175016129275692947e+03
5.180544386072167981e+03
5.186027593394253017e+03
5.191466219388518766e+03
5.196860726042809802e+03
5.202211569283437711e+03
5.207519199070617105e+03
5.212784059492185406e+03
5.218006588855622795e+03
5.223187219778435065e+03
5.228326379276896660e+03
5.233424488853222101e+03
5.238481964581160355e+03
5.243499217190077616e+03
5.248476652147536697e+03
5.253414669740403951e+03
5.258313665154526461e+03
5.263174028552985874e+03
5.267996145152987992e+03
5.272780395301374483e+03
5.277527154548821272e+03
5.282236793722719995e+03
5.286909678998799791e+03
5.291546171971474905e+03
5.296146629722977195e+03
5.300711404891277198e+03
5.305240845736830124e+03
5.309735296208153159e+03
5.314195096006275890e+03
5.318620580648070245e+03
5.323012081528490853e+03
5.327369925981740380e+03
5.331694437341389857e+03
5.335985934999454912e+03
5.340244734464482462e+03
5.344471147418617875e+03
5.348665481773725332e+03
5.352828041726535957e+03
5.356959127812866427e+03
5.361059036960920821e+03
5.365128062543684791e+03
5.369166494430449347e+03
5.373174619037445154e+03
5.377152719377650101e+03
5.381101075109745580e+03
5.385019962586265137e+03
5.388909654900923670e+03
5.392770421935181730e+03
5.396602530404009485e+03
5.400406243900912159e+03
5.404181822942202416e+03
5.407929525010538782e+03
5.411649604597749203e+03
5.415342313246956110e+03
5.419007899593997536e+03
5.422646609408179756e+03
5.426258685632365996e+03
5.429844368422395746e+03
5.433403895185884721e+03
5.436937500620380888e+03
5.440445416750897493e+03
5.443927872966857649e+03
5.447385096058425916e+03
5.450817310252262359e+03
5.454224737246701807e+03
5.457607596246368303e+03
5.460966103996236598e+03
5.464300474815149755e+03
5.467610920628800159e+03
5.470897651002194834e+03
5.474160873171592357e+03
5.477400792075951358e+03
5.480617610387864261e+03
5.483811528544018984e+03
5.486982744775174069e+03
5.490131455135662691e+03
5.493257853532438276e+03
5.496362131753667200e+03
5.499444479496872191e+03
5.502505084396636448e+03
5.505544132051888482e+03
5.508561806052749489e+03
5.511558288006977818e+03
5.514533757565995984e+03
5.517488392450527499e+03
5.520422368475834446e+03
5.523335859576563053e+03
5.526229037831222740e+03
5.529102073486277732e+03
5.531955134979881223e+03
5.534788388965245758e+03
5.537602000333657998e+03
5.540396132237149686e+03
5.543170946110819386e+03
5.545926601694825877e+03
5.548663257056046859e+03
5.551381068609413887e+03
5.554080191138923510e+03
5.556760777818341921e+03
5.559422980231597649e+03
5.562066948392873201e+03
5.564692830766387488e+03
5.567300774285906300e+03
5.569890924373944472e+03
5.572463424960695193e+03
5.575018418502676468e+03
5.577556046001111099e+03
5.580076447020026535e+03
5.582579759704098251e+03
5.585066120796230280e+03
5.587535665654877448e+03
5.589988528271122959e+03
5.592424841285495859e+03
5.594844736004562037e+03
5.597248342417260574e+03
5.599635789211011797e+03
5.602007203787593426e+03
5.604362712278787512e+03
5.606702439561807296e+03
5.609026509274492128e+03
5.611335043830307768e+03
5.613628164433102029e+03
5.615905991091686701e+03
5.618168642634180287e+03
5.620416236722168833e+03
5.622648889864661214e+03
5.624866717431844336e+03
5.627069833668646424e+03
5.629258351708119335e+03
5.631432383584614399e+03
5.633592040246794568e+03
5.635737431570452827e+03
5.637868666371156905e+03
5.639985852416717535e+03
5.642089096439480272e+03
5.644178504148458160e+03
5.646254180241281574e+03
5.648316228415999831e+03
5.650364751382705435e+03
5.652399850875014636e+03
5.654421627661373350e+03
5.656430181556225762e+03
5.658425611431015568e+03
5.660408015225054442e+03
5.662377489956224053e+03
5.664334131731548950e+03
5.666278035757617545e+03
5.668209296350863951e+03
5.670128006947717040e+03
5.672034260114604876e+03
5.673928147557830016e+03
5.675809760133311102e+03
5.677679187856197132e+03
5.679536519910348943e+03
5.681381844657697911e+03
5.683215249647476412e+03
5.685036821625336415e+03
5.686846646542331655e+03
5.688644809563796116e+03
5.690431395078094283e+03
5.692206486705267707e+03
5.693970167305554241e+03
5.695722518987809053e+03
5.697463623117806492e+03
5.699193560326441002e+03
5.700912410517810713e+03
5.702620252877210987e+03
5.704317165879009735e+03
5.706003227294429962e+03
5.707678514199230449e+03
5.709343102981280936e+03
5.710997069348050900e+03
5.712640488333992835e+03
5.714273434307833668e+03
