# f_ap
0.000000000000000000e+00
1.504774484164715133e-02
3.019354013948694071e-02
4.544118754937920279e-02
6.079443299444903942e-02
7.625696306539543612e-02
9.183240169371882644e-02
1.075243070971697301e-01
1.233361689954674961e-01
1.392714060931386499e-01
1.553333638252314408e-01
1.715253123606492458e-01
1.878504448569265350e-01
2.043118759594583222e-01
2.209126405374532143e-01
2.376556926482639165e-01
2.545439047211944805e-01
2.715800669514508714e-01
2.887668868945256762e-01
3.061069892510400736e-01
3.236029158318695087e-01
3.412571256932419028e-01
3.590719954314648410e-01
3.770498196269254088e-01
3.951928114270977788e-01
4.135031032583939559e-01
4.319827476568811608e-01
4.506337182080927817e-01
4.694579105864103430e-01
4.884571436847782167e-01
5.076331608258161099e-01
5.269876310457405344e-01
5.465221504428329213e-01
5.662382435825772387e-01
5.861373649519542317e-01
6.062209004557611580e-01
6.264901689482093028e-01
6.469464237934440254e-01
6.675908544490060104e-01
6.884245880666387540e-01
7.094486911052184652e-01
7.306641709509492655e-01
7.520719775403197360e-01
7.736730049816670229e-01
7.954680931715244485e-01
8.174580294022584237e-01
8.396435499577927786e-01
8.620253416945311553e-01
8.846040436048614453e-01
9.073802483608918168e-01
9.303545038363205677e-01
9.535273146045837311e-01
9.768991434116469641e-01
1.000470412622024519e+00
1.024241505636787508e+00
1.048212768282535290e+00
1.072384510170449667e+00
1.096757006024729142e+00
1.121330496979824565e+00
1.146105191846073179e+00
1.171081268343403758e+00
1.196258874302934316e+00
1.221638128836376236e+00
1.247219123473264135e+00
1.273001923266085189e+00
1.298986567863510855e+00
1.325173072551953934e+00
1.351561429265773828e+00
1.378151607566483028e+00
1.404943555591368964e+00
1.431937200971997948e+00
1.459132451723083257e+00
1.486529197102247624e+00
1.514127308441242992e+00
1.541926639949204203e+00
1.569927029488514147e+00
1.598128299323938073e+00
1.626530256845616140e+00
1.655132695266559262e+00
1.683935394295316579e+00
1.712938120784423646e+00
1.742140629355309223e+00
1.771542663000304163e+00
1.801143953662386998e+00
1.830944222793327691e+00
1.860943181890857279e+00
1.891140533015490899e+00
1.921535969287643475e+00
1.952129175365639568e+00
1.982919827905220478e+00
2.013907596001157430e+00
2.045092141611550840e+00
2.076473119965364766e+00
2.108050179953802505e+00
2.139822964506019609e+00
2.171791110949751857e+00
2.203954251357349570e+00
2.236312012877749389e+00
2.268864018054849829e+00
2.301609885132830602e+00
2.334549228348790084e+00
2.367681658213271145e+00
2.401006781779006616e+00
2.434524202898399547e+00
2.468233522470113961e+00
2.502134338675176206e+00
2.536226247202992390e+00
2.570508841467660677e+00
2.604981712814940842e+00
2.639644450720219471e+00
2.674496642977855831e+00
2.709537875882177538e+00
2.744767734400510584e+00
2.780185802338509315e+00
2.815791662498097203e+00
2.851584896828307958e+00
2.887565086569312545e+00
2.923731812389874563e+00
2.960084654518522651e+00
2.996623192868675734e+00
3.033347007157954245e+00
3.070255677021910490e+00
3.107348782122419273e+00
3.144625902250929084e+00
3.182086617426759467e+00
3.219730507990694157e+00
3.257557154694008084e+00
3.295566138783161403e+00
3.333757042080283561e+00
3.372129447059671215e+00
3.410682936920434560e+00
3.449417095655440413e+00
3.488331508116749191e+00
3.527425760077632866e+00
3.566699438291345281e+00
3.606152130546809165e+00
3.645783425721265569e+00
3.685592913830110451e+00
3.725580186073952138e+00
3.765744834883071324e+00
3.806086453959334648e+00
3.846604638315725744e+00
3.887298984313556804e+00
3.928169089697455707e+00
3.969214553628266806e+00
4.010434976713878719e+00
4.051829961038176720e+00
4.093399110188073564e+00
4.135142029278801701e+00
4.177058324977502402e+00
4.219147603434580063e+00
4.261409478543753515e+00
4.303843559779324757e+00
4.346449460220107142e+00
4.389226794591681191e+00
4.432175179281241384e+00
4.475294232351163082e+00
4.518583573551409494e+00
4.562042824330785784e+00
4.605671607847120264e+00
4.649469548976410849e+00
4.693436274320968771e+00
4.737571412216631472e+00
4.781874592739083774e+00
4.826345447709289971e+00
4.870983610698134569e+00
4.915788717030266319e+00
4.960760403787215722e+00
5.005898309809757585e+00
5.051202075699661620e+00
5.096671343820739608e+00
5.142305758299316132e+00
5.188104965024086468e+00
5.234068611645452229e+00
5.280196347574300120e+00
5.326487823980285086e+00
5.372942693789633850e+00
5.419560611682513240e+00
5.466341234089934886e+00
5.513284219190276225e+00
5.560389226905400051e+00
5.607655918896423231e+00
5.655083958559102619e+00
5.702673011018935867e+00
5.750422743125911396e+00
5.798332823448980378e+00
5.846402922270253377e+00
5.894632711578921658e+00
5.943021865064934239e+00
5.991570058112454689e+00
6.040276967793065666e+00
6.089142272858789617e+00
6.138165653734931837e+00
6.187346792512686378e+00
6.236685372941622063e+00
6.286181080421980205e+00
6.335833601996846198e+00
6.385642626344135486e+00
6.435607843768513803e+00
6.485728946193139777e+00
6.536005627151324937e+00
6.586437581778087136e+00
6.637024506801600943e+00
6.687766100534549452e+00
6.738662062865452995e+00
6.789712095249800683e+00
6.840915900701306285e+00
6.892273183782884338e+00
6.943783650597736390e+00
6.995447008780338649e+00
7.047262967487354146e+00
7.099231237388541338e+00
7.151351530657640510e+00
7.203623560963197114e+00
7.256047043459368240e+00
7.308621694776769040e+00
7.361347233013209035e+00
7.414223377724490582e+00
7.467249849915176263e+00
7.520426372029366036e+00
7.573752667941434424e+00
7.627228462946835208e+00
7.680853483752858146e+00
7.734627458469418571e+00
7.788550116599862072e+00
7.842621189031812712e+00
7.896840408027927971e+00
7.951207507216842885e+00
8.005722221583999598e+00
8.060384287462552422e+00
8.115193442524315515e+00
8.170149425770716789e+00
8.225251977523779345e+00
8.280500839417145542e+00
8.335895754387168566e+00
8.391436466663936500e+00
8.447122721762482911e+00
8.502954266473889078e+00
8.558930848856537210e+00
8.615052218227345904e+00
8.671318125153060663e+00
8.727728321441594161e+00
8.784282560133405582e+00
8.840980595492924365e+00
8.897822183000059226e+00
8.954807079341627229e+00
9.011935042403031559e+00
9.069205831259798956e+00
9.126619206169287679e+00
9.184174928562384821e+00
9.241872761035271111e+00
9.299712467341237243e+00
9.357693812382571252e+00
9.415816562202456552e+00
9.474080483976946354e+00
9.532485346006991378e+00
9.591030917710527959e+00
9.649716969614596351e+00
9.708543273347510549e+00
9.767509601631138239e+00
9.826615728273139894e+00
9.885861428159341102e+00
9.945246477246133310e+00
1.000477065255292786e+01
1.006443373215462778e+01
1.012423549517424881e+01
1.018417572177548180e+01
1.024425419315537233e+01
1.030447069153706963e+01
1.036482500016258257e+01
1.042531690328558724e+01
1.048594618616438368e+01
1.054671263505475842e+01
1.060761603720301594e+01
1.066865618083899925e+01
1.072983285516924212e+01
1.079114585037005369e+01
1.085259495758078252e+01
1.091417996889702380e+01
1.097590067736397756e+01
1.103775687696978203e+01
1.109974836263894638e+01
1.116187493022580668e+01
1.122413637650805462e+01
1.128653249918031065e+01
1.134906309684773085e+01
1.141172796901971154e+01
1.147452691610357256e+01
1.153745973939838976e+01
1.160052624108875996e+01
1.166372622423870631e+01
1.172705949278563509e+01
1.179052585153422328e+01
1.185412510615055481e+01
1.191785706315608984e+01
1.198172152992185957e+01
1.204571831466259013e+01
1.210984722643097022e+01
1.217410807511183179e+01
1.223850067141655806e+01
1.230302482687739030e+01
1.236768035384182340e+01
1.243246706546708680e+01
1.249738477571462880e+01
1.256243329934467035e+01
1.262761245191077641e+01
1.269292204975448612e+01
1.275836191000002096e+01
1.282393185054899298e+01
1.288963169007512377e+01
1.295546124801914623e+01
1.302142034458358033e+01
1.308750880072764922e+01
1.315372643816223430e+01
1.322007307934483755e+01
1.328654854747460412e+01
1.335315266648739652e+01
1.341988526105089363e+01
1.348674615655973241e+01
1.355373517913070458e+01
1.362085215559794804e+01
1.368809691350828039e+01
1.375546928111642764e+01
1.382296908738042163e+01
1.389059616195695313e+01
1.395835033519682256e+01
1.402623143814036411e+01
1.409423930251297818e+01
1.416237376072063014e+01
1.423063464584547511e+01
1.429902179164140819e+01
1.436753503252972664e+01
1.443617420359486303e+01
1.450493914058001188e+01
1.457382967988296940e+01
1.464284564969438307e+01
1.471198690519019614e+01
1.478125327607732231e+01
1.485064460132994135e+01
1.492016072055610287e+01
1.498980147399360874e+01
1.505956670250611396e+01
1.512945624757910323e+01
1.519946995131591727e+01
1.526960765643392826e+01
1.533986920626057859e+01
1.541025444472957240e+01
1.548076321637709185e+01
1.555139536633796915e+01
1.562215074034194906e+01
1.569302918470999408e+01
1.576403054635055412e+01
1.583515467275596400e+01
1.590640141199873980e+01
1.597777061272805987e+01
1.604926212416613751e+01
1.612087579610469135e+01
1.619261147890146191e+01
1.626446902347670687e+01
1.633644828130972471e+01
1.640854910443548320e+01
1.648077134544116618e+01
1.655311485746282685e+01
1.662557949418204117e+01
1.669816510982260027e+01
1.677087155914717798e+01
1.684369869745416182e+01
1.691664638057426728e+01
1.698971446486747183e+01
1.706290280721977481e+01
1.713621126503997871e+01
1.720963969625663736e+01
1.728318795931491891e+01
1.735685591317348297e+01
1.743064341730149991e+01
1.750455033167555285e+01
1.757857651677659305e+01
1.765272183358706926e+01
1.772698614358786884e+01
1.780136930875537971e+01
1.787587119155860549e+01
1.795049165495628074e+01
1.802523056239394705e+01
1.810008777780114642e+01
1.817506316558861101e+01
1.825015659064537488e+01
1.832536791833612000e+01
1.840069701449827377e+01
1.847614374543936933e+01
1.855170797793430282e+01
1.862738957922261918e+01
1.870318841700586177e+01
1.877910435944489720e+01
1.885513727515727211e+01
1.893128703321467299e+01
1.900755350314020831e+01
1.908393655490591811e+01
1.916043605893024804e+01
1.923705188607540606e+01
1.931378390764497155e+01
1.939063199538133730e+01
