# mu
-inf
3.406454585127198698e+01
3.559462724244112053e+01
3.649948549391699260e+01
3.714806648478491979e+01
3.765600348386453788e+01
3.807481004295621574e+01
3.843197100307293823e+01
3.874389726484412222e+01
3.902117831632554612e+01
3.927104810438061833e+01
3.949866935042911109e+01
3.970785667234291338e+01
3.990150927038834539e+01
4.008188281079526405e+01
4.025076728557380790e+01
4.040960735703467321e+01
4.055958615741083406e+01
4.070168510240375781e+01
4.083672751382712818e+01
4.096541104216964868e+01
4.108833217241087965e+01
4.120600502557289246e+01
4.131887597908416154e+01
4.142733517470699667e+01
4.153172567702959839e+01
4.163235083582767970e+01
4.172948025928887716e+01
4.182335470139413758e+01
4.191419009219107039e+01
4.200218088537406658e+01
4.208750285752719122e+01
4.217031546350867188e+01
4.225076382993928803e+01
4.232898045162106371e+01
4.240508664255296623e+01
4.247919378301826754e+01
4.255140439626090654e+01
4.262181308200976559e+01
4.269050732915194146e+01
4.275756822590338402e+01
4.282307108265312223e+01
4.288708598009711181e+01
4.294967825319978516e+01
4.301090891982542530e+01
4.307083506149050578e+01
4.312951016254208980e+01
4.318698441311816794e+01
4.324330498045671334e+01
4.329851625246139690e+01
4.335266005687908120e+01
4.340577585897976576e+01
4.345790094023659833e+01
4.350907056017076968e+01
4.355931810324323550e+01
4.360867521243332590e+01
4.365717191093796146e+01
4.370483671324746666e+01
4.375169672670132570e+01
4.379777774449536309e+01
4.384310433099768289e+01
4.388769990013157241e+01
4.393158678749753676e+01
4.397478631683136996e+01
4.401731886132957783e+01
4.405920390031585043e+01
4.410046007167180449e+01
4.414110522041092821e+01
4.418115644373513362e+01
4.422063013287910138e+01
4.425954201201679439e+01
4.429790717447735915e+01
4.433574011649353963e+01
4.437305476868439769e+01
4.440986452545484298e+01
4.444618227247737252e+01
4.448202041240648441e+01
4.451739088896215435e+01
4.455230520950667028e+01
4.458677446622829166e+01
4.462080935603491127e+01
4.465442019925227868e+01
4.468761695721326532e+01
4.472040924881711277e+01
4.475280636613143059e+01
4.478481728910342952e+01
4.481645069944161008e+01
4.484771499372424586e+01
4.487861829578645256e+01
4.490916846843369115e+01
4.493937312452572996e+01
4.496923963747185837e+01
4.499877515117496074e+01
4.502798658945933141e+01
4.505688066501440403e+01
4.508546388788444403e+01
4.511374257353182315e+01
4.514172285049973254e+01
4.516941066769827273e+01
4.519681180133610354e+01
4.522393186151853683e+01
4.525077629853130645e+01
4.527735040882798501e+01
4.530365934073792289e+01
4.532970809991038408e+01
4.535550155450953014e+01
4.538104444017391614e+01
4.540634136475335936e+01
4.543139681283525988e+01
4.545621515007141511e+01
4.548080062731617801e+01
4.550515738458553017e+01
4.552928945484659096e+01
4.555320076764621007e+01
4.557689515258682889e+01
4.560037634265729167e+01
4.562364797742598910e+01
4.564671360610302031e+01
4.566957669047785373e+01
4.569224060773863982e+01
4.571470865317874654e+01
4.573698404279605256e+01
4.575906991578998628e+01
4.578096933696117787e+01
4.580268529901830021e+01
4.582422072479631936e+01
4.584557846939027570e+01
4.586676132220843272e+01
4.588777200894843133e+01
4.590861319349997416e+01
4.592928747977708781e+01
4.594979741348340951e+01
4.597014548381311272e+01
4.599033412509048446e+01
4.601036571835066979e+01
4.603024259286415543e+01
4.604996702760745819e+01
4.606954125268210021e+01
4.608896745068420131e+01
4.610824775802669961e+01
4.612738426621613286e+01
4.614637902308580664e+01
4.616523403398725378e+01
4.618395126294149833e+01
4.620253263375190045e+01
4.622098003107996078e+01
4.623929530148573264e+01
4.625748025443401446e+01
4.627553666326782889e+01
4.629346626615041771e+01
4.631127076697688949e+01
4.632895183625682733e+01
4.634651111196876627e+01
4.636395020038783343e+01
4.638127067688729710e+01
4.639847408671529649e+01
4.641556194574739180e+01
4.643253574121595761e+01
4.644939693241736478e+01
4.646614695139750495e+01
4.648278720361670935e+01
4.649931906859460184e+01
4.651574390053570340e+01
4.653206302893650559e+01
4.654827775917452470e+01
4.656438937308010395e+01
4.658039912949153205e+01
4.659630826479402543e+01
4.661211799344314244e+01
4.662782950847316954e+01
4.664344398199101249e+01
4.665896256565608269e+01
4.667438639114652688e+01
4.668971657061254632e+01
4.670495419711684804e+01
4.672010034506303100e+01
4.673515607061203525e+01
4.675012241208717967e+01
4.676500039036811529e+01
4.677979100927409917e+01
4.679449525593682324e+01
4.680911410116329563e+01
4.682364849978895904e+01
4.683809939102139452e+01
4.685246769877495865e+01
4.686675433199657448e+01
4.688096018498292494e+01
4.689508613768949630e+01
4.690913305603145744e+01
4.692310179217683697e+01
4.693699318483217553e+01
4.695080805952080993e+01
4.696454722885410860e+01
4.697821149279585740e+01
4.699180163891991668e+01
4.700531844266146919e+01
4.701876266756197253e+01
4.703213506550802947e+01
4.704543637696428959e+01
4.705866733120077328e+01
4.707182864651443310e+01
4.708492103044542176e+01
4.709794517998815166e+01
4.711090178179709653e+01
4.712379151238781105e+01
4.713661503833304778e+01
4.714937301645419865e+01
4.716206609400824590e+01
4.717469490887025785e+01
4.718726008971157881e+01
4.719976225617391208e+01
4.721220201903928171e+01
4.722457998039608640e+01
4.723689673380130216e+01
4.724915286443898310e+01
4.726134894927508157e+01
4.727348555720880796e+01
4.728556324922048759e+01
4.729758257851611347e+01
4.730954409066866617e+01
4.732144832375621490e+01
4.733329580849698459e+01
4.734508706838138181e+01
4.735682261980115015e+01
4.736850297217563366e+01
4.738012862807531178e+01
4.739170008334259165e+01
4.740321782720999977e+01
4.741468234241584412e+01
4.742609410531730418e+01
4.743745358600114770e+01
4.744876124839209552e+01
4.746001755035881331e+01
4.747122294381770047e+01
4.748237787483446937e+01
4.749348278372362131e+01
4.750453810514574826e+01
4.751554426820291610e+01
4.752650169653198020e+01
4.753741080839598965e+01
4.754827201677375825e+01
4.755908572944748869e+01
4.756985234908869131e+01
4.758057227334232664e+01
4.759124589490922830e+01
4.760187360162684200e+01
4.761245577654840133e+01
4.762299279802044083e+01
4.763348503975877435e+01
4.764393287092302387e+01
4.765433665618955672e+01
4.766469675582309407e+01
4.767501352574683438e+01
4.768528731761119843e+01
4.769551847886130247e+01
4.770570735280304575e+01
4.771585427866791207e+01
4.772595959167659885e+01
4.773602362310129621e+01
4.774604670032692866e+01
4.775602914691103962e+01
4.776597128264270964e+01
4.777587342360023115e+01
4.778573588220776003e+01
4.779555896729089426e+01
4.780534298413114414e+01
4.781508823451946455e+01
4.782479501680877831e+01
4.783446362596545498e+01
4.784409435361992280e+01
4.785368748811626460e+01
4.786324331456098946e+01
4.787276211487085220e+01
4.788224416781979187e+01
4.789168974908507437e+01
4.790109913129252561e+01
4.791047258406102571e+01
4.791981037404611499e+01
4.792911276498290363e+01
4.793838001772815005e+01
4.794761239030162159e+01
4.795681013792671621e+01
4.796597351307035240e+01
4.797510276548216268e+01
4.798419814223304058e+01
4.799325988775289886e+01
4.800228824386790194e+01
4.801128344983697360e+01
4.802024574238767940e+01
4.802917535575149799e+01
4.803807252169849562e+01
4.804693746957138956e+01
4.805577042631902884e+01
4.806457161652929955e+01
4.807334126246150419e+01
4.808207958407813720e+01
4.809078679907618437e+01
4.809946312291782533e+01
4.810810876886070275e+01
4.811672394798760166e+01
4.812530886923570961e+01
4.813386373942533680e+01
4.814238876328816730e+01
4.815088414349509094e+01
4.815935008068348111e+01
4.816778677348415982e+01
4.817619441854778017e+01
4.818457321057088905e+01
4.819292334232151376e+01
4.820124500466428685e+01
4.820953838658532220e+01
4.821780367523749788e+01
4.822604105593475055e+01
4.823425071213853244e+01
4.824243282556049905e+01
4.825058757615176575e+01
4.825871514212538926e+01
4.826681569997850829e+01
4.827488942451411447e+01
4.828293648886253919e+01
4.829095706450250702e+01
4.829895132128192614e+01
4.830691942743838752e+01
4.831486154961923773e+01
4.832277785290145289e+01
4.833066850081110744e+01
4.833853365534266544e+01
4.834637347697781706e+01
4.835418812470418715e+01
4.836197775603363880e+01
4.836974252702034960e+01
4.837748259227863912e+01
4.838519810500045537e+01
4.839288921697266233e+01
4.840055607859404319e+01
4.840819883889203368e+01
4.841581764553924216e+01
4.842341264486968555e+01
4.843098398189478360e+01
4.843853180031919692e+01
4.844605624255628840e+01
4.845355744974349221e+01
4.846103556175738447e+01
4.846849071722851221e+01
4.847592305355611586e+01
4.848333270692249641e+01
4.849071981230728312e+01
4.849808450350142408e+01
4.850542691312103472e+01
4.851274717262099045e+01
4.852004541230834889e+01
4.852732176135560849e+01
4.853457634781371155e+01
4.854180929862492633e+01
4.854902073963550890e+01
4.855621079560820874e+01
4.856337959023456108e+01
4.857052724614705852e+01
4.857765388493110947e+01
4.858475962713682605e+01
4.859184459229069830e+01
4.859890889890706944e+01
4.860595266449941221e+01
4.861297600559152698e+01
4.861997903772854812e+01
4.862696187548778681e+01
4.863392463248943898e+01
4.864086742140715103e+01
4.864779035397843643e+01
4.865469354101491462e+01
4.866157709241250018e+01
4.866844111716136467e+01
4.867528572335579895e+01
4.868211101820393338e+01
4.868891710803735862e+01
4.869570409832056868e+01
4.870247209366030461e+01
4.870922119781479864e+01
4.871595151370280519e+01
4.872266314341266735e+01
4.872935618821105663e+01
4.873603074855179784e+01
4.874268692408446668e+01
4.874932481366285941e+01
4.875594451535344831e+01
4.876254612644361686e+01
4.876912974344987362e+01
4.877569546212589557e+01
4.878224337747052175e+01
4.878877358373557627e+01
4.879528617443369853e+01
4.880178124234593184e+01
4.880825887952931197e+01
4.881471917732435628e+01
4.882116222636241787e+01
4.882758811657293307e+01
4.883399693719066903e+01
4.884038877676275803e+01
4.884676372315573190e+01
4.885312186356241426e+01
4.885946328450877729e+01
