# rs_dv
inf
2.323496987962295979e+00
1.166723294675737099e+00
7.811900802089440932e-01
5.884666742950072083e-01
4.728669279105568446e-01
3.958287795847776902e-01
3.408256220172763973e-01
2.995941437326212764e-01
2.675436096303199784e-01
2.419195732020485434e-01
2.209692002630748997e-01
2.035239308135980418e-01
1.887747584976533777e-01
1.761438188600796817e-01
1.652073422951668147e-01
1.556474996338611527e-01
1.472212434002745096e-01
1.397395353101914817e-01
1.330531335010717298e-01
1.270426435872912263e-01
1.216114122653608465e-01
1.166803590212625030e-01
1.121841560826390277e-01
1.080683633776881314e-01
1.042872510988487322e-01
1.008021247469002568e-01
9.758002238278633278e-02
9.459269103526089795e-02
9.181577488196140946e-02
8.922816579016704108e-02
8.681147955544482597e-02
8.454963034184898030e-02
8.242848249312295650e-02
8.043556378566955878e-02
7.855982783502760136e-02
7.679145609832432884e-02
7.512169198166911144e-02
7.354270113851743562e-02
7.204745325815940793e-02
7.062962158365591880e-02
6.928349713233945828e-02
6.800391516854364937e-02
6.678619193410434418e-02
6.562607000480079333e-02
6.451967093100964556e-02
6.346345405418635233e-02
6.245418057944852885e-02
6.148888213782206791e-02
6.056483319684151378e-02
5.967952678080407081e-02
5.883065304647645821e-02
5.801608032992845027e-02
5.723383833817732164e-02
5.648210320766696574e-02
5.575918419203775706e-02
5.506351177557441273e-02
5.439362703729577059e-02
5.374817211479007012e-02
5.312588163735847829e-02
5.252557501541900431e-02
5.194614948794758214e-02
5.138657384240410964e-02
5.084588273245480711e-02
5.032317152813511885e-02
4.981759164114082233e-02
4.932834627487949625e-02
4.885468655492794521e-02
4.839590800075708327e-02
4.795134730412315555e-02
4.752037938347664775e-02
4.710241468719278402e-02
4.669689672144819448e-02
4.630329978121648649e-02
4.592112686518185632e-02
4.554990775741719206e-02
4.518919726047745944e-02
4.483857356615365136e-02
4.449763675154210646e-02
4.416600738933360720e-02
4.384332526233580135e-02
4.352924817322759155e-02
4.322345084142251853e-02
4.292562387969992704e-02
4.263547284396159570e-02
4.235271735009660254e-02
4.207709025249570245e-02
4.180833687925868125e-02
4.154621431958842315e-02
4.129049075926956303e-02
4.104094486049458118e-02
4.079736518262794265e-02
4.055954964079551417e-02
4.032730499945373637e-02
4.010044639833479363e-02
3.987879690838388308e-02
3.966218711550204695e-02
3.945045473008917253e-02
3.924344422054468207e-02
3.904100646903232302e-02
3.884299844795138790e-02
3.864928291567867880e-02
3.845972813025955173e-02
3.827420757982780836e-02
3.809259972862838461e-02
3.791478777760270286e-02
3.774065943857437405e-02
3.757010672114569766e-02
3.740302573148040349e-02
3.723931648220876051e-02
3.707888271274755593e-02
3.692163171937657556e-02
3.676747419446241283e-02
3.661632407426143598e-02
3.646809839477528625e-02
3.632271715516780658e-02
3.618010318828653732e-02
3.604018203786323038e-02
3.590288184199645627e-02
3.576813322254616956e-02
3.563586918009470361e-02
3.550602499415165397e-02
3.537853812830094730e-02
3.525334814000841144e-02
3.513039659482589810e-02
3.500962698474537754e-02
3.489098465047160702e-02
3.477441670739692819e-02
3.465987197507500867e-02
3.454730091000313835e-02
3.443665554153438335e-02
3.432788941075162054e-02
3.422095751214593307e-02
3.411581623795120755e-02
3.401242332499548882e-02
3.391073780393833587e-02
3.381071995077043757e-02
3.371233124045982382e-02
3.361553430263482939e-02
3.352029287920130218e-02
3.342657178379611349e-02
3.333433686298613308e-02
3.324355495912555830e-02
3.315419387479029423e-02
3.306622233871215483e-02
3.297960997314011017e-02
3.289432726255966943e-02
3.281034552370545865e-02
3.272763687680525779e-02
3.264617421799737018e-02
3.256593120363335953e-02
3.248688218230266073e-02
3.240900223359734211e-02
3.233226710306941198e-02
3.225665319003750975e-02
3.218213752598315242e-02
3.210869775379019547e-02
3.203631210778961486e-02
3.196495939457365265e-02
3.189461897454518718e-02
3.182527074416976326e-02
3.175689511889963346e-02
3.168947301674044509e-02
3.162298584243254662e-02
3.155741547222084414e-02
3.149274423918749233e-02
3.142895491912384848e-02
3.136603071691871497e-02
3.130395525344110974e-02
3.124271255289689381e-02
3.118228703063958066e-02
3.112266348141649527e-02
3.106382706803240135e-02
3.100576331041347833e-02
3.094845807505537671e-02
3.089189756483982918e-02
3.083606830920501696e-02
3.078095715465541810e-02
3.072655125559785663e-02
3.067283806549047503e-02
3.061980532829275403e-02
3.056744107020442636e-02
3.051573359168225502e-02
3.046467145972376819e-02
3.041424350040780600e-02
3.036443879168182133e-02
3.031524665638688637e-02
3.026665665551088111e-02
3.021865858166175936e-02
3.017124245275227407e-02
3.012439850588845974e-02
3.007811719145414564e-02
3.003238916738440803e-02
2.998720529362091172e-02
2.994255662674248641e-02
2.989843441476454367e-02
2.985483009210139135e-02
2.981173527468518672e-02
2.976914175523632730e-02
2.972704149867965578e-02
2.968542663770121562e-02
2.964428946844080773e-02
2.960362244631543904e-02
2.956341818196904503e-02
2.952366943734412164e-02
2.948436912187114151e-02
2.944551028877149396e-02
2.940708613147016010e-02
2.936908998011438648e-02
2.933151529819467279e-02
2.929435567926469419e-02
2.925760484375662662e-02
2.922125663588907157e-02
2.918530502066395138e-02
2.914974408094982844e-02
2.911456801464865768e-02
2.907977113194313429e-02
2.904534785262210747e-02
2.901129270348144079e-02
2.897760031579792173e-02
2.894426542287375365e-02
2.891128285764947223e-02
2.887864755038301381e-02
2.884635452639283323e-02
2.881439890386304145e-02
2.878277589170861323e-02
2.875148078749869759e-02
2.872050897543631034e-02
2.868985592439255577e-02
2.865951718599377487e-02
2.862948839275976723e-02
2.859976525629184460e-02
2.857034356550887735e-02
2.854121918492998067e-02
2.851238805300247703e-02
2.848384618047365702e-02
2.845558964880504429e-02
2.842761460862797129e-02
2.839991727823901885e-02
2.837249394213439344e-02
2.834534094958184730e-02
2.831845471322920124e-02
2.829183170774826964e-02
2.826546846851323361e-02
2.823936159031232435e-02
2.821350772609209842e-02
2.818790358573297974e-02
2.816254593485561369e-02
2.813743159365670460e-02
2.811255743577379188e-02
2.808792038717804196e-02
2.806351742509419558e-02
2.803934557694706675e-02
2.801540191933359764e-02
2.799168357701998372e-02
2.796818772196303649e-02
2.794491157235516263e-02
2.792185239169219305e-02
2.789900748786363141e-02
2.787637421226453471e-02
2.785394995892843603e-02
2.783173216368080988e-02
2.780971830331255626e-02
2.778790589477269507e-02
2.776629249438019795e-02
2.774487569705396880e-02
2.772365313556079958e-02
2.770262247978072870e-02
2.768178143598926111e-02
2.766112774615614098e-02
2.764065918726011858e-02
2.762037357061936441e-02
2.760026874123703428e-02
2.758034257716171847e-02
2.756059298886230288e-02
2.754101791861673920e-02
2.752161533991471370e-02
2.750238325687345831e-02
2.748331970366662408e-02
2.746442274396582520e-02
2.744569047039443002e-02
2.742712100399342934e-02
2.740871249369896887e-02
2.739046311583135870e-02
2.737237107359508440e-02
2.735443459658976756e-02
2.733665194033165630e-02
2.731902138578539210e-02
2.730154123890587980e-02
2.728420983018991358e-02
2.726702551423738907e-02
2.724998666932181360e-02
2.723309169696991675e-02
2.721633902155009416e-02
2.719972708986965679e-02
2.718325437078025417e-02
2.716691935479181863e-02
2.715072055369432621e-02
2.713465650018757544e-02
2.711872574751847745e-02
2.710292686912592341e-02
2.708725845829291698e-02
2.707171912780579129e-02
2.705630750962045861e-02
2.704102225453535943e-02
2.702586203187110764e-02
2.701082552915660268e-02
2.699591145182142493e-02
2.698111852289443446e-02
2.696644548270844474e-02
2.695189108861069383e-02
2.693745391545767850e-02
2.692313315231208148e-02
2.690892740657338175e-02
2.689483550086498032e-02
2.688085627346110257e-02
2.686698857802994819e-02
2.685323128338176074e-02
2.683958327322202159e-02
2.682604344590916456e-02
2.681261071421719294e-02
2.679928400510271300e-02
2.678606225947653338e-02
2.677294443197964294e-02
2.675992949076337613e-02
2.674701641727388057e-02
2.673420420604058143e-02
2.672149186446870495e-02
2.670887841263569831e-02
2.669636288309141722e-02
2.668394432066220276e-02
2.667162178225847627e-02
2.665939433668597369e-02
2.664726106446051526e-02
2.663522105762618220e-02
2.662327342334557326e-02
2.661141726887408451e-02
2.659965172333100467e-02
2.658797592312136041e-02
2.657638901531813799e-02
2.656489015749977783e-02
2.655347851467672673e-02
2.654215327078804365e-02
2.653091361106837617e-02
2.651975873354851104e-02
2.650868784599411457e-02
2.649770016575973136e-02
2.648679491964557597e-02
2.647597134375666988e-02
2.646522868336470893e-02
2.645456619277210611e-02
2.644398313517870580e-02
2.643347878255056932e-02
2.642305241549132780e-02
2.641270332311553698e-02
2.640243080292443284e-02
2.639223416068374115e-02
2.638211271030362765e-02
2.637206577372071606e-02
2.636209267219301669e-02
2.635219276054046739e-02
2.634236537550441182e-02
2.633260986998774839e-02
2.632292560435969125e-02
2.631331194634939363e-02
2.630376827094140987e-02
2.629429396027295474e-02
2.628488840353271697e-02
2.627555099686162271e-02
2.626628114325509425e-02
2.625707825246699142e-02
2.624794174091516288e-02
2.623887103158853429e-02
2.622986555395583064e-02
2.622092474387563432e-02
2.621204804350816750e-02
2.620323490122827143e-02
2.619448477153999907e-02
2.618579711142132033e-02
2.617717139452548428e-02
2.616860708967480922e-02
2.616010367506298173e-02
2.615166063460607968e-02
2.614327745786501969e-02
2.613495363996929874e-02
2.612668868154211649e-02
2.611848208862645876e-02
2.611033337261262771e-02
2.610224205016666715e-02
2.609420764316011318e-02
2.608622967860080993e-02
2.607830768856472109e-02
2.607044121012901117e-02
2.606262978530600460e-02
2.605487296097825506e-02
2.604717028883464860e-02
2.603952132530746102e-02
2.603192563151039696e-02
2.602438277317768375e-02
2.601689231228448973e-02
2.600945384026399909e-02
