# hsc_theory
8.632151301630290314e-06
6.992923813664336710e-06
5.685517534997418036e-06
4.648166582185449321e-06
3.820882147101626012e-06
3.151521956945626994e-06
2.598846319960489618e-06
2.132909977539000127e-06
1.733843969473671800e-06
1.305710272322734674e-05
1.063959604687635978e-05
8.716808105522799946e-06
7.181616556073216161e-06
5.939170880787509467e-06
4.913132064409137956e-06
4.047428023961056395e-06
3.304149945964480063e-06
2.660282669093717303e-06
1.573820692211481940e-05
1.287160879484081918e-05
1.057701582101092611e-05
8.727237851792568981e-06
7.213353549688970033e-06
5.950149101430787538e-06
4.876737073600039360e-06
3.952818218693317957e-06
3.154434641696651152e-06
1.717804521333100788e-05
1.407176331836307625e-05
1.157424111638705905e-05
9.549858102560073949e-06
7.884041903514022251e-06
6.488181793758103283e-06
5.299626776909849526e-06
4.277124117607107707e-06
3.396147355829823270e-06
2.393162360305096077e-05
1.970903443473451380e-05
1.632184873666123195e-05
1.356160796709109722e-05
1.126310431151067264e-05
9.306392159024390730e-06
7.612720406179240312e-06
6.134722234201560677e-06
4.848127714501306876e-06
3.098721940769160003e-05
2.564146612299914035e-05
2.130985928873934754e-05
1.773275170997910648e-05
1.471287709454844315e-05
1.211301324598921969e-05
9.847644262735275636e-06
7.867997763030714609e-06
6.151020224492485016e-06
3.423790933394080574e-05
2.837519174834273066e-05
2.360598103587041078e-05
1.964865100859173612e-05
1.629240188915830075e-05
1.339289947607547183e-05
1.086199706625085356e-05
8.650440230783849202e-06
6.735662131673301942e-06
4.480792767314178819e-05
3.730723234935252701e-05
3.110946518520230563e-05
2.588089518699772344e-05
2.138347599342176647e-05
1.746258148120511533e-05
1.403025737135877584e-05
1.104032997692947751e-05
8.473235128543129370e-06
5.213847527587329181e-05
4.349146821158467066e-05
3.628849726040916831e-05
3.016402019051580169e-05
2.486387076363509515e-05
2.022778106794257037e-05
1.616835516226542015e-05
1.264116684900698517e-05
9.627800783636106862e-06
6.259898794563992794e-05
5.231320415593172855e-05
4.365620105230002895e-05
3.622699120596047177e-05
2.975585941801324840e-05
2.407942431440663353e-05
1.911369200489951073e-05
1.481734741764831896e-05
1.117275400701389189e-05
1.726234460060471322e-06
1.414845415595394584e-06
1.158616178342108601e-06
9.529742726024614760e-07
7.902640237809827133e-07
6.616475698304804624e-07
5.585754053695391641e-07
4.740703710474897808e-07
2.602671893551501123e-06
2.135008615916468377e-06
1.758506262599964906e-06
1.460376859298308109e-06
1.225041618172826177e-06
1.037188857010759563e-06
8.833633001158825212e-07
7.531315581907305993e-07
3.120998767312385469e-06
2.572828159504268713e-06
2.132151912898117231e-06
1.781660337404303052e-06
1.502001665686774295e-06
1.275193661916834674e-06
1.086054067097990062e-06
9.229296475602207718e-07
3.397942014519352162e-06
2.809792804304902979e-06
2.336161057997145237e-06
1.957663580068892509e-06
1.653363343185157835e-06
1.404279261707204846e-06
1.194870017313390716e-06
1.011823211917323147e-06
4.708991312669063672e-06
3.894788130763827521e-06
3.252026585913067779e-06
2.745339701121364699e-06
2.339755733824612265e-06
2.005474067916054863e-06
1.719336651446321635e-06
1.465699944720888153e-06
6.046764994425167480e-06
5.035713965200650739e-06
4.237839465860224440e-06
3.603952620149725994e-06
3.088332584200065977e-06
2.654077309037522593e-06
2.274123920474093568e-06
1.931827059930901365e-06
6.662202365991188991e-06
5.562551909329405018e-06
4.694131515053955737e-06
4.001648016138730919e-06
3.434731661551732158e-06
2.953503733784741363e-06
2.529432670859659677e-06
2.145127227090603930e-06
8.633752877149670176e-06
7.278934765339722573e-06
6.200195812418137815e-06
5.324264241427821291e-06
4.588498867130735730e-06
3.946525142869784433e-06
3.368195730206619043e-06
2.838032925153194464e-06
1.000454870846535881e-05
8.476028991390983271e-06
7.251387502102919078e-06
6.246018075532923935e-06
5.389853285010215751e-06
4.632945293031763751e-06
3.945241100645982427e-06
3.309292663337678135e-06
1.195844937826793760e-05
1.019382962140600270e-05
8.765344938835143064e-06
7.574080583337682828e-06
6.541411472329792981e-06
5.614225969777993028e-06
4.765076566837200834e-06
3.968746091931190138e-06
