# hsc_theory
3.239494368908945265e-05
2.600229732471263686e-05
2.081703393065088210e-05
1.659239878290838416e-05
1.312619762311401758e-05
1.026691715823165302e-05
7.908345127098797986e-06
5.974756055761232212e-06
4.410425692157239567e-06
4.425948020115142323e-05
3.551006291315888510e-05
2.841046991636846596e-05
2.260073882694518067e-05
1.780830675892961822e-05
1.384097827681621841e-05
1.056791030947251488e-05
7.893988676813722678e-06
5.745725816129302487e-06
5.216948614580700221e-05
4.184519714520938796e-05
3.344019160948030154e-05
2.653676128685102093e-05
2.082840310332275625e-05
1.610190841405090517e-05
1.221124399923213543e-05
9.046967468411743662e-06
6.521266448013224706e-06
5.601000205127023299e-05
4.491431608018064194e-05
3.586602661032499206e-05
2.842263272470743949e-05
2.226305866016173659e-05
1.716476314012483411e-05
1.297445315751322600e-05
9.575238739261755471e-06
6.871438229162479184e-06
6.550858929904648787e-05
5.254834602209497522e-05
4.198076968159983492e-05
3.327073309483900962e-05
2.604283912084615071e-05
2.004587224803812572e-05
1.511017650123615021e-05
1.110561848045463491e-05
7.924023521933482771e-06
8.114131528567040247e-05
6.507659127538216969e-05
5.190303693252175941e-05
4.099163419469043011e-05
3.191448531447509639e-05
2.438706705899724617e-05
1.821315033821384238e-05
1.323470939711228840e-05
9.314139428759710400e-06
8.868834419299509800e-05
7.111775289805103665e-05
5.667476099383715246e-05
4.468943149121050402e-05
3.471102488091548405e-05
2.644009674878676822e-05
1.966787299494741933e-05
1.422243609968912331e-05
9.951012753592285341e-06
1.065575185269822733e-04
8.538830376939580318e-05
6.788911083573476873e-05
5.331282357184207165e-05
4.116536224596380569e-05
3.111555128160047739e-05
2.292434516966849862e-05
1.638429824970321510e-05
1.130333023173505765e-05
1.200603051603057829e-04
9.614668641597607171e-05
7.631132220532570176e-05
5.975527066879946631e-05
4.595477250219159675e-05
3.455571602265756446e-05
2.529588035824274401e-05
1.793940078329631300e-05
1.226194739211133850e-05
1.376914872598927601e-04
1.101559305494679848e-04
8.722799819127395138e-05
6.805214305208435695e-05
5.207117009934222131e-05
3.890235170987645428e-05
2.825208552394831542e-05
1.984462831124442789e-05
1.340990060150653596e-05
6.913562167131432251e-06
5.758865440420191055e-06
4.790582350940382815e-06
3.978154297574415394e-06
3.291723944356728142e-06
2.706587801371355929e-06
2.204186242492950166e-06
1.771903010608428892e-06
9.638060132066575839e-06
8.019614283054863683e-06
6.668445417858082781e-06
5.533735994312290856e-06
4.571200164227259492e-06
3.746857751000271285e-06
3.036556335434407591e-06
2.424611071396687206e-06
1.149062468653506618e-05
9.561958191360964523e-06
7.949715574348605141e-06
6.591241747696683352e-06
5.434423023097485222e-06
4.440666112547170152e-06
3.583370058002158118e-06
2.845332305807266734e-06
1.239673847791222480e-05
1.031749191170996511e-05
8.576934405865650909e-06
7.107298156546373729e-06
5.853362864571147234e-06
4.774905630035364581e-06
3.844587906100107825e-06
3.044209120542506872e-06
1.459227754861876043e-05
1.214053180156159439e-05
1.009424698213709929e-05
8.367580637732332090e-06
6.892667941102646577e-06
5.621343678165393470e-06
4.521653218842401974e-06
3.574688426139201816e-06
1.829655144616728279e-05
1.523219792654389418e-05
1.266581898968766379e-05
1.048876375454876626e-05
8.618934653692358799e-06
7.000659154055842774e-06
5.598837077634045882e-06
4.394247421145469616e-06
2.009230327333243185e-05
1.673280448923735112e-05
1.391387707338342391e-05
1.151657691769605272e-05
9.452743568793008132e-06
7.663842714066476780e-06
6.113855534879015939e-06
4.783593355367873148e-06
2.439159920620415298e-05
2.032890438399521946e-05
1.690215966995357429e-05
1.397044667869666366e-05
1.143341306961112110e-05
9.227635126378877953e-06
7.316777938116579891e-06
5.681778155921224587e-06
2.765470551245341016e-05
2.306051120189257705e-05
1.917017691036822911e-05
1.582802570183868953e-05
1.292636394318928030e-05
1.039967400728886108e-05
8.212611871105083240e-06
6.345363918940565748e-06
3.194553093947767223e-05
2.665409252979062543e-05
2.215016717511793934e-05
1.826135971691578678e-05
1.487273537749096468e-05
1.191793927011700596e-05
9.364505356485161233e-06
7.189897439157485555e-06
