# a
1.000000000000000000e+00
9.852216748768474197e-01
9.708737864077670032e-01
9.569377990430623093e-01
9.433962264150942412e-01
9.302325581395348708e-01
9.174311926605503986e-01
9.049773755656108642e-01
8.928571428571427937e-01
8.810572687224669242e-01
8.695652173913044347e-01
8.583690987124463767e-01
8.474576271186441412e-01
8.368200836820083310e-01
8.264462809917355601e-01
8.163265306122448051e-01
8.064516129032258673e-01
7.968127490039841332e-01
7.874015748031495399e-01
7.782101167315175205e-01
7.692307692307691624e-01
7.604562737642586168e-01
7.518796992481202590e-01
7.434944237918216237e-01
7.352941176470588758e-01
7.272727272727272929e-01
7.194244604316546443e-01
7.117437722419929225e-01
7.042253521126761173e-01
6.968641114982577767e-01
6.896551724137931494e-01
6.825938566552901543e-01
6.756756756756756577e-01
6.688963210702341122e-01
6.622516556291391243e-01
6.557377049180328488e-01
6.493506493506493449e-01
6.430868167202572483e-01
6.369426751592357494e-01
6.309148264984226762e-01
6.250000000000000000e-01
6.191950464396285270e-01
6.134969325153374342e-01
6.079027355623100037e-01
6.024096385542169196e-01
5.970149253731343864e-01
5.917159763313609711e-01
5.865102639296186915e-01
5.813953488372093359e-01
5.763688760806916500e-01
5.714285714285713969e-01
5.665722379603399528e-01
5.617977528089888040e-01
5.571030640668523937e-01
5.524861878453038999e-01
5.479452054794520244e-01
5.434782608695652995e-01
5.390835579514824394e-01
5.347593582887699704e-01
5.305039787798409012e-01
5.263157894736841813e-01
5.221932114882505971e-01
5.181347150259068002e-01
5.141388174807198785e-01
5.102040816326530726e-01
5.063291139240505556e-01
5.025125628140703071e-01
4.987531172069825658e-01
4.950495049504950451e-01
4.914004914004913571e-01
4.878048780487805325e-01
4.842615012106537553e-01
4.807692307692307265e-01
4.773269689737471011e-01
4.739336492890995345e-01
4.705882352941176405e-01
4.672897196261682762e-01
4.640371229698375122e-01
4.608294930875576068e-01
4.576659038901601528e-01
4.545454545454545303e-01
4.514672686230248866e-01
4.484304932735426186e-01
4.454342984409799255e-01
4.424778761061947119e-01
4.395604395604395531e-01
4.366812227074235997e-01
4.338394793926247939e-01
4.310344827586207184e-01
4.282655246252676795e-01
4.255319148936170803e-01
4.228329809725158150e-01
4.201680672268907624e-01
4.175365344467640849e-01
4.149377593360995542e-01
4.123711340206185905e-01
4.098360655737705027e-01
4.073319755600814385e-01
4.048582995951417463e-01
4.024144869215292020e-01
4.000000000000000222e-01
3.976143141153081761e-01
3.952569169960473694e-01
3.929273084479371625e-01
3.906250000000000000e-01
3.883495145631067902e-01
3.861003861003861060e-01
3.838771593090211098e-01
3.816793893129770687e-01
3.795066413662239180e-01
3.773584905660377631e-01
3.752345215759849695e-01
3.731343283582089776e-01
3.710575139146568002e-01
3.690036900369003670e-01
3.669724770642202039e-01
3.649635036496350349e-01
3.629764065335753243e-01
3.610108303249097705e-01
3.590664272890484732e-01
3.571428571428571508e-01
3.552397868561278926e-01
3.533568904593639703e-01
3.514938488576450082e-01
3.496503496503496899e-01
3.478260869565217295e-01
3.460207612456747683e-01
3.442340791738381922e-01
3.424657534246575152e-01
3.407155025553663119e-01
3.389830508474576121e-01
3.372681281618887250e-01
3.355704697986577334e-01
3.338898163606009994e-01
3.322259136212624697e-01
3.305785123966942241e-01
3.289473684210526550e-01
3.273322422258592712e-01
3.257328990228013366e-01
3.241491085899513847e-01
3.225806451612903136e-01
3.210272873194221499e-01
3.194888178913737886e-01
3.179650238473767931e-01
3.164556962025316111e-01
3.149606299212598381e-01
3.134796238244514366e-01
3.120124804992199796e-01
3.105590062111801553e-01
3.091190108191653740e-01
3.076923076923077094e-01
3.062787136294027324e-01
3.048780487804877981e-01
3.034901365705614529e-01
3.021148036253776259e-01
3.007518796992481591e-01
2.994011976047904477e-01
2.980625931445603505e-01
2.967359050445103619e-01
2.954209748892171472e-01
2.941176470588235392e-01
2.928257686676427607e-01
2.915451895043731922e-01
2.902757619738751682e-01
2.890173410404624499e-01
2.877697841726618577e-01
2.865329512893983188e-01
2.853067047075606433e-01
2.840909090909091161e-01
2.828854314002828829e-01
2.816901408450704358e-01
2.805049088359046205e-01
2.793296089385474690e-01
2.781641168289291088e-01
2.770083102493074989e-01
2.758620689655172376e-01
2.747252747252747485e-01
2.735978112175102561e-01
2.724795640326975743e-01
2.713704206241519534e-01
2.702702702702702853e-01
2.691790040376850768e-01
2.680965147453083230e-01
2.670226969292389674e-01
2.659574468085106336e-01
2.649006622516556497e-01
2.638522427440633256e-01
2.628120893561103899e-01
2.617801047120418834e-01
2.607561929595827999e-01
2.597402597402597157e-01
2.587322121604139769e-01
2.577319587628866260e-01
2.567394094993581399e-01
2.557544757033248239e-01
2.547770700636942665e-01
2.538071065989847552e-01
2.528445006321112243e-01
2.518891687657430767e-01
2.509410288582183401e-01
2.500000000000000000e-01
2.490660024906600489e-01
2.481389578163772092e-01
2.472187886279357261e-01
2.463054187192117994e-01
2.453987730061350236e-01
2.444987775061124857e-01
2.436053593179049737e-01
2.427184466019417508e-01
2.418379685610640983e-01
2.409638554216867179e-01
2.400960384153661420e-01
2.392344497607655773e-01
2.383790226460071326e-01
2.375296912114014392e-01
2.366863905325443940e-01
2.358490566037735603e-01
2.350176263219741490e-01
2.341920374707260055e-01
2.333722287047841348e-01
2.325581395348837177e-01
2.317497103128621228e-01
2.309468822170900604e-01
2.301495972382048560e-01
2.293577981651376552e-01
2.285714285714285643e-01
2.277904328018223457e-01
2.270147559591373654e-01
2.262443438914027161e-01
2.254791431792558809e-01
2.247191011235955549e-01
2.239641657334826563e-01
2.232142857142856984e-01
2.224694104560623331e-01
2.217294900221729592e-01
2.209944751381215378e-01
2.202643171806167310e-01
2.195389681668496185e-01
2.188183807439824935e-01
2.181025081788440512e-01
2.173913043478261087e-01
2.166847237269772519e-01
2.159827213822894110e-01
2.152852529601722575e-01
2.145922746781115942e-01
2.139037433155080159e-01
2.132196162046908483e-01
2.125398512221041425e-01
2.118644067796610353e-01
2.111932418162618952e-01
2.105263157894736725e-01
2.098635886673662354e-01
2.092050209205021105e-01
2.085505735140771588e-01
2.079002079002078840e-01
2.072538860103627367e-01
2.066115702479338900e-01
2.059732234809474594e-01
2.053388090349076434e-01
2.047082906857727869e-01
2.040816326530612013e-01
2.034587995930824122e-01
2.028397565922921142e-01
2.022244691607684441e-01
2.016129032258064668e-01
2.010050251256281506e-01
2.004008016032063910e-01
1.998001998001998070e-01
1.992031872509960333e-01
1.986097318768619557e-01
1.980198019801980291e-01
1.974333662388944033e-01
1.968503937007873850e-01
1.962708537782139329e-01
1.956947162426614650e-01
1.951219512195122019e-01
1.945525291828793801e-01
1.939864209505334502e-01
1.934235976789168421e-01
1.928640308582449392e-01
1.923076923076922906e-01
1.917545541706615619e-01
1.912045889101338658e-01
1.906577693040991395e-01
1.901140684410646542e-01
1.895734597156398249e-01
1.890359168241965981e-01
1.885014137606032258e-01
1.879699248120300648e-01
1.874414245548266245e-01
1.869158878504673105e-01
1.863932898415656958e-01
1.858736059479554059e-01
1.853568118628359795e-01
1.848428835489833721e-01
1.843317972350230483e-01
1.838235294117647189e-01
1.833180568285976142e-01
1.828153564899451522e-01
1.823154056517775901e-01
1.818181818181818232e-01
1.813236627379873067e-01
1.808318264014466548e-01
1.803426510369702529e-01
1.798561151079136888e-01
1.793721973094170308e-01
1.788908765652951760e-01
1.784121320249777154e-01
1.779359430604982306e-01
1.774622892635314975e-01
1.769911504424779014e-01
1.765225066195940107e-01
1.760563380281690293e-01
1.755926251097454094e-01
1.751313485113835389e-01
1.746724890829694510e-01
1.742160278745644442e-01
1.737619461337966964e-01
1.733102253032929030e-01
1.728608470181503820e-01
1.724137931034482873e-01
1.719690455717970967e-01
1.715265866209262358e-01
1.710863986313088114e-01
1.706484641638225386e-01
1.702127659574468044e-01
1.697792869269949267e-01
1.693480101608806077e-01
1.689189189189189144e-01
1.684919966301600680e-01
1.680672268907562883e-01
1.676445934618608635e-01
1.672240802675585281e-01
1.668056713928273427e-01
1.663893510815308008e-01
1.659751037344398550e-01
1.655629139072847811e-01
1.651527663088356856e-01
1.647446457990115465e-01
1.643385373870172583e-01
1.639344262295082122e-01
1.635322976287816865e-01
1.631321370309951058e-01
1.627339300244101117e-01
1.623376623376623362e-01
1.619433198380566818e-01
1.615508885298869157e-01
1.611603545527800219e-01
1.607717041800643121e-01
1.603849238171612124e-01
1.600000000000000033e-01
1.596169193934557085e-01
1.592356687898089374e-01
1.588562351072279610e-01
1.584786053882726031e-01
1.581027667984189755e-01
1.577287066246056690e-01
1.573564122738001780e-01
1.569858712715855587e-01
1.566170712607674320e-01
1.562500000000000000e-01
1.558846453624317951e-01
1.555209953343701379e-01
1.551590380139643288e-01
1.547987616099071317e-01
1.544401544401544368e-01
1.540832049306625484e-01
1.537279016141429588e-01
1.533742331288343586e-01
1.530221882172914938e-01
1.526717557251908441e-01
1.523229246001523429e-01
1.519756838905775009e-01
1.516300227445034066e-01
1.512859304084720191e-01
1.509433962264150886e-01
1.506024096385542299e-01
1.502629601803155690e-01
1.499250374812593767e-01
1.495886312640239413e-01
1.492537313432835688e-01
1.489203276247207663e-01
1.485884101040118865e-01
1.482579688658265393e-01
1.479289940828402428e-01
1.476014760147601468e-01
1.472754050073637744e-01
1.469507714915503360e-01
1.466275659824047006e-01
1.463057790782735790e-01
1.459854014598540306e-01
1.456664238892935170e-01
1.453488372093023340e-01
1.450326323422770347e-01
1.447178002894355942e-01
1.444043321299638971e-01
1.440922190201729125e-01
1.437814521926671363e-01
1.434720229555236648e-01
1.431639226914817598e-01
1.428571428571428492e-01
