# d_l
0.000000000000000000e+00
6.499937343450211813e+01
1.314999078496831828e+02
1.994789615898117745e+02
2.689139283154507325e+02
3.397822569661331613e+02
4.120614710212444152e+02
4.857291870217670748e+02
5.607631323210266601e+02
6.371411620378265752e+02
7.148412751905981395e+02
7.938416299961713776e+02
8.741205583216104742e+02
9.556565792821789955e+02
1.038428411982796661e+03
1.122414987404510157e+03
1.207595459441229650e+03
1.293949215095585032e+03
1.381455883845894732e+03
1.470095346199236246e+03
1.559847741448212901e+03
1.650693474651303177e+03
1.742613222858816471e+03
1.835587940608131930e+03
1.929598864713511603e+03
2.024627518376903254e+03
2.120655714647232344e+03
2.217665559256390225e+03
2.315639452860698384e+03
2.414560092716952568e+03
2.514410473822322274e+03
2.615173889547405906e+03
2.716833931791487430e+03
2.819374490688845526e+03
2.922779753894478745e+03
3.027034205477090381e+03
3.132122624446550617e+03
3.238030082942344961e+03
3.344741944108750431e+03
3.452243859681611411e+03
3.560521767310725409e+03
3.669561887640959867e+03
3.779350721174192131e+03
3.889875044933279696e+03
4.001121908948246073e+03
4.113078632583906256e+03
4.225732800727140784e+03
4.339072259851114723e+03
4.453085113972704676e+03
4.567759720518537506e+03
4.683084686114012584e+03
4.799048862308884964e+03
4.915641341252055099e+03
5.032851451327358518e+03
5.150668752761350333e+03
5.269083033213296403e+03
5.388084303356795317e+03
5.507662792461785102e+03
5.627808943984902726e+03
5.748513411175646979e+03
5.869767052705041351e+03
5.991560928322921427e+03
6.113886294549504782e+03
6.236734600406261961e+03
6.360097483190625098e+03
6.483966764298657836e+03
6.608334445099319055e+03
6.733192702863552768e+03
6.858533886751031787e+03
6.984350513857039005e+03
7.110635265321663610e+03
7.237380982503108498e+03
7.364580663216640460e+03
7.492227458040490092e+03
7.620314666689718251e+03
7.748835734458778461e+03
7.877784248733452841e+03
8.007153935572493538e+03
8.136938656359124252e+03
8.267132404522608340e+03
8.397729302329580605e+03
8.528723597745050938e+03
8.660109661362685074e+03
8.791881983403834965e+03
8.924035170784818547e+03
9.056563944251794965e+03
9.189463135582407631e+03
9.322727684853500250e+03
9.456352637773976312e+03
9.590333143081857997e+03
9.724664450004640457e+03
9.859341905781888272e+03
9.994360953248971782e+03
1.012971712848103380e+04
1.026540605849586791e+04
1.040142345901476983e+04
1.053776513228015392e+04
1.067442696492875075e+04
1.081140492591931979e+04
1.094869506451368397e+04
1.108629350830986732e+04
1.122419646132630078e+04
1.136240020213584103e+04
1.150090108204847093e+04
1.163969552334165201e+04
1.177878001753700482e+04
1.191815112372238400e+04
1.205780546691814925e+04
1.219773973648655556e+04
1.233795068458319838e+04
1.247843512464947344e+04
1.261918992994494874e+04
1.276021203211868306e+04
1.290149841981849386e+04
1.304304613733709448e+04
1.318485228329423626e+04
1.332691400935387901e+04
1.346922851897538567e+04
1.361179306619796080e+04
1.375460495445731613e+04
1.389766153543375913e+04
1.404096020793087519e+04
1.418449841678387929e+04
1.432827365179692788e+04
1.447228344670854494e+04
1.461652537818437486e+04
1.476099706483655245e+04
1.490569616626894822e+04
1.505062038214748281e+04
1.519576745129499977e+04
1.534113515080981779e+04
1.548672129520738054e+04
1.563252373558444378e+04
1.577854035880501397e+04
1.592476908670753437e+04
1.607120787533270777e+04
1.621785471417135159e+04
1.636470762543173805e+04
1.651176466332588461e+04
1.665902391337423978e+04
1.680648349172826784e+04
1.695414154451041395e+04
1.710199624717098777e+04
1.725004580386144880e+04
1.739828844682368799e+04
1.754672243579478163e+04
1.769534605742690110e+04
1.784415762472181814e+04
1.799315547647968924e+04
1.814233797676170434e+04
1.829170351436617784e+04
1.844125050231775458e+04
1.859097737736932686e+04
1.874088259951633518e+04
1.889096465152309611e+04
1.904122203846081538e+04
1.919165328725700601e+04
1.934225694625589313e+04
1.949303158478966725e+04
1.964397579276009856e+04
1.979508818023041022e+04
1.994636737702695245e+04
2.009781203235054272e+04
2.024942081439718459e+04
2.040119240998780515e+04
2.055312552420692737e+04
2.070521888004989523e+04
2.085747121807851727e+04
2.100988129608481540e+04
2.116244788876273378e+04
2.131516978738757825e+04
2.146804579950289917e+04
2.162107474861475566e+04
2.177425547389304484e+04
2.192758682987976863e+04
2.208106768620402727e+04
2.223469692730356837e+04
2.238847345215275709e+04
2.254239617399669078e+04
2.269646402009143276e+04
2.285067593145008868e+04
2.300503086259467091e+04
2.315952778131347804e+04
2.331416566842398242e+04
2.346894351754098170e+04
2.362386033484993459e+04
2.377891513888529516e+04
2.393410696031376938e+04
2.408943484172234093e+04
2.424489783741092106e+04
2.440049501318959301e+04
2.455622544618017491e+04
2.471208822462219541e+04
2.486808244768297300e+04
2.502420722527181351e+04
2.518046167785823491e+04
2.533684493629399003e+04
2.549335614163895661e+04
2.564999444499067249e+04
2.580675900731750517e+04
2.596364899929528110e+04
2.612066360114738927e+04
2.627780200248821711e+04
2.643506340216982062e+04
2.659244700813175587e+04
2.674995203725406827e+04
2.690757771521331597e+04
2.706532327634139801e+04
2.722318796348743854e+04
2.738117102788240300e+04
2.753927172900645019e+04
2.769748933445894727e+04
2.785582311983116597e+04
2.801427236858145625e+04
2.817283637191290836e+04
2.833151442865353238e+04
2.849030584513869690e+04
2.864920993509595428e+04
2.880822601953211779e+04
2.896735342662253242e+04
2.912659149160251036e+04
2.928593955666087277e+04
2.944539697083557621e+04
2.960496308991127808e+04
2.976463727631897200e+04
2.992441889903746778e+04
3.008430733349672300e+04
3.024430196148312461e+04
3.040440217104645126e+04
3.056460735640861458e+04
3.072491691787410673e+04
3.088533026174224142e+04
3.104584680022077737e+04
3.120646595134136442e+04
3.136718713887651757e+04
3.152800979225798437e+04
3.168893334649675671e+04
3.184995724210449407e+04
3.201108092501636202e+04
3.217230384651525674e+04
3.233362546315745203e+04
3.249504523669954506e+04
3.265656263402669720e+04
3.281817712708218460e+04
3.297988819279824384e+04
3.314169531302797986e+04
3.330359797447871824e+04
3.346559566864631779e+04
3.362768789175072743e+04
3.378987414467268536e+04
3.395215393289148778e+04
3.411452676642377628e+04
3.427699215976354753e+04
3.443954963182302163e+04
3.460219870587458718e+04
3.476493890949377237e+04
3.492776977450319828e+04
3.509069083691733249e+04
3.525370163688835601e+04
3.541680171865290322e+04
3.557999063047957316e+04
3.574326792461742298e+04
3.590663315724537097e+04
3.607008588842230529e+04
3.623362568203804403e+04
3.639725210576522659e+04
3.656096473101183801e+04
3.672476313287457015e+04
3.688864689009299036e+04
3.705261558500439423e+04
3.721666880349934945e+04
3.738080613497806917e+04
3.754502717230743292e+04
3.770933151177859691e+04
3.787371875306547736e+04
3.803818849918372871e+04
3.820274035645039839e+04
3.836737393444431655e+04
3.853208884596696589e+04
3.869688470700408652e+04
3.886176113668778999e+04
3.902671775725930638e+04
3.919175419403230626e+04
3.935687007535681914e+04
3.952206503258356679e+04
3.968733870002906042e+04
3.985269071494105447e+04
4.001812071746458241e+04
4.018362835060856014e+04
4.034921326021276764e+04
4.051487509491550736e+04
4.068061350612158276e+04
4.084642814797078609e+04
4.101231867730699014e+04
4.117828475364751648e+04
4.134432603915305663e+04
4.151044219859803707e+04
4.167663289934139902e+04
4.184289781129777839e+04
4.200923660690916586e+04
4.217564896111695998e+04
4.234213455133436946e+04
4.250869305741930293e+04
4.267532416164758615e+04
4.284202754868659395e+04
4.300880290556926047e+04
4.317564992166838783e+04
4.334256828867147124e+04
4.350955770055572793e+04
4.367661785356356268e+04
4.384374844617832423e+04
4.401094917952595279e+04
4.417821975675510475e+04
4.434555988225167675e+04
4.451296926322752552e+04
4.468044760901935661e+04
4.484799463106655458e+04
4.501561004288914410e+04
4.518329356006620947e+04
4.535104490021450329e+04
4.551886378296734620e+04
4.568674992995391221e+04
4.585470306477870326e+04
4.602272291300129291e+04
4.619080920211642660e+04
4.635896166153432569e+04
4.652718002256120963e+04
4.669546401838024030e+04
4.686381338403250993e+04
4.703222785639845097e+04
4.720070717417940614e+04
4.736925107787941670e+04
4.753785930978738179e+04
4.770653161395928328e+04
4.787526773620072345e+04
4.804406742404973920e+04
4.821293042675974721e+04
4.838185649528272188e+04
4.855084538225267170e+04
4.871989684196925373e+04
4.888901063038157008e+04
4.905818650507226994e+04
4.922742422524176800e+04
4.939672355169269576e+04
4.956608424681459292e+04
4.973550607456864964e+04
4.990498880047282728e+04
5.007453219158705178e+04
5.024413601649857446e+04
5.041380004530758742e+04
5.058352404961300635e+04
5.075330780249835516e+04
5.092315107851790526e+04
5.109305365368298226e+04
5.126301530544834532e+04
5.143303581269889401e+04
5.160311495573635329e+04
5.177325251626628597e+04
5.194344827738516324e+04
5.211370202356758818e+04
5.228401354065375926e+04
5.245438261583698477e+04
5.262480903765138646e+04
5.279529259595979966e+04
5.296583308194173151e+04
5.313643028808149393e+04
5.330708400815652567e+04
5.347779403722575080e+04
5.364856017161819182e+04
5.381938220892165555e+04
5.399025994797149178e+04
5.416119318883960659e+04
5.433218173282355565e+04
5.450322538243567396e+04
5.467432394139248936e+04
5.484547721460413595e+04
5.501668500816392043e+04
5.518794712933807023e+04
5.535926338655548898e+04
5.553063358939770114e+04
5.570205754858894943e+04
5.587353507598627039e+04
5.604506598456981737e+04
5.621665008843324904e+04
5.638828720277413959e+04
5.655997714388467284e+04
5.673171972914227808e+04
5.690351477700043324e+04
5.707536210697959905e+04
5.724726153965821868e+04
5.741921289666380471e+04
5.759121600066417886e+04
5.776327067535870447e+04
5.793537674546975177e+04
5.810753403673417051e+04
5.827974237589484983e+04
5.845200159069241636e+04
5.862431150985700515e+04
5.879667196310005238e+04
5.896908278110634274e+04
5.914154379552597675e+04
