# d_v
0.000000000000000000e+00
6.397099374939048744e+01
1.273964546452066600e+02
1.902691995959652047e+02
2.525825467886223805e+02
3.143303168831008065e+02
3.755068326501738625e+02
4.361069171205951989e+02
4.961258903188615363e+02
5.555595646595444350e+02
6.144042390878565811e+02
6.726566920489577797e+02
7.303141733725439053e+02
7.873743951605230222e+02
8.438355217660711105e+02
8.996961589522045415e+02
9.549553423171583972e+02
1.009612525072495600e+03
1.063667565257913793e+03
1.117120712474361881e+03
1.169972594214282935e+03
1.222224201864650468e+03
1.273876876455083675e+03
1.324932294219627011e+03
1.375392452036996701e+03
1.425259652810088255e+03
1.474536490841521754e+03
1.523225837257892863e+03
1.571330825531299524e+03
1.618854837142647739e+03
1.665801487427229404e+03
1.712174611639149134e+03
1.757978251267339601e+03
1.803216640632252620e+03
1.847894193788752773e+03
1.892015491757364316e+03
1.935585270102815457e+03
1.978608406875782975e+03
2.021089910930892756e+03
2.063034910631352886e+03
2.104448642948110319e+03
2.145336442959143369e+03
2.185703733752335665e+03
2.225556016733476099e+03
2.264898862339144216e+03
2.303737901152620452e+03
2.342078815419542480e+03
2.379927330958716084e+03
2.417289209462353938e+03
2.454170241179005643e+03
2.490576237971552928e+03
2.526513026741904923e+03
2.561986443213366329e+03
2.597002326061114218e+03
2.631566511380789052e+03
2.665684827484830294e+03
2.699363090015942362e+03
2.732607097366853395e+03
2.765422626395415591e+03
2.797815428424033144e+03
2.829791225512376968e+03
2.861355706992384967e+03
2.892514526254647535e+03
2.923273297775365336e+03
2.953637594373246884e+03
2.983612944685879029e+03
3.013204830855322143e+03
3.042418686412901479e+03
3.071259894353426716e+03
3.099733785389310015e+03
3.127845636375363938e+03
3.155600668895300714e+03
3.183004048001285810e+03
3.210060881098149821e+03
3.236776216964216474e+03
3.263155044900937810e+03
3.289202294003886891e+03
3.314922832547914822e+03
3.340321467479581315e+03
3.365402944010289048e+03
3.390171945303771281e+03
3.414633092251947346e+03
3.438790943333351606e+03
3.462649994548674385e+03
3.486214679428168893e+03
3.509489369105961487e+03
3.532478372456520901e+03
3.555185936288805806e+03
3.577616245593819713e+03
3.599773423841530985e+03
3.621661533323330332e+03
3.643284575536401462e+03
3.664646491606570180e+03
3.685751162746408681e+03
3.706602410745517773e+03
3.727203998490121194e+03
3.747559630509241742e+03
3.767672953544909433e+03
3.787547557143981976e+03
3.807186974269326583e+03
3.826594681928228056e+03
3.845774101816033181e+03
3.864728600973154244e+03
3.883461492453688152e+03
3.901976036004007710e+03
3.920275438749782552e+03
3.938362855890016363e+03
3.956241391396748895e+03
3.973914098719181311e+03
3.991383981491075247e+03
4.008653994240329212e+03
4.025727043099749153e+03
4.042605986518078680e+03
4.059293635970419928e+03
4.075792756667268804e+03
4.092106068261411110e+03
4.108236245552016953e+03
4.124185919185302737e+03
4.139957676351196824e+03
4.155554061475472736e+03
4.170977576906885588e+03
4.186230683598868382e+03
4.201315801785385702e+03
4.216235311650602853e+03
4.230991553992025729e+03
4.245586830876833119e+03
4.260023406291136780e+03
4.274303506781934630e+03
4.288429322091558788e+03
4.302403005784423840e+03
4.316226675865942525e+03
4.329902415393436968e+03
4.343432273078977232e+03
4.356818263884003500e+03
4.370062369605692766e+03
4.383166539454982740e+03
4.396132690626217482e+03
4.408962708858379301e+03
4.421658448987891461e+03
4.434221735492970765e+03
4.446654363029557317e+03
4.458958096958801434e+03
4.471134673866178673e+03
4.483185802072204751e+03
4.495113162134851336e+03
4.506918407343661784e+03
4.518603164205655958e+03
4.530169032923055056e+03
4.541617587862916480e+03
4.552950378018739684e+03
4.564168927464110311e+03
4.575274735798476286e+03
4.586269278585132270e+03
4.597154007781499786e+03
4.607930352161787596e+03
4.618599717732134195e+03
4.629163488138323373e+03
4.639623025066151058e+03
4.649979668634580776e+03
4.660234737781744116e+03
4.670389530643918079e+03
4.680445324927556612e+03
4.690403378274500028e+03
4.700264928620456885e+03
4.710031194546843835e+03
4.719703375626124398e+03
4.729282652760709425e+03
4.738770188515556583e+03
4.748167127444540711e+03
4.757474596410729646e+03
4.766693704900643752e+03
4.775825545332605543e+03
4.784871193359288554e+03
4.793831708164569136e+03
4.802708132754758481e+03
4.811501494244334026e+03
4.820212804136267550e+03
4.828843058597035451e+03
4.837393238726418531e+03
4.845864310822176776e+03
4.854257226639694636e+03
4.862572923646705931e+03
4.870812325273155693e+03
4.878976341156328999e+03
4.887065867381297721e+03
4.895081786716811621e+03
4.903024968846681986e+03
4.910896270596772410e+03
4.918696536157665832e+03
4.926426597303094240e+03
4.934087273604218353e+03
4.941679372639817302e+03
4.949203690202503822e+03
4.956661010500997691e+03
4.964052106358572928e+03
4.971377739407729678e+03
4.978638660281168086e+03
4.985835608799155125e+03
4.992969314153324376e+03
5.000040495087001545e+03
5.007049860072122101e+03
5.013998107482798332e+03
5.020885925765612228e+03
5.027713993606687836e+03
5.034482980095624043e+03
5.041193544886331438e+03
5.047846338354846011e+03
5.054442001754182456e+03
5.060981167366267073e+03
5.067464458651038512e+03
5.073892490392745458e+03
5.080265868843513090e+03
5.086585191864221997e+03
5.092851049062768652e+03
5.099064021929743831e+03
5.105224683971583545e+03
5.111333600841256157e+03
5.117391330466517502e+03
5.123398423175792232e+03
5.129355421821729578e+03
5.135262861902469012e+03
5.141121271680684004e+03
5.146931172300416620e+03
5.152693077901782999e+03
5.158407495733554242e+03
5.164074926263690941e+03
5.169695863287847715e+03
5.175270794035897779e+03
5.180800199276514832e+03
5.186284553419847725e+03
5.191724324618345236e+03
5.197119974865727272e+03
5.202471960094187125e+03
5.207780730269824744e+03
5.213046729486359254e+03
5.218270396057156177e+03
5.223452162605601188e+03
5.228592456153848616e+03
5.233691698209985589e+03
5.238750304853635498e+03
5.243768686820025323e+03
5.248747249582575932e+03
5.253686393434004458e+03
5.258586513565996029e+03
5.263448000147467610e+03
5.268271238401443952e+03
5.273056608680578393e+03
5.277804486541341248e+03
5.282515242816915816e+03
5.287189243688801071e+03
5.291826850757171087e+03
5.296428421110002091e+03
5.300994307390998074e+03
5.305524857866325874e+03
5.310020416490200660e+03
5.314481322969335451e+03
5.318907912826266511e+03
5.323300517461595518e+03
5.327659464215155822e+03
5.331985076426127307e+03
5.336277673492121721e+03
5.340537570927254819e+03
5.344765080419229889e+03
5.348960509885442661e+03
5.353124163528137615e+03
5.357256341888624775e+03
5.361357341900581559e+03
5.365427456942445133e+03
5.369466976888935278e+03
5.373476188161692335e+03
5.377455373779081128e+03
5.381404813405147252e+03
5.385324783397765714e+03
5.389215556855973773e+03
5.393077403666526152e+03
5.396910590549669905e+03
5.400715381104162589e+03
5.404492035851542823e+03
5.408240812279676902e+03
5.411961964885575071e+03
5.415655745217516596e+03
5.419322401916476338e+03
5.422962180756871021e+03
5.426575324686651584e+03
5.430162073866721585e+03
5.433722665709738976e+03
5.437257334918264860e+03
5.440766313522306518e+03
5.444249830916254723e+03
5.447708113895217139e+03
5.451141386690774198e+03
5.454549871006156536e+03
5.457933786050861272e+03
5.461293348574708943e+03
5.464628772901364755e+03
5.467940270961322312e+03
5.471228052324362579e+03
5.474492324231496241e+03
5.477733291626406753e+03
5.480951157186388627e+03
5.484146121352810042e+03
5.487318382361081603e+03
5.490468136270167633e+03
5.493595576991628150e+03
5.496700896318209743e+03
5.499784283951995349e+03
5.502845927532102905e+03
5.505886012661969289e+03
5.508904722936204053e+03
5.511902239967025707e+03
5.514878743410299649e+03
5.517834451061348773e+03
5.520769458715501059e+03
5.523683980265236642e+03
5.526578187793413235e+03
5.529452251550823348e+03
5.532306339979921177e+03
5.535140619738201167e+03
5.537955255721205504e+03
5.540750411085202359e+03
5.543526247269499436e+03
5.546282924018444646e+03
5.549020599403080269e+03
5.551739429842480604e+03
5.554439570124763122e+03
5.557121173427791291e+03
5.559784391339569083e+03
5.562429373878329898e+03
5.565056269512323524e+03
5.567665225179326626e+03
5.570256386305837623e+03
5.572829896826014192e+03
5.575385899200320637e+03
5.577924534433896042e+03
5.580445942094670500e+03
5.582950260331193931e+03
5.585437625890229356e+03
5.587908174134066030e+03
5.590362039057599759e+03
5.592799353305154000e+03
5.595220248187065408e+03
5.597624853696022910e+03
5.600013298523178491e+03
5.602385710074018789e+03
5.604742214484015676e+03
5.607082936634045836e+03
5.609408000165604790e+03
5.611717527495780814e+03
5.614011639832029687e+03
5.616290457186752064e+03
5.618554098391634398e+03
5.620802681111809761e+03
5.623036321859817690e+03
5.625255136009348462e+03
5.627459237808827311e+03
5.629648740394770357e+03
5.631823755804981374e+03
5.633984394991555746e+03
5.636130767833698883e+03
5.638262983150370928e+03
5.640381148712759568e+03
5.642485371256566395e+03
5.644575756494140478e+03
5.646652409126433668e+03
5.648715432854794017e+03
5.650764930392599126e+03
5.652801003476727601e+03
5.654823752878874984e+03
5.656833278416709618e+03
5.658829678964891173e+03
5.660813052465921828e+03
5.662783495940857392e+03
5.664741105499883815e+03
5.666685976352729085e+03
5.668618202818950522e+03
5.670537878338084738e+03
5.672445095479646625e+03
5.674339945953011920e+03
5.676222520617157898e+03
5.678092909490269449e+03
5.679951201759228752e+03
5.681797485788974882e+03
5.683631849131730633e+03
5.685454378536118384e+03
5.687265159956150455e+03
5.689064278560100320e+03
5.690851818739259215e+03
5.692627864116575438e+03
5.694392497555179034e+03
5.696145801166804631e+03
5.697887856320088758e+03
5.699618743648768941e+03
5.701338543059777294e+03
5.703047333741224065e+03
5.704745194170276591e+03
5.706432202120943657e+03
5.708108434671754367e+03
5.709773968213333319e+03
5.711428878455889389e+03
5.713073240436602646e+03
5.714707128526911220e+03
