# hsc_theory
8.416396436263327079e-06
6.849747730812080093e-06
5.598886890350782143e-06
4.603188740857278290e-06
3.803389869367882364e-06
3.149160061907806423e-06
2.602485124181759612e-06
2.137148045958676070e-06
1.736530519570466608e-06
1.279057924438003539e-05
1.047793014176713746e-05
8.632912285417620654e-06
7.149797758244636931e-06
5.936719025461934641e-06
4.922712647851908607e-06
4.058396011941558443e-06
3.311872975238630689e-06
2.664282541088522286e-06
1.546397036851356684e-05
1.271291954413647610e-05
1.050118454957585376e-05
8.704467714112041954e-06
7.218496718873344078e-06
5.964991112761798149e-06
4.890857806555603305e-06
3.962314162680721071e-06
3.159559550223215005e-06
1.690347392938749534e-05
1.391603127037719772e-05
1.150257256508264596e-05
9.531136102496959300e-06
7.892442964987215651e-06
6.505331971949840124e-06
5.315274797488008410e-06
4.287646926065398152e-06
3.402029087194839549e-06
2.361540464453987381e-05
1.956473075660429388e-05
1.628846200688283154e-05
1.358546628119122422e-05
1.130491322171145469e-05
9.343644873943334912e-06
7.637336311372849320e-06
6.147767630510504565e-06
4.854488684935942494e-06
3.068664506431616884e-05
2.553821926241501598e-05
2.132185092139968530e-05
1.779355675499816038e-05
1.477885840327025016e-05
1.216317594067942825e-05
9.878006516921062399e-06
7.883729988128784951e-06
6.159737126092484851e-06
3.394698199345011394e-05
2.829143476139821568e-05
2.363836315052001054e-05
1.972561273352200015e-05
1.636878874822706427e-05
1.344860546509073173e-05
1.089490887835880219e-05
8.667497116246382976e-06
6.745598436067377332e-06
4.460024651857631093e-05
3.731350792646287939e-05
3.121488577842328926e-05
2.600590614306880221e-05
2.148583578764329239e-05
1.752996424708152130e-05
1.406838479113944560e-05
1.106152834510457438e-05
8.488545587626874266e-06
5.198745687450802912e-05
4.355509482223443417e-05
3.643892471247664076e-05
3.031813662009291078e-05
2.498201359853516584e-05
2.030266239143252644e-05
1.621042965105929732e-05
1.266583263564426495e-05
9.647243578657280669e-06
6.253925629085077076e-05
5.245867558775096944e-05
4.386571840785057731e-05
3.641664703181432864e-05
2.989209960364190444e-05
2.416284396998039899e-05
1.916108693141051065e-05
1.484762859553286463e-05
1.119888526374529334e-05
1.650764750379315507e-06
1.357690738417703293e-06
1.118009795980813531e-06
9.260093025907086815e-07
7.734467519104535340e-07
6.515997187738942670e-07
5.525734831941005241e-07
4.702635587280186966e-07
2.496844638860191921e-06
2.059260958077170590e-06
1.707967101258446884e-06
1.428917749477955387e-06
1.206529366621177986e-06
1.026507024585901268e-06
8.769232159759770467e-07
7.488490400956713627e-07
3.004117422006764460e-06
2.490972581945132825e-06
2.078698260377166129e-06
1.749043657756980191e-06
1.483119873982065482e-06
1.264417068508379217e-06
1.079586945072627123e-06
9.185754026521424259e-07
3.276676493010742145e-06
2.725544342755859287e-06
2.281545680024826739e-06
1.924552932969009192e-06
1.634316127360207238e-06
1.393508403940488176e-06
1.188431729578783258e-06
1.007518844508308760e-06
4.549409105550925801e-06
3.791703777182118107e-06
3.190766833178336305e-06
2.711484597469793832e-06
2.321636393641041437e-06
1.995175607222837959e-06
1.712553861538812000e-06
1.460811772034158706e-06
5.866989520380377934e-06
4.925065765707744181e-06
4.175505510840791966e-06
3.571254665974838137e-06
3.071364853745291820e-06
2.644248947589453850e-06
2.267397903824461429e-06
1.927029005047799348e-06
6.474111837747682800e-06
5.448922326972795666e-06
4.631477601246092715e-06
3.969492116713120060e-06
3.418263591305347451e-06
2.943898085901690745e-06
2.522771107919921955e-06
2.140406397448843281e-06
8.435327391672738437e-06
7.166169621532044172e-06
6.141938367973100631e-06
5.295937032469291888e-06
4.574054701250352306e-06
3.937682900622981533e-06
3.362260292942750145e-06
2.833883709003511557e-06
9.800051384230716768e-06
8.363769468131267308e-06
7.195590612513917353e-06
6.219749670991163974e-06
5.376482752462586936e-06
4.624662852815372851e-06
3.939939502432382051e-06
3.305597534908886583e-06
1.175054342595192174e-05
1.008468471752429785e-05
8.713657480852879194e-06
7.550545922619208502e-06
6.529309192043451725e-06
5.606836926966615952e-06
4.760894716392811018e-06
3.966011851335330729e-06
