# d_a
0.000000000000000000e+00
4.231448017581625720e+01
8.362220413742780067e+01
1.239512751905770216e+02
1.633287661672359832e+02
2.017807685686377965e+02
2.393324388709956736e+02
2.760080421808855249e+02
3.118309934135328945e+02
3.468238961545698089e+02
3.810085793542532429e+02
4.144061319924203985e+02
4.470369358426550548e+02
4.789206964550829753e+02
5.100764724688601746e+02
5.405227033577302791e+02
5.702772357049309448e+02
5.993573480971326717e+02
6.277797747210647685e+02
6.555607277408313394e+02
6.827159185287384844e+02
7.092605778176331341e+02
7.352094748382781972e+02
7.605769355011541393e+02
7.853768596782191480e+02
8.096227376365966393e+02
8.333276656728174885e+02
8.565043609931766468e+02
8.791651758828705852e+02
9.013221112039091167e+02
9.229868292592975649e+02
9.441706660586708040e+02
9.648846430183750726e+02
9.851394781269807481e+02
1.004945596605316496e+03
1.024313141088354541e+03
1.043251981354623695e+03
1.061771723627286292e+03
1.079881719469578002e+03
1.097591074295964063e+03
1.114908655519085187e+03
1.131843100351422663e+03
1.148402823279457834e+03
1.164596023227115666e+03
1.180430690424262821e+03
1.195914612995159359e+03
1.211055383280893011e+03
1.225860403909011666e+03
1.240336893622848947e+03
1.254491892882302409e+03
1.268332269247181330e+03
1.281864722553606725e+03
1.295095789893377741e+03
1.308031850405647674e+03
1.320679129889758087e+03
1.333043705247585876e+03
1.345131508763296779e+03
1.356948332227981837e+03
1.368499830916244719e+03
1.379791527421416731e+03
1.390828815355752340e+03
1.401616962921572622e+03
1.412161116359060770e+03
1.422466303276070903e+03
1.432537435865062889e+03
1.442379314011990118e+03
1.451996628301730198e+03
1.461393962924409834e+03
1.470575798486754138e+03
1.479546514732376863e+03
1.488310393174743922e+03
1.496871619646339923e+03
1.505234286767409912e+03
1.513402396337465007e+03
1.521379861652600539e+03
1.529170509751514601e+03
1.536778083592991607e+03
1.544206244167463410e+03
1.551458572545150673e+03
1.558538571863171683e+03
1.565449669253878938e+03
1.572195217716599245e+03
1.578778497934833922e+03
1.585202720040895201e+03
1.591471025329866961e+03
1.597586487924677613e+03
1.603552116394007953e+03
1.609370855324688364e+03
1.615045586850132395e+03
1.620579132136339467e+03
1.625974252826881639e+03
1.631233652448265047e+03
1.636359977776985488e+03
1.641355820169536855e+03
1.646223716856592091e+03
1.650966152202518742e+03
1.655585558931337573e+03
1.660084319320207896e+03
1.664464766361456441e+03
1.668729184894149284e+03
1.672879812706139546e+03
1.676918841607526929e+03
1.680848418476382903e+03
1.684670646277601463e+03
1.688387585055684895e+03
1.692001252902240594e+03
1.695513626898952680e+03
1.698926644036743937e+03
1.702242202111834786e+03
1.705462160599371146e+03
1.708588341505272410e+03
1.711622530196922980e+03
1.714566476213321721e+03
1.717421894055262783e+03
1.720190463956122358e+03
1.722873832633789561e+03
1.725473614024270773e+03
1.727991389997478564e+03
1.730428711055693157e+03
1.732787097015177324e+03
1.735068037671400589e+03
1.737272993448320904e+03
1.739403396032156934e+03
1.741460648990063191e+03
1.743446128374117507e+03
1.745361183311009654e+03
1.747207136577809479e+03
1.748985285164187871e+03
1.750696900821438931e+03
1.752343230598655055e+03
1.753925497366386480e+03
1.755444900328112681e+03
1.756902615519838037e+03
1.758299796298121237e+03
1.759637573816831036e+03
1.760917057492919184e+03
1.762139335461490873e+03
1.763305475020441918e+03
1.764416523064927560e+03
1.765473506511919368e+03
1.766477432715098985e+03
1.767429289870330877e+03
1.768330047411948044e+03
1.769180656400080352e+03
1.769982049899246931e+03
1.770735143348428892e+03
1.771440834922832437e+03
1.772100005887545194e+03
1.772713520943286085e+03
1.773282228564442676e+03
1.773806961329579281e+03
1.774288536244605893e+03
1.774727755058777802e+03
1.775125404573706874e+03
1.775482256945547761e+03
1.775799069980524564e+03
1.776076587423958472e+03
1.776315539242951445e+03
1.776516641902876700e+03
1.776680598637824460e+03
1.776808099715147137e+03
1.776899822694240811e+03
1.776956432679704221e+03
1.776978582569002128e+03
1.776966913294768574e+03
1.776922054061869858e+03
1.776844622579356610e+03
1.776735225287417279e+03
1.776594457579457639e+03
1.776422904019411135e+03
1.776221138554401250e+03
1.775989724722853225e+03
1.775729215858167208e+03
1.775440155288054257e+03
1.775123076529635227e+03
1.774778503480397148e+03
1.774406950605105067e+03
1.774008923118765551e+03
1.773584917165722345e+03
1.773135419994983749e+03
1.772660910131859282e+03
1.772161857545993826e+03
1.771638723815882713e+03
1.771091962289938920e+03
1.770522018244203309e+03
1.769929329036762965e+03
1.769314324258956049e+03
1.768677425883438218e+03
1.768019048409174502e+03
1.767339599003432340e+03
1.766639477640839914e+03
1.765919077239573653e+03
1.765178783794742913e+03
1.764418976509030927e+03
1.763640027920655484e+03
1.762842304028708213e+03
1.762026164415928406e+03
1.761191962368970735e+03
1.760340044996223241e+03
1.759470753343225624e+03
1.758584422505743532e+03
1.757681381740549114e+03
1.756761954573961702e+03
1.755826458908190943e+03
1.754875207125537372e+03
1.753908506190491607e+03
1.752926657749783999e+03
1.751929958230421562e+03
1.750918698935764269e+03
1.749893166139677078e+03
1.748853641178801581e+03
1.747800400542989109e+03
1.746733715963932127e+03
1.745653854502036893e+03
1.744561078631568535e+03
1.743455646324115605e+03
1.742337811130397768e+03
1.741207822260466401e+03
1.740065924662316320e+03
1.738912359098959087e+03
1.737747362223976097e+03
1.736571166655595334e+03
1.735384001049314065e+03
1.734186090169105455e+03
1.732977654957235245e+03
1.731758912602716464e+03
1.730530076608436502e+03
1.729291356856978837e+03
1.728042959675168959e+03
1.726785087897374751e+03
1.725517940927578593e+03
1.724241714800258023e+03
1.722956602240090660e+03
1.721662792720513380e+03
1.720360472521156680e+03
1.719049824784180373e+03
1.717731029569529255e+03
1.716404263909136716e+03
1.715069701860092891e+03
1.713727514556801680e+03
1.712377870262147098e+03
1.711020934417687613e+03
1.709656869692902092e+03
1.708285836033502392e+03
1.706907990708835769e+03
1.705523488358392342e+03
1.704132481037439220e+03
1.702735118261794923e+03
1.701331547051766620e+03
1.699921911975263129e+03
1.698506355190102340e+03
1.697085016485529422e+03
1.695658033322960819e+03
1.694225540875969955e+03
1.692787672069531027e+03
1.691344557618534509e+03
1.689896326065588937e+03
1.688443103818127383e+03
1.686985015184822259e+03
1.685522182411336871e+03
1.684054725715413042e+03
1.682582763321319362e+03
1.681106411493662108e+03
1.679625784570582937e+03
1.678140994996344716e+03
1.676652153353325957e+03
1.675159368393430896e+03
1.673662747068928184e+03
1.672162394562729560e+03
1.670658414318117366e+03
1.669150908067939326e+03
1.667639975863267637e+03
1.666125716101546686e+03
1.664608225554231922e+03
1.663087599393929850e+03
1.661563931221050552e+03
1.660037313089985446e+03
1.658507835534811193e+03
1.656975587594537274e+03
1.655440656837900860e+03
1.653903129387721492e+03
1.652363089944820103e+03
1.650820621811513774e+03
1.649275806914694385e+03
1.647728725828496181e+03
1.646179457796564748e+03
1.644628080753930135e+03
1.643074671348496395e+03
1.641519304962149818e+03
1.639962055731499277e+03
1.638402996568249137e+03
1.636842199179218369e+03
1.635279734086004964e+03
1.633715670644309739e+03
1.632150077062922719e+03
1.630583020422376421e+03
1.629014566693276947e+03
1.627444780754314479e+03
1.625873726409962728e+03
1.624301466407870748e+03
1.622728062455955069e+03
1.621153575239194197e+03
1.619578064436136401e+03
1.618001588735120549e+03
1.616424205850220233e+03
1.614845972536911177e+03
1.613266944607473306e+03
1.611687176946125874e+03
1.610106723523906339e+03
1.608525637413293452e+03
1.606943970802581816e+03
1.605361775010011570e+03
1.603779100497657282e+03
1.602195996885081968e+03
1.600612512962758728e+03
1.599028696705265929e+03
1.597444595284258639e+03
1.595860255081220885e+03
1.594275721700004851e+03
1.592691039979155448e+03
1.591106254004031143e+03
1.589521407118719935e+03
1.587936541937754100e+03
1.586351700357632353e+03
1.584766923568145330e+03
1.583182252063514397e+03
1.581597725653345606e+03
1.580013383473397653e+03
1.578429263996174541e+03
1.576845405041341792e+03
1.575261843785965311e+03
1.573678616774589500e+03
1.572095759929139376e+03
1.570513308558665813e+03
1.568931297368926380e+03
1.567349760471810669e+03
1.565768731394609404e+03
1.564188243089130765e+03
1.562608327940668687e+03
1.561029017776823139e+03
1.559450343876175793e+03
1.557872336976825636e+03
1.556295027284783373e+03
1.554718444482230325e+03
1.553142617735641807e+03
1.551567575703779767e+03
1.549993346545554914e+03
1.548419957927760379e+03
1.546847437032683047e+03
1.545275810565587790e+03
1.543705104762085284e+03
1.542135345395377044e+03
1.540566557783385861e+03
1.538998766795771417e+03
1.537431996860832669e+03
1.535866271972299273e+03
1.534301615696014778e+03
1.532738051176512272e+03
1.531175601143485665e+03
1.529614287918155924e+03
1.528054133419538630e+03
1.526495159170608758e+03
1.524937386304368601e+03
1.523380835569820192e+03
1.521825527337841095e+03
1.520271481606968791e+03
1.518718718009091390e+03
1.517167255815051021e+03
1.515617113940156287e+03
1.514068310949609668e+03
1.512520865063846713e+03
1.510974794163795877e+03
1.509430115796049677e+03
1.507886847177959226e+03
1.506345005202647371e+03
1.504804606443943158e+03
1.503265667161238525e+03
1.501728203304270664e+03
1.500192230517827738e+03
1.498657764146383670e+03
1.497124819238657210e+03
1.495593410552105070e+03
1.494063552557339335e+03
1.492535259442480765e+03
1.491008545117443418e+03
1.489483423218151074e+03
1.487959907110692029e+03
1.486438009895405457e+03
1.484917744410908654e+03
1.483399123238058337e+03
1.481882158703854429e+03
1.480366862885281762e+03
1.478853247613092435e+03
1.477341324475532019e+03
1.475831104822006864e+03
1.474322599766694339e+03
1.472815820192102365e+03
1.471310776752568472e+03
1.469807479877709511e+03
1.468305939775817023e+03
1.466806166437201455e+03
