# d_l
0.000000000000000000e+00
4.316500122735016731e+01
8.700054118457988750e+01
1.314999078496831544e+02
1.766563934864824716e+02
2.224632973469231843e+02
2.689139283154507893e+02
3.160016074928958574e+02
3.637196707175447727e+02
4.120614710212444720e+02
4.610203810186465034e+02
5.105897952278612593e+02
5.607631323210265464e+02
6.115338373034952610e+02
6.628953836205308789e+02
7.148412751905981395e+02
7.673650483645550366e+02
8.204602738101648356e+02
8.741205583216104742e+02
9.283395465537912514e+02
9.831109226813833857e+02
1.038428411982796661e+03
1.094285782349293186e+03
1.150676845719696075e+03
1.207595459441229877e+03
1.265035527557182149e+03
1.322991002022165048e+03
1.381455883845894505e+03
1.440424224166495151e+03
1.499890125254425357e+03
1.559847741448213128e+03
1.620291280023285026e+03
1.681215001995216880e+03
1.742613222858816471e+03
1.804480313264506549e+03
1.866810699633526383e+03
1.929598864713511603e+03
1.992839348076053966e+03
2.056526746557864044e+03
2.120655714647232799e+03
2.185220964817406639e+03
2.250217267808664019e+03
2.315639452860698839e+03
2.381482407897128269e+03
2.447741079663751407e+03
2.514410473822322729e+03
2.581485655001551095e+03
2.648961746806983228e+03
2.716833931791488340e+03
2.785097451387999627e+03
2.853747605806157935e+03
2.922779753894478745e+03
2.992189312969660023e+03
3.061971758614580722e+03
3.132122624446550162e+03
3.202637501857325333e+03
3.273512039726359490e+03
3.344741944108752705e+03
3.416322977899314083e+03
3.488250960474082603e+03
3.560521767310726773e+03
3.633131329589007692e+03
3.706075633772719812e+03
3.779350721174192586e+03
3.852952687502673598e+03
3.926877682397642729e+03
4.001121908948248347e+03
4.075681623199886417e+03
4.150553133649015763e+03
4.225732800727140784e+03
4.301217036275011196e+03
4.377002303007861883e+03
4.453085113972704676e+03
4.529462031998398743e+03
4.606129669139413636e+03
4.683084686114013493e+03
4.760323791737650936e+03
4.837843742352246409e+03
4.915641341252056009e+03
4.993713438106788089e+03
5.072056928382568003e+03
5.150668752761351243e+03
5.229545896559344328e+03
5.308685389144954570e+03
5.388084303356796227e+03
5.467739754922209613e+03
5.547648901876708806e+03
5.627808943984903635e+03
5.708217122163107888e+03
5.788870717904218509e+03
5.869767052705042261e+03
5.950903487496516391e+03
6.032277422077078882e+03
6.113886294549509330e+03
6.195727580761469653e+03
6.277798793750078403e+03
6.360097483190626008e+03
6.442621234849794746e+03
6.525367670043453472e+03
6.608334445099320874e+03
6.691519250824558185e+03
6.774919811978567850e+03
6.858533886751032696e+03
6.942359266245369326e+03
7.026393773967738525e+03
7.110635265321665429e+03
7.195081627108394969e+03
7.279730777033046252e+03
7.364580663216643188e+03
7.449629263714111403e+03
7.534874586038251437e+03
7.620314666689723708e+03
7.705947570693154375e+03
7.791771391139320258e+03
7.877784248733458298e+03
7.963984291349695013e+03
8.050369693591638679e+03
8.136938656359126981e+03
8.223689406421073727e+03
8.310620195994491951e+03
8.397729302329580605e+03
8.485015027300943984e+03
8.572475697004880203e+03
8.660109661362685074e+03
8.747915293729973200e+03
8.835890990511987184e+03
8.924035170784816728e+03
9.012346275922544010e+03
9.100822769230169797e+03
9.189463135582407631e+03
9.278265881068182352e+03
9.367229532640842081e+03
9.456352637773978131e+03
9.545633764122871071e+03
9.635071499191439216e+03
9.724664450004647733e+03
9.814411242786321964e+03
9.904310522642321303e+03
9.994360953248975420e+03
1.008456121654673552e+04
1.017491001243897335e+04
1.026540605849586973e+04
1.035604808966333258e+04
1.044683485797683170e+04
1.053776513228015574e+04
1.062883769794894579e+04
1.072005135661901295e+04
1.081140492591932161e+04
1.090289723920958750e+04
1.099452714532240316e+04
1.108629350830987096e+04
1.117819520719463981e+04
1.127023113572526381e+04
1.136240020213584285e+04
1.145470132890989589e+04
1.154713345254835986e+04
1.163969552334165564e+04
1.173238650514577239e+04
1.182520537516230979e+04
1.191815112372238946e+04
1.201122275407439520e+04
1.210441928217544046e+04
1.219773973648656283e+04
1.229118315777152930e+04
1.238474859889921936e+04
1.247843512464948435e+04
1.257224181152249730e+04
1.266616774755146798e+04
1.276021203211869397e+04
1.285437377577486041e+04
1.294865210006158668e+04
1.304304613733710721e+04
1.313755503060506271e+04
1.323217793334633825e+04
1.332691400935389174e+04
1.342176243257050373e+04
1.351672238692944666e+04
1.361179306619797717e+04
1.370697367382357152e+04
1.380226342278295306e+04
1.389766153543377550e+04
1.399316724336892366e+04
1.408877978727342816e+04
1.418449841678389203e+04
1.428032239035044586e+04
1.437625097510110754e+04
1.447228344670856131e+04
1.456841908925929238e+04
1.466465719512505530e+04
1.476099706483656701e+04
1.485743800695946629e+04
1.495397933797243604e+04
1.505062038214749373e+04
1.514736047143237556e+04
1.524419894533497609e+04
1.534113515080983416e+04
1.543816844214659795e+04
1.553529818086045088e+04
1.563252373558446016e+04
1.572984448196377343e+04
1.582725980255169270e+04
1.592476908670755256e+04
1.602237173049636112e+04
1.612006713659021261e+04
1.621785471417136614e+04
1.631573387883704527e+04
1.641370405250587646e+04
1.651176466332589916e+04
1.660991514558423296e+04
1.670815493961824905e+04
1.680648349172828603e+04
1.690490025409184091e+04
1.700340468467930259e+04
1.710199624717100232e+04
1.720067441087581392e+04
1.729943865065103455e+04
1.739828844682370254e+04
1.749722328511319938e+04
1.759624265655520867e+04
1.769534605742691565e+04
1.779453298917352004e+04
1.789380295833592027e+04
1.799315547647971107e+04
1.809259006012526152e+04
1.819210623067907727e+04
1.829170351436619239e+04
1.839138144216381988e+04
1.849113954973598811e+04
1.859097737736934141e+04
1.869089446990997385e+04
1.879089037670133621e+04
1.889096465152310702e+04
1.899111685253117321e+04
1.909134654219850199e+04
1.919165328725701329e+04
1.929203665864046343e+04
1.939249623142815472e+04
1.949303158478967816e+04
1.959364230193044204e+04
1.969432797003822270e+04
1.979508818023041749e+04
1.989592252750231637e+04
1.999683061067605740e+04
2.009781203235055364e+04
2.019886639885207842e+04
2.029999332018576752e+04
2.040119240998780879e+04
2.050246328547844678e+04
2.060380556741571490e+04
2.070521888004990615e+04
2.080670285107875316e+04
2.090825711160337232e+04
2.100988129608481177e+04
2.111157504230137783e+04
2.121333799130653642e+04
2.131516978738758553e+04
2.141707007802484804e+04
2.151903851385165035e+04
2.162107474861475566e+04
2.172317843913555043e+04
2.182534924527175463e+04
2.192758682987976499e+04
2.202989085877754405e+04
2.213226100070811299e+04
2.223469692730357201e+04
2.233719831304968466e+04
2.243976483525104413e+04
2.254239617399668714e+04
2.264509201212631160e+04
2.274785203519691640e+04
2.285067593145009232e+04
2.295356339177960035e+04
2.305651410969964491e+04
2.315952778131347441e+04
2.326260410528253851e+04
2.336574278279602368e+04
2.346894351754098170e+04
2.357220601567271660e+04
2.367552998578578990e+04
2.377891513888529153e+04
2.388236118835870002e+04
2.398586784994800109e+04
2.408943484172233366e+04
2.419306188405096327e+04
2.429674869957667397e+04
2.440049501318958210e+04
2.450430055200125571e+04
2.460816504531929604e+04
2.471208822462218814e+04
2.481606982353462081e+04
2.492010957780306853e+04
2.502420722527180988e+04
2.512836250585918606e+04
2.523257516153429970e+04
2.533684493629398639e+04
2.544117157614012831e+04
2.554555482905729150e+04
2.564999444499067613e+04
2.575449017582437591e+04
2.585904177535994677e+04
2.596364899929528110e+04
2.606831160520376216e+04
2.617302935251373128e+04
2.627780200248822439e+04
2.638262931820495578e+04
2.648751106453669854e+04
2.659244700813175223e+04
2.669743691739488349e+04
2.680248056246835404e+04
2.690757771521331233e+04
2.701272814919140001e+04
2.711793163964660926e+04
2.722318796348743126e+04
2.732849689926915380e+04
2.743385822717650808e+04
2.753927172900645019e+04
2.764473718815126995e+04
2.775025438958184168e+04
2.785582311983115869e+04
2.796144316697804607e+04
2.806711432063110988e+04
2.817283637191290472e+04
2.827860911344430860e+04
2.838443233932908697e+04
2.849030584513869326e+04
2.859622942789722947e+04
2.870220288606665054e+04
2.880822601953210687e+04
2.891429862958752346e+04
2.902042051892135714e+04
2.912659149160250672e+04
2.923281135306645956e+04
2.933907991010157275e+04
2.944539697083556894e+04
2.955176234472214855e+04
2.965817584252783126e+04
2.976463727631896109e+04
2.987114645944882432e+04
2.997770320654496390e+04
3.008430733349672300e+04
3.019095865744276671e+04
3.029765699675900396e+04
3.040440217104644398e+04
3.051119400111931827e+04
3.061803230899334085e+04
3.072491691787410309e+04
3.083184765214555955e+04
3.093882433735879749e+04
3.104584680022076645e+04
3.115291486858331336e+04
3.126002837143222860e+04
3.136718713887650665e+04
3.147439100213767961e+04
3.158163979353934701e+04
3.168893334649673852e+04
3.179627149550653849e+04
3.190365407613665957e+04
3.201108092501634383e+04
3.211855187982621646e+04
3.222606677928849604e+04
3.233362546315743384e+04
3.244122777220968783e+04
3.254887354823496571e+04
3.265656263402667537e+04
3.276429487337279352e+04
3.287207011104668345e+04
3.297988819279822928e+04
3.308774896534486470e+04
3.319565227636287455e+04
3.330359797447870369e+04
3.341158590926037868e+04
3.351961593120906764e+04
3.362768789175072015e+04
3.373580164322777273e+04
3.384395703889099968e+04
3.395215393289146596e+04
3.406039218027247261e+04
3.416867163696173520e+04
3.427699215976354026e+04
3.438535360635104007e+04
3.449375583525867114e+04
3.460219870587456535e+04
3.471068207843313576e+04
3.481920581400769152e+04
3.492776977450318373e+04
3.503637382264895132e+04
3.514501782199169247e+04
3.525370163688834873e+04
3.536242513249914191e+04
3.547118817478078563e+04
3.557999063047955133e+04
3.568883236712466169e+04
3.579771325302156038e+04
3.590663315724535641e+04
3.601559194963431946e+04
3.612458950078343332e+04
3.623362568203802948e+04
3.634270036548752978e+04
3.645181342395915271e+04
3.656096473101182346e+04
3.667015416093003296e+04
