# d_m
0.000000000000000000e+00
4.273762497757441992e+01
8.529464822017635584e+01
1.276698134462943415e+02
1.698619168139254327e+02
2.118698069970697020e+02
2.536923852032554123e+02
2.953286051335475122e+02
3.367774728866155556e+02
3.780380468084811127e+02
4.191094372896786240e+02
4.599908065115866975e+02
5.006813681437737387e+02
5.411803869942436904e+02
5.814871786145006354e+02
6.216011088613897755e+02
6.615215934177198278e+02
7.012480972736451577e+02
7.407801341708563996e+02
7.801172660115893223e+02
8.192591022344861358e+02
8.582052991593360503e+02
8.969555593026993847e+02
9.355096306664195254e+02
9.738673060009917890e+02
1.012028422045745742e+03
1.049992858747750006e+03
1.087760538461334363e+03
1.125331425130074422e+03
1.162705523453042815e+03
1.199882878037086812e+03
1.236863572536858783e+03
1.273647728784255150e+03
1.310235505908884534e+03
1.346627099451124195e+03
1.382822740469278870e+03
1.418822694642288070e+03
1.454627261369382268e+03
1.490236772868017624e+03
1.525651593271390084e+03
1.560872117726719125e+03
1.595898771495506026e+03
1.630732009056830066e+03
1.665372313214775431e+03
1.699820194210938553e+03
1.734076188842981082e+03
1.768140859590103901e+03
1.802014793746247051e+03
1.835698602561816415e+03
1.869192920394630619e+03
1.902498403870772108e+03
1.935615731055946071e+03
1.968545600637934285e+03
2.001288731120640932e+03
2.033845860030227641e+03
2.066217743133758177e+03
2.098405153670742948e+03
2.130408881597931668e+03
2.162229732847666583e+03
2.193868528600052286e+03
2.225326104569203835e+03
2.256603310303731632e+03
2.287701008501678643e+03
2.318620074339995426e+03
2.349361394818703502e+03
2.379925868119783445e+03
2.410314402980872273e+03
2.440527918083764234e+03
2.470567341457747261e+03
2.500433609897716906e+03
2.530127668397065008e+03
2.559650469595241248e+03
2.589002973239944822e+03
2.618186145663814386e+03
2.647200959275524838e+03
2.676048392065150438e+03
2.704729427123665118e+03
2.733245052176410354e+03
2.761596259130368253e+03
2.789784043635077524e+03
2.817809404656982224e+03
2.845673344067044582e+03
2.873376866241397693e+03
2.900920977674838468e+03
2.928306686606954827e+03
2.955535002660653845e+03
2.982606936492854402e+03
3.009523499457167418e+03
3.036285703278248548e+03
3.062894559737681902e+03
3.089351080371075113e+03
3.115656276176186566e+03
3.141811157331811955e+03
3.167816732927206431e+03
3.193674010701788575e+03
3.219383996794912036e+03
3.244947695505421507e+03
3.270366109060809322e+03
3.295640237395683926e+03
3.320771077939356928e+03
3.345759625412279092e+03
3.370606871631128797e+03
3.395313805322293319e+03
3.419881411943531475e+03
3.444310673513597067e+03
3.468602568449593036e+03
3.492758071411842593e+03
3.516778153156060398e+03
3.540663780392616445e+03
3.564415915652685271e+03
3.588035517161072221e+03
3.611523538715508039e+03
3.634880929572242167e+03
3.658108634337709645e+03
3.681207592866102004e+03
3.704178740162647955e+03
3.727023006292425180e+03
3.749741316294528133e+03
3.772334590101410413e+03
3.794803742463238450e+03
3.817149682877081432e+03
3.839373315520789220e+03
3.861475539191387725e+03
3.883457247247840769e+03
3.905319327558023815e+03
3.927062662449771778e+03
3.948688128665849035e+03
3.970196597322706566e+03
3.991588933872881171e+03
4.012865998070919886e+03
4.034028643942688632e+03
4.055077719757940486e+03
4.076014068006024900e+03
4.096838525374622805e+03
4.117551922731384366e+03
4.138155085108360254e+03
4.158648831689119106e+03
4.179033975798447500e+03
4.199311324894527388e+03
4.219481680563487316e+03
4.239545838516238291e+03
4.259504588587497892e+03
4.279358714736914408e+03
4.299108995052194587e+03
4.318756201754162248e+03
4.338301101203651342e+03
4.357744453910167977e+03
4.377087014542235920e+03
4.396329531939349181e+03
4.415472749125462542e+03
4.434517403323948201e+03
4.453464225973960311e+03
4.472313942748120098e+03
4.491067273571478836e+03
4.509724932641691339e+03
4.528287628450337252e+03
4.546756063805333724e+03
4.565130935854385825e+03
4.583412936109421935e+03
4.601602750471965010e+03
4.619701059259382419e+03
4.637708537231968876e+03
4.655625853620825183e+03
4.673453672156475477e+03
4.691192651098189344e+03
4.708843443263956033e+03
4.726406696061088951e+03
4.743883051517404056e+03
4.761273146312945755e+03
4.778577611812215764e+03
4.795797074096883989e+03
4.812932153998932336e+03
4.829983467134214152e+03
4.846951623936388387e+03
4.863837229691201173e+03
4.880640884571092101e+03
4.897363183670089711e+03
4.914004717038980743e+03
4.930566069720708583e+03
4.947047821786004533e+03
4.963450548369205535e+03
4.979774819704242873e+03
4.996021201160790042e+03
5.012190253280527031e+03
5.028282531813537389e+03
5.044298587754774417e+03
5.060238967380614667e+03
5.076104212285467838e+03
5.091894859418422129e+03
5.107611441119919618e+03
5.123254485158436182e+03
5.138824514767159599e+03
5.154322048680649459e+03
5.169747601171459792e+03
5.185101682086727124e+03
5.200384796884689422e+03
5.215597446671147736e+03
5.230740128235842349e+03
5.245813334088745250e+03
5.260817552496245298e+03
5.275753267517230597e+03
5.290620959039053560e+03
5.305421102813364087e+03
5.320154170491819059e+03
5.334820629661633575e+03
5.349420943880999403e+03
5.363955572714338814e+03
5.378424971767393799e+03
5.392829592722154302e+03
5.407169883371601827e+03
5.421446287654284788e+03
5.435659245688695592e+03
5.449809193807468546e+03
5.463896564591374954e+03
5.477921786903125394e+03
5.491885285920963724e+03
5.505787483172057364e+03
5.519628796565678385e+03
5.533409640426166334e+03
5.547130425525679129e+03
5.560791559116723874e+03
5.574393444964461196e+03
5.587936483378791308e+03
5.601421071246210886e+03
5.614847602061442558e+03
5.628216465958828849e+03
5.641528049743503288e+03
5.654782736922320510e+03
5.667980907734554421e+03
5.681122939182362643e+03
5.694209205061009925e+03
5.707240075988854187e+03
5.720215919437100638e+03
5.733137099759309422e+03
5.746003978220663157e+03
5.758816913027004375e+03
5.771576259353618298e+03
5.784282369373790971e+03
5.796935592287113650e+03
5.809536274347557992e+03
5.822084758891300226e+03
5.834581386364315222e+03
5.847026494349724999e+03
5.859420417594913488e+03
5.871763488038394826e+03
5.884056034836454273e+03
5.896298384389539933e+03
5.908490860368428912e+03
5.920633783740147919e+03
5.932727472793668312e+03
5.944772243165358304e+03
5.956768407864208712e+03
5.968716277296822227e+03
5.980616159292174416e+03
5.992468359126140058e+03
6.004273179545797575e+03
6.016030920793496989e+03
6.027741880630714149e+03
6.039406354361663944e+03
6.051024634856698867e+03
6.062597012575487497e+03
6.074123775589962861e+03
6.085605209607057077e+03
6.097041597991215895e+03
6.108433221786694958e+03
6.119780359739639607e+03
6.131083288319957319e+03
6.142342281742966406e+03
6.153557611990844634e+03
6.164729548833853187e+03
6.175858359851376008e+03
6.186944310452722675e+03
6.197987663897753919e+03
6.208988681317285227e+03
6.219947621733297638e+03
6.230864742078939344e+03
6.241740297218345404e+03
6.252574539966238262e+03
6.263367721107350917e+03
6.274120089415644543e+03
6.284831891673342398e+03
6.295503372689764547e+03
6.306134775319982509e+03
6.316726340483279273e+03
6.327278307181424680e+03
6.337790912516774370e+03
6.348264391710170457e+03
6.358698978118681225e+03
6.369094903253140728e+03
6.379452396795531968e+03
6.389771686616171792e+03
6.400052998790743914e+03
6.410296557617139115e+03
6.420502585632137198e+03
6.430671303627915222e+03
6.440802930668387489e+03
6.450897684105376356e+03
6.460955779594628439e+03
6.470977431111651640e+03
6.480962850967404847e+03
6.490912249823820275e+03
6.500825836709168470e+03
6.510703819033267791e+03
6.520546402602536546e+03
6.530353791634889603e+03
6.540126188774491311e+03
6.549863795106341968e+03
6.559566810170732424e+03
6.569235431977537701e+03
6.578869857020369636e+03
6.588470280290584924e+03
6.598036895291146720e+03
6.607569894050348012e+03
6.617069467135388550e+03
6.626535803665821732e+03
6.635969091326854141e+03
6.645369516382515940e+03
6.654737263688691201e+03
6.664072516706019996e+03
6.673375457512660432e+03
6.682646266816931529e+03
6.691885123969810593e+03
6.701092206977323258e+03
6.710267692512785288e+03
6.719411755928936145e+03
6.728524571269936132e+03
6.737606311283251671e+03
6.746657147431406884e+03
6.755677249903627853e+03
6.764666787627355916e+03
6.773625928279651816e+03
6.782554838298481627e+03
6.791453682893882615e+03
6.800322626059022696e+03
6.809161830581139839e+03
6.817971458052375965e+03
6.826751668880496254e+03
6.835502622299502036e+03
6.844224476380129090e+03
6.852917388040254082e+03
6.861581513055173673e+03
6.870217006067800867e+03
6.878824020598742209e+03
6.887402709056279491e+03
6.895953222746248684e+03
6.904475711881820644e+03
6.912970325593174493e+03
6.921437211937090069e+03
6.929876517906420304e+03
6.938288389439489947e+03
6.946672971429384233e+03
6.955030407733150241e+03
6.963360841180903662e+03
6.971664413584844624e+03
6.979941265748180740e+03
6.988191537473962853e+03
6.996415367573828007e+03
7.004612893876661474e+03
7.012784253237164194e+03
7.020929581544335633e+03
7.029049013729877515e+03
7.037142683776505692e+03
7.045210724726182889e+03
7.053253268688267781e+03
7.061270446847584026e+03
7.069262389472405630e+03
7.077229225922365913e+03
7.085171084656288258e+03
7.093088093239931368e+03
7.100980378353668129e+03
7.108848065800079894e+03
7.116691280511478908e+03
7.124510146557355256e+03
7.132304787151747405e+03
7.140075324660549086e+03
7.147821880608729771e+03
7.155544575687495126e+03
7.163243529761370155e+03
7.170918861875216862e+03
7.178570690261177333e+03
7.186199132345555881e+03
7.193804304755626617e+03
7.201386323326376441e+03
7.208945303107182554e+03
7.216481358368425390e+03
7.223994602608032437e+03
7.231485148557962020e+03
7.238953108190625244e+03
7.246398592725234266e+03
7.253821712634106007e+03
7.261222577648887636e+03
7.268601296766733867e+03
7.275957978256415117e+03
7.283292729664372928e+03
7.290605657820712622e+03
7.297896868845137760e+03
7.305166468152828202e+03
7.312414560460266330e+03
7.319641249790994152e+03
7.326846639481326747e+03
7.334030832186007501e+03
