# f_ap
0.000000000000000000e+00
1.002112363987041170e-02
2.008525577462300787e-02
3.019353065891031140e-02
4.034707203762787076e-02
5.054699264200919473e-02
6.079439370963998085e-02
7.109036452843865705e-02
8.143598200460541725e-02
9.183231025448067297e-02
1.022804002202159085e-01
1.127812893091003077e-01
1.233360010563503140e-01
1.339455448111232794e-01
1.446109154454738033e-01
1.553330930859354864e-01
1.661130428673764647e-01
1.769517147087381337e-01
1.878500431102427259e-01
1.988089469716214641e-01
2.098293294308918033e-01
2.209120777231903809e-01
2.320580630591401738e-01
2.432681405222237025e-01
2.545431489846044504e-01
2.658839110408361406e-01
2.772912329588789748e-01
2.887659046478369684e-01
3.003086996418241617e-01
3.119203750993548852e-01
3.236016718176558671e-01
3.353533142612964979e-01
3.471760106045245209e-01
3.590704527867081275e-01
3.710373165802758888e-01
3.830772616705608868e-01
3.951909317469522454e-01
4.073789546047696386e-01
4.196419422572789104e-01
4.319804910572868639e-01
4.443951818277419585e-01
4.568865800008069522e-01
4.694552357648494323e-01
4.821016842188416418e-01
4.948264455336375822e-01
5.076300251196431690e-01
5.205129138003857792e-01
5.334755879915086263e-01
5.465185098847393785e-01
5.596421276363824360e-01
5.728468755599113171e-01
5.861331743222425450e-01
5.995014311433020104e-01
6.129520399984854651e-01
6.264853818236602034e-01
6.401018247223442259e-01
6.538017241747270392e-01
6.675854232482116846e-01
6.814532528091611363e-01
6.954055317355648524e-01
7.094425671303337122e-01
7.235646545349624370e-01
7.377720781433111386e-01
7.520651110152508645e-01
7.664440152899655301e-01
7.809090423986809748e-01
7.954604332766281871e-01
8.100984185740450760e-01
8.248232188660498121e-01
8.396350448611973327e-01
8.545340976085934459e-01
8.695205687033933373e-01
8.845946404905675742e-01
8.997564862668032681e-01
9.150062704804277081e-01
9.303441489292445521e-01
9.457702689561878762e-01
9.612847696427080368e-01
9.768877819997999756e-01
9.925794291566071292e-01
1.008359826546531890e+00
1.024229082090797327e+00
1.040187296379398774e+00
1.056234562849414971e+00
1.072370967960617039e+00
1.088596591368368172e+00
1.104911506093748441e+00
1.121315778690931797e+00
1.137809469411735996e+00
1.154392632367391203e+00
1.171065315687465969e+00
1.187827561675981469e+00
1.204679406964691335e+00
1.221620882663541074e+00
1.238652014508299093e+00
1.255772823005379513e+00
1.272983323573861458e+00
1.290283526684720350e+00
1.307673437997286303e+00
1.325153058492949842e+00
1.342722384606134911e+00
1.360381408352560939e+00
1.378130117454821946e+00
1.395968495465304438e+00
1.413896521886473634e+00
1.431914172288564435e+00
1.450021418424696229e+00
1.468218228343443732e+00
1.486504566498911828e+00
1.504880393858333498e+00
1.523345668007228593e+00
1.541900343252155414e+00
1.560544370721104412e+00
1.579277698461556634e+00
1.598100271536247785e+00
1.617012032116673881e+00
1.636012919574383773e+00
1.655102870570085427e+00
1.674281819140609917e+00
1.693549696783773317e+00
1.712906432541161372e+00
1.732351953078897999e+00
1.751886182766411837e+00
1.771509043753260570e+00
1.791220456044019693e+00
1.811020337571315642e+00
1.830908604267006856e+00
1.850885170131557622e+00
1.870949947301651539e+00
1.891102846116069491e+00
1.911343775179877413e+00
1.931672641426953829e+00
1.952089350180884697e+00
1.972593805214287732e+00
1.993185908806563544e+00
2.013865561800143755e+00
2.034632663655232321e+00
2.055487112503119107e+00
2.076428805198045513e+00
2.097457637367704741e+00
2.118573503462368279e+00
2.139776296802700095e+00
2.161065909626261217e+00
2.182442233132763754e+00
2.203905157528082359e+00
2.225454572067056436e+00
2.247090365095124387e+00
2.268812424088795243e+00
2.290620635695021612e+00
2.312514885769440642e+00
2.334495059413582485e+00
2.356561041011021818e+00
2.378712714262509742e+00
2.400949962220114475e+00
2.423272667320402363e+00
2.445680711416671205e+00
2.468173975810262100e+00
2.490752341280968007e+00
2.513415688116586999e+00
2.536163896141609086e+00
2.558996844745069943e+00
2.581914412907601264e+00
2.604916479227699089e+00
2.628002921947202530e+00
2.651173618976049529e+00
2.674428447916273210e+00
2.697767286085317906e+00
2.721190010538637960e+00
2.744696498091641068e+00
2.768286625340950824e+00
2.791960268685058200e+00
2.815717304344322880e+00
2.839557608380389730e+00
2.863481056715000417e+00
2.887487525148227707e+00
2.911576889376169319e+00
2.935749025008068447e+00
2.960003807582926694e+00
2.984341112585590317e+00
3.008760815462331539e+00
3.033262791635946698e+00
3.057846916520374769e+00
3.082513065534849606e+00
3.107261114117608969e+00
3.132090937739151926e+00
3.157002411915093010e+00
3.181995412218565633e+00
3.207069814292250243e+00
3.232225493860001464e+00
3.257462326738092884e+00
3.282780188846077696e+00
3.308178956217302513e+00
3.333658505009072570e+00
3.359218711512460764e+00
3.384859452161780968e+00
3.410580603543756251e+00
3.436382042406365134e+00
3.462263645667372547e+00
3.488225290422567682e+00
3.514266853953717185e+00
3.540388213736239020e+00
3.566589247446591227e+00
3.592869832969404875e+00
3.619229848404356797e+00
3.645669172072782072e+00
3.672187682524065799e+00
3.698785258541763543e+00
3.725461779149524588e+00
3.752217123616764294e+00
3.779051171464139269e+00
3.805963802468803614e+00
3.832954896669447109e+00
3.860024334371151333e+00
3.887171996150049047e+00
3.914397762857789065e+00
3.941701515625814167e+00
3.969083135869476031e+00
3.996542505291957870e+00
4.024079505888054520e+00
4.051694019947757575e+00
4.079385930059714838e+00
4.107155119114512587e+00
4.135001470307820171e+00
4.162924867143375174e+00
4.190925193435867335e+00
4.219002333313619069e+00
4.247156171221208254e+00
4.275386591921901847e+00
4.303693480499996227e+00
4.332076719929196074e+00
4.360536200717459288e+00
4.389071806580681745e+00
4.417683423908156826e+00
4.446370939420130064e+00
4.475134240169433397e+00
4.503973213543074117e+00
4.532887747263668388e+00
4.561877729390815261e+00
4.590943048322357889e+00
4.620083592795587890e+00
4.649299251888298734e+00
4.678589915019854217e+00
4.707955471952050885e+00
4.737395812790022198e+00
4.766910827982983712e+00
4.796500408324939180e+00
4.826164444955310273e+00
4.855902829359487249e+00
4.885715453369324557e+00
4.915602209163560055e+00
4.945562989268183607e+00
4.975597686556733734e+00
5.005706194250524987e+00
5.035888405918856670e+00
5.066144215479114088e+00
5.096473517196858261e+00
5.126876205685834798e+00
5.157352175907960579e+00
5.187901323173231383e+00
5.218523543139594878e+00
5.249218731812794303e+00
5.279986785546142869e+00
5.310827601040263524e+00
5.341741075342793188e+00
5.372727105848047024e+00
5.403785590296635633e+00
5.434916426775057374e+00
5.466119513715235634e+00
5.497394749894042754e+00
5.528742034432782226e+00
5.560161266796632695e+00
5.591652346794067086e+00
5.623215174576240649e+00
5.654849650636344371e+00
5.686555675808953048e+00
5.718333151269303194e+00
5.750181978532600269e+00
5.782102059453237075e+00
5.814093296224060126e+00
5.846155591375541860e+00
5.878288847774990167e+00
5.910492968625689514e+00
5.942767857466071391e+00
5.975113418168790602e+00
6.007529554939872618e+00
6.040016172317778320e+00
6.072573175172469639e+00
6.105200468704466310e+00
6.137897958443871538e+00
6.170665550249402997e+00
6.203503150307392744e+00
6.236410665130763142e+00
6.269388001558030332e+00
6.302435066752245518e+00
6.335551768199952249e+00
6.368738013710140144e+00
6.401993711413140886e+00
6.435318769759591717e+00
6.468713097519304789e+00
6.502176603780179143e+00
6.535709197947094928e+00
6.569310789740793410e+00
6.602981289196734771e+00
6.636720606663986111e+00
6.670528652804053493e+00
6.704405338589761065e+00
6.738350575304061785e+00
6.772364274538912099e+00
6.806446348194072904e+00
6.840596708475955801e+00
6.874815267896432935e+00
6.909101939271668158e+00
6.943456635720920644e+00
6.977879270665358291e+00
7.012369757826852457e+00
7.046928011226794020e+00
7.081553945184898780e+00
7.116247474317990651e+00
7.151008513538787525e+00
7.185836978054716440e+00
7.220732783366701213e+00
7.255695845267919886e+00
7.290726079842639429e+00
7.325823403464963413e+00
7.360987732797641847e+00
7.396218984790835727e+00
7.431517076680929534e+00
7.466881925989276247e+00
7.502313450521020499e+00
7.537811568363856018e+00
7.573376197886820371e+00
7.609007257739074603e+00
7.644704666848706864e+00
7.680468344421488958e+00
7.716298209939696839e+00
7.752194183160867169e+00
7.788156184116612479e+00
7.824184133111407924e+00
7.860277950721365592e+00
7.896437557793062112e+00
7.932662875442308525e+00
7.968953825052963680e+00
8.005310328275729859e+00
8.041732307026965287e+00
8.078219683487468217e+00
8.114772380101323179e+00
8.151390319574664645e+00
8.188073424874549033e+00
8.224821619227705938e+00
8.261634826119417241e+00
8.298512969292302088e+00
8.335455972745164033e+00
8.372463760731804427e+00
8.409536257759878453e+00
8.446673388589696074e+00
8.483875078233099387e+00
8.521141251952281337e+00
8.558471835258639970e+00
8.595866753911622027e+00
8.633325933917607387e+00
8.670849301528720687e+00
8.708436783241728207e+00
8.746088305796885010e+00
8.783803796176821166e+00
8.821583181605392454e+00
8.859426389546596781e+00
8.897333347703408890e+00
8.935303984016698564e+00
8.973338226664122175e+00
9.011436004058989369e+00
9.049597244849206135e+00
9.087821877916123725e+00
9.126109832373504815e+00
9.164461037566377755e+00
9.202875423070009830e+00
9.241352918688788165e+00
9.279893454455164559e+00
9.318496960628570136e+00
9.357163367694370848e+00
9.395892606362780342e+00
9.434684607567838555e+00
9.473539302466324585e+00
9.512456622436733511e+00
9.551436499078224784e+00
9.590478864209595500e+00
9.629583649868221684e+00
9.668750788309061761e+00
9.707980212003612053e+00
9.747271853638888928e+00
9.786625646116434041e+00
9.826041522551275165e+00
9.865519416270945641e+00
9.905059260814478961e+00
9.944660989931401573e+00
9.984324537580770098e+00
1.002404983793014992e+01
1.006383682535463819e+01
1.010368543443594724e+01
1.014359559996134585e+01
1.018356725692274445e+01
1.022360034051572697e+01
