# h
2.334948666386640144e-04
2.344801248344699821e-04
2.354808442702723068e-04
2.364970218399475843e-04
2.375286514741613265e-04
2.385757242074058621e-04
2.396382282461187267e-04
2.407161490377528190e-04
2.418094693406730715e-04
2.429181692947538147e-04
2.440422264925571640e-04
2.451816160509710015e-04
2.463363106831921662e-04
2.475062807709400110e-04
2.486914944367917967e-04
2.498919176165321533e-04
2.511075141314153178e-04
2.523382457602405633e-04
2.535840723111457899e-04
2.548449516930291264e-04
2.561208399865114800e-04
2.574116915143580698e-04
2.587174589112798502e-04
2.600380931930431055e-04
2.613735438248146817e-04
2.627237587886812188e-04
2.640886846502785244e-04
2.654682666244759020e-04
2.668624486400636648e-04
2.682711734033935798e-04
2.696943824609302322e-04
2.711320162606720000e-04
2.725840142124047764e-04
2.740503147467584079e-04
2.755308553730339725e-04
2.770255727357786419e-04
2.785344026700864971e-04
2.800572802556058373e-04
2.815941398692382359e-04
2.831449152365182308e-04
2.847095394816628075e-04
2.862879451762855780e-04
2.878800643867714831e-04
2.894858287203115827e-04
2.911051693695976641e-04
2.927380171561819806e-04
2.943843025725070535e-04
2.960439558226129098e-04
2.977169068615314056e-04
2.994030854333799949e-04
3.011024211081662189e-04
3.028148433173181498e-04
3.045402813879572140e-04
3.062786645759289533e-04
3.080299220976111317e-04
3.097939831605183770e-04
3.115707769927225494e-04
3.133602328711108985e-04
3.151622801485034781e-04
3.169768482796523680e-04
3.188038668461450390e-04
3.206432655802360387e-04
3.224949743876313370e-04
3.243589233692474507e-04
3.262350428419735901e-04
3.281232633584570471e-04
3.300235157259399075e-04
3.319357310241708293e-04
3.338598406224176931e-04
3.357957761956030778e-04
3.377434697395925961e-04
3.397028535856547898e-04
3.416738604141225655e-04
3.436564232672762809e-04
3.456504755614756962e-04
3.476559510985619862e-04
3.496727840765561052e-04
3.517009090996740502e-04
3.537402611876843393e-04
3.557907757846280866e-04
3.578523887669253110e-04
3.599250364508891080e-04
3.620086555996679585e-04
3.641031834296382390e-04
3.662085576162667200e-04
3.683247162994646271e-04
3.704515980884482275e-04
3.725891420661336982e-04
3.747372877930738098e-04
3.768959753109659165e-04
3.790651451457391135e-04
3.812447383102458235e-04
3.834346963065684904e-04
3.856349611279624701e-04
3.878454752604468259e-04
3.900661816840629245e-04
3.922970238738107533e-04
3.945379458002826905e-04
3.967888919300041075e-04
3.990498072254985290e-04
4.013206371450871103e-04
4.036013276424370126e-04
4.058918251658723384e-04
4.081920766574551615e-04
4.105020295518536748e-04
4.128216317750046092e-04
4.151508317425829371e-04
4.174895783582865559e-04
4.198378210119503183e-04
4.221955095774942881e-04
4.245625944107200454e-04
4.269390263469582925e-04
4.293247566985835379e-04
4.317197372523981871e-04
4.341239202668962334e-04
4.365372584694150585e-04
4.389597050531812532e-04
4.413912136742582080e-04
4.438317384484018191e-04
4.462812339478321134e-04
4.487396551979245347e-04
4.512069576738289133e-04
4.536830972970227333e-04
4.561680304318005397e-04
4.586617138817075646e-04
4.611641048859228278e-04
4.636751611155948052e-04
4.661948406701352460e-04
4.687231020734749891e-04
4.712599042702869277e-04
4.738052066221786168e-04
4.763589689038605943e-04
4.789211512992900361e-04
4.814917143977990167e-04
4.840706191902044995e-04
4.866578270649079196e-04
4.892532998039847382e-04
4.918569995792672735e-04
4.944688889484241722e-04
4.970889308510392833e-04
4.997170886046893405e-04
5.023533259010283655e-04
5.049976068018745658e-04
5.076498957353067732e-04
5.103101574917703149e-04
5.129783572201921001e-04
5.156544604241127287e-04
5.183384329578291172e-04
5.210302410225566396e-04
5.237298511626065555e-04
5.264372302615834970e-04
5.291523455386042043e-04
5.318751645445352364e-04
5.346056551582550756e-04
5.373437855829395421e-04
5.400895243423709533e-04
5.428428402772743876e-04
5.456037025416770421e-04
5.483720805992978392e-04
5.511479442199640304e-04
5.539312634760540366e-04
5.567220087389716235e-04
5.595201506756488068e-04
5.623256602450781407e-04
5.651385086948773140e-04
5.679586675578813951e-04
5.707861086487691195e-04
5.736208040607201864e-04
5.764627261621038884e-04
5.793118475931990745e-04
5.821681412629484825e-04
5.850315803457429957e-04
5.879021382782413522e-04
5.907797887562207546e-04
5.936645057314594636e-04
5.965562634086559292e-04
5.994550362423766527e-04
6.023607989340401536e-04
6.052735264289322691e-04
6.081931939132548476e-04
6.111197768112080521e-04
6.140532507821046477e-04
6.169935917175170320e-04
6.199407757384579843e-04
6.228947791925926398e-04
6.258555786514848323e-04
6.288231509078730372e-04
6.317974729729811155e-04
6.347785220738594173e-04
6.377662756507588432e-04
6.407607113545354819e-04
6.437618070440866884e-04
6.467695407838202314e-04
6.497838908411521707e-04
6.528048356840366120e-04
6.558323539785256007e-04
6.588664245863603500e-04
6.619070265625918515e-04
6.649541391532302155e-04
6.680077417929257801e-04
6.710678141026784086e-04
6.741343358875750849e-04
6.772072871345579748e-04
6.802866480102202429e-04
6.833723988586286498e-04
6.864645201991775901e-04
6.895629927244667674e-04
6.926677972982095508e-04
6.957789149531668112e-04
6.988963268891071031e-04
7.020200144707960119e-04
7.051499592260081608e-04
7.082861428435677318e-04
7.114285471714143581e-04
7.145771542146937350e-04
7.177319461338730602e-04
7.208929052428831447e-04
7.240600140072822079e-04
7.272332550424467782e-04
7.304126111117844938e-04
7.335980651249722744e-04
7.367896001362155261e-04
7.399871993425331503e-04
7.431908460820628275e-04
7.464005238323926468e-04
7.496162162089083482e-04
7.528379069631712479e-04
7.560655799813096071e-04
7.592992192824367815e-04
7.625388090170892108e-04
7.657843334656832743e-04
7.690357770369959977e-04
7.722931242666636505e-04
7.755563598157022434e-04
7.788254684690447231e-04
7.821004351341024523e-04
7.853812448393416527e-04
7.886678827328815313e-04
7.919603340811093208e-04
7.952585842673166785e-04
7.985626187903499627e-04
8.018724232632838201e-04
8.051879834121071326e-04
8.085092850744316243e-04
8.118363141982139122e-04
8.151690568404970725e-04
8.185074991661671698e-04
8.218516274467281080e-04
8.252014280590916611e-04
8.285568874843840916e-04
8.319179923067687070e-04
8.352847292122848964e-04
8.386570849877006103e-04
8.420350465193826225e-04
8.454186007921793682e-04
8.488077348883209120e-04
8.522024359863316018e-04
8.556026913599602867e-04
8.590084883771196417e-04
8.624198144988442496e-04
8.658366572782609343e-04
8.692590043595717787e-04
8.726868434770514550e-04
8.761201624540585408e-04
8.795589492020584356e-04
8.830031917196597222e-04
8.864528780916641889e-04
8.899079964881280187e-04
8.933685351634359888e-04
8.968344824553871634e-04
9.003058267842951141e-04
9.037825566520951877e-04
9.072646606414680372e-04
9.107521274149730194e-04
9.142449457141925417e-04
9.177431043588862771e-04
9.212465922461615317e-04
9.247553983496457821e-04
9.282695117186811132e-04
9.317889214775164873e-04
9.353136168245231074e-04
9.388435870314093459e-04
9.423788214424535636e-04
9.459193094737412648e-04
9.494650406124162390e-04
9.530160044159391832e-04
9.565721905113552153e-04
9.601335885945738551e-04
9.637001884296541015e-04
9.672719798481030622e-04
9.708489527481793538e-04
9.744310970942092953e-04
9.780184029159076555e-04
9.816108603077119531e-04
9.852084594281205511e-04
9.888111904990425690e-04
9.924190438051524576e-04
9.960320096932594267e-04
9.996500785716753556e-04
1.003273240909598315e-03
1.006901487236501296e-03
1.010534808141528304e-03
1.014173194272897406e-03
1.017816636337314602e-03
1.021465125099388794e-03
1.025118651381061929e-03
1.028777206061039142e-03
1.032440780074231693e-03
1.036109364411201637e-03
1.039782950117617124e-03
1.043461528293714632e-03
1.047145090093763806e-03
1.050833626725544007e-03
1.054527129449823455e-03
1.058225589579846410e-03
1.061928998480827059e-03
1.065637347569448837e-03
1.069350628313370244e-03
1.073068832230735653e-03
1.076791950889694361e-03
1.080519975907923104e-03
1.084252898952154428e-03
1.087990711737715039e-03
1.091733406028062197e-03
1.095480973634333768e-03
1.099233406414896553e-03
1.102990696274906528e-03
1.106752835165868663e-03
1.110519815085205843e-03
1.114291628075832338e-03
1.118068266225729235e-03
1.121849721667529621e-03
1.125635986578106800e-03
1.129427053178165118e-03
1.133222913731840109e-03
1.137023560546297557e-03
1.140828985971344698e-03
1.144639182399039478e-03
1.148454142263305227e-03
1.152273858039556823e-03
1.156098322244320355e-03
1.159927527434866015e-03
1.163761466208841199e-03
1.167600131203909040e-03
1.171443515097390399e-03
1.175291610605911068e-03
1.179144410485050923e-03
1.183001907529001749e-03
1.186864094570222244e-03
1.190730964479103874e-03
1.194602510163636066e-03
1.198478724569075745e-03
1.202359600677623376e-03
1.206245131508099219e-03
1.210135310115624790e-03
1.214030129591311047e-03
1.217929583061942017e-03
1.221833663689671657e-03
1.225742364671716803e-03
1.229655679240058367e-03
1.233573600661141663e-03
1.237496122235584757e-03
1.241423237297885947e-03
1.245354939216136670e-03
1.249291221391737655e-03
1.253232077259117247e-03
1.257177500285452769e-03
1.261127483970398604e-03
1.265082021845809939e-03
1.269041107475476918e-03
1.273004734454859666e-03
1.276972896410819404e-03
1.280945587001367132e-03
1.284922799915398433e-03
1.288904528872444541e-03
1.292890767622417118e-03
1.296881509945362141e-03
1.300876749651211622e-03
1.304876480579542043e-03
1.308880696599329764e-03
1.312889391608718787e-03
1.316902559534778756e-03
1.320920194333275984e-03
1.324942289988442290e-03
1.328968840512743639e-03
1.332999839946659394e-03
1.337035282358454633e-03
1.341075161843962010e-03
1.345119472526360360e-03
1.349168208555962412e-03
1.353221364109996432e-03
1.357278933392398268e-03
1.361340910633598638e-03
1.365407290090318642e-03
1.369478066045363117e-03
1.373553232807417238e-03
1.377632784710845727e-03
1.381716716115497694e-03
1.385805021406503242e-03
1.389897694994084165e-03
1.393994731313359658e-03
