# mu
-inf
3.317565878797935852e+01
3.469760977072215979e+01
3.559462724244112053e+01
3.623564679944738742e+01
3.673629185019094479e+01
3.714806648478491979e+01
3.749844645935022669e+01
3.780383394620113791e+01
3.807481004295621574e+01
3.831860062660418009e+01
3.854036065319782267e+01
3.874389726484412222e+01
3.893210246178892930e+01
3.910722497308501033e+01
3.927104810438061833e+01
3.942501007120950618e+01
3.957028778811123715e+01
3.970785667234291338e+01
3.983853425729870423e+01
3.996301260640735364e+01
4.008188281079526405e+01
4.019565378315534332e+01
4.030476687086004972e+01
4.040960735703467321e+01
4.051051361256067196e+01
4.060778445228515920e+01
4.070168510240375781e+01
4.079245208228745412e+01
4.088029722946688338e+01
4.096541104216964868e+01
4.104796547374877491e+01
4.112811628346533155e+01
4.120600502557289246e+01
4.128176074151703290e+01
4.135550140690467913e+01
4.142733517470699667e+01
4.149736144820326444e+01
4.156567181091561736e+01
4.163235083582767970e+01
4.169747679222763281e+01
4.176112226534550587e+01
4.182335470139413758e+01
4.188423688854641824e+01
4.194382738268544131e+01
4.200218088537406658e+01
4.205934858034449064e+01
4.211537843385951163e+01
4.217031546350867188e+01
4.222420197934337693e+01
4.227707780070326749e+01
4.232898045162106371e+01
4.237994533730086744e+01
4.243000590383209669e+01
4.247919378301826043e+01
4.252753892395863033e+01
4.257506971281384267e+01
4.262181308200976559e+01
4.266779460998065332e+01
4.271303861242124356e+01
4.275756822590338402e+01
4.280140548461352523e+01
4.284457139088168987e+01
4.288708598009711181e+01
4.292896838054038255e+01
4.297023686860434566e+01
4.301090891982542530e+01
4.305100125610294270e+01
4.309052988944463891e+01
4.312951016254208980e+01
4.316795678644923839e+01
4.320588387560994192e+01
4.324330498045671334e+01
4.328023311778094495e+01
4.331668079905622193e+01
4.335266005687908120e+01
4.338818246967641556e+01
4.342325918481502356e+01
4.345790094023659833e+01
4.349211808473053509e+01
4.352592059694691784e+01
4.355931810324323550e+01
4.359231989445039801e+01
4.362493494163618379e+01
4.365717191093796146e+01
4.368903917753037547e+01
4.372054483878840614e+01
4.375169672670132570e+01
4.378250241958863853e+01
4.381296925316502211e+01
4.384310433099768289e+01
4.387291453439607380e+01
4.390240653177104946e+01
4.393158678749753676e+01
4.396046157031237556e+01
4.398903696127665341e+01
4.401731886132957783e+01
4.404531299845920955e+01
4.407302493451325631e+01
4.410046007167180449e+01
4.412762365860211844e+01
4.415452079631427296e+01
4.418115644373513362e+01
4.420753542301709160e+01
4.423366242459658793e+01
4.425954201201679439e+01
4.428517862652758197e+01
4.431057659147523964e+01
4.433574011649353963e+01
4.436067330150690680e+01
4.438538014055595937e+01
4.440986452545485008e+01
4.443413024928932487e+01
4.445818100976400444e+01
4.448202041240648441e+01
4.450565197363592773e+01
4.452907912370282872e+01
4.455230520950667028e+01
4.457533349729742866e+01
4.459816717526685892e+01
4.462080935603491127e+01
4.464326307903635893e+01
4.466553131281263234e+01
4.468761695721326532e+01
4.470952284551125899e+01
4.473125174643658397e+01
4.475280636613143059e+01
4.477418935003107947e+01
4.479540328467356147e+01
4.481645069944161008e+01
4.483733406823976964e+01
4.485805581110972184e+01
4.487861829578645967e+01
4.489902383919801565e+01
4.491927470891121743e+01
4.493937312452572996e+01
4.495932125901871501e+01
4.497912124004216139e+01
4.499877515117496074e+01
4.501828503313155494e+01
4.503765288492903096e+01
4.505688066501440403e+01
4.507597029235363095e+01
4.509492364748409443e+01
4.511374257353182315e+01
4.513242887719507479e+01
4.515098432969551823e+01
4.516941066769827273e+01
4.518770959420216116e+01
4.520588277940119326e+01
4.522393186151853683e+01
4.524185844761396424e+01
4.525966411436571946e+01
4.527735040882798501e+01
4.529491884916467370e+01
4.531237092536053268e+01
4.532970809991038408e+01
4.534693180848729810e+01
4.536404346059054404e+01
4.538104444017391614e+01
4.539793610625531528e+01
4.541471979350815502e+01
4.543139681283525988e+01
4.544796845192590951e+01
4.546443597579661855e+01
4.548080062731618511e+01
4.549706362771559043e+01
4.551322617708335372e+01
4.552928945484659096e+01
4.554525462023863724e+01
4.556112281275336784e+01
4.557689515258682889e+01
4.559257274106657576e+01
4.560815666106914534e+01
4.562364797742599620e+01
4.563904773731836428e+01
4.565435697066140364e+01
4.566957669047785373e+01
4.568470789326177339e+01
4.569975155933241240e+01
4.571470865317875365e+01
4.572958012379493908e+01
4.574436690500682090e+01
4.575906991578998628e+01
4.577369006057954692e+01
4.578822822957181415e+01
4.580268529901830732e+01
4.581706213151215934e+01
4.583135957626725343e+01
4.584557846939027570e+01
4.585971963414590391e+01
4.587378388121535266e+01
4.588777200894843844e+01
4.590168480360944159e+01
4.591552303961682213e+01
4.592928747977708781e+01
4.594297887551292803e+01
4.595659796708580558e+01
4.597014548381311272e+01
4.598362214428018291e+01
4.599702865654709427e+01
4.601036571835066979e+01
4.602363401730155346e+01
4.603683423107673178e+01
4.604996702760746530e+01
4.606303306526281460e+01
4.607603299302894584e+01
4.608896745068420131e+01
4.610183706897019817e+01
4.611464246975894099e+01
4.612738426621613286e+01
4.614006306296078463e+01
4.615267945622116486e+01
4.616523403398726089e+01
4.617772737615980816e+01
4.619016005469599406e+01
4.620253263375190045e+01
4.621484566982177000e+01
4.622709971187428835e+01
4.623929530148573974e+01
4.625143297297036327e+01
4.626351325350780286e+01
4.627553666326782889e+01
4.628750371553235254e+01
4.629941491681478283e+01
4.631127076697688949e+01
4.632307175934317911e+01
4.633481838081272031e+01
4.634651111196876627e+01
4.635815042718598278e+01
4.636973679473541665e+01
4.638127067688729710e+01
4.639275253001173382e+01
4.640418280467726220e+01
4.641556194574739180e+01
4.642689039247515836e+01
4.643816857859577851e+01
4.644939693241736478e+01
4.646057587690981450e+01
4.647170582979192233e+01
4.648278720361670935e+01
4.649382040585509657e+01
4.650480583897780207e+01
4.651574390053570340e+01
4.652663498323860125e+01
4.653747947503234172e+01
4.654827775917452470e+01
4.655903021430867028e+01
4.656973721453695703e+01
4.658039912949153205e+01
4.659101632440443552e+01
4.660158916017620356e+01
4.661211799344314244e+01
4.662260317664327403e+01
4.663304505808109468e+01
4.664344398199101249e+01
4.665380028859969741e+01
4.666411431418710265e+01
4.667438639114652688e+01
4.668461684804336187e+01
4.669480600967287387e+01
4.670495419711684804e+01
4.671506172779920973e+01
4.672512891554062975e+01
4.673515607061203525e+01
4.674514349978728944e+01
4.675509150639477696e+01
4.676500039036811529e+01
4.677487044829592833e+01
4.678470197347070325e+01
4.679449525593682324e+01
4.680425058253766224e+01
4.681396823696189813e+01
4.682364849978895904e+01
4.683329164853368809e+01
4.684289795769018383e+01
4.685246769877495865e+01
4.686200114036917341e+01
4.687149854816029659e+01
4.688096018498292494e+01
4.689038631085897180e+01
4.689977718303708798e+01
4.690913305603145744e+01
4.691845418165986814e+01
4.692774080908119316e+01
4.693699318483217553e+01
4.694621155286362324e+01
4.695539615457593641e+01
4.696454722885410860e+01
4.697366501210206735e+01
4.698274973827646761e+01
4.699180163891991668e+01
4.700082094319363080e+01
4.700980787790955873e+01
4.701876266756197253e+01
4.702768553435852539e+01
4.703657669825078358e+01
4.704543637696428959e+01
4.705426478602809937e+01
4.706306213880387901e+01
4.707182864651443310e+01
4.708056451827189193e+01
4.708926996110535868e+01
4.709794517998815166e+01
4.710659037786453496e+01
4.711520575567612923e+01
4.712379151238781105e+01
4.713234784501324981e+01
4.714087494863998984e+01
4.714937301645419865e+01
4.715784223976494616e+01
4.716628280802817841e+01
4.717469490887025785e+01
4.718307872811114123e+01
4.719143444978725910e+01
4.719976225617391208e+01
4.720806232780745404e+01
4.721633484350703469e+01
4.722457998039608640e+01
4.723279791392336335e+01
4.724098881788381021e+01
4.724915286443898310e+01
4.725729022413720060e+01
4.726540106593343182e+01
4.727348555720880796e+01
4.728154386378989926e+01
4.728957614996765813e+01
4.729758257851611347e+01
4.730556331071073828e+01
4.731351850634661105e+01
4.732144832375621490e+01
4.732935291982707326e+01
4.733723245001904445e+01
4.734508706838138181e+01
4.735291692756955939e+01
4.736072217886184887e+01
4.736850297217563366e+01
4.737625945608349554e+01
4.738399177782903848e+01
4.739170008334259165e+01
4.739938451725647894e+01
4.740704522292030987e+01
4.741468234241584412e+01
4.742229601657177795e+01
4.742988638497824638e+01
4.743745358600114770e+01
4.744499775679625486e+01
4.745251903332312793e+01
4.746001755035881331e+01
4.746749344151140804e+01
4.747494683923331849e+01
4.748237787483446937e+01
4.748978667849523561e+01
4.749717337927918948e+01
4.750453810514574826e+01
4.751188098296254481e+01
4.751920213851771990e+01
4.752650169653197310e+01
4.753377978067049270e+01
4.754103651355467264e+01
4.754827201677375825e+01
4.755548641089619366e+01
4.756267981548097623e+01
4.756985234908869131e+01
4.757700412929254696e+01
4.758413527268915999e+01
4.759124589490922830e+01
4.759833611062804692e+01
4.760540603357592460e+01
4.761245577654840133e+01
4.761948545141636657e+01
4.762649516913604231e+01
4.763348503975877435e+01
4.764045517244083072e+01
4.764740567545288741e+01
4.765433665618955672e+01
4.766124822117866700e+01
4.766814047609048544e+01
4.767501352574683438e+01
4.768186747412997306e+01
4.768870242439156470e+01
4.769551847886130247e+01
4.770231573905559941e+01
4.770909430568606524e+01
4.771585427866791207e+01
4.772259575712824642e+01
4.772931883941426179e+01
4.773602362310129621e+01
4.774271020500081875e+01
4.774937868116831652e+01
4.775602914691103962e+01
4.776266169679568918e+01
4.776927642465600599e+01
4.777587342360022404e+01
4.778245278601850288e+01
4.778901460359014663e+01
4.779555896729089426e+01
4.780208596739995386e+01
4.780859569350707261e+01
4.781508823451946455e+01
4.782156367866863889e+01
