# rs_dv
inf
3.480524557420753506e+00
1.745193635909785712e+00
1.166788850882784612e+00
8.776154689223670813e-01
7.041345386695745390e-01
5.884997392413545692e-01
5.059197871480632935e-01
4.439990380232624601e-01
3.958510205338941490e-01
3.573438499444144267e-01
3.258481433731721388e-01
2.996109774204428478e-01
2.774187884294412321e-01
2.584047440637419757e-01
2.419331662533761862e-01
2.275272955357383053e-01
2.148225503345624066e-01
2.035353664787711292e-01
1.934418768727794447e-01
1.843629872651994239e-01
1.761537160831076476e-01
1.686954415837101651e-01
1.618901714876427866e-01
1.556562452034053468e-01
1.499250675173885716e-01
1.446385960471985588e-01
1.397473870381473193e-01
1.352090599171024698e-01
1.309870795243208430e-01
1.270497818983928329e-01
1.233695886184234258e-01
1.199223684565487447e-01
1.166869150931342941e-01
1.136445169993931525e-01
1.107786010539365262e-01
1.080744355561019943e-01
1.055188813988293256e-01
1.031001825295895791e-01
1.008077886476648199e-01
9.863220449642066956e-02
9.656486120996340961e-02
9.459800603845572309e-02
9.272460746021794764e-02
9.093827323272260510e-02
8.923317936976872533e-02
8.760400838216110542e-02
8.604589540222923327e-02
8.455438104246307263e-02
8.312537002625575155e-02
8.175509478266267116e-02
8.044008332384762483e-02
7.917713082870572738e-02
7.796327444317441291e-02
7.679577088025972553e-02
7.567207646345673611e-02
7.458982930814565815e-02
7.354683337841069757e-02
7.254104419294414574e-02
7.157055598438624711e-02
7.063359014253989265e-02
6.972848479413559786e-02
6.885368539083144834e-02
6.800773619342861953e-02
6.718927255428303047e-02
6.639701391195927671e-02
6.562975742259088974e-02
6.488637216143071373e-02
6.416579383589943175e-02
6.346701995824681475e-02
6.278910543186795590e-02
6.213115851049676869e-02
6.149233709402886217e-02
6.087184532869821529e-02
6.026893048282177395e-02
5.968288007239599957e-02
5.911301921353651762e-02
5.855870818114215781e-02
5.801934015527997202e-02
5.749433913866074108e-02
5.698315803023782516e-02
5.648527684144050848e-02
5.600020104286862477e-02
5.552746003044820716e-02
5.506660570109659508e-02
5.461721112888039131e-02
5.417886933348973338e-02
5.375119213360315257e-02
5.333380907839292695e-02
5.292636645102708620e-02
5.252852633857053172e-02
5.213996576317973808e-02
5.176037586992895262e-02
5.138946116700768285e-02
5.102693881439067380e-02
5.067253795741093886e-02
5.032599910196264292e-02
4.998707352833167694e-02
4.965552274089581747e-02
4.933111795115995013e-02
4.901363959179385471e-02
4.870287685952525564e-02
4.839862728490922777e-02
4.810069632714799454e-02
4.780889699227667405e-02
4.752304947315776767e-02
4.724298080984537518e-02
4.696852456898738259e-02
4.669952054103242156e-02
4.643581445409902114e-02
4.617725770344748015e-02
4.592370709557098279e-02
4.567502460599313918e-02
4.543107714992333790e-02
4.519173636498102081e-02
4.495687840525497414e-02
4.472638374601382860e-02
4.450013699843125003e-02
4.427802673373207321e-02
4.405994531620569671e-02
4.384578874456990932e-02
4.363545650120213143e-02
4.342885140878762623e-02
4.322587949396215767e-02
4.302644985755525037e-02
4.283047455106412521e-02
4.263786845901280931e-02
4.244854918687216566e-02
4.226243695423683583e-02
4.207945449297426088e-02
4.189952695007801570e-02
4.172258179497453229e-02
4.154854873104690122e-02
4.137735961115419914e-02
4.120894835693766911e-02
4.104325088171739688e-02
4.088020501679515140e-02
4.071975044098890412e-02
4.056182861323580358e-02
4.040638270810869431e-02
4.025335755410076183e-02
4.010269957454099671e-02
3.995435673101075530e-02
3.980827846913903567e-02
3.966441566666097790e-02
3.952272058363016927e-02
3.938314681468188527e-02
3.924564924324913662e-02
3.911018399763954712e-02
3.897670840888568800e-02
3.884518097028570593e-02
3.871556129855641820e-02
3.858781009652417771e-02
3.846188911728347370e-02
3.833776112975637723e-02
3.821538988558952771e-02
3.809474008732884748e-02
3.797577735781473146e-02
3.785846821074375507e-02
3.774278002234565665e-02
3.762868100412643246e-02
3.751614017663162243e-02
3.740512734418518365e-02
3.729561307056250552e-02
3.718756865555733482e-02
3.708096611240477986e-02
3.697577814602422824e-02
3.687197813204791397e-02
3.676954009660211159e-02
3.666843869681002399e-02
3.656864920198637375e-02
3.647014747549554708e-02
3.637290995724610371e-02
3.627691364679597186e-02
3.618213608704362594e-02
3.608855534848188357e-02
3.599615001399179837e-02
3.590489916415533916e-02
3.581478236306633728e-02
3.572577964462025912e-02
3.563787149926408299e-02
3.555103886118852335e-02
3.546526309594540821e-02
3.538052598847410413e-02
3.529680973152121010e-02
3.521409691443869866e-02
3.513237051234630037e-02
3.505161387564420528e-02
3.497181071986328604e-02
3.489294511584010994e-02
3.481500148020492957e-02
3.473796456617085637e-02
3.466181945461348224e-02
3.458655154543023580e-02
3.451214654916946734e-02
3.443859047891928427e-02
3.436586964244710968e-02
3.429397063458096417e-02
3.422288032982367251e-02
3.415258587519214711e-02
3.408307468327344270e-02
3.401433442549023356e-02
3.394635302556850420e-02
3.387911865320014648e-02
3.381261971789399634e-02
3.374684486300880137e-02
3.368178295996183264e-02
3.361742310260720790e-02
3.355375460177827118e-02
3.349076697998828317e-02
3.342844996628441256e-02
3.336679349124972022e-02
3.330578768214818852e-02
3.324542285820826504e-02
3.318568952604015326e-02
3.312657837518263176e-02
3.306808027377508563e-02
3.301018626435068409e-02
3.295288755974684625e-02
3.289617553912923403e-02
3.284004174412549770e-02
3.278447787506545003e-02
3.272947578732418594e-02
3.267502748776498350e-02
3.262112513127864849e-02
3.256776101741652024e-02
3.251492758711417574e-02
3.246261741950275809e-02
3.241082322880560473e-02
3.235953787343737870e-02
3.230875430494194178e-02
3.225846563678031603e-02
3.220866509412245032e-02
3.215934602290117239e-02
3.211050188716747800e-02
3.206212626651417513e-02
3.201421285356629426e-02
3.196675545153582904e-02
3.191974797183919077e-02
3.187318443177535737e-02
3.182705895226312087e-02
3.178136575563531713e-02
3.173609916348903853e-02
3.169125359458935254e-02
3.164682356282579045e-02
3.160280367521949713e-02
3.155918862997986185e-02
3.151597321460922196e-02
3.147315230405409864e-02
3.143072085890183387e-02
3.138867392362120617e-02
3.134700662484588007e-02
3.130571416969946119e-02
3.126479184416085244e-02
3.122423501146914457e-02
3.118403911056643121e-02
3.114419965457806277e-02
3.110471222932885763e-02
3.106557249189447270e-02
3.102677616918703488e-02
3.098831905657393332e-02
3.095019701652901647e-02
3.091240597731523265e-02
3.087494193169793705e-02
3.083780093568794928e-02
3.080097910731365018e-02
3.076447262542130259e-02
3.072827772850292294e-02
3.069239071355078438e-02
3.065680793493804832e-02
3.062152580332485122e-02
3.058654078458888578e-02
3.055184939878023698e-02
3.051744821909962990e-02
3.048333387089938867e-02
3.044950303070671077e-02
3.041595242526874340e-02
3.038267883061846614e-02
3.034967907116151165e-02
3.031695001878272760e-02
3.028448859197250403e-02
3.025229175497203341e-02
3.022035651693717392e-02
3.018867993112045109e-02
3.015725909407067709e-02
3.012609114484976827e-02
3.009517326426639633e-02
3.006450267412600144e-02
3.003407663649672668e-02
3.000389245299099963e-02
2.997394746406221999e-02
2.994423904831640393e-02
2.991476462183809137e-02
2.988552163753058558e-02
2.985650758446982064e-02
2.982771998727166279e-02
2.979915640547243713e-02
2.977081443292214913e-02
2.974269169719024469e-02
2.971478585898358268e-02
2.968709461157628335e-02
2.965961568025123063e-02
2.963234682175292650e-02
2.960528582375147183e-02
2.957843050431721577e-02
2.955177871140622289e-02
2.952532832235590585e-02
2.949907724339077483e-02
2.947302340913807508e-02
2.944716478215301733e-02
2.942149935245352843e-02
2.939602513706397399e-02
2.937074017956812361e-02
2.934564254967069949e-02
2.932073034276761261e-02
2.929600167952456369e-02
2.927145470546376957e-02
2.924708759055885329e-02
2.922289852883742933e-02
2.919888573799141879e-02
2.917504745899479959e-02
2.915138195572877094e-02
2.912788751461398498e-02
2.910456244424981798e-02
2.908140507506051103e-02
2.905841375894798254e-02
2.903558686895116314e-02
2.901292279891183601e-02
2.899041996314663874e-02
2.896807679612529302e-02
2.894589175215470100e-02
2.892386330506912032e-02
2.890198994792585532e-02
2.888027019270678064e-02
2.885870257002519715e-02
2.883728562883815585e-02
2.881601793616411430e-02
2.879489807680557859e-02
2.877392465307695990e-02
2.875309628453730920e-02
2.873241160772788821e-02
2.871186927591449708e-02
2.869146795883442333e-02
2.867120634244796351e-02
2.865108312869439275e-02
2.863109703525220512e-02
2.861124679530378800e-02
2.859153115730410019e-02
2.857194888475359310e-02
2.855249875597503165e-02
2.853317956389430157e-02
2.851399011582504348e-02
2.849492923325708943e-02
2.847599575164851474e-02
2.845718852022141934e-02
2.843850640176120645e-02
2.841994827241924385e-02
2.840151302151912305e-02
2.838319955136609993e-02
2.836500677705983825e-02
2.834693362631042837e-02
2.832897903925746599e-02
2.831114196829229157e-02
2.829342137788312672e-02
2.827581624440334354e-02
2.825832555596245743e-02
2.824094831224009672e-02
2.822368352432277558e-02
2.820653021454320661e-02
2.818948741632257629e-02
2.817255417401525255e-02
2.815572954275610829e-02
2.813901258831049204e-02
2.812240238692650593e-02
2.810589802518983354e-02
2.808949859988095141e-02
2.807320321783461983e-02
2.805701099580179200e-02
2.804092106031361165e-02
2.802493254754775606e-02
2.800904460319693715e-02
2.799325638233942856e-02
2.797756704931184113e-02
2.796197577758383762e-02
2.794648174963483209e-02
2.793108415683284371e-02
2.791578219931506455e-02
2.790057508587049859e-02
2.788546203382436667e-02
2.787044226892442661e-02
2.785551502522901415e-02
2.784067954499692965e-02
2.782593507857897275e-02
2.781128088431127771e-02
2.779671622841022732e-02
2.778224038486909117e-02
2.776785263535621814e-02
2.775355226911483536e-02
2.773933858286438056e-02
2.772521088070342699e-02
2.771116847401400643e-02
