# bin_4_2
1.732272121315603104e-04
1.705672608827594550e-04
1.679244060171870346e-04
1.652988374633772664e-04
1.626912981404415794e-04
1.601020843343501786e-04
1.575317965076732736e-04
1.549808010940276312e-04
1.524496539666987227e-04
1.499386971820964643e-04
1.474485091525081610e-04
1.449793802411758622e-04
1.425318701521080772e-04
1.401063060717251511e-04
1.377031633941520558e-04
1.353227920279582498e-04
1.329656365809224949e-04
1.306320182568784772e-04
1.283223834498012036e-04
1.260370133361611274e-04
1.237763429600469741e-04
1.215406470240968897e-04
1.193302850024950446e-04
1.171455446171540453e-04
1.149867559578341997e-04
1.128541647774107651e-04
1.107480929483433351e-04
1.086687455983464202e-04
1.066164160306820965e-04
1.045912923679188851e-04
1.025936134640106272e-04
1.006235510637428843e-04
9.868130692123124081e-05
9.676701311923023390e-05
9.488084652513697516e-05
9.302290735625238030e-05
9.119334036838757404e-05
8.939221035664579921e-05
8.761961219080219103e-05
8.587558512815858590e-05
8.416018910624896443e-05
8.247341941227684869e-05
8.081529563030653515e-05
7.918578743878119431e-05
7.758487783107685253e-05
7.601249006499236072e-05
7.446855993096847270e-05
7.295297658385764756e-05
7.146565211661384939e-05
7.000642759924764291e-05
6.857516036445061402e-05
6.717168441391586562e-05
6.579581722453891127e-05
6.444734200714291735e-05
6.312603983579823943e-05
6.183164829155647624e-05
6.056394827643721453e-05
5.932263614901245384e-05
5.810742092392383356e-05
5.691801604931245905e-05
5.575408870744392591e-05
5.461530764046288670e-05
5.350132265982826676e-05
5.241174529537005988e-05
5.134625747990255131e-05
5.030443592925867206e-05
4.928588749517886228e-05
4.829023485905078648e-05
4.731703600870640732e-05
4.636588940317045690e-05
4.543635735708620026e-05
4.452797137464006903e-05
4.364036393441823484e-05
4.277304383822191696e-05
4.192556748358969038e-05
4.109751810028703403e-05
4.028840069331087235e-05
3.949779964786288426e-05
3.872524274980840633e-05
3.797023814887290658e-05
3.723242324123990539e-05
3.651129251929449579e-05
3.580641343703763903e-05
3.511737297497373705e-05
3.444368434745252852e-05
3.378496877734585437e-05
3.314076787972621262e-05
3.251062182558235033e-05
3.189421491541406817e-05
3.129107482459860695e-05
3.070082358924803662e-05
3.012309071659392113e-05
2.955743784410068233e-05
2.900356302883624741e-05
2.846105732990784041e-05
2.792952421105138086e-05
2.740872572655614339e-05
2.689824707645437421e-05
2.639779057967987834e-05
2.590705019238250849e-05
2.542565590017944991e-05
2.495340592698258906e-05
2.448995153585754230e-05
2.403497364300112026e-05
2.358831968892056749e-05
2.314964288003769545e-05
2.271873640476468714e-05
2.229535764451901023e-05
2.187920971104128932e-05
2.147019218732425141e-05
2.106801458352235991e-05
2.067243756234274103e-05
2.028338489631968284e-05
1.990057189712713426e-05
1.952387836897854058e-05
1.915311795382831591e-05
1.878805662496871849e-05
1.842868386379608038e-05
1.807475590047299998e-05
1.772610754258700065e-05
1.738272407997148858e-05
1.704436430489435491e-05
1.671098644500049004e-05
1.638244939780149348e-05
1.605856397292755702e-05
1.573939556964336890e-05
1.542473520135232928e-05
1.511448039720127517e-05
1.480865635636697349e-05
1.450705474708981497e-05
1.420969712887222142e-05
1.391646956839227220e-05
1.362721657102571065e-05
1.334206079145297065e-05
1.306081451865615820e-05
1.278343037603023351e-05
1.250994810663973358e-05
1.224018951828264009e-05
1.197422221905172394e-05
1.171194547100004482e-05
1.145322813690271211e-05
1.119823201312762137e-05
1.094678035958345193e-05
1.069886831171242342e-05
1.045453494485534673e-05
1.021362211416675315e-05
9.976236597804688042e-06
9.742277098280462374e-06
9.511631138392729153e-06
9.284484843851378198e-06
9.060664080632743414e-06
8.840194066434087388e-06
8.623102354730846641e-06
8.409241158748312426e-06
8.198754790765881126e-06
7.991530661413139263e-06
7.787470336139610034e-06
7.586772086992629973e-06
7.389255342774818860e-06
7.194968432077644528e-06
7.003920096837015118e-06
6.815968726457863551e-06
6.631295031404883247e-06
6.449763654791566833e-06
6.271283544345917260e-06
6.096055977526293584e-06
5.923891519146053454e-06
5.754862458533189167e-06
5.588951683636805662e-06
5.426014389017878972e-06
5.266263627604490320e-06
5.109537215364172453e-06
4.955754248011070827e-06
4.805109159548221573e-06
4.657395718380249613e-06
4.512711511319835349e-06
4.371015804705291618e-06
4.232155972716248373e-06
4.096366270544057000e-06
3.963454258639343988e-06
3.833360077536920134e-06
3.706261776152883339e-06
3.581928589191371223e-06
3.460486581743919469e-06
3.341878004448297664e-06
3.225935528632448185e-06
3.112904715314722013e-06
3.002572197931133685e-06
2.894900309885974199e-06
2.790037364056527996e-06
2.687745099919278425e-06
2.588168124411124850e-06
2.491230238566893493e-06
2.396765088629616593e-06
2.305010187373296481e-06
2.215737747856720510e-06
2.128942484402250879e-06
2.044721280190121832e-06
1.962854739833885000e-06
1.883483884195954967e-06
1.806519742355939785e-06
1.731808792613152757e-06
1.659560385930453979e-06
1.589550261499666095e-06
1.521798382379421039e-06
1.456357697280872429e-06
1.393037381946112311e-06
1.331969034821379732e-06
1.273052912970014094e-06
1.216156457464383925e-06
1.161435836016475200e-06
1.108669186176336906e-06
1.057866429191606422e-06
1.009014171902674168e-06
9.619187086794647885e-07
9.166543999761548766e-07
8.730805522193651460e-07
8.310600469386654875e-07
7.906689890556107412e-07
7.516923926743377238e-07
7.141286364034993694e-07
6.779335673227031468e-07
6.429530771185997152e-07
6.092488773264851260e-07
5.767104896431074963e-07
5.452630426216114044e-07
5.149735041011020281e-07
4.857074950643067862e-07
4.575037464432199921e-07
4.303507410726955176e-07
4.041727189469176779e-07
3.790417001843684312e-07
