# bin_4_4
3.117746140299389960e-04
3.065838478547231447e-04
3.014415464642336215e-04
2.963481435359794779e-04
2.913048325144472874e-04
2.863121479143221674e-04
2.813710800586023122e-04
2.764822183929236863e-04
2.716464377579573325e-04
2.668642700386908016e-04
2.621365710114916155e-04
2.574637910995071217e-04
2.528467007130711557e-04
2.482857523984556038e-04
2.437815834311652936e-04
2.393346255898556440e-04
2.349454288555732537e-04
2.306143610780271222e-04
2.263419051284688594e-04
2.221283359871842398e-04
2.179740987039598653e-04
2.138794155474097315e-04
2.098445967293831023e-04
2.058698264993614807e-04
2.019553176039219221e-04
1.981011574701078688e-04
1.943075028012126743e-04
1.905743638055392374e-04
1.869018164754075793e-04
1.832897964370132089e-04
1.797382682636786111e-04
1.762471057107189412e-04
1.728161970177157609e-04
1.694453191320522203e-04
1.661342776578641947e-04
1.628828099612961839e-04
1.596906437519434189e-04
1.565574180853670388e-04
1.534827773170687360e-04
1.504662830280198904e-04
1.475075361444296701e-04
1.446060111750399558e-04
1.417611924047796766e-04
1.389725654762224982e-04
1.362395403921959651e-04
1.335614967635631231e-04
1.309377947137691271e-04
1.283677280963054141e-04
1.258506743827892457e-04
1.233858528313808720e-04
1.209725004364951471e-04
1.186099149049111380e-04
1.162972629423497526e-04
1.140337517720659287e-04
1.118185457410267704e-04
1.096507451804268134e-04
1.075296056135245187e-04
1.054541783352185241e-04
1.034235575198380917e-04
1.014369449499258661e-04
9.949335996100873132e-05
9.759194665224692883e-05
9.573176730080981266e-05
9.391184050197529955e-05
9.213140002110730570e-05
9.038943010981238130e-05
8.868500234516631998e-05
8.701730858010272446e-05
8.538533047852408674e-05
8.378825034597716195e-05
8.222512948508687084e-05
8.069499858491069409e-05
7.919716831951482787e-05
7.773064987630763732e-05
7.629458824029048758e-05
7.488824344277702366e-05
7.351065122358590000e-05
7.216111271174950918e-05
7.083876103203472858e-05
6.954271551302856598e-05
6.827242880897762417e-05
6.702700228204713068e-05
6.580572427128277056e-05
6.460796297530465367e-05
6.343287295799283747e-05
6.227992435244647789e-05
6.114836150886699523e-05
6.003744325774299125e-05
5.894679106514936112e-05
5.787563163354295169e-05
5.682342429087399512e-05
5.578966323353138571e-05
5.477364285495768087e-05
5.377502869069315821e-05
5.279318664817076302e-05
5.182752717156616966e-05
5.087784511477834378e-05
4.994349063404768474e-05
4.902409435300827950e-05
4.811927206475140854e-05
4.722845355248155122e-05
4.635150373647700065e-05
4.548789158782548737e-05
4.463716707965680443e-05
4.379927857841090085e-05
4.297368641597881545e-05
4.216018499134853654e-05
4.135848087248325067e-05
4.056812097627275675e-05
3.978915063355022424e-05
3.902111546441144034e-05
3.826369182229915115e-05
3.751694577798240430e-05
3.678041985035918776e-05
3.605405156598066982e-05
3.533761411168820951e-05
3.463074002881041935e-05
3.393362421325055519e-05
3.324585841419137752e-05
3.256723258011904508e-05
3.189789523675435321e-05
3.123742919199142817e-05
3.058589993460699786e-05
2.994312553085651352e-05
2.930878726358455494e-05
2.868320189591575683e-05
2.806598654958148526e-05
2.745702503845789104e-05
2.685650543068685803e-05
2.626403587129524415e-05
2.567978403582890472e-05
2.510358125444221182e-05
2.453514058360350280e-05
2.397486666528495235e-05
2.342237937284650579e-05
2.287764900679687698e-05
2.234085281527989133e-05
2.181162898796110616e-05
2.129021790358414794e-05
2.077644273480034115e-05
2.027003690398544622e-05
1.977145964538478036e-05
1.928031931839796812e-05
1.879665437281297295e-05
1.832060628209342869e-05
1.785182872016363481e-05
1.739062846450400060e-05
1.693679845587138196e-05
1.649008857693061726e-05
1.605098446814808182e-05
1.561907292206061613e-05
1.519444242126803954e-05
1.477718357589037899e-05
1.436695024330046278e-05
1.396411538428654760e-05
1.356842487303967872e-05
1.317964434120247116e-05
1.279825984843276265e-05
1.242382612713529570e-05
1.205647423589145509e-05
1.169623488019115779e-05
1.134276005923752340e-05
1.099648143755536052e-05
1.065708256361587295e-05
1.032434263122411617e-05
9.998724900192584576e-06
9.679758051239188162e-06
9.367618405328837308e-06
9.062269480508207775e-06
8.763354007781511086e-06
8.471342552077080725e-06
8.185860651734459237e-06
7.906718052674371089e-06
7.634329403253624477e-06
7.368198900642382861e-06
7.108543969074835722e-06
6.855273625780159453e-06
6.608028141390377579e-06
6.367281445351448725e-06
6.132610730811250161e-06
5.903881814552339828e-06
5.681438204532239533e-06
5.464767213407025734e-06
5.254120058528644207e-06
5.049372847169740070e-06
4.850165819420432798e-06
4.656949155641596911e-06
4.469289241105071015e-06
4.287110240441833438e-06
4.110669487182581599e-06
3.939496698183164758e-06
3.773856640558643884e-06
3.613613049069932118e-06
3.458459561864171557e-06
3.308800457570825931e-06
3.164226649438136394e-06
3.024734205744172562e-06
2.890458449493590710e-06
2.760992459524521528e-06
2.636514782691948968e-06
2.516810937063189458e-06
2.401530182156888935e-06
2.290861810755746210e-06
2.184298303931036463e-06
2.081718865807207623e-06
1.983023072236487527e-06
1.887758482961312631e-06
1.795956558448040834e-06
1.707345548813802993e-06
1.621630240359653438e-06
1.538936303442696977e-06
1.458903943775031895e-06
1.381538812498045209e-06
1.306824488319676613e-06
1.234541237728035594e-06
1.164823547565589760e-06
1.097562604028266084e-06
1.032662521972671197e-06
9.702736884066280163e-07
9.102079832287373676e-07
8.525376272032800763e-07
7.972664273924737227e-07
7.442744683656106957e-07
6.936528488772050835e-07
6.453167778548588624e-07
5.992083015245515773e-07
5.553800337905206045e-07
5.136879271948349291e-07
4.741509000586109507e-07
4.367249707683902644e-07
4.013075564659167328e-07
3.678965964158445710e-07
