# bin_4_1
8.210644673177870179e-05
8.095134679975210122e-05
7.980221203763143689e-05
7.865901198994970308e-05
7.752212875259012644e-05
7.639161653874073645e-05
7.526775762672686758e-05
7.415066913811693141e-05
7.304060039818683421e-05
7.193764644024729169e-05
7.084209670754085741e-05
6.975400812582756272e-05
6.867365256565690463e-05
6.760112650684490859e-05
6.653664744743254152e-05
6.548033633285886492e-05
6.443239764579653515e-05
6.339294639179878280e-05
6.236218063329591541e-05
6.134017759239447697e-05
6.032716057228350401e-05
5.932321793494954072e-05
5.832852282193024072e-05
5.734318339780612711e-05
5.636735409627571558e-05
5.540112668729515587e-05
5.444466595849800563e-05
5.349804048005584611e-05
5.256140587945054641e-05
5.163483628165583693e-05
5.071845902066521208e-05
4.981234969095923049e-05
4.891662389445088310e-05
4.803134328508930074e-05
4.715661986385063777e-05
4.629250275229617779e-05
4.543909443900921475e-05
4.459643903270209096e-05
4.376461907484670744e-05
4.294367346513164920e-05
4.213367536073313568e-05
4.133465030938774125e-05
4.054666116168201750e-05
3.976972661711102150e-05
3.900389887884724954e-05
3.824918510809963081e-05
3.750561922901040143e-05
3.677320330545133319e-05
3.605196573638587768e-05
3.534189259682593272e-05
3.464299668986470579e-05
3.395526114054507675e-05
3.327868747684058052e-05
3.261324409533270619e-05
3.195891989946923528e-05
3.131566992641695392e-05
3.068348227237616593e-05
3.006229940906504706e-05
2.945208529335018751e-05
2.885278707037905658e-05
2.826435413634339100e-05
2.768671838612242502e-05
2.711981938912939855e-05
2.656357090324693138e-05
2.601792010549124686e-05
2.548276585638400494e-05
2.495802751077720927e-05
2.444361513365114196e-05
2.393942882231476382e-05
2.344536620375403755e-05
2.296132256803479907e-05
2.248716905212278463e-05
2.202282002769174660e-05
2.156813345010092251e-05
2.112299126955294101e-05
2.068727046023569974e-05
2.026082902930268490e-05
1.984353787244118642e-05
1.943525496281773066e-05
1.903581826792735392e-05
1.864511782272998831e-05
1.826297970802776656e-05
1.788926095261576563e-05
1.752381314893784725e-05
1.716646676063416976e-05
1.681707855744739045e-05
1.647548122926361237e-05
1.614149481480071929e-05
1.581499785958883714e-05
1.549579940180149200e-05
1.518374724470989901e-05
1.487868159551676781e-05
1.458042151970053353e-05
1.428882725684763527e-05
1.400372223641314630e-05
1.372492545549025101e-05
1.345232078071794294e-05
1.318571543650769493e-05
1.292496524207075927e-05
1.266991471386703725e-05
1.242038807921338557e-05
1.217626698887502219e-05
1.193738021759737419e-05
1.170356077176564680e-05
1.147471161512057504e-05
1.125065303660315185e-05
1.103126445517769488e-05
1.081640543014332804e-05
1.060591887009456997e-05
1.039971955843694845e-05
1.019765209835681801e-05
9.999576051278216858e-06
9.805420498484915978e-06
9.615027493854039548e-06
9.428308987626595689e-06
9.245146446218540360e-06
9.065407672416443262e-06
8.889044851422816932e-06
8.715922808096117485e-06
8.545933769003205796e-06
8.379034702563345141e-06
8.215089466737825869e-06
8.054045991688616566e-06
7.895809637805415658e-06
7.740271507823153724e-06
7.587420750701601278e-06
7.437142338793227264e-06
7.289360624626434578e-06
7.144055755905782771e-06
7.001112237633318068e-06
6.860511042700943304e-06
6.722176553521902482e-06
6.586020883558571400e-06
6.452064077508394732e-06
6.320207126919240683e-06
6.190404586545932604e-06
6.062650049479810238e-06
5.936848076166589327e-06
5.813005667904409678e-06
5.691060653774293907e-06
5.570942244249343446e-06
5.452693258968165657e-06
5.336226153195630035e-06
5.221519919400648963e-06
5.108574697926253083e-06
4.997310040154862602e-06
4.887754617355702211e-06
4.779853083799398279e-06
4.673548402069916903e-06
4.568898386507706749e-06
4.465822648256648944e-06
4.364318346464042906e-06
4.264386492205867875e-06
4.165956526243164168e-06
4.069075604531870357e-06
3.973689659891252762e-06
3.879752597274865150e-06
3.787330223462802479e-06
3.696345022046431517e-06
3.606807645383922788e-06
3.518715699384849592e-06
3.432005960055638148e-06
3.346740941646775130e-06
3.262862758312067619e-06
3.180332977966142664e-06
3.099219911439328278e-06
3.019447638201195375e-06
2.941038173635843672e-06
2.863982017576554480e-06
2.788219756643216839e-06
2.713825789844828987e-06
2.640736528281009453e-06
2.568921022151804721e-06
2.498445189028960904e-06
2.429232140205291228e-06
2.361313499657824104e-06
2.294672556658931706e-06
2.229251818496655556e-06
2.165132894019565536e-06
2.102244968471306528e-06
2.040566662180739442e-06
1.980157969325274213e-06
1.920938022389710296e-06
1.862948144831776752e-06
1.806166319318899931e-06
1.750533449893973511e-06
1.696136027647988126e-06
1.642898479577775218e-06
1.590807981973951647e-06
1.539915297104064748e-06
1.490139415309374625e-06
1.441529004264880389e-06
1.394055642097840509e-06
1.347660763642560147e-06
1.302429990299074165e-06
1.258280709492134923e-06
1.215207539199118765e-06
1.173240455547993628e-06
1.132296750713057333e-06
1.092418914815680779e-06
1.053563596526009618e-06
1.015664407634690498e-06
9.787926239464581816e-07
9.428550733155449536e-07
9.078486732408928585e-07
8.737863395378749201e-07
8.405904206264311835e-07
8.083096538289018117e-07
7.769022305303066467e-07
7.463171957573045943e-07
7.166287027704343635e-07
6.877569796030972114e-07
6.597177747349955875e-07
6.325233067826506384e-07
6.061116599817050997e-07
5.805402854975279996e-07
5.557694497509547075e-07
5.317611600904634009e-07
5.085801918893435366e-07
4.861521645506768818e-07
4.644968507634045030e-07
4.436141325635040671e-07
4.234461863757474469e-07
4.040415884703348965e-07
3.853517082259902380e-07
3.673401809430591901e-07
3.500478307310861583e-07
3.333984801844064307e-07
3.174030673297497989e-07
3.020427749035622065e-07
2.872579652594802543e-07
2.730790273658106848e-07
