# bin_3_1
7.510169216432414549e-05
7.406389693107841234e-05
7.303079594896721483e-05
7.200235296140982105e-05
7.097893588124551748e-05
6.996058993088176078e-05
6.894757517563922927e-05
6.794000584520821845e-05
6.693812126962269576e-05
6.594200754961620549e-05
6.495193593640896331e-05
6.396796441102970668e-05
6.299035994295489559e-05
6.201920817422726330e-05
6.105471943600617303e-05
6.009701974517208815e-05
5.914629897363203083e-05
5.820266215872182481e-05
5.726633249157760222e-05
5.633738893972380421e-05
5.541602551391492081e-05
5.450234207964050747e-05
5.359652020731621539e-05
5.269866567496109922e-05
5.180893905333065595e-05
5.092743907710696401e-05
5.005432965191589122e-05
4.918969124873113320e-05
4.833368616187410445e-05
4.748639141158056165e-05
4.664794767915831476e-05
4.581843986031538098e-05
4.499798890093466031e-05
4.418667176807427975e-05
4.338461037432152375e-05
4.259186447313185146e-05
4.180855059627399458e-05
4.103472230534471385e-05
4.027047848170050160e-05
3.951587332320417607e-05
3.877098891411843691e-05
3.803587052216738295e-05
3.731059442841652376e-05
3.659519353085687201e-05
3.588973669109531475e-05
3.519424568136346617e-05
3.450877512964291467e-05
3.383333952981887148e-05
3.316798148774646661e-05
3.251270835091498915e-05
3.186754855923309743e-05
3.123250192828719052e-05
3.060758670849180797e-05
2.999278870644588377e-05
2.938811341260046827e-05
2.879353617608391603e-05
2.820905757162738055e-05
2.763463958374245719e-05
2.707026531889107063e-05
2.651589472446770832e-05
2.597149804074160186e-05
2.543702167845526222e-05
2.491242390834607609e-05
2.439763616364206620e-05
2.389261876983442355e-05
2.339729066066432626e-05
2.291158827219843522e-05
2.243543461074035204e-05
2.196875003347286033e-05
2.151144600260409902e-05
2.106343485053566427e-05
2.062460695008163267e-05
2.019488688832765717e-05
1.977415217134987941e-05
1.936230037788623203e-05
1.895922135822282755e-05
1.856479235963895468e-05
1.817889627939957623e-05
1.780140767164559149e-05
1.743218219369604830e-05
1.707111865645481925e-05
1.671806179360500416e-05
1.637288190004612218e-05
1.603544290822807297e-05
1.570559249917700281e-05
1.538319746008442806e-05
1.506810578274058272e-05
1.476015354434325309e-05
1.445922566151223238e-05
1.416514807713319416e-05
1.387777964626860050e-05
1.359697090615007023e-05
1.332255668436395749e-05
1.305440348462010715e-05
1.279234910471321502e-05
1.253622561328580161e-05
1.228592037821218132e-05
1.204125577638964352e-05
1.180209555159832936e-05
1.156829271036967046e-05
1.133968478183005395e-05
1.111615563360498891e-05
1.089754664436455076e-05
1.068370127794559641e-05
1.047452293888920611e-05
1.026984483488218664e-05
1.006955086671472764e-05
9.873507299225942548e-06
9.681567835764571834e-06
9.493645513359542056e-06
9.309595868694140564e-06
9.129286068818029542e-06
8.952642999261594553e-06
8.779519858985947414e-06
8.609829608833488855e-06
8.443458873195018244e-06
8.280284288261160499e-06
8.120252746358954245e-06
7.963238850138655429e-06
7.809139715430865838e-06
7.657908224302735674e-06
7.509418282154560306e-06
7.363615760938010740e-06
7.220410049518079093e-06
7.079699866745408790e-06
6.941466244801886408e-06
6.805603352522148369e-06
6.672038119927180608e-06
6.540745758387022991e-06
6.411620197160577167e-06
6.284637835706034216e-06
6.159726810896574346e-06
6.036806029118994694e-06
5.915885596319201218e-06
5.796875639282059186e-06
5.679731249504879258e-06
5.564441554558171209e-06
5.450919788108673455e-06
5.339166812727940063e-06
5.229124355584644147e-06
5.120727945923635211e-06
5.014009585939537541e-06
4.908891166081111087e-06
4.805350635651996358e-06
4.703384723101112335e-06
4.602921269016630198e-06
4.503981627232978894e-06
4.406515027048719278e-06
4.310470314955090798e-06
4.215894508669673282e-06
4.122717046396603417e-06
4.030932953509381284e-06
3.940541196315685524e-06
3.851479376353505847e-06
3.763786517271538408e-06
3.677414087311397794e-06
3.592321307107517067e-06
3.508564003104960228e-06
3.426074823410567826e-06
3.344861532032946353e-06
3.264921201273316361e-06
3.186198481724921692e-06
3.108747499877771794e-06
3.032516925831114301e-06
2.957472952384650566e-06
2.883675358916826550e-06
2.811058268006329338e-06
2.739640317900084763e-06
2.669412958833705740e-06
2.600324183172740154e-06
2.532440372983037650e-06
2.465705142808879805e-06
2.400091210072569748e-06
2.335657860353213120e-06
2.272337733338119260e-06
2.210158972515647257e-06
2.149106911656178289e-06
2.089130741516329746e-06
2.030305042120640509e-06
1.972566455322724998e-06
1.915896154826304326e-06
1.860349522242837853e-06
1.805854446911402020e-06
1.752448931659870521e-06
1.700113532479584333e-06
1.648795113258234671e-06
1.598574143506651004e-06
1.549381882553268228e-06
1.501206758254023566e-06
1.454096088282552167e-06
1.407975421690355356e-06
1.362889457667940839e-06
1.318811508737594391e-06
1.275687156790185512e-06
1.233596978936855899e-06
1.192465447594273377e-06
1.152289935141227689e-06
1.113102942930501969e-06
1.074833052201953093e-06
1.037527580986129425e-06
1.001154243149212451e-06
9.656596518104093442e-07
9.311201761610479547e-07
8.974558396517208985e-07
8.646696477414545946e-07
8.327779820512377196e-07
8.017090761703614936e-07
7.715087452226833784e-07
7.421347138127121109e-07
7.135345673056332646e-07
6.857743234494429782e-07
6.587727350150182487e-07
6.325393440660536153e-07
6.070810058852550972e-07
5.823344506333837587e-07
5.583515960555125139e-07
5.350919977048026162e-07
5.125178638324349332e-07
4.906913738579404679e-07
4.695415797986897774e-07
4.490885088971444164e-07
4.293337429570394078e-07
4.102237333910904299e-07
3.918081207416830876e-07
3.740425423451855559e-07
3.568946494025973451e-07
3.404074758790110496e-07
3.245103987702099176e-07
3.092171240369155572e-07
2.945124082087455604e-07
2.803411990776899043e-07
2.667362957666530395e-07
