# bin_2_1
6.153074088204579242e-05
6.071339076688680477e-05
5.989884396115636013e-05
5.908704184309708068e-05
5.827830142180045613e-05
5.747264913558634261e-05
5.667030421462122456e-05
5.587135182842620267e-05
5.507599245637684305e-05
5.428429555323180150e-05
5.349649608335053659e-05
5.271262620485854891e-05
5.193292005236682278e-05
5.115745018015420691e-05
5.038639492450222774e-05
4.961985730244265286e-05
4.885800711749533969e-05
4.810093481771827387e-05
4.734882786248625387e-05
4.660175479056657234e-05
4.585991076709835162e-05
4.512337383445567534e-05
4.439229302736019353e-05
4.366677638490526389e-05
4.294696980548797595e-05
4.223296401176238253e-05
4.152491733652709048e-05
4.082290221414115451e-05
4.012707319512753455e-05
3.943751092893542636e-05
3.875434742798251702e-05
3.807767006675428129e-05
3.740760229784394648e-05
3.674422210227417990e-05
3.608765437140412435e-05
3.543796694057980349e-05
3.479527951315050768e-05
3.415965784323559686e-05
3.353120705077394082e-05
3.290999308751197045e-05
3.229611177744079562e-05
3.168962104765357869e-05
3.109061211373841485e-05
3.049913460608104612e-05
2.991527264022558898e-05
2.933906931064039913e-05
2.877059598334710290e-05
2.820989237104252556e-05
2.765702043038052474e-05
2.711200896623806148e-05
2.657491276467867627e-05
2.604575419047017252e-05
2.552457926907884567e-05
2.501140012895654709e-05
2.450624891076113858e-05
2.400913187441261476e-05
2.352007399749457569e-05
2.303907111342164360e-05
2.256613495055340450e-05
2.210125542790175110e-05
2.164443555666191606e-05
2.119565270272261899e-05
2.075489797674265178e-05
2.032213855030204610e-05
1.989736233662198225e-05
1.948052488391691892e-05
1.907159747618680912e-05
1.867053402177216187e-05
1.827729263259739186e-05
1.789181591491922416e-05
1.751405307408596069e-05
1.714393176024494700e-05
1.678140440303419297e-05
1.642638806862818451e-05
1.607881443442431412e-05
1.573860470480316224e-05
1.540567523117781782e-05
1.507993920394136049e-05
1.476130774743992759e-05
1.444967407009534634e-05
1.414496187437515647e-05
1.384705518369777018e-05
1.355585630663322975e-05
1.327125844234305609e-05
1.299314716714416400e-05
1.272141522097023772e-05
1.245594524912262725e-05
1.219660816954050837e-05
1.194330909090391736e-05
1.169591062822151788e-05
1.145429849731911936e-05
1.121834942714339724e-05
1.098793189971785625e-05
1.076293198864156848e-05
1.054321849020025390e-05
1.032865313704212934e-05
1.011913752796018691e-05
9.914525912504470464e-06
9.714702602189143562e-06
9.519542039413196019e-06
9.328909972618239097e-06
9.142701763196413686e-06
8.960785142755264899e-06
8.783027177965875299e-06
8.609338688810680453e-06
8.439579611366032050e-06
8.273646908793108482e-06
8.111423492919340813e-06
7.952785555437764118e-06
7.797649134303884328e-06
7.645891815801485010e-06
7.497397841595241920e-06
7.352095462583406793e-06
7.209859760957195437e-06
7.070609590457323217e-06
6.934244036448854302e-06
6.800657136111551173e-06
6.669791442196150120e-06
6.541540194777038247e-06
6.415811503459688547e-06
6.292554868108908828e-06
6.171662971152239098e-06
6.053081081030950577e-06
5.936727783305816098e-06
5.822515897045109706e-06
5.710416087338022907e-06
5.600338818442179548e-06
5.492217093355798491e-06
5.386020071906003636e-06
5.281658208367455378e-06
5.179102302009834245e-06
5.078288055483386158e-06
4.979146192498080954e-06
4.881672283056718736e-06
4.785791690608264647e-06
4.691461376428233989e-06
4.598664125868718580e-06
4.507327715676890158e-06
4.417444056589107164e-06
4.328962040317913404e-06
4.241827583589298173e-06
4.156055698185835560e-06
4.071583358370437252e-06
3.988387284990449855e-06
3.906458886744659629e-06
3.825739424561076668e-06
3.746238602883475135e-06
3.667913535011798466e-06
3.590722414782261162e-06
3.514694237718534395e-06
3.439773924565923825e-06
3.365953133873175955e-06
3.293227292967155328e-06
3.221547060627577743e-06
3.150937466316735202e-06
3.081359369035697084e-06
3.012780468059373264e-06
2.945238728609108241e-06
2.878683145469259448e-06
2.813116508437118518e-06
2.748534569953145383e-06
2.684894832995754788e-06
2.622235578064794798e-06
2.560516958344594375e-06
2.499712945736624979e-06
2.439866578305227711e-06
2.380928976928741997e-06
2.322912332190724373e-06
2.265809305157726169e-06
2.209580794278056338e-06
2.154276289254816021e-06
2.099852843232733462e-06
2.046289786134069440e-06
1.993631724284391470e-06
1.941828861469443621e-06
1.890901726590896205e-06
1.840838974387683111e-06
1.791602534491873524e-06
1.743250199335135974e-06
1.695733615252182026e-06
1.649038574093608963e-06
1.603208356785960587e-06
1.558188597137546925e-06
1.514008488908011601e-06
1.470652965395636714e-06
1.428081286969789429e-06
1.386357723976639609e-06
1.345428828398611410e-06
1.305285810773530398e-06
1.265967170653145998e-06
1.227415405111744791e-06
1.189666813448813766e-06
1.152700958456654811e-06
1.116475755016925898e-06
1.081058528370250622e-06
1.046390127710440969e-06
1.012469694352617925e-06
9.793257645937287584e-07
9.469021477143154260e-07
9.152394292140671710e-07
8.843127193047989019e-07
8.540804414521671450e-07
8.246096856898868345e-07
7.958379575713993324e-07
7.677716303567165790e-07
7.404296514013298466e-07
7.137573754784342921e-07
6.877992308972118846e-07
6.625246651639699225e-07
6.378943604557857190e-07
6.139697988585887992e-07
5.906855662587845135e-07
5.680518664115404869e-07
5.460760089046432065e-07
5.247036768290290772e-07
5.039791809126430941e-07
4.838653106053726324e-07
4.643266348266886933e-07
4.454154445221737008e-07
4.270671562576900065e-07
4.092963851072786895e-07
3.921023980066792127e-07
3.754363813693697667e-07
3.593419965264914615e-07
3.437793378825668817e-07
3.287199210596247926e-07
3.142044523781819443e-07
3.001719845773816672e-07
2.866374222040139170e-07
2.735902602874029842e-07
2.609842829178107227e-07
2.488538821539664046e-07
