# bin_4_3
2.620272737787761427e-04
2.577549390011334260e-04
2.535186262425314589e-04
2.493187079883929557e-04
2.451562390257553607e-04
2.410316919218312220e-04
2.369459333198409973e-04
2.328995066706754206e-04
2.288931999432599251e-04
2.249275036703492800e-04
2.210031973573888930e-04
2.171207133045944897e-04
2.132807805521962465e-04
2.094838345680806045e-04
2.057304893996227395e-04
2.020211922641600600e-04
1.983564826514623721e-04
1.947367442919789473e-04
1.911625101198304207e-04
1.876340979699930118e-04
1.841519610052874927e-04
1.807163943927430824e-04
1.773277793357455601e-04
1.739863717348646489e-04
1.706924720979182243e-04
1.674462720357774179e-04
1.642480253464374091e-04
1.610978612562693113e-04
1.579959785196763866e-04
1.549424424094721022e-04
1.519373643281074699e-04
1.489807694892034758e-04
1.460726951781673576e-04
1.432130937317501710e-04
1.404019453086217310e-04
1.376391537579869755e-04
1.349246399679915212e-04
1.322582303351856644e-04
1.296397692676806398e-04
1.270690294145684907e-04
1.245458021385777495e-04
1.220697875393228444e-04
1.196406918837892609e-04
1.172581992856651129e-04
1.149219557691689205e-04
1.126315579308613551e-04
1.103865987340119645e-04
1.081866044692333180e-04
1.060311584608133881e-04
1.039197258253805173e-04
1.018517788502568827e-04
9.982681820641711842e-05
9.784425507363649543e-05
9.590351073847318123e-05
9.400397657523177459e-05
9.214498874248342668e-05
9.032598788485845707e-05
8.854625960456733759e-05
8.680511904905017910e-05
8.510194329708166481e-05
8.343598338859164391e-05
8.180656255368436321e-05
8.021294733302581032e-05
7.865436167074957882e-05
7.713018511399031391e-05
7.563960725705934688e-05
7.418187934001905354e-05
7.275633108677208609e-05
7.136214102926065610e-05
6.999862403497319411e-05
6.866500665677604935e-05
6.736048753854854639e-05
6.608447100165580840e-05
6.483613503980206793e-05
6.361475605336203805e-05
6.241969146372055037e-05
6.125013312111676192e-05
6.010546481684331466e-05
5.898494694485812150e-05
5.788782583456374137e-05
5.681359902520084792e-05
5.576149824456646479e-05
5.473089610484797147e-05
5.372122335820868789e-05
5.273175250600936902e-05
5.176199088141503381e-05
5.081127814017797511e-05
4.987896436574772499e-05
4.896467465970013656e-05
4.806773635328947245e-05
4.718765434960396160e-05
4.632395898501862329e-05
4.547603390800219575e-05
4.464354141854014749e-05
4.382592156081695082e-05
4.302264740111804152e-05
4.223348624243342976e-05
4.145786941354250835e-05
4.069544327040660936e-05
3.994584332745395607e-05
3.920856790378126028e-05
3.848344492516232973e-05
3.777000609742769705e-05
3.706784461486874969e-05
3.637685936146177788e-05
3.569657983781748860e-05
3.502679190542937410e-05
3.436721541165929943e-05
3.371745257452133228e-05
3.307748442341119005e-05
3.244691581248205017e-05
3.182545154834033916e-05
3.121309531828549876e-05
3.060945421487754720e-05
3.001443784686722664e-05
2.942783156574108581e-05
2.884931706419434168e-05
2.827900390349840612e-05
2.771654594836986277e-05
2.716174834760708086e-05
2.661469142872180944e-05
2.607502584314138171e-05
2.554277156469600806e-05
2.501776086813359862e-05
2.449972454306769404e-05
2.398887766507064315e-05
2.348490507585872551e-05
2.298769509953596291e-05
2.249736938422849800e-05
2.201360842567480573e-05
2.153652010833883866e-05
2.106595675518781381e-05
2.060168306550348350e-05
2.014399134634277085e-05
1.969257795117484739e-05
1.924740635013008573e-05
1.880859866276363262e-05
1.837586654161444042e-05
1.794938082140375290e-05
1.752899470921628349e-05
1.711449575953401676e-05
1.670622605832956919e-05
1.630388023783131717e-05
1.590748019570072664e-05
1.551712690974132932e-05
1.513255005311767463e-05
1.475397708149021088e-05
1.438124290271880278e-05
1.401415279085250188e-05
1.365307617947674813e-05
1.329769597999557086e-05
1.294807638272425112e-05
1.260428355652062015e-05
1.226605148408242642e-05
1.193366450411507257e-05
1.160692423810250098e-05
1.128565049156118080e-05
1.097022013058107432e-05
1.066029308271036622e-05
1.035596875186457359e-05
1.005726986889874156e-05
9.763930712394336444e-06
9.476288966062548522e-06
9.194097993089378506e-06
8.917187203951950044e-06
8.645923835826936084e-06
8.379946007255623255e-06
8.119391408566590390e-06
7.864231447997748338e-06
7.614190776725076594e-06
7.369647697944170940e-06
7.130307069759239957e-06
6.896019341776514368e-06
6.667122367420227879e-06
6.443228505454539004e-06
6.224512947898886537e-06
6.010903985252068397e-06
5.802118357114732618e-06
5.598548802334791946e-06
5.399855425905358095e-06
5.205931079723785604e-06
5.017065676398037091e-06
4.832846897774623377e-06
4.653484982919391951e-06
4.478880486855790584e-06
4.308741117795634886e-06
4.143451768796929853e-06
3.982653968693630932e-06
3.826284393623854730e-06
3.674566268516869215e-06
3.527104619234694193e-06
3.384123597814250095e-06
3.245503100776012954e-06
3.110977887622883346e-06
2.980897467684376722e-06
2.854908005769998796e-06
2.733005294575279223e-06
2.615321170055441805e-06
2.501520764692137344e-06
2.391796734568598316e-06
2.286007246651235811e-06
2.183905439060775776e-06
2.085740784524987976e-06
1.991143985045835154e-06
1.900086648108304895e-06
1.812558053199303892e-06
1.728210275906665688e-06
1.647119073115600642e-06
1.569056264671306112e-06
1.493750384605588755e-06
1.421303975816051839e-06
1.351349295315016077e-06
1.283843457757271258e-06
1.218722677320440472e-06
1.155726299288367928e-06
1.094937454652121996e-06
1.036206805878388773e-06
9.794051036994127639e-07
9.246566160456350409e-07
8.717598789646048258e-07
8.207729862276812808e-07
7.716982026974412088e-07
7.244175267895985513e-07
6.790370303983751036e-07
6.354808719140566061e-07
5.937038267763023456e-07
5.537870325398924127e-07
5.156018275230428926e-07
4.791911206667729850e-07
4.445345380633501978e-07
4.115456010466534960e-07
3.802597125156551353e-07
