# bin_1_1
3.834762296540095535e-05
3.787337923105357096e-05
3.740028524638883394e-05
3.692824196303386755e-05
3.645747855330225772e-05
3.598797575750072443e-05
3.551986230427379223e-05
3.505318293136868644e-05
3.458805671850164848e-05
3.412449613856531079e-05
3.366266553803663899e-05
3.320254791034853934e-05
3.274430025804925574e-05
3.228794401346669901e-05
3.183358238604985200e-05
3.138127766012982939e-05
3.093112507263694557e-05
3.048316102937666093e-05
3.003751410058203857e-05
2.959419840236294710e-05
2.915334289099794413e-05
2.871498351166194306e-05
2.827921711295704944e-05
2.784609100956975076e-05
2.741569408526442291e-05
2.698808139246068963e-05
2.656334934022498053e-05
2.614153342244599401e-05
2.572273665291478688e-05
2.530699600070460522e-05
2.489440073926839792e-05
2.448499989962010768e-05
2.407887434312003618e-05
2.367606599580658944e-05
2.327666427627703637e-05
2.288070309419783360e-05
2.248826692393906295e-05
2.209939607436553502e-05
2.171416369322450851e-05
2.133261112747978987e-05
2.095480585238546875e-05
2.058079152803697143e-05
2.021063476838865430e-05
1.984437013476283404e-05
1.948206281498754999e-05
1.912374822322230515e-05
1.876948220527862573e-05
1.841930142718103738e-05
1.807325666926845828e-05
1.773138015519321360e-05
1.739372125689332587e-05
1.706030590061034967e-05
1.673118300144020012e-05
1.640637482129791947e-05
1.608592058680834169e-05
1.576984245632079683e-05
1.545817518894660830e-05
1.515093594543511608e-05
1.484815440436311431e-05
1.454984442316618777e-05
1.425603106613039331e-05
1.396672363018823613e-05
1.368193969712007257e-05
1.340168358396742026e-05
1.312597111377246940e-05
1.285480032060948980e-05
1.258817993635763010e-05
1.232610508915918011e-05
1.206857840719816344e-05
1.181558846132798171e-05
1.156713165434084396e-05
1.132318980067136479e-05
1.108375920745959713e-05
1.084881536059589279e-05
1.061834373383197162e-05
1.039231918179542114e-05
1.017071897355260682e-05
9.953512979207417447e-06
9.740673274321150010e-06
9.532159048937009524e-06
9.327945927722883679e-06
9.127987145377863045e-06
8.932246342110618665e-06
8.740678177722944261e-06
8.553236424506980245e-06
8.369873477245815246e-06
8.190539088179582942e-06
8.015172986667005396e-06
7.843733254790760841e-06
7.676153803675071397e-06
7.512380718584762745e-06
7.352351917063505523e-06
7.196003161098383870e-06
7.043274802110913716e-06
6.894099807171779579e-06
6.748404604297650577e-06
6.606136362858612448e-06
6.467215569172552190e-06
6.331578590207587574e-06
6.199153832100191402e-06
6.069866387914499379e-06
5.943653567235512604e-06
5.820439341297059203e-06
5.700144849610194297e-06
5.582714539417520587e-06
5.468064390928478552e-06
5.356130225752913301e-06
5.246838360358568235e-06
5.140112704595661999e-06
5.035895605940872738e-06
4.934110628127840060e-06
4.834682693134494710e-06
4.737560805158890021e-06
4.642664488094348847e-06
4.549937124317619396e-06
4.459310163914011589e-06
4.370713652285245445e-06
4.284101443269356934e-06
4.199402832350298184e-06
4.116553525708356264e-06
4.035512120465009729e-06
3.956206337956031616e-06
3.878592631653724431e-06
3.802612431171066892e-06
3.728205411017098611e-06
3.655340607440101371e-06
3.583956756138786088e-06
3.514003542833139996e-06
3.445450955492113809e-06
3.378237354850085956e-06
3.312334129957163811e-06
3.247693513673275068e-06
3.184266381323486190e-06
3.122037012541957445e-06
3.060954076912464825e-06
3.000982256392741808e-06
2.942101079796310031e-06
2.884260589252166089e-06
2.827445845500245793e-06
2.771618792723317271e-06
2.716740962251973146e-06
2.662809628361452179e-06
2.609782289740060315e-06
2.557636907200214053e-06
2.506360286866839949e-06
2.455912439155942980e-06
2.406290458839497375e-06
2.357463473666471186e-06
2.309402198244432955e-06
2.262113907966258826e-06
2.215562964403968144e-06
2.169737891487143125e-06
2.124630134651060225e-06
2.080207274750749787e-06
2.036476709817547315e-06
1.993412075151364063e-06
1.950991477220100598e-06
1.909229071665325715e-06
1.868093692739181453e-06
1.827581900524105521e-06
1.787687376455486461e-06
1.748383472181106693e-06
1.709686192764061632e-06
1.671570901960791184e-06
1.634020959011014659e-06
1.597054799483532955e-06
1.560644298606053878e-06
1.524792496796651519e-06
1.489493060078792608e-06
1.454722932629271140e-06
1.420505172236593364e-06
1.386815258507289598e-06
1.353640907933380860e-06
1.321002679331087405e-06
1.288873670310361605e-06
1.257262398321126906e-06
1.226161701906820442e-06
1.195550579633881359e-06
1.165457289813955749e-06
1.135855670300920866e-06
1.106737420002831136e-06
1.078122787681493348e-06
1.049982991996930177e-06
1.022330734243401732e-06
9.951566210189965108e-07
9.684383291798529757e-07
9.422074287725405339e-07
9.164352934880185001e-07
8.911164983373547505e-07
8.662694865378703972e-07
8.418647305083500011e-07
8.179196048591152376e-07
7.944229514028498228e-07
7.713530356157241641e-07
7.487449901886798338e-07
7.265684613606439737e-07
7.048230763566983544e-07
6.835235856479473855e-07
6.626416191270798300e-07
6.421980244470080842e-07
6.221794599594031700e-07
6.025643068029141442e-07
5.833889808209486112e-07
5.646208448109104601e-07
5.462631382894804682e-07
5.283260192988278554e-07
5.107809040878525852e-07
4.936519465126864856e-07
4.769223346041349813e-07
4.605709780712625775e-07
4.446335035338621887e-07
4.290750760785808414e-07
4.139020274894475212e-07
3.991197049695270154e-07
3.846994037193443206e-07
3.706683661683930865e-07
3.570063981384638425e-07
3.436943742446648452e-07
3.307655480692664768e-07
3.181839989351771065e-07
3.059592272693674587e-07
2.940920690660497725e-07
2.825548642678746073e-07
2.713763008536918543e-07
2.605328427328913966e-07
2.500078309092026408e-07
2.398294537769761477e-07
2.299616235838509303e-07
2.204152548909110806e-07
2.111855618781787904e-07
2.022450809196852076e-07
1.936196295569105443e-07
