# bin_3_2
1.564522538654929574e-04
1.540810086795096705e-04
1.517241441514600823e-04
1.493818130047882458e-04
1.470546964316460543e-04
1.447430516437556169e-04
1.424474242715067617e-04
1.401681414240620808e-04
1.379057091105190984e-04
1.356604319722507879e-04
1.334328419513005953e-04
1.312231945952442428e-04
1.290320070165328428e-04
1.268595734402963864e-04
1.247063316881824352e-04
1.225726011698899289e-04
1.204587934019519841e-04
1.183652025699719144e-04
1.162922454954892570e-04
1.142401797381106159e-04
1.122094147815117589e-04
1.102002054080926434e-04
1.082128908847663080e-04
1.062477427000755540e-04
1.043050757457675802e-04
1.023851244939560001e-04
1.004881998447334850e-04
9.861449945682474979e-05
9.676431032335769248e-05
9.493781825636876540e-05
9.313526145191320152e-05
9.135681360379788337e-05
8.960268057174925241e-05
8.787300200784815590e-05
8.616796397733876567e-05
8.448767715792975170e-05
8.283230023046266543e-05
8.120191467249861434e-05
7.959663471570492305e-05
7.801652102176181969e-05
7.646165627825088535e-05
7.493206306724624300e-05
7.342779057009692230e-05
7.194883663846588656e-05
7.049521867254371777e-05
6.906689491664983773e-05
6.766383959192409365e-05
6.628598240874499089e-05
6.493327418506737421e-05
6.360560173616513927e-05
6.230286973581951142e-05
6.102495480328664338e-05
5.977172651932301516e-05
5.854301682366588541e-05
5.733866004957140146e-05
5.615844934655712164e-05
5.500221471099521904e-05
5.386971173486840427e-05
5.276070834620854200e-05
5.167496960860753585e-05
5.061222644874730913e-05
4.957220316003274792e-05
4.855461133433865048e-05
4.755912571064435781e-05
4.658548073729005932e-05
4.563331857606273492e-05
4.470230793208725215e-05
4.379212542318183338e-05
4.290239603696785188e-05
4.203277266959317039e-05
4.118287997515008653e-05
4.035231229228992413e-05
3.954075019681937677e-05
3.874776609201416712e-05
3.797297330126655628e-05
3.721600417453047645e-05
3.647642622167836794e-05
3.575387004153636927e-05
3.504791968229632043e-05
3.435813903157518490e-05
3.368420316611914618e-05
3.302566253379003350e-05
3.238213053389095674e-05
3.175323434433527722e-05
3.113853971898812871e-05
3.053770151754657021e-05
2.995030793258631003e-05
2.937594361216043021e-05
2.881431767904328408e-05
2.826500322253321025e-05
2.772765510683449948e-05
2.720193257903869087e-05
2.668743838238681556e-05
2.618389006907245479e-05
2.569091499464957340e-05
2.520814941218088662e-05
2.473536739635361111e-05
2.427218957573076526e-05
2.381833858608563279e-05
2.337352857780010195e-05
2.293742030585538749e-05
2.250981802221616490e-05
2.209040105725991904e-05
2.167887312249771464e-05
2.127508312220906573e-05
2.087871159866435127e-05
2.048956121359596740e-05
2.010740291490407315e-05
1.973196252303961894e-05
1.936313449424884487e-05
1.900065088819819870e-05
1.864428714852072019e-05
1.829396111028772296e-05
1.794941007413693003e-05
1.761051476794871850e-05
1.727709817074682140e-05
1.694894375084689503e-05
1.662602739072279712e-05
1.630812498235192522e-05
1.599507975041361804e-05
1.568686641374019978e-05
1.538326352272071596e-05
1.508422328498666771e-05
1.478961161107501293e-05
1.449925424205825645e-05
1.421319661538579961e-05
1.393124820867580024e-05
1.365331013855174830e-05
1.337939522897287093e-05
1.310931387290314499e-05
1.284307649587828834e-05
1.258057589511230196e-05
1.232167014746215000e-05
1.206645766533661901e-05
1.181476940147098697e-05
1.156655734110102274e-05
1.132184989087551622e-05
1.108048640760642855e-05
1.084251995950458773e-05
1.060785751211331749e-05
1.037638080609804525e-05
1.014822492846885592e-05
9.923232806173684867e-06
9.701395759091186014e-06
9.482743949944916857e-06
9.267136347566283449e-06
9.054662078080075714e-06
8.845229696821763172e-06
8.638739098936662724e-06
8.435348629854495786e-06
8.234905339815661089e-06
8.037428439513722778e-06
7.842939751579453334e-06
7.651308919957111414e-06
7.462659230785967221e-06
7.276890948001987495e-06
7.093917560988436760e-06
6.913909657029082640e-06
6.736709984325990819e-06
6.562358976778738691e-06
6.390863233550509598e-06
6.222099034801149801e-06
6.056222696783890759e-06
5.893115635893329677e-06
5.732698529343180732e-06
5.575146037914116495e-06
5.420294008873975245e-06
5.268204494506121894e-06
5.118862201360483480e-06
4.972141360184773788e-06
4.828227956149314942e-06
4.686980432689666439e-06
4.548328500259010582e-06
4.412442263076512473e-06
4.279143062401828160e-06
4.148515743724799531e-06
4.020524623647132265e-06
3.895037145289469634e-06
3.772259594251728915e-06
3.652023685856652470e-06
3.534277368698513603e-06
3.419177882880512601e-06
3.306524215838033945e-06
3.196427229049746241e-06
3.088836244406976194e-06
2.983604945640058911e-06
2.880951651805449644e-06
2.780688606770780367e-06
2.682782770684310224e-06
2.587366467522788320e-06
2.494229922584799696e-06
2.403501538122552343e-06
2.315113492966583916e-06
2.228918428938016877e-06
2.145129704458359786e-06
2.063545102067903395e-06
1.984160426524502082e-06
1.907064538748325686e-06
1.832063441012569172e-06
1.759286397403854012e-06
1.688655886006937293e-06
1.620036967845486797e-06
1.553623008363084978e-06
1.489215012287460220e-06
1.426833269702045178e-06
1.366528965309590224e-06
1.308131467088297390e-06
1.251763355850492628e-06
1.197335868636054662e-06
1.144731017347053530e-06
1.094096812672856622e-06
1.045235149688662019e-06
9.981599781865097848e-07
9.528654755297892824e-07
9.091793806149410162e-07
8.671772209879031960e-07
8.267338000587486822e-07
7.877262529684261456e-07
7.502301464134448437e-07
7.140480132469382250e-07
6.791790729496917452e-07
6.455825764723960071e-07
6.131132420580742432e-07
5.818286817489940146e-07
5.516221096321864146e-07
5.224196010915446978e-07
4.942829841792559692e-07
4.670817608411058899e-07
4.408494393465546995e-07
4.155723151527072704e-07
3.911751092195010498e-07
3.677264836752624197e-07
