# bin_2_2
1.195959093594508004e-04
1.178534327462257332e-04
1.161198004593396848e-04
1.143950780590980223e-04
1.126798067949033832e-04
1.109741517012203231e-04
1.092785329617105238e-04
1.075931838764657280e-04
1.059184947865432372e-04
1.042546800755180035e-04
1.026021621764170756e-04
1.009611116191995445e-04
9.933194342732375908e-05
9.771486982630391352e-05
9.611023679042556456e-05
9.451828631078040095e-05
9.293934694949825069e-05
9.137364219499579732e-05
8.982151281308735650e-05
8.828315279241421372e-05
8.675890355206133508e-05
8.524896347790952302e-05
8.375361482700686120e-05
8.227308027281357312e-05
8.080762816398393727e-05
7.935745416218262618e-05
7.792283121680471363e-05
7.650392680241818602e-05
7.510099973635389170e-05
7.371421623484233443e-05
7.234379871185549248e-05
7.098991026452248403e-05
6.965275172697513184e-05
6.833246435955559102e-05
6.702923960985972935e-05
6.574319758222033029e-05
6.447451257515596451e-05
6.322328863335938815e-05
6.198966883399550378e-05
6.077374623584879884e-05
5.957564112479013670e-05
5.839542222041607244e-05
5.723319040302099914e-05
5.608899436634547130e-05
5.496291408428795739e-05
5.385497364840163202e-05
5.276522087597340231e-05
5.169366324583728086e-05
5.064032819493112796e-05
4.960519287630236942e-05
4.858825697750596199e-05
4.758948393029742012e-05
4.660884932142558547e-05
4.564628603955601043e-05
4.470173920049280632e-05
4.377511791101611546e-05
4.286635671361062105e-05
4.197533633929656662e-05
4.110195057023429327e-05
4.024607628774336205e-05
3.940758131289214786e-05
3.858631129719009874e-05
3.778211251506310151e-05
3.699479759384361718e-05
3.622421827923763202e-05
3.547016038171883518e-05
3.473242980479728144e-05
3.401082462274621429e-05
3.330511821948379722e-05
3.261508676449025116e-05
3.194049466012318137e-05
3.128107705250472449e-05
3.063662574239535462e-05
3.000685586870610721e-05
2.939151028588668645e-05
2.879033472634988247e-05
2.820303767670871489e-05
2.762935724373677225e-05
2.706900561248094019e-05
2.652167351368100990e-05
2.598712590613896288e-05
2.546504021388348014e-05
2.495513632049587403e-05
2.445713573942023947e-05
2.397072373682512488e-05
2.349563556359083886e-05
2.303156621564955210e-05
2.257820233121489244e-05
2.213531462140187568e-05
2.170257945641317714e-05
2.127972904670196952e-05
2.086649316602745151e-05
2.046256816235601122e-05
2.006772041429854173e-05
1.968166035621623199e-05
1.930409963034177112e-05
1.893484485141042105e-05
1.857359675904051880e-05
1.822012690268874432e-05
1.787419762298663494e-05
1.753553938936275850e-05
1.720397489163452299e-05
1.687924701577811419e-05
1.656111176246962284e-05
1.624942631098957478e-05
1.594393222983946540e-05
1.564445639311716116e-05
1.535080198671165660e-05
1.506274572086401897e-05
1.478017534003812016e-05
1.450287303529610091e-05
1.423064802827490191e-05
1.396340923977929843e-05
1.370094216816903141e-05
1.344313236577282404e-05
1.318982464854559844e-05
1.294084103931832107e-05
1.269613167172606530e-05
1.245551513075260915e-05
1.221885392298032412e-05
1.198610291081768502e-05
1.175708301818164671e-05
1.153173575694131085e-05
1.130994295347291308e-05
1.109156253688298216e-05
1.087659997120771553e-05
1.066490396605159991e-05
1.045638398902025065e-05
1.025102838062069115e-05
1.004868696510798746e-05
9.849348164802289800e-06
9.652919402217080373e-06
9.459287412023407627e-06
9.268501016107519555e-06
9.080430107950451826e-06
8.895025664636442231e-06
8.712293111643242430e-06
8.532108280262545890e-06
8.354494697788389409e-06
8.179375552556852406e-06
8.006659340906690568e-06
7.836425840453000610e-06
7.668558539347332842e-06
7.503040804513098032e-06
7.339884428298101883e-06
7.178983589461126300e-06
7.020391014056260311e-06
6.864035721100535329e-06
6.709843043439843963e-06
6.557913197567915945e-06
6.408136708824513163e-06
6.260520133571075230e-06
6.115073302532505094e-06
5.971701532593565097e-06
5.830484120478711163e-06
5.691347979674419193e-06
5.554231084953165971e-06
5.419245374416477827e-06
5.286281590158065694e-06
5.155363470542937593e-06
5.026492960807959261e-06
4.899583015274040962e-06
4.774737988617981209e-06
4.651874411734529943e-06
4.530937384352961361e-06
4.412044255119327867e-06
4.295083443129111478e-06
4.180095072211125424e-06
4.067067532309319441e-06
3.955914687755721227e-06
3.846763660679368763e-06
3.739516732642711734e-06
3.634126151381012107e-06
3.530708528806265195e-06
3.429143685359225283e-06
3.329488571140593700e-06
3.231718144201097983e-06
3.135742624978370841e-06
3.041706142854972265e-06
2.949492719628742226e-06
2.859067102264921162e-06
2.770539623771798039e-06
2.683773932005283288e-06
2.598846712404995296e-06
2.515722444067068071e-06
2.434300766146566934e-06
2.354738251421120253e-06
2.276903827390390894e-06
2.200774765767569828e-06
2.126446921050249317e-06
2.053774559637678875e-06
1.982849777506487939e-06
1.913624219033566708e-06
1.845993973318232648e-06
1.780117353643324344e-06
1.715849846931052818e-06
1.653188729116551936e-06
1.592201648527632095e-06
1.532748874837868900e-06
1.474927215247967196e-06
1.418679125208287146e-06
1.363905295262896813e-06
1.310754485536160180e-06
1.259079130034394027e-06
1.208894499845019374e-06
1.160242622051613265e-06
1.112996420918507186e-06
1.067254868892142647e-06
1.022953568104249543e-06
9.800079059212996539e-07
9.385460526916302167e-07
8.984258304932464953e-07
8.596715613876094425e-07
8.222966201297553552e-07
7.861821451201124632e-07
7.514098153132101725e-07
7.178963262434229254e-07
6.855586479502967138e-07
6.544767179718259644e-07
6.245011274148273704e-07
5.956385759231810216e-07
5.678605777459524088e-07
5.410460829417376556e-07
5.152432841716007767e-07
4.903542054945822208e-07
4.663056447129618980e-07
4.431431839916109249e-07
4.207425204585063229e-07
3.991202279165506016e-07
3.782530895260161664e-07
3.580635678125714518e-07
3.386073176755499568e-07
