# bin_3_3
2.261601033282225682e-04
2.225401482319002723e-04
2.189482123016361827e-04
2.153846066810443738e-04
2.118502671660419474e-04
2.083456046699723755e-04
2.048713858033480062e-04
2.014280962759589628e-04
1.980164401100954720e-04
1.946368578851903879e-04
1.912900579959933090e-04
1.879764314333426552e-04
1.846966496931625856e-04
1.814511159492843346e-04
1.782404018628831949e-04
1.750649318213318769e-04
1.719252176998867817e-04
1.688216327763748792e-04
1.657546940212243324e-04
1.627247188465941435e-04
1.597321576688001839e-04
1.567773182077443679e-04
1.538605945555551735e-04
1.509822663535492684e-04
1.481426615808717430e-04
1.453420112943892709e-04
1.425806095885215677e-04
1.398586339055306348e-04
1.371763363724576681e-04
1.345338458222201190e-04
1.319313413596913626e-04
1.293689229879581835e-04
1.268467059453428302e-04
1.243647319120549878e-04
1.219230738852916342e-04
1.195217264456318083e-04
1.171607150341876853e-04
1.148399736724767543e-04
1.125594590821873492e-04
1.103190647046734213e-04
1.081186968330414888e-04
1.059581867967492426e-04
1.038373757603844257e-04
1.017560693279795343e-04
9.971405817397417030e-05
9.771107589788739453e-05
9.574685965263315067e-05
9.382108689710010627e-05
9.193347522548198818e-05
9.008364731502410390e-05
8.827123161040831094e-05
8.649586401251515698e-05
8.475712006374989179e-05
8.305456661050641975e-05
8.138775117990066992e-05
7.975617078050136724e-05
7.815939914574466282e-05
7.659688511148243523e-05
7.506809954702884377e-05
7.357254930691434647e-05
7.210964938575108846e-05
7.067885658428687591e-05
6.927958626293964184e-05
6.791121355749146836e-05
6.657323164854312206e-05
6.526498129872607828e-05
6.398584978875367936e-05
6.273527715715097744e-05
6.151258878390630412e-05
6.031720646284799675e-05
5.914848470312909090e-05
5.800575068475434613e-05
5.688849145153344829e-05
5.579601292215572193e-05
5.472769742744165104e-05
5.368298602722498320e-05
5.266119141446454281e-05
5.166177118251352436e-05
5.068408777985239513e-05
4.972748852572529156e-05
4.879151957135010356e-05
4.787551481329138734e-05
4.697891983483392834e-05
4.610122317298918774e-05
4.524179073194682166e-05
4.440017044280352240e-05
4.357577985896331788e-05
4.276804295638653657e-05
4.197660281186949189e-05
4.120086576354615933e-05
4.044038021471377725e-05
3.969471324359457340e-05
3.896331867373507764e-05
3.824586926102430329e-05
3.754186438727053995e-05
3.685082858356931844e-05
3.617252254031083793e-05
3.550643969458097188e-05
3.485224644551187010e-05
3.420960018587152613e-05
3.357805208010205416e-05
3.295741482198610395e-05
3.234726826288017876e-05
3.174724078153048267e-05
3.115720688936564499e-05
3.057674701096721665e-05
3.000564799587402879e-05
2.944364416020903898e-05
2.889037885855247697e-05
2.834579722191423031e-05
2.780954709252791458e-05
2.728135608177006607e-05
2.676119249610447854e-05
2.624870873535197857e-05
2.574380054198111494e-05
2.524626463730693631e-05
2.475581761923046058e-05
2.427251745941031295e-05
2.379606078576580868e-05
2.332626504004888481e-05
2.286316945137306989e-05
2.240647041010448038e-05
2.195616101025245115e-05
2.151208462885304177e-05
2.107400563871270418e-05
2.064207544930105954e-05
2.021602376058745533e-05
1.979574292274474239e-05
1.938131330831680709e-05
1.897246278939608325e-05
1.856926220348184193e-05
1.817157826596141717e-05
1.777920953103716094e-05
1.739237658377977683e-05
1.701082517667350353e-05
1.663451456556954320e-05
1.626353191140389966e-05
1.589763607146979087e-05
1.553695387324797856e-05
1.518135821125916514e-05
1.483067136954334194e-05
1.448515962309682899e-05
1.414457260283794809e-05
1.380892129357632725e-05
1.347828056416435954e-05
1.315242833783194839e-05
1.283154101034590559e-05
1.251548064482064570e-05
1.220408770394480653e-05
1.189765517897484965e-05
1.159592706378227964e-05
1.129895144956885304e-05
1.100677838655705414e-05
1.071919264028274742e-05
1.043642013727408316e-05
1.015829873353316167e-05
9.884682927873102078e-06
9.615876090207053816e-06
9.351605719853237948e-06
9.091950116697101591e-06
8.836926368439324629e-06
8.586321502323755186e-06
8.340409062862425081e-06
8.098988708727551322e-06
7.861922925524685349e-06
7.629512014870398488e-06
7.401465999185746914e-06
7.177896042631612313e-06
6.958778501012786831e-06
6.743892250834046637e-06
6.533549733946382382e-06
6.327510056244916225e-06
6.125651545405368319e-06
5.928255731974516580e-06
5.735008787465338667e-06
5.546055333577349308e-06
5.361336528156967244e-06
5.180621938363691132e-06
5.004242858098085271e-06
4.831918311886017102e-06
4.663560132419967750e-06
4.499415784422728884e-06
4.339144904328817274e-06
4.182925708266805939e-06
4.030675723826168337e-06
3.882151883865824286e-06
3.737686360254480340e-06
3.596977209460452457e-06
3.459970958087488564e-06
3.326862677360146865e-06
3.197316940799403342e-06
3.071526975237379145e-06
2.949388249775679868e-06
2.830671711905091803e-06
2.715683644093989382e-06
2.604117227101130758e-06
2.495968075036539976e-06
2.391357678171535277e-06
2.289999184221020221e-06
2.192074097576810908e-06
2.097471412278913855e-06
2.005993355006756013e-06
1.917891799258307665e-06
1.832869662774565380e-06
1.750934689256039199e-06
1.672116712124230197e-06
1.596138706512003744e-06
1.523105446772608962e-06
1.452837606770116773e-06
1.385109737668114329e-06
1.320033468123857316e-06
1.257277793554528576e-06
1.196799006352049886e-06
1.138530229995343812e-06
1.082213339080156623e-06
1.027909460809760477e-06
9.754559237985069674e-07
9.247084484129427047e-07
8.757674887478857883e-07
8.284235373685061523e-07
7.827148747062698332e-07
7.386324320088540601e-07
6.960526137027586111e-07
6.550764332444704818e-07
6.156258895198229327e-07
5.776557973206048816e-07
5.412539530792985351e-07
5.062984223233356840e-07
4.728394440193417713e-07
4.408669204289283796e-07
4.103030332738137287e-07
3.812019556788026715e-07
