# bin_4_4
6.951157006292108186e-13
6.989523574699784261e-13
7.029282113649894466e-13
7.070474402426601351e-13
7.113190109831250156e-13
7.157501533080956431e-13
7.203425852386429154e-13
7.251015236595726813e-13
7.300319396413968071e-13
7.351401148082581017e-13
7.404373563552309771e-13
7.459262037583062817e-13
7.516129421856493422e-13
7.575033561763363678e-13
7.636076149469865995e-13
7.699326548537553258e-13
7.764844539396177920e-13
7.832704415728430657e-13
7.903008142006990303e-13
7.975824923505316190e-13
8.051234355573236917e-13
8.129327214778355767e-13
8.210195119501584365e-13
8.293918189777194327e-13
8.380589082244479519e-13
8.470302668040421905e-13
8.563143798685531625e-13
8.659206448357165369e-13
8.758581172660904780e-13
8.861356662774306510e-13
8.967621915443206367e-13
9.077463131430784368e-13
9.190965497764475925e-13
9.308210131929851437e-13
9.429277404071969533e-13
9.554244036308599201e-13
9.683181162979908753e-13
9.816161843958686705e-13
9.953253009705184049e-13
1.009451769302428731e-12
1.024002096877865827e-12
1.038982201334254990e-12
1.054397833952390974e-12
1.070254859734580104e-12
1.086558450994720917e-12
1.103313817089007652e-12
1.120525538141329246e-12
1.138197619629450284e-12
1.156333390453184348e-12
1.174935328341248831e-12
1.194004942643761029e-12
1.213542835980699960e-12
1.233548441983693369e-12
1.254020124770088434e-12
1.274954851387232281e-12
1.296348182110829844e-12
1.318193812878840077e-12
1.340483547502418400e-12
1.363206957983439635e-12
1.386351406675544489e-12
1.409901901149436090e-12
1.433840926021034717e-12
1.458148279446622490e-12
1.482800973113012464e-12
1.507773894552876702e-12
1.533041163835269804e-12
1.558577736773423730e-12
1.584359804454661647e-12
1.610363171791213965e-12
1.636559411016739055e-12
1.662912052721608798e-12
1.689376924045434037e-12
1.715905899233336012e-12
1.742450046846000856e-12
1.768960274612085942e-12
1.795386042538502737e-12
1.821674431303533070e-12
1.847770616582225041e-12
1.873618396312167642e-12
1.899160580940956246e-12
1.924339498069863273e-12
1.949097673035436065e-12
1.973378499368300746e-12
1.997126976557767556e-12
2.020290578439486857e-12
2.042820252519707778e-12
2.064671524497459503e-12
2.085805694307472591e-12
2.106191119995658448e-12
2.125804095671403066e-12
2.144629554303310670e-12
2.162662746630871118e-12
2.179910945950429361e-12
2.196394747504888452e-12
2.212149107700446774e-12
2.227223834272977861e-12
2.241683034771932019e-12
2.255608743366602392e-12
2.269115020698893342e-12
2.282334018118371798e-12
2.295361648135239014e-12
2.308321406967526884e-12
2.321344528135316302e-12
2.334562599147869458e-12
2.348103314126045188e-12
2.362089436929131240e-12
2.376632231774457164e-12
2.391835588428769047e-12
2.407792800461900989e-12
2.424577912936262811e-12
2.442241363490248972e-12
2.460803705674644684e-12
2.480255858073541074e-12
2.500560816644508956e-12
2.521650868414174931e-12
2.543414353925924850e-12
2.565673574756706266e-12
2.588206412660484635e-12
2.610782237594513451e-12
2.633189621157852074e-12
2.655254231602613846e-12
2.676907664963318433e-12
2.698349527834864117e-12
2.720202250200775624e-12
2.743799346891732442e-12
2.769023604819330254e-12
2.796150711540702289e-12
2.825132394115635306e-12
2.856034390865956247e-12
2.888909329062288906e-12
2.923726346979780635e-12
2.960367381188279865e-12
2.998680285016300613e-12
3.038466569629793738e-12
3.079581894533988469e-12
3.121911574125609178e-12
3.165394234595153864e-12
3.209999097653660732e-12
3.255702115880343406e-12
3.302476950889178502e-12
3.350285878193846427e-12
3.399051657398277029e-12
3.448696324475263293e-12
3.499122867881148526e-12
3.550229216414081595e-12
3.601872928109218797e-12
3.653883110071087081e-12
3.706051447132052104e-12
3.758149728478814633e-12
3.809952974673943455e-12
3.861240908869087001e-12
3.911803330393039731e-12
3.961430836974607927e-12
4.009909929972416703e-12
4.057020653784880392e-12
4.102530110238741401e-12
4.146186454068111105e-12
4.187712888369774543e-12
4.226810644578078483e-12
4.263164871219817487e-12
4.296449917426142755e-12
4.326336426947690736e-12
4.352497868585527640e-12
4.374621886702632294e-12
4.392420304915137239e-12
4.405634482437529287e-12
4.414044576096568717e-12
4.417472836671208425e-12
4.415780522212610445e-12
4.408859686483952080e-12
4.396627231343630782e-12
4.379028374647822243e-12
4.356051129079884241e-12
4.327749109842113096e-12
4.294262548355445165e-12
4.255829877788279614e-12
4.212782478007473978e-12
4.165528034706092469e-12
4.114525961937185109e-12
4.060263650136981185e-12
4.003253604477296001e-12
3.944019537184563606e-12
3.883190825093009965e-12
3.821347223360544265e-12
3.758942413870908800e-12
3.696275793784813351e-12
3.633505739445317459e-12
3.570713784275411677e-12
3.507951458698980531e-12
3.444993846916972292e-12
3.381592865740474364e-12
3.317291169079151203e-12
3.251505992907231451e-12
3.183485511500992440e-12
3.112367229306662554e-12
3.037299633802758920e-12
2.957621078127961159e-12
2.873029116283932279e-12
2.783681490886865734e-12
2.690212202578504291e-12
2.593676290365403108e-12
2.495475658481556287e-12
2.397277744513669226e-12
2.300908177279651904e-12
2.208135664127103281e-12
2.120476158547842179e-12
2.038687832883095484e-12
1.962711986324681525e-12
1.891743287400252898e-12
1.824210507726215327e-12
1.758038057808428810e-12
1.691115262174106650e-12
1.621955468634835594e-12
1.550134240471437740e-12
1.476379258195243438e-12
1.402467829917032714e-12
1.330873227450781469e-12
1.263938031522273525e-12
1.202912963393334932e-12
1.147526466637284224e-12
1.096176512079998727e-12
1.046602346693769337e-12
9.969545516443982114e-13
9.466351330530599758e-13
8.964340942142643968e-13
8.480657668792862336e-13
8.030881802534267165e-13
7.619382776161495249e-13
7.238159357116558287e-13
6.872984890410380315e-13
6.514530026103761582e-13
6.164548122231715831e-13
5.831303768594224237e-13
5.520799721659934862e-13
5.231549974599304951e-13
4.957374667669008405e-13
4.694234812588399105e-13
4.443195326968087665e-13
4.207034750675906134e-13
3.985444638588977401e-13
3.776143291557121968e-13
3.577752893812046252e-13
3.390439095128738246e-13
3.214253824258836728e-13
3.048220533356159980e-13
2.891621060306225592e-13
2.744139285124561495e-13
2.605286638954476217e-13
2.474498060672807403e-13
2.351382059858083576e-13
2.235471251510896563e-13
2.126331399384626030e-13
2.023571532902261270e-13
1.926804050824858604e-13
1.835631124537793969e-13
1.749717284590721411e-13
1.668716064306787005e-13
1.592310546592675866e-13
1.520197018887333863e-13
1.452089215363160154e-13
1.387717339224010040e-13
1.326824141550574173e-13
1.269167483356027682e-13
1.214521465603872055e-13
1.162676759956973711e-13
1.113438290577450289e-13
1.066621657259888472e-13
1.022054002424380178e-13
9.795748079412667717e-14
9.390362253743542300e-14
9.003022433052187076e-14
8.632468206281965194e-14
8.277533933733614755e-14
7.937147532335895687e-14
7.610328481045712821e-14
7.296184512722719790e-14
6.993905510284728246e-14
6.702756279934072958e-14
6.422069351938750753e-14
6.151240172384436324e-14
5.889724381707015900e-14
5.637038013475076956e-14
5.392752979456433827e-14
5.156487280231917844e-14
4.927899250191013599e-14
4.706683920747307141e-14
4.492574478299202016e-14
4.285340759425610214e-14
4.084780188351391671e-14
3.890712737187084328e-14
3.702977698261836831e-14
3.521435267549722721e-14
3.345966825356003929e-14
3.176466743725752267e-14
3.012837920456383332e-14
2.854989817218149688e-14
2.702840865223035943e-14
2.556320826558341887e-14
2.415362689799861270e-14
2.279897473544089171e-14
2.149852599209498286e-14
2.025154485074960091e-14
1.905733184602516857e-14
1.791516720842670379e-14
1.682425672401711162e-14
1.578371141739510634e-14
1.479255880653306136e-14
1.384978648537385737e-14
1.295433343128415372e-14
1.210506450186828955e-14
1.130075897282554557e-14
1.054011144736219797e-14
9.821755401316571493e-15
9.144277987636218456e-15
8.506225712324420622e-15
7.906108753626710334e-15
7.342404550621177006e-15
6.813568987444649360e-15
6.318048948235243584e-15
5.854294402633036179e-15
5.420767030063493509e-15
5.015946066057251605e-15
4.638333587742407018e-15
4.286460647090539500e-15
3.958895191395187065e-15
3.654247367343434627e-15
3.371172971289531761e-15
3.108374854040228015e-15
2.864604170456977344e-15
2.638663762703322863e-15
2.429410037514323506e-15
2.235753647225811500e-15
2.056658620006666690e-15
1.891140911977218755e-15
1.738268625478978192e-15
1.597161691739052143e-15
1.466990866657068440e-15
1.346975875100189084e-15
1.236382972857247931e-15
1.134523563262765084e-15
1.040752829608244657e-15
9.544680184127271232e-16
8.751063773703925161e-16
8.021426868287946061e-16
7.350873886306593041e-16
6.734849458895654559e-16
6.169120564421956299e-16
5.649757894355932255e-16
5.173115080211787492e-16
4.735810958565505905e-16
4.334714311782028204e-16
3.966928316990194557e-16
3.629775310073222111e-16
3.320780651101854462e-16
3.037658341827964705e-16
2.778298875395720643e-16
2.540757341291382931e-16
2.323242325203427245e-16
2.124104610982631719e-16
1.941825703826525745e-16
1.775008620038751634e-16
1.622368516214991284e-16
1.482723811294167006e-16
1.354987631505769499e-16
1.238158776191906568e-16
1.131317228574189841e-16
1.033618371897220800e-16
9.442882878171025048e-17
8.626190759624350518e-17
7.879651619042639994e-17
7.197367397357675705e-17
6.573935109922638609e-17
6.004391680997038216e-17
5.484164963431722235e-17
5.009034757282256957e-17
4.575114306362691265e-17
4.178835176763288578e-17
3.816931450004458509e-17
3.486420004282766195e-17
3.184576583481440163e-17
2.908913402400748009e-17
2.657158635069180582e-17
2.427237712211421755e-17
2.217256192554726641e-17
2.025484111301353012e-17
1.850341710833944412e-17
1.690386380219183119e-17
1.544300660717957382e-17
1.410881402008011162e-17
1.289030195366736606e-17
1.177744785205703959e-17
1.076110500058753608e-17
9.832915626643777896e-18
8.985226455774231975e-18
8.211037514626793759e-18
7.503962324241191070e-18
6.858178449439035653e-18
6.268371573672041711e-18
5.729687851373361641e-18
5.237694584316440142e-18
