# bin_4_1
5.016868356523950131e-13
5.045115601306679905e-13
5.074448227627946784e-13
5.104896132723977262e-13
5.136514914710732780e-13
5.169357862812474217e-13
5.203459829646469617e-13
5.238865705063245042e-13
5.275614355433014817e-13
5.313745382890282000e-13
5.353320285373281908e-13
5.394382844916861753e-13
5.436979914394596278e-13
5.481153013775754083e-13
5.526948610181565414e-13
5.574420162449944348e-13
5.623614528246935222e-13
5.674578604009173822e-13
5.727356031139396172e-13
5.781995647925756477e-13
5.838544247791054271e-13
5.897048698347032680e-13
5.957556010565123605e-13
6.020114155661122386e-13
6.084770897387443180e-13
6.151578690941820149e-13
6.220592064372797927e-13
6.291866152656067179e-13
6.365463431627360545e-13
6.441449553307518762e-13
6.519894762085847189e-13
6.600873599797703633e-13
6.684467451491459992e-13
6.770760221698617211e-13
6.859844916124955647e-13
6.951814878719769447e-13
7.046759261163733880e-13
7.144777472663221769e-13
7.245960389959364447e-13
7.350390943015593756e-13
7.458153528284913843e-13
7.569315819668129799e-13
7.683934696853437708e-13
7.802063152577921484e-13
7.923739145081470618e-13
8.048995510873797821e-13
8.177867817822452372e-13
8.310392685339758488e-13
8.446616283782590235e-13
8.586594117975806428e-13
8.730391566393932554e-13
8.878083954433484852e-13
9.029751644879608740e-13
9.185472658529844827e-13
9.345310070743149978e-13
9.509301612891535526e-13
9.677436657137323568e-13
9.849643281608594205e-13
1.002577407182697307e-12
1.020560704018730027e-12
1.038885375945876774e-12
1.057518403300800627e-12
1.076427352957505292e-12
1.095587635350120661e-12
1.114990295644158225e-12
1.134645148607564268e-12
1.154576534841277665e-12
1.174814886350749178e-12
1.195385271114587378e-12
1.216294819456665098e-12
1.237525420937377812e-12
1.259040362855126310e-12
1.280797329109690188e-12
1.302754855498790003e-12
1.324872713338878613e-12
1.347112509338294100e-12
1.369441329469154085e-12
1.391834097051937063e-12
1.414266775467401018e-12
1.436711030694073472e-12
1.459143610002694723e-12
1.481551531042565840e-12
1.503928203424462916e-12
1.526273462634241051e-12
1.548593478775860135e-12
1.570896429457154544e-12
1.593191127245207131e-12
1.615493183320314160e-12
1.637829838383252398e-12
1.660207991479511704e-12
1.682574950455475209e-12
1.704834476287641399e-12
1.726878142780456623e-12
1.748628346465285030e-12
1.770068022831330970e-12
1.791132293382026780e-12
1.811517953857336226e-12
1.831030273916774152e-12
1.850959220030196268e-12
1.872388454140670030e-12
1.894149045173356514e-12
1.916089498490875900e-12
1.938304428107063309e-12
1.960712133889460483e-12
1.983310601006950124e-12
2.006094908603434454e-12
2.029037616076110038e-12
2.052137419233540890e-12
2.075338812485384633e-12
2.098511875465559689e-12
2.121578158773128544e-12
2.144395574031922318e-12
2.166836035080050623e-12
2.188776729856974757e-12
2.210113061070735210e-12
2.230786436238695769e-12
2.250759960041901920e-12
2.270033537027891304e-12
2.288658034240795843e-12
2.306727196934695444e-12
2.324363402284343219e-12
2.341701331732235563e-12
2.358861840285508254e-12
2.375912479131557876e-12
2.392858455059840258e-12
2.409615577242877063e-12
2.425993139273301193e-12
2.441717981212705045e-12
2.456472722149927279e-12
2.469946264656196774e-12
2.481893472542281233e-12
2.492186374911574507e-12
2.500851977676978727e-12
2.508059425592430339e-12
2.514058294273751051e-12
2.519093829128105138e-12
2.523320438674785136e-12
2.526734482219764700e-12
2.529159687994714914e-12
2.530286772283454728e-12
2.529745611993115687e-12
2.527188533433972113e-12
2.522338252024089687e-12
2.514986796306568429e-12
2.504972018825969080e-12
2.492158752764785201e-12
2.476455319398209157e-12
2.457857465228023020e-12
2.436464259034996492e-12
2.412448721498217670e-12
2.386002539420170931e-12
2.357299425015750494e-12
2.326514691753106467e-12
2.293876635262910626e-12
2.259706281001659161e-12
2.224397618913731811e-12
2.188354510888600307e-12
2.151918524665615812e-12
2.115422280937966906e-12
2.079096353692225485e-12
2.042930911726440908e-12
2.006754215879180745e-12
1.970313724035949715e-12
1.933432979943047035e-12
1.896149704295506494e-12
1.858477248304014789e-12
1.820575920058444401e-12
1.782657144732107307e-12
1.744785627293772625e-12
1.706781918234470407e-12
1.668194216975385975e-12
1.628392349830968827e-12
1.586769465077946553e-12
1.542946901834979456e-12
1.496932072040334995e-12
1.449118806073018393e-12
1.400160828429021527e-12
1.350799873201479317e-12
1.301747762115149477e-12
1.253656809737321474e-12
1.207135695360706427e-12
1.162828347733370086e-12
1.121194924961774206e-12
1.082178149274772712e-12
1.045538178540409118e-12
1.010697541734973004e-12
9.767141909219938686e-13
9.425125420488423282e-13
9.073170446722792463e-13
8.709371803060609166e-13
8.336937603793552924e-13
7.962938492781409604e-13
7.599083341678166899e-13
7.258626805112133413e-13
6.949139022201713879e-13
6.669196921853946109e-13
6.410499170945030508e-13
6.160276222485629151e-13
5.906274466093021747e-13
5.643556267734621362e-13
5.376106367760056581e-13
5.114945011012979350e-13
4.872622427463456428e-13
4.654609442572858351e-13
4.456631494972656268e-13
4.267576045304926194e-13
4.077218065079959731e-13
3.885123025688636583e-13
3.699167207586658723e-13
3.526656086926573704e-13
3.367963336361323714e-13
3.217215134378172625e-13
3.069201245068411593e-13
2.924808250628257442e-13
2.788488869676319117e-13
2.661057290770761223e-13
2.539318907820166318e-13
2.421736322606580905e-13
2.309668725463293000e-13
2.204121424747143011e-13
2.103760424962047442e-13
2.007423326254891952e-13
1.915713101139171839e-13
1.828753444147606774e-13
1.745893120292132878e-13
1.666922948735322094e-13
1.591887981046254764e-13
1.520493457086856053e-13
1.452524727040542395e-13
1.387859332170593833e-13
1.326317176095714754e-13
1.267718827592455027e-13
1.211930376448090361e-13
1.158804231099047958e-13
1.108206311836421311e-13
1.060000265787538596e-13
1.014058478085666035e-13
9.702506348750807820e-14
9.284513189656739413e-14
8.885469843595393980e-14
8.504297294630217284e-14
8.139953166610215907e-14
7.791393916287121096e-14
7.457619680184507564e-14
7.137686167998676416e-14
6.830696656503759467e-14
6.535842985205047879e-14
6.252353672780260636e-14
5.979477531808452756e-14
5.716525178056879143e-14
5.462878009937055070e-14
5.217971476357441627e-14
4.981304313738795136e-14
4.752439039204767688e-14
4.530991895335127859e-14
4.316626877688603809e-14
4.109045455742491042e-14
3.908009144164902073e-14
3.713364406112385435e-14
3.524999654286087538e-14
3.342818888004930101e-14
3.166732801709055214e-14
2.996675309184491837e-14
2.832639550584787930e-14
2.674637003090970333e-14
2.522665162425419465e-14
2.376704938177291167e-14
2.236724459976845446e-14
2.102698310562145455e-14
1.974595058670354238e-14
1.852361136703751275e-14
1.735922676806470021e-14
1.625186208012559868e-14
1.520042570826684888e-14
1.420368281990372581e-14
1.326025060077977713e-14
1.236862761544291268e-14
1.152720828587231856e-14
1.073428629848022970e-14
9.988074297462917448e-15
9.286733654774901172e-15
8.628396518725857288e-15
8.011180821712728252e-15
7.433190790294012652e-15
6.892525755765030184e-15
6.387305011530420291e-15
5.915680927208503418e-15
5.475847597222806963e-15
5.066040721392138779e-15
4.684538182051627360e-15
4.329674812120749131e-15
3.999849138984064556e-15
3.693525816886129990e-15
3.409234243097999961e-15
3.145565015172617423e-15
2.901175816582771609e-15
2.674793626928810629e-15
2.465213530326970848e-15
2.271296326876895257e-15
2.091963960455976053e-15
1.926200172585239172e-15
1.773050219090629989e-15
1.631618287738856815e-15
1.501064747586421598e-15
1.380601947529611506e-15
1.269492564360214851e-15
1.167048291480297108e-15
1.072627179959403199e-15
9.856310700465788923e-16
9.055022890164959528e-16
8.317214292598501440e-16
7.638057596209234971e-16
7.013069795568714895e-16
6.438090521382414802e-16
5.909258136985101456e-16
5.422989749154696527e-16
4.975966458136622507e-16
4.565116029839609432e-16
4.187595920577183286e-16
3.840776345023449315e-16
3.522224675086847488e-16
3.229693343470209000e-16
2.961107090235893511e-16
2.714550342079354654e-16
2.488255260153654123e-16
2.280590376856914258e-16
2.090051321117987944e-16
1.915251771018027205e-16
1.754914533662914760e-16
1.607863210638121541e-16
1.473014223986882827e-16
1.349370095617145269e-16
1.236013125786640135e-16
1.132099170728116887e-16
1.036851939093908050e-16
9.495576497331049815e-17
8.695601474430046481e-17
7.962564403012871758e-17
7.290925275479480939e-17
6.675594506083839712e-17
6.111894374144060086e-17
5.595527918798633580e-17
5.122551902016045038e-17
4.689347827128741263e-17
4.292596051148297314e-17
3.929256538859595120e-17
3.596544895086046797e-17
3.291905324432441779e-17
3.012991662526791070e-17
2.757650521197658902e-17
2.523902858736259378e-17
2.309929604896004855e-17
2.114063161935942110e-17
1.934776148997417332e-17
1.770669700248304278e-17
1.620462976367329502e-17
1.482985953906895155e-17
1.357181382210740521e-17
1.242068544467775233e-17
1.136740749433168184e-17
1.040370382838476370e-17
9.521972242012834885e-18
8.715228207841640160e-18
7.977067766100146149e-18
7.301607909927142759e-18
6.683490342418058392e-18
6.117823520491501712e-18
5.600146746184082450e-18
5.126398965620802762e-18
4.692881307731076076e-18
4.296215909440727326e-18
3.933308478084019817e-18
3.601330227932206008e-18
3.297659684861092449e-18
3.019873631762043245e-18
2.765760626193260078e-18
2.533258973283338245e-18
2.320500587555315423e-18
2.125785555225073603e-18
1.947574551649341256e-18
1.784468309023581457e-18
1.635196521564148157e-18
1.498595010246592489e-18
1.373592566803383403e-18
1.259197819907120999e-18
1.154493432708624229e-18
1.058636072271675800e-18
9.708747552170121620e-19
8.905595994746753213e-19
8.171529127920890623e-19
7.501792702963629164e-19
6.891719168783967895e-19
6.336359414182436354e-19
5.830264677720073140e-19
5.368240240851865947e-19
4.945811661178844193e-19
4.559198073336787422e-19
4.205191388247687795e-19
3.881092624509409731e-19
3.584535785602026479e-19
