# bin_2_1
1.053245259057751971e-12
1.059818982794921998e-12
1.066648541334836247e-12
1.073743747239653232e-12
1.081114775005742761e-12
1.088772170245138302e-12
1.096726865281768333e-12
1.104990187876305612e-12
1.113573873380182537e-12
1.122490078919821150e-12
1.131751391074303460e-12
1.141370842666935725e-12
1.151361919630205950e-12
1.161738577008476156e-12
1.172515246780051054e-12
1.183706852655677302e-12
1.195328818434304017e-12
1.207397081735816559e-12
1.219928103282402261e-12
1.232938876890037979e-12
1.246446939584092513e-12
1.260470380655966178e-12
1.275027870635301381e-12
1.290138672565690293e-12
1.305822685994136597e-12
1.322100465168130696e-12
1.338993280167124863e-12
1.356523156035054375e-12
1.374712932157751944e-12
1.393586344960608343e-12
1.413168101280672124e-12
1.433483973190462579e-12
1.454560911509529709e-12
1.476427163279567622e-12
1.499112400090615690e-12
1.522647855130884160e-12
1.547066470277716533e-12
1.572403039345963176e-12
1.598694345686675797e-12
1.625979316247547330e-12
1.654299209253879207e-12
1.683697658264848237e-12
1.714220538772709105e-12
1.745915452639408425e-12
1.778830984047700088e-12
1.813015804584017135e-12
1.848517577309358313e-12
1.885381666915309508e-12
1.923649676560720989e-12
1.963357883859306927e-12
2.004535652024275923e-12
2.047203826533902430e-12
2.091373528417593453e-12
2.137045145235964429e-12
2.184206263809217997e-12
2.232834968455497579e-12
2.282924661716718117e-12
2.334530619643873567e-12
2.387735741342470883e-12
2.442630026796513988e-12
2.499323920200344415e-12
2.557939804045156936e-12
2.618606481734054619e-12
2.681442331989630194e-12
2.746550439137151683e-12
2.814014096508849879e-12
2.883890250395271049e-12
2.956217777908060503e-12
3.031023569884904709e-12
3.108333217895080144e-12
3.188178944803456362e-12
3.270602625756939043e-12
3.355652550106553628e-12
3.443379048009901262e-12
3.533832865225031150e-12
3.627069063907055302e-12
3.723149084232558449e-12
3.822130741167063325e-12
3.924048602218313040e-12
4.028909253717218019e-12
4.136714117990350733e-12
4.247485753553233565e-12
4.361299783643582489e-12
4.478285949198020507e-12
4.598545444667847791e-12
4.722079161117069864e-12
4.848857776592368247e-12
4.978900458669134312e-12
5.112280715121064054e-12
5.249091145647347404e-12
5.389371682067660813e-12
5.533038441362240299e-12
5.679892464797016495e-12
5.829725976188177236e-12
5.982421518442714254e-12
6.137937792279708004e-12
6.296220386571642260e-12
6.457392304540193977e-12
6.622223933367440677e-12
6.791000560663443727e-12
6.962656769588654606e-12
7.136818856584383141e-12
7.313784285717400752e-12
7.493148466785504165e-12
7.674077438106613879e-12
7.856423166273640332e-12
8.039664718606779203e-12
8.223476835503332420e-12
8.408074323936957207e-12
8.594067886730352813e-12
8.782212796813377564e-12
8.971930107497763968e-12
9.163425273228328934e-12
9.355741367834834169e-12
9.548558509170538063e-12
9.741485744202043796e-12
9.934271499023499044e-12
1.012666228196775881e-11
1.031844750198988161e-11
1.050940365913114108e-11
1.069931766163768436e-11
1.088796691892642226e-11
1.107515648520818285e-11
1.126068764138509124e-11
1.144436079396846714e-11
1.162598356144051143e-11
1.180536890889776655e-11
1.198230438890832473e-11
1.215657121670360027e-11
1.232789917425383213e-11
1.249597883000352340e-11
1.266044318001788231e-11
1.282086459283058712e-11
1.297674312828166428e-11
1.312750882839365528e-11
1.327251942909524777e-11
1.341105115448950637e-11
1.354229629550388729e-11
1.366536528129611478e-11
1.377929586267701513e-11
1.388308676079998967e-11
1.397573730101048476e-11
1.405630172316943757e-11
1.412395262295519348e-11
1.417803114151157492e-11
1.421809319789714036e-11
1.424392284354278114e-11
1.425552950852356838e-11
1.425313160752626031e-11
1.423712844316310410e-11
1.420801777312124887e-11
1.416629758076064305e-11
1.411235552098960594e-11
1.404637152916568896e-11
1.396826684106547439e-11
1.387770759783713239e-11
1.377417963437788188e-11
1.365713280568684126e-11
1.352622307967582325e-11
1.338148537686833960e-11
1.322344184409222629e-11
1.305321203608704570e-11
1.287243149063008209e-11
1.268297234041475240e-11
1.248667126820906737e-11
1.228491558493489313e-11
1.207862396312101589e-11
1.186834436899670600e-11
1.165433926552600942e-11
1.143683451591330832e-11
1.121619701536366788e-11
1.099289965057584609e-11
1.076741192081413002e-11
1.054001313103289016e-11
1.031070862109991511e-11
1.007915425812297859e-11
9.844910319010071850e-12
9.607521982503544128e-12
9.366664976961517095e-12
9.122145411084264668e-12
8.873879597024427288e-12
8.621902404887153926e-12
8.366289640019080086e-12
8.107119732911173691e-12
7.844783582040874198e-12
7.579992807622736216e-12
7.313624417858037996e-12
7.046948923559019630e-12
6.781765995068902328e-12
6.520326939178371066e-12
6.265151959105109946e-12
6.018681350208450655e-12
5.783068264110579744e-12
5.559472779009543878e-12
5.347731676917605429e-12
5.145987032736805927e-12
4.951219499775881001e-12
4.759803135476194153e-12
4.568706269874663412e-12
4.376732661624783129e-12
4.184813057070867468e-12
3.995478247524332897e-12
3.811947092379860808e-12
3.636941791111400955e-12
3.471944483869770068e-12
3.317042894623304035e-12
3.171067192789995439e-12
3.032095317692880442e-12
2.898020953567583885e-12
2.767145862112693289e-12
2.638906147811914530e-12
2.514184265946388784e-12
2.394766005525791883e-12
2.282161405985869523e-12
2.176560675824342584e-12
2.076645687802394671e-12
1.980725010199054279e-12
1.888104840795915659e-12
1.799148797747213362e-12
1.714463107183728910e-12
1.634230795202706919e-12
1.558127402883125564e-12
1.485670990810338476e-12
1.416516892238906548e-12
1.350588000927213992e-12
1.287925137162377192e-12
1.228415621706637774e-12
1.171836495832436864e-12
1.118020972683017297e-12
1.066876146515732489e-12
1.018276086375432147e-12
9.720887495426897210e-13
9.282076697154500389e-13
8.865058139317691962e-13
8.468774230483072801e-13
8.092164828690762442e-13
7.734205357943142551e-13
7.393844214894041371e-13
7.070185075277674567e-13
6.762281121657024662e-13
6.469237930211049464e-13
6.190207425631950905e-13
5.924379557254673046e-13
5.670963002948737947e-13
5.429221899962000835e-13
5.198453087710987494e-13
4.977989170038242928e-13
4.767195607103043346e-13
4.565471375787654990e-13
4.372252608329787691e-13
4.187014116033627022e-13
4.009267086761847604e-13
3.838555156899643020e-13
3.674452697440600699e-13
3.516565107706310974e-13
3.364529597726227388e-13
3.218015132025483814e-13
3.076721148961284201e-13
2.940375833489530272e-13
2.808732338919154079e-13
2.681567318336873690e-13
2.558681909645141366e-13
2.439901024922523832e-13
2.325072108510805189e-13
2.214060565452005436e-13
2.106746428388783821e-13
2.003025252048321222e-13
1.902807593380076562e-13
1.806017672695452381e-13
1.712590149315110974e-13
1.622466695002799886e-13
1.535595421031478403e-13
1.451930777151765311e-13
1.371433026616757852e-13
1.294065813263590309e-13
1.219793517671556922e-13
1.148579345348313189e-13
1.080384964393425938e-13
1.015171089571297667e-13
9.528963151408647811e-14
8.935157237850524436e-14
8.369793309306410364e-14
7.832314160790544987e-14
7.322112325822664610e-14
6.838533564097963885e-14
6.380879038643592009e-14
5.948405002379697281e-14
5.540322263442761567e-14
5.155802369946011236e-14
4.793985294257628723e-14
4.453988016098976312e-14
4.134911649585762188e-14
3.835846488115427904e-14
3.555877612767172422e-14
3.294090638722452752e-14
3.049578206117580815e-14
2.821445468301108199e-14
2.608814261148487984e-14
2.410826365278724075e-14
2.226646264635163550e-14
2.055464293847940919e-14
1.896499079021185767e-14
1.748999254674945404e-14
1.612244358706586843e-14
1.485545250802267830e-14
1.368244782872376436e-14
1.259718112078580556e-14
1.159372694144717688e-14
1.066647776498716142e-14
9.810135748596082067e-15
9.019706027254456308e-15
8.290489000043733389e-15
7.618071499473468558e-15
6.998315834978367513e-15
6.427347197542431957e-15
5.901542052522986688e-15
5.417516853038103221e-15
4.972116579205612184e-15
4.562402837063602172e-15
4.185641359254253954e-15
3.839290240316840529e-15
3.520988952141668058e-15
3.228547597257147604e-15
2.959936456699297483e-15
2.713275510524292147e-15
2.486824538868102949e-15
2.278973999981181035e-15
2.088236279162625398e-15
1.913237422061378323e-15
1.752709079217074291e-15
1.605480919743969908e-15
1.470473684077907525e-15
1.346692611426412098e-15
1.233221313253200754e-15
1.129215926476991748e-15
1.033899632175534769e-15
9.465576176268160733e-16
8.665323647257358116e-16
7.932192956706312922e-16
7.260626622126789339e-16
6.645517016359381780e-16
6.082171518736914481e-16
5.566280219775169078e-16
5.093885917919799206e-16
4.661356312455947198e-16
4.265358397456762578e-16
3.902834174555491468e-16
3.570978002439470271e-16
3.267216228269738381e-16
2.989188282323884217e-16
2.734728739902138745e-16
2.501851682531746238e-16
2.288736678230300505e-16
2.093715589130510692e-16
1.915260548248946945e-16
1.751972991197332493e-16
1.602572830860540219e-16
1.465887904827160945e-16
1.340844399011039998e-16
1.226457752129926934e-16
1.121824802011776527e-16
1.026116971839166807e-16
9.385746021250597555e-17
8.585016366953883756e-17
7.852609196265798184e-17
7.182694750348427093e-17
6.569940267364080520e-17
6.009467989658478669e-17
5.496816410745668409e-17
5.027904695322402010e-17
4.599000207210929315e-17
4.206688882797452287e-17
3.847848061290594981e-17
3.519621614682747771e-17
3.219397193160598876e-17
2.944785412699575237e-17
2.693600820548736788e-17
2.463844485666254157e-17
2.253688074213721266e-17
2.061459285316718426e-17
1.885628531855861498e-17
1.724796759568436801e-17
1.577684304855607091e-17
1.443123617793272177e-17
1.320068099024523977e-17
1.207566529357911542e-17
1.104746092854985540e-17
1.010792306467981139e-17
9.249494077292015074e-18
8.465150261927876035e-18
7.748340074491127189e-18
7.093063972353503948e-18
6.493886103826833680e-18
5.945907480176857870e-18
5.444708855684020537e-18
4.986291207420121220e-18
4.567022103610187382e-18
4.183602942485364645e-18
3.833022807556913669e-18
3.512485718660681707e-18
