# bin_2_2
1.598479916581934799e-12
1.608581676442705129e-12
1.619078474933838609e-12
1.629985640142765428e-12
1.641319085083580052e-12
1.653095328356717325e-12
1.665331517521768866e-12
1.678045450881236040e-12
1.691255601146185855e-12
1.704981140475669891e-12
1.719241964252810637e-12
1.734058718288298773e-12
1.749452824219836606e-12
1.765446508176770135e-12
1.782062828011070712e-12
1.799325703008989546e-12
1.817259943224964515e-12
1.835891280857867819e-12
1.855246401669234056e-12
1.875352977980969684e-12
1.896239702470170361e-12
1.917936322428643335e-12
1.940473678570519269e-12
1.963883741751327923e-12
1.988199660571165624e-12
2.013455803258252906e-12
2.039687815466743968e-12
2.066932673057798388e-12
2.095228742975598631e-12
2.124615853317899708e-12
2.155135360832018762e-12
2.186830226734867559e-12
2.219745098450811585e-12
2.253926390529014844e-12
2.289422368108549412e-12
2.326283234545721524e-12
2.364561221477425587e-12
2.404310674808861771e-12
2.445588139518031523e-12
2.488452447638225842e-12
2.532964817688990512e-12
2.579188946096124975e-12
2.627191057550141161e-12
2.677039855843522103e-12
2.728806356303531347e-12
2.782563609897860111e-12
2.838386347025880891e-12
2.896350576576609682e-12
2.956533173653996945e-12
3.019011488797659506e-12
3.083863013936191804e-12
3.151165108955460996e-12
3.220994822156852552e-12
3.293428812091957776e-12
3.368543135664909400e-12
3.446413572614601447e-12
3.527120190340577934e-12
3.610760538523828427e-12
3.697456081901397299e-12
3.787343746915726667e-12
3.880567886654475896e-12
3.977275704413514786e-12
4.077612833230676957e-12
4.181718102624371243e-12
4.289724521416697014e-12
4.401760965027086619e-12
4.517953029459147595e-12
4.638428069954484381e-12
4.763318184390730371e-12
4.892762637621602974e-12
5.026907860033816753e-12
5.165906045798783080e-12
5.309913896008608146e-12
5.459092591828990560e-12
5.613608219678331240e-12
5.773632648015831830e-12
5.939344631793507404e-12
6.110929293347578944e-12
6.288576320735360237e-12
6.472479117177908106e-12
6.662835482078944357e-12
6.859849067954034717e-12
7.063730517363391979e-12
7.274694550944112140e-12
7.492952938176920078e-12
7.718707327549972863e-12
7.952143558531743301e-12
8.193439676783364733e-12
8.442772644788555241e-12
8.700308497090907623e-12
8.966183557617520497e-12
9.240501790262349741e-12
9.523362467117842532e-12
9.814894157169614584e-12
1.011527331904727780e-11
1.042477723034518977e-11
1.074378479247034011e-11
1.107276922991902039e-11
1.141229870665877950e-11
1.176301827197738340e-11
1.212562516758199284e-11
1.250080653357496776e-11
1.288912303350348500e-11
1.329077050363610726e-11
1.370531301478062622e-11
1.413175355373982721e-11
1.456856519047166457e-11
1.501380243439380422e-11
1.546520034228873413e-11
1.592131340799303382e-11
1.638346943509525584e-11
1.685251798706111305e-11
1.733678868449546487e-11
1.783577996137741871e-11
1.834839652228118422e-11
1.887353029116610287e-11
1.941165081100075297e-11
1.996315132230748568e-11
2.052689032419551493e-11
2.110216124008939614e-11
2.168827430672443604e-11
2.228478250652621685e-11
2.289134318718628196e-11
2.350756977429515653e-11
2.413303371189388294e-11
2.476722018534778153e-11
2.540955855689325612e-11
2.605937062082625930e-11
2.671601350045130637e-11
2.737865638303460957e-11
2.804640780470677420e-11
2.871822100426589579e-11
2.939299854884413993e-11
3.006949200264542385e-11
3.074631582609569666e-11
3.142198116366873434e-11
3.209486109055722990e-11
3.276320172300808221e-11
3.342510974161599841e-11
3.407854247178467759e-11
3.472133381336428380e-11
3.535119650626670927e-11
3.596574768072951314e-11
3.656253135155599467e-11
3.713903463033102534e-11
3.769271476439564348e-11
3.822099581369786983e-11
3.872129893210295710e-11
3.919103625562260314e-11
3.962763536815812331e-11
4.002852853422693401e-11
4.039115098677128273e-11
4.071294547100576042e-11
4.099136744697830093e-11
4.122391988074004803e-11
4.140819861528929908e-11
4.154197736767660286e-11
4.162331477765463484e-11
4.165067307626693821e-11
4.162305650192161584e-11
4.154009891232185209e-11
4.140212438177939438e-11
4.121017231702022176e-11
4.096591445102118074e-11
4.067160663586169517e-11
4.032998415239266854e-11
3.994425632766204854e-11
3.951807637509769930e-11
3.905560152769415813e-11
3.856158832010928061e-11
3.804121107285269148e-11
3.750022965308182439e-11
3.694395390779412401e-11
3.637686391536843779e-11
3.580246417209154904e-11
3.522333642975279077e-11
3.464135077616794475e-11
3.405718999292070055e-11
3.346989708061038615e-11
3.287738918230064747e-11
3.227617237552144240e-11
3.166129212135359954e-11
3.102635699362838180e-11
3.036433285753691851e-11
2.966848577644410399e-11
2.893353991990355070e-11
2.815669776183598005e-11
2.733833574986091086e-11
2.648232846862361629e-11
2.559606375967560759e-11
2.469025294677795362e-11
2.377837885741264703e-11
2.287589061986442790e-11
2.199769946145275820e-11
2.115708275478576221e-11
2.036170311094689423e-11
1.961368664624142487e-11
1.890873349654426715e-11
1.823695781725028765e-11
1.758400871402508273e-11
1.693496362725309947e-11
1.627843944579652010e-11
1.560960113507167348e-11
1.493129832945150099e-11
1.425371804037044966e-11
1.359200358169011147e-11
1.296094946545679235e-11
1.236915143113259799e-11
1.181660271909544132e-11
1.129603320554498273e-11
1.079642723219107111e-11
1.030835338442920116e-11
9.828295069142413005e-12
9.359196940962175151e-12
8.907877412715261159e-12
8.479940595091187790e-12
8.076029641710487111e-12
7.692283011759833838e-12
7.323743844899781910e-12
6.968510121109481835e-12
6.628550542517233683e-12
6.306474876846664030e-12
6.002160066773982831e-12
5.712752458674656481e-12
5.435619625113327785e-12
5.170602201379043628e-12
4.919250889627432778e-12
4.682159242734926282e-12
4.457617927056511313e-12
4.243772530828164795e-12
4.040289075442066862e-12
3.847683982730362183e-12
3.665676269476458301e-12
3.493157641232798200e-12
3.329502467487244486e-12
3.174525121403180213e-12
3.027904728762680578e-12
2.889038868915912650e-12
2.757535163023402184e-12
2.633021189893900175e-12
2.515122635259773766e-12
2.403446044894490166e-12
2.297653491926682093e-12
2.197389156742402593e-12
2.102332779315242096e-12
2.012168184057672595e-12
1.926598576236519375e-12
1.845334275256658451e-12
1.768105538069940442e-12
1.694653062156135410e-12
1.624730213523527972e-12
1.558103601645783521e-12
1.494553951731625050e-12
1.433875668079358743e-12
1.375874937758784844e-12
1.320368658162975517e-12
1.267185571489087068e-12
1.216166721632548518e-12
1.167164931894239670e-12
1.120043678779289913e-12
1.074676321338939524e-12
1.030946348028347638e-12
9.887474602083822963e-13
9.479831968345958755e-13
9.085662618457124525e-13
8.704179753767435936e-13
8.334678703502309412e-13
7.976533420283990992e-13
7.629194275163350372e-13
7.292184637299188360e-13
6.965099137754159508e-13
6.647595337705539440e-13
6.339383951194763695e-13
6.040226263475375861e-13
5.749932607458968901e-13
5.468364812605788734e-13
5.195427133878079192e-13
4.931049601220031877e-13
4.675181327078107551e-13
4.427788524397796171e-13
4.188858328473904348e-13
3.958393821047671706e-13
3.736397841744890143e-13
3.522863972842725451e-13
3.317773534429704819e-13
3.121097684947675127e-13
2.932796354083265817e-13
2.752811092007251503e-13
2.581060710649342128e-13
2.417440490503917628e-13
2.261824177788352423e-13
2.114064613530817765e-13
1.973993786162962775e-13
1.841423661204248063e-13
1.716148168163852635e-13
1.597946077812164301e-13
1.486582971409187467e-13
1.381813540771263819e-13
1.283383885029315163e-13
1.191033804413651922e-13
1.104499121408472040e-13
1.023513552162642636e-13
9.478108300998092231e-14
8.771266297648504677e-14
8.112000658840353442e-14
7.497749198904299645e-14
6.926005653995975448e-14
6.394330706521612288e-14
5.900362228815966056e-14
5.441821856357882412e-14
5.016518812859829762e-14
4.622351738887174296e-14
4.257311431785450313e-14
3.919483695166993320e-14
3.607050009749215387e-14
3.318286417805893104e-14
3.051561288549269959e-14
2.805333565289257150e-14
2.578151491417796693e-14
2.368650306229369479e-14
2.175549011773066925e-14
1.997646606835285299e-14
1.833818630307974036e-14
1.683014233649938768e-14
1.544252909827135397e-14
1.416620847118007180e-14
1.299267093149532883e-14
1.191399956791747900e-14
1.092283854237031805e-14
1.001236144380465306e-14
9.176238807760337516e-15
8.408605496410929794e-15
7.704030013366530052e-15
7.057487144911171842e-15
6.464331742694918012e-15
5.920272931789931431e-15
5.421348909301347535e-15
4.963903305078003607e-15
4.544563837545922287e-15
4.160222325404445001e-15
3.808015494310504726e-15
3.485306588428476714e-15
3.189668154091776114e-15
2.918866440993553633e-15
2.670847022059261190e-15
2.443721225025797304e-15
2.235753272588726238e-15
2.045348345661728375e-15
1.871041620937962551e-15
1.711488112007732724e-15
1.565453129620151498e-15
1.431803379116032148e-15
1.309498627891186193e-15
1.197584152530764657e-15
1.095184125972831774e-15
1.001495548200672583e-15
9.157825962774612233e-16
8.373714272502585455e-16
7.656454569194410278e-16
7.000402708794033845e-16
6.400389357830833250e-16
5.851677127503492667e-16
5.349922983230612031e-16
4.891141243013744490e-16
4.471675133303650281e-16
4.088171263431515352e-16
3.737556415925520791e-16
3.417014938625315387e-16
3.123968989102332537e-16
2.856060052345749885e-16
2.611131425473983062e-16
2.387211432591995411e-16
2.182497609579064167e-16
1.995342183716154611e-16
1.824238794785062478e-16
1.667810354382176379e-16
1.524797947686445275e-16
1.394050689290503054e-16
1.274516450124146047e-16
1.165233380399348198e-16
1.065322160070610746e-16
9.739789150681222562e-17
8.904687422056453603e-17
8.141198327346439984e-17
7.443185310751343881e-17
6.805044596115569272e-17
6.221652679476882763e-17
5.688316731961250404e-17
5.200740718226769956e-17
4.754993397570595174e-17
4.347478743303570078e-17
3.974911299840967686e-17
3.634290358570403508e-17
3.322874851114815578e-17
3.038159928485069705e-17
2.777855984532380731e-17
2.539869973089756527e-17
2.322288521475407510e-17
2.123362378593313151e-17
1.941492003342637779e-17
