# bin_3_3
3.279383321685827173e-13
3.300074690778118457e-13
3.321574575647004042e-13
3.343914299653044680e-13
3.367126379381401564e-13
3.391244566837956675e-13
3.416303894972686359e-13
3.442340729276325823e-13
3.469392811127900760e-13
3.497499306987958596e-13
3.526700865917935535e-13
3.557039669271761608e-13
3.588559484983460219e-13
3.621305727478118814e-13
3.655325517492651212e-13
3.690667737472906171e-13
3.727383106738435200e-13
3.765524232635450193e-13
3.805145694245676810e-13
3.846304103028267250e-13
3.889058178780029654e-13
3.933468832361068486e-13
3.979599235810882942e-13
4.027514914575395430e-13
4.077283834650874895e-13
4.128976490873557814e-13
4.182666016088964324e-13
4.238428270591387605e-13
4.296341965745008510e-13
4.356488759637423796e-13
4.418953384000031013e-13
4.483823743437410459e-13
4.551191058287264384e-13
4.621149946329304773e-13
4.693798571850324467e-13
4.769238733965763861e-13
4.847575969607730078e-13
4.928919678517067536e-13
5.013383185983066687e-13
5.101083844855822044e-13
5.192143117817170602e-13
5.286686606668407809e-13
5.384844046057712958e-13
5.486749239355463236e-13
5.592540012331882129e-13
5.702358274971344899e-13
5.816351049665360156e-13
5.934671048497264450e-13
6.057476798299423213e-13
6.184932344729929046e-13
6.317207153894601866e-13
6.454475663470977257e-13
6.596916835213377455e-13
6.744713509071857239e-13
6.898051695804380442e-13
7.057120056724894725e-13
7.222109444346181230e-13
7.393212818220988483e-13
7.570625805001396539e-13
7.754548068542766828e-13
7.945185155883269623e-13
8.142751281103195177e-13
8.347474820457255475e-13
8.559604705958498896e-13
8.779411304185797232e-13
9.007192773137302049e-13
9.243274948064382102e-13
9.488001007456334615e-13
9.741724545170898193e-13
1.000479133665342647e-12
1.027752740316023812e-12
1.056023897495099607e-12
1.085322346529743886e-12
1.115678081851626323e-12
1.147122181670726264e-12
1.179687010709963875e-12
1.213406135727617276e-12
1.248314246278239359e-12
1.284447070527212055e-12
1.321841207333439227e-12
1.360533602762568896e-12
1.400561709106864759e-12
1.441966399952360481e-12
1.484793600465077892e-12
1.529087863817618621e-12
1.574887285404020068e-12
1.622230345079374202e-12
1.671159973885414823e-12
1.721720435347947372e-12
1.773957165544105660e-12
1.827920524012849251e-12
1.883667915362730935e-12
1.941256965748049089e-12
2.000731947507133313e-12
2.062126810465216065e-12
2.125476586838555197e-12
2.190813175764734380e-12
2.258163793136944572e-12
2.327551772834445526e-12
2.398997693857846356e-12
2.472520408162630279e-12
2.548140684046827175e-12
2.625896487314835075e-12
2.705858279936759054e-12
2.788119919815571189e-12
2.872802546777068755e-12
2.960040123057387383e-12
3.049972763503667510e-12
3.142758201341029814e-12
3.238552745996214545e-12
3.337467721694678577e-12
3.439460830927163527e-12
3.544323990034486513e-12
3.651745105550734172e-12
3.761308429901173724e-12
3.872523560009109748e-12
3.984860575210535212e-12
4.097866072328415782e-12
4.211871127960775215e-12
4.329451727374566222e-12
4.451525554052957175e-12
4.576366776274569783e-12
4.704729507418955854e-12
4.836333510253607536e-12
4.970682631860471898e-12
5.107663371424652356e-12
5.247239266379137137e-12
5.389381022535508250e-12
5.534016212334446460e-12
5.681039511537737235e-12
5.830390500637202959e-12
5.981954112620218992e-12
6.135602064853861792e-12
6.291186361081365353e-12
6.448523116567467045e-12
6.607447041333273289e-12
6.767731488820932245e-12
6.929112528501985840e-12
7.091322066362300250e-12
7.254056023776080077e-12
7.416976870172637741e-12
7.579708978039785793e-12
7.741874332536163955e-12
7.903056917774255336e-12
8.062818059768793669e-12
8.220707710232165917e-12
8.376243837013829093e-12
8.528929041291312402e-12
8.678247421261379337e-12
8.823659183286650055e-12
8.964608604861463352e-12
9.100518978147321554e-12
9.230791465813523295e-12
9.354805302073158885e-12
9.471918423230982770e-12
9.581465866585944262e-12
9.682767436094349613e-12
9.775128996866192321e-12
9.857852365492170160e-12
9.930243437853679760e-12
9.991631912631927836e-12
1.004139098937401529e-11
1.007895421771551673e-11
1.010384471888605747e-11
1.011569252388965899e-11
1.011425068747901154e-11
1.009940288988003693e-11
1.007116399468578336e-11
1.002968080844236021e-11
9.975225533294892803e-12
9.908203942598505803e-12
9.829160429455662428e-12
9.738792647777011336e-12
9.637963606252119370e-12
9.527698538548640296e-12
9.409165679250721538e-12
9.283601035268251296e-12
9.152351545277923917e-12
9.016950126426028211e-12
8.878648757895076675e-12
8.738423281863412095e-12
8.597023009853458024e-12
8.454917762487605625e-12
8.312533640679762249e-12
8.169859437933519547e-12
8.026406991826250937e-12
7.881635753944357738e-12
7.734512748670907659e-12
7.583595766978858784e-12
7.427104511846062742e-12
7.263061082570547370e-12
7.089592660506441619e-12
6.905321062912915103e-12
6.709707244122365689e-12
6.503237277132460822e-12
6.287425020643817240e-12
6.064700218026356432e-12
5.838269699759821718e-12
5.611959390400887976e-12
5.389925785068772218e-12
5.176195306261717867e-12
4.974152472909236761e-12
4.785192455838795647e-12
4.609209596293692944e-12
4.444421409452963656e-12
4.287148698712922336e-12
4.132691481315671678e-12
3.976608061174810663e-12
3.815975211433601547e-12
3.650010938277428052e-12
3.480287796717682149e-12
3.310806398249499272e-12
3.147056722126891388e-12
2.993776598952221313e-12
2.853139956476313741e-12
2.724395153524076995e-12
2.604186949614775658e-12
2.487869717158551373e-12
2.371924714296413894e-12
2.255444247323487047e-12
2.140192282361542826e-12
2.029600346038829911e-12
1.926394476385415639e-12
1.830979735171430625e-12
1.741584662235122674e-12
1.655609807587968821e-12
1.571812088321991889e-12
1.490905651469251561e-12
1.414192177094132221e-12
1.342208532706148226e-12
1.274348291640163506e-12
1.209662221558556248e-12
1.147877388145647041e-12
1.089380473338198411e-12
1.034279403856772387e-12
9.820935073987387081e-13
9.325411446415943105e-13
8.856986239675713269e-13
8.415711653905386079e-13
7.998874791723342437e-13
7.603975569646954332e-13
7.231320489996615071e-13
6.880255727275063707e-13
6.548607281174446207e-13
6.235258110079750661e-13
5.939822092827724137e-13
5.661017205999425513e-13
5.397722971897671075e-13
5.149209116327151760e-13
4.914564600690781279e-13
4.692852363646668312e-13
4.483333854658239390e-13
4.285224075175190351e-13
4.097777106404965078e-13
3.920306572329477710e-13
3.752158136405303981e-13
3.592706396575521022e-13
3.441356927684420335e-13
3.297553638617115999e-13
3.160776979676478678e-13
3.030542508699421100e-13
2.906395780444653243e-13
2.787908281994151954e-13
2.674681576291661681e-13
2.566346406938512154e-13
2.462561435041090500e-13
2.363011887814296851e-13
2.267407008319476057e-13
2.175480022763345780e-13
2.086987050299357532e-13
2.001705619041369479e-13
1.919434090577254321e-13
1.839990726830262044e-13
1.763211953002548424e-13
1.688950782415222060e-13
1.617075595482781868e-13
1.547469552546720390e-13
1.480030695904069497e-13
1.414669918305357526e-13
1.351308905316159435e-13
1.289879267559463930e-13
1.230321981214293490e-13
1.172588131267969354e-13
1.116636994533969066e-13
1.062433434132806006e-13
1.009947225224315809e-13
9.591527801828212404e-14
9.100307587763724047e-14
8.625665580668339925e-14
8.167468304080616218e-14
7.725587090524540660e-14
7.299895256609354403e-14
6.890285805881946803e-14
6.496668346811008389e-14
6.118935179322190426e-14
5.756953299906106930e-14
5.410560697659375044e-14
5.079573278123342845e-14
4.763791231599524647e-14
4.462984102254676020e-14
4.176888207490036217e-14
3.905206659341656622e-14
3.647608772766662701e-14
3.403735419365393826e-14
3.173200681698874996e-14
2.955595434320718834e-14
2.750491304380769445e-14
2.557441637454224552e-14
2.375984428496172759e-14
2.205647241214281325e-14
2.045951794264379196e-14
1.896417707735315490e-14
1.756564902156485899e-14
1.625915422081224192e-14
1.503996760255992400e-14
1.390344948555039223e-14
1.284506532222396016e-14
1.186040086237721010e-14
1.094516876073220861e-14
1.009522270988970570e-14
9.306572721607607394e-15
8.575391025423404240e-15
7.898016234392060779e-15
7.270951748013396621e-15
6.690866786424736026e-15
6.154600315035188130e-15
5.659158972599969214e-15
5.201714249880724129e-15
4.779597004834226747e-15
4.390292226646139112e-15
4.031436645756888868e-15
3.700813286177160014e-15
3.396345575417732680e-15
3.116090740031937409e-15
2.858232793474783383e-15
2.621077626476308237e-15
2.403046920697360960e-15
2.202671790674452436e-15
2.018586572186147504e-15
1.849522273637056330e-15
1.694301380050986139e-15
1.551832433710986065e-15
1.421104487618465154e-15
1.301181955114288607e-15
1.191199341963378384e-15
1.090356745849498302e-15
9.979155212080281332e-16
9.131939371353082579e-16
8.355631874989947260e-16
7.644434325802620871e-16
6.993003353296033252e-16
6.396418599465690082e-16
5.850150995002129167e-16
5.350034040735099785e-16
4.892236531743705864e-16
4.473236839632051082e-16
4.089799047866696360e-16
3.738950499096425163e-16
3.417960714477626660e-16
3.124320589240065486e-16
2.855724908731516487e-16
2.610058311906225247e-16
2.385380487118185239e-16
2.179913339796231851e-16
1.992031449887648836e-16
1.820250660544489472e-16
1.663212463938808397e-16
1.519672576220098208e-16
1.388490315047690930e-16
1.268616867157354386e-16
1.159086234015135415e-16
1.059011185836680873e-16
9.675779958170998849e-17
8.840409705498898777e-17
8.077181220111036325e-17
7.379862980263184440e-17
6.742761735120248306e-17
6.160676023949793252e-17
5.628853783675579953e-17
5.142953638685475926e-17
4.699009469281312172e-17
4.293397750636824059e-17
3.922808399764884030e-17
3.584216999119422714e-17
3.274860511237266342e-17
2.992215049878832779e-17
2.733974241765355674e-17
2.498031323009178192e-17
2.282461665794203256e-17
2.085507036997362453e-17
1.905561021303402934e-17
1.741155525763309953e-17
1.590948725431850235e-17
1.453713073818837899e-17
1.328326706104792088e-17
1.213764870164502488e-17
1.109091801239538115e-17
1.013453210647044022e-17
9.260689388359249211e-18
8.462263912609647532e-18
