# bin_4_2
2.516899595873206001e-14
2.532741715587983530e-14
2.549202467118804067e-14
2.566305854344131380e-14
2.584076812246459786e-14
2.602541239161080798e-14
2.621726038914467626e-14
2.641659157527871569e-14
2.662369624624381651e-14
2.683887594108481581e-14
2.706244386553263071e-14
2.729472532695539068e-14
2.753605813008522217e-14
2.778679302771990078e-14
2.804729410952208980e-14
2.831793922088403672e-14
2.859912036435577428e-14
2.889124405540403693e-14
2.919473171900561862e-14
2.951002004147757575e-14
2.983756132967038649e-14
3.017782388291662491e-14
3.053129235541515731e-14
3.089846808793132518e-14
3.127986938595860889e-14
3.167603161079058083e-14
3.208750718114567487e-14
3.251486528648101595e-14
3.295869132320695435e-14
3.341958605619263532e-14
3.389816464694078492e-14
3.439505557960341205e-14
3.491089970387357073e-14
3.544634978098401311e-14
3.600207090201680250e-14
3.657874231151849534e-14
3.717706086541669262e-14
3.779774629396263212e-14
3.844154786184809327e-14
3.910925177041794866e-14
3.980168854048723871e-14
4.051973943834456286e-14
4.126434225948167726e-14
4.203649880549203940e-14
4.283728695404494554e-14
4.366788024643289076e-14
4.452957577592799275e-14
4.542382725832188388e-14
4.635227599564707798e-14
4.731676960801225353e-14
4.831935581695574975e-14
4.936223899814202252e-14
5.044769878745251089e-14
5.157797992196152198e-14
5.275518168906421727e-14
5.398116576684001636e-14
5.525740637684092069e-14
5.658454418376445319e-14
5.796171149910556842e-14
5.938634654128228841e-14
6.085480189919828775e-14
6.236348037798488968e-14
6.391043911449569363e-14
6.549711151289469941e-14
6.712929706207977554e-14
6.881615696088396730e-14
7.056737373738570749e-14
7.239039084210950906e-14
7.428887735531289614e-14
7.626315286958824321e-14
7.831230507369460755e-14
8.043618272934954329e-14
8.263582048167905900e-14
8.491278806314881183e-14
8.726856344838637081e-14
8.970461516636573624e-14
9.222287370570695484e-14
9.482592383103633143e-14
9.751656887394896658e-14
1.002973270147607433e-13
1.031706277389108871e-13
1.061390552080665342e-13
1.092053235037313581e-13
1.123722471372952305e-13
1.156427246760609037e-13
1.190196424070502663e-13
1.225058295854795508e-13
1.261040067844556899e-13
1.298168374998679643e-13
1.336466430894771182e-13
1.375946420416247767e-13
1.416607914383677982e-13
1.458449248563301308e-13
1.501471934699560367e-13
1.545680062847220239e-13
1.591077781053311307e-13
1.637649017723730265e-13
1.685394691811668372e-13
1.734509987882624742e-13
1.785200639396461270e-13
1.837334671032767647e-13
1.890927850677664357e-13
1.946016655299965356e-13
2.002596454142965238e-13
2.060663740593470620e-13
2.120184362520320656e-13
2.181085399364046611e-13
2.243294913132660928e-13
2.306691053948177835e-13
2.371209882828467488e-13
2.436980434940345971e-13
2.503819892312046840e-13
2.571369031301504235e-13
2.640097589429015935e-13
2.709884261632955277e-13
2.780836028625389565e-13
2.853414353043790134e-13
2.927147577267139305e-13
3.001961270314948059e-13
3.078058371075143593e-13
3.155253154369393886e-13
3.233384736712334437e-13
3.312563890507975751e-13
3.392713131737862462e-13
3.473770084810802103e-13
3.555594872036819917e-13
3.638177855400667696e-13
3.721458257113365504e-13
3.805360116345528254e-13
3.889828164877468891e-13
3.974806736745957157e-13
4.060235097076689566e-13
4.146051124289521760e-13
4.232165875658547012e-13
4.318473561980605005e-13
4.404846993897498196e-13
4.491138834644563156e-13
4.577179063252638386e-13
4.662776440912707306e-13
4.747713420825732933e-13
4.831736157844352433e-13
4.914553438958763566e-13
4.995827231303210318e-13
5.075161154761179119e-13
5.152116796552883158e-13
5.226230862167123952e-13
5.297041987034042407e-13
5.364114910152157751e-13
5.427056005210487634e-13
5.485523314109864451e-13
5.539235851204683307e-13
5.587986468247780889e-13
5.631651880682921258e-13
5.670186485983866479e-13
5.703596382131989186e-13
5.731891451700281012e-13
5.755033610558594208e-13
5.772882956630900138e-13
5.785177526482153549e-13
5.791518767636613321e-13
5.791389287858291401e-13
5.784247554604580160e-13
5.769650664362126474e-13
5.747389712500994237e-13
5.717595299421499147e-13
5.680718453313549386e-13
5.637481278029089011e-13
5.588692737402886506e-13
5.535032004783959932e-13
5.476912339922925177e-13
5.414456862192711833e-13
5.347631429483727582e-13
5.276526330519759904e-13
5.201501792565233637e-13
5.123303315450453769e-13
5.042855131082520966e-13
4.960927005417459510e-13
4.878023121762960379e-13
4.794287620945666926e-13
4.709621799217521986e-13
4.623970839058011461e-13
4.537253695996485108e-13
4.449354289194423616e-13
4.359936516635957494e-13
4.268416046731021845e-13
4.174104039168492527e-13
4.076370428285620231e-13
3.974726353508446967e-13
3.868939122002489282e-13
3.759097858779615633e-13
3.645673238370550449e-13
3.529482887645465519e-13
3.411683764461427602e-13
3.293588161870417057e-13
3.176443249178703862e-13
3.061412266182651174e-13
2.949293055840797118e-13
2.840530174293221538e-13
2.735229755913564187e-13
2.633166630538260208e-13
2.534035888156985802e-13
2.437422064930737587e-13
2.342836688177323140e-13
2.249901723931628255e-13
2.158341789982359670e-13
2.068038024234333687e-13
1.979147394690630285e-13
1.892180852543169274e-13
1.807828186917705537e-13
1.726670315221975414e-13
1.648913885050079707e-13
1.574372063894657476e-13
1.502715187536278445e-13
1.433576155400183940e-13
1.366666546229727428e-13
1.301974974916663370e-13
1.239667975513167019e-13
1.180021741464568631e-13
1.123305356079893348e-13
1.069426260273477790e-13
1.017982005759401286e-13
9.685812141783377921e-14
9.210672491490200320e-14
8.756070040398673400e-14
8.324323694631108434e-14
7.915445209860762798e-14
7.527279018477704199e-14
7.157452126239363264e-14
6.804944387945595431e-14
6.469741179241934680e-14
6.151892564908226006e-14
5.850567966877523171e-14
5.564786358357497042e-14
5.294006238109149733e-14
5.037376182136332716e-14
4.794088678898784894e-14
4.563627871198681042e-14
4.345585593885004591e-14
4.139417300903753185e-14
3.944205460670429177e-14
3.759280683729724910e-14
3.584414057811970684e-14
3.419082148497867257e-14
3.262535220676886154e-14
3.114309359725045244e-14
2.974054242978809918e-14
2.841234869718017462e-14
2.715375971684444726e-14
2.596088973450383700e-14
2.482972711290758372e-14
2.375622633369731272e-14
2.273679568293416714e-14
2.176797469930517775e-14
2.084644009584182381e-14
1.996905889025908688e-14
1.913293841317244745e-14
1.833531253329292046e-14
1.757360433401354506e-14
1.684540930610349754e-14
1.614848031261731111e-14
1.548073200165356432e-14
1.484022827720212461e-14
1.422518242708356635e-14
1.363395605548162275e-14
1.306504426745834757e-14
1.251706919453556429e-14
1.198877384603852617e-14
1.147901799798544693e-14
1.098677726934441273e-14
1.051113237503871694e-14
1.005125748882210565e-14
9.606417881931697107e-15
9.175964103565671175e-15
8.759329464315673009e-15
8.356023278606178870e-15
7.965615412366221703e-15
7.587734935717450689e-15
7.222065396300651250e-15
6.868339258117710071e-15
6.526334609538079782e-15
6.195858144580699133e-15
5.876741666259256113e-15
5.568840717487589890e-15
5.272026853584087340e-15
4.986187241067998130e-15
4.711211608992989862e-15
4.446985830527387504e-15
4.193393383424633994e-15
3.950309689385420702e-15
3.717602693534143211e-15
3.495128230755955920e-15
3.282724889002649597e-15
3.080216187575666830e-15
2.887408810382927611e-15
2.704092817650027551e-15
2.530043412623456105e-15
2.365020391543328510e-15
2.208770054900037701e-15
2.061026182111023517e-15
1.921510823190133176e-15
1.789937380604751154e-15
1.666012676221966782e-15
1.549438292580358993e-15
1.439912052067529676e-15
1.337129588429056251e-15
1.240786534361518096e-15
1.150580634146468215e-15
1.066212799780935015e-15
9.873880784882961912e-16
9.138168886612709909e-16
8.452161016767429527e-16
7.813102481542915135e-16
7.218321769867375516e-16
6.665234997250082086e-16
6.151351624172720149e-16
5.674277542533615361e-16
5.231718966657282505e-16
4.821484038509250367e-16
4.441482539123874590e-16
4.089726403842334249e-16
3.764328354628693303e-16
3.463500932513243204e-16
3.185554907921912461e-16
2.928896265027667922e-16
2.692023789622726895e-16
2.473525716295155547e-16
2.272076480395601789e-16
2.086433658955506791e-16
1.915434097012067834e-16
1.757990455410505725e-16
1.613087443653112414e-16
1.479778044303421093e-16
1.357180144706461327e-16
1.244472831094012388e-16
1.140892977763180310e-16
1.045731844531540865e-16
9.583316745275777572e-17
8.780826701912908555e-17
8.044199070308807696e-17
7.368204500852033653e-17
6.748005952829601481e-17
6.179131556699625228e-17
5.657450309541180256e-17
5.179148315389985506e-17
4.740706519287583918e-17
4.338879951284053937e-17
3.970677490975310174e-17
3.633343498981326755e-17
3.324340519466781158e-17
3.041333003122437396e-17
2.782172193174953758e-17
2.544881759600831922e-17
2.327644701439380935e-17
2.128791083449930380e-17
1.946786593275528613e-17
1.780222113361452961e-17
1.627803780869063239e-17
1.488343985561425332e-17
1.360753181481655185e-17
1.244032182395922251e-17
1.137264910882407661e-17
1.039611933778129373e-17
9.503038838853465314e-18
8.686353067714613783e-18
7.939595272760375191e-18
7.256837970907681596e-18
6.632643789649779468e-18
6.062028099442470646e-18
5.540425625170614485e-18
5.063653150534047989e-18
4.627876718012633258e-18
4.229586145377241155e-18
3.865567309481310824e-18
3.532877139699644596e-18
3.228822326746200961e-18
2.950939976017531425e-18
2.696978009647390166e-18
2.464877304876000508e-18
2.252755711078250527e-18
2.058893032765826719e-18
1.881717153107985429e-18
1.719791332914472218e-18
1.571802572060446810e-18
1.436550895815444705e-18
1.312938073512265358e-18
1.199956293406206903e-18
1.096682825954924383e-18
1.002282337277185340e-18
9.160034084180631548e-19
8.371706988676485994e-19
7.651609177022145718e-19
6.993895243999941883e-19
6.393079035057026337e-19
5.844103963270152790e-19
5.342421759856437361e-19
4.883926399853406884e-19
4.464878808892928374e-19
4.081871920383127124e-19
3.731809038005950703e-19
3.411867922165316953e-19
