# bin_4_3
6.904030663679744887e-14
6.947629763990865793e-14
6.992933726328700764e-14
7.040008773124912978e-14
7.088923668621523308e-14
7.139749815739614033e-14
7.192561355607141295e-14
7.247435266540670266e-14
7.304451477126378366e-14
7.363692969423160578e-14
7.425245887711339840e-14
7.489199663321073838e-14
7.555647129236789994e-14
7.624684640294163382e-14
7.696412196417216898e-14
7.770933574960820025e-14
7.848356457040691736e-14
7.928792549972733829e-14
8.012357726231856311e-14
8.099172151060338856e-14
8.189360400407700968e-14
8.283051595929200753e-14
8.380379517670909475e-14
8.481482714833345621e-14
8.586504627275975247e-14
8.695593672668526375e-14
8.808903366927423422e-14
8.926592432670166647e-14
9.048824937994672112e-14
9.175770446562681706e-14
9.307604211644539798e-14
9.444507382430356861e-14
9.586667236602321077e-14
9.734277461601796963e-14
9.887538428648048147e-14
1.004665758060630504e-13
1.021184984362522766e-13
1.038333818641359831e-13
1.056135429457973706e-13
1.074613947421525570e-13
1.093794571331061035e-13
1.113703699440377586e-13
1.134369089130706475e-13
1.155820051561742740e-13
1.178087602724526152e-13
1.201204411356234783e-13
1.225204296728908137e-13
1.250122008756593561e-13
1.275993789558110146e-13
1.302858092221806007e-13
1.330756063772010694e-13
1.359731862239636135e-13
1.389832610303990812e-13
1.421107747684255827e-13
1.453607629555280296e-13
1.487381241264551754e-13
1.522473055791534864e-13
1.558919938026088636e-13
1.596749389325262058e-13
1.635979442381691446e-13
1.676620252018420126e-13
1.718677433939306681e-13
1.762158093202777258e-13
1.807080156896277363e-13
1.853484718716447680e-13
1.901445939868763878e-13
1.951073079133435600e-13
2.002503841439498097e-13
2.055886267232766432e-13
2.111349773724072347e-13
2.168979380925504689e-13
2.228817309789795232e-13
2.290886916471888839e-13
2.355216828792091096e-13
2.421856187990100941e-13
2.490874353263752738e-13
2.562350361864115799e-13
2.636365289020666553e-13
2.712999397667512745e-13
2.792333015866969516e-13
2.874448314586528734e-13
2.959429117820428866e-13
3.047360300645901562e-13
3.138328672369349729e-13
3.232423281919986761e-13
3.329734441639214639e-13
3.430353873454097011e-13
3.534375636879602663e-13
3.641896533438058700e-13
3.753016092358537679e-13
3.867836234607529591e-13
3.986457798345145518e-13
4.108982633715102058e-13
4.235524506758061549e-13
4.366190378791420115e-13
4.501075976251523601e-13
4.640281705989805522e-13
4.783895150301893529e-13
4.931991271546244071e-13
5.084634883303169015e-13
5.241883918984780673e-13
5.403790041250248036e-13
5.570405204616979217e-13
5.741787146121683811e-13
5.918004351360741303e-13
6.099161079915145417e-13
6.285412178342824482e-13
6.476963558838273514e-13
6.674063651362363263e-13
6.876978642121396354e-13
7.085987136971034098e-13
7.301326581062843314e-13
7.523174897303585622e-13
7.751614157799297677e-13
7.986441835856445333e-13
8.227166616661177747e-13
8.473060931591512278e-13
8.723102660551112981e-13
8.976436296597281835e-13
9.233079520980560374e-13
9.492644321324196263e-13
9.755211313100363429e-13
1.002486445964795749e-12
1.030356034732846186e-12
1.059078616672995705e-12
1.088389836407624876e-12
1.118314187241776974e-12
1.148815058349300707e-12
1.179884124334041832e-12
1.211509660782136064e-12
1.243688355968880957e-12
1.276405773164153203e-12
1.309647695891851981e-12
1.343395384544217982e-12
1.377632059084571692e-12
1.412332473749833751e-12
1.447462475628081297e-12
1.482980992600235282e-12
1.518845629509327080e-12
1.555004692717394072e-12
1.591396401510147865e-12
1.627947601843571493e-12
1.664580123353114130e-12
1.701202673013252715e-12
1.737714851615216404e-12
1.774007928670599271e-12
1.809969128003036715e-12
1.845482669709646695e-12
1.880433334711544472e-12
1.914707921891544157e-12
1.948195190057546496e-12
1.980786895055103708e-12
2.012376475852930990e-12
2.042858505286096880e-12
2.072126895832539072e-12
2.100070658911204146e-12
2.126569986501056513e-12
2.151490422501634243e-12
2.174679603140301480e-12
2.195965876875710015e-12
2.215161918277430788e-12
2.232071235029569067e-12
2.246500508999417352e-12
2.258275608460975860e-12
2.267256987249844560e-12
2.273350594715350412e-12
2.276509572586793174e-12
2.276726171507117526e-12
2.274015619252160562e-12
2.268397311805076572e-12
2.259884397343782472e-12
2.248487894529936847e-12
2.234236717355142361e-12
2.217203463830906406e-12
2.197525813420891768e-12
2.175410141719927322e-12
2.151114158967257097e-12
2.124924868337761517e-12
2.097136676783893940e-12
2.068017606765747858e-12
2.037836938670548594e-12
2.006874790366292951e-12
1.975394077670479963e-12
1.943598425533779708e-12
1.911616031204498824e-12
1.879508889062993411e-12
1.847311595382596078e-12
1.814960772972394744e-12
1.782314380331490257e-12
1.749151710580110822e-12
1.715204584533923613e-12
1.680117372911627865e-12
1.643482500453267319e-12
1.604893337830654089e-12
1.564019962018546565e-12
1.520686206806852381e-12
1.474927042647896709e-12
1.427011001059748184e-12
1.377422055310008973e-12
1.326818102221495225e-12
1.275987140153947464e-12
1.225803225977921083e-12
1.177115725531248966e-12
1.130689117351905223e-12
1.087042753143104931e-12
1.046279096226451065e-12
1.008079111008707835e-12
9.718233557040237501e-13
9.366430126162476110e-13
9.015622583665747844e-13
8.657679699504643365e-13
8.288874739404867208e-13
7.910950232830811079e-13
7.530314530981496527e-13
7.156754495865990554e-13
6.801249022120575974e-13
6.471878227897745629e-13
6.170315218836551216e-13
5.891740452671322589e-13
5.627267918791158014e-13
5.367672079959048821e-13
5.107572627608686239e-13
4.847588142839737905e-13
4.593435000604381459e-13
4.352471951093912480e-13
4.129249605576570953e-13
3.922998085949717071e-13
3.728616821098891331e-13
3.540459268856480342e-13
3.356414034791962985e-13
3.178831184808702825e-13
3.011397032284202427e-13
2.855383575361943358e-13
2.708877001858276139e-13
2.569022792998394120e-13
2.434807378048143494e-13
2.307450399341645574e-13
2.187979160597495198e-13
2.075656940475431431e-13
1.969108043758037151e-13
1.868009387209279825e-13
1.772739648125302707e-13
1.683126992215147087e-13
1.598518191584829155e-13
1.518586050378898992e-13
1.443287653381656777e-13
1.372355975012306401e-13
1.305458366133143895e-13
1.242389428753228472e-13
1.182964478281813179e-13
1.126938155244365079e-13
1.074108557456896630e-13
1.024284816340069424e-13
9.772756600586517460e-14
9.328983164628744668e-14
8.909891669888509623e-14
8.513842998060042971e-14
8.139308140445894614e-14
7.784851394517414835e-14
7.449111710315253819e-14
7.130796139478821266e-14
6.828689171215130382e-14
6.541661725566355634e-14
6.268665840126931307e-14
6.008719477750901983e-14
5.760898135884918499e-14
5.524338223390946049e-14
5.298243333618458189e-14
5.081881647235752496e-14
4.874578730311700885e-14
4.675711487028803336e-14
4.484706399746201156e-14
4.301039812492802242e-14
4.124235546890826376e-14
3.953861964912418335e-14
3.789529026830562663e-14
3.630884881327806666e-14
3.477612853098972935e-14
3.329428538353777387e-14
3.186078604686780401e-14
3.047340089984317284e-14
2.913017234327243027e-14
2.782937475450708772e-14
2.656948004855660974e-14
2.534914883938813971e-14
2.416723266059045210e-14
2.302274959488007787e-14
2.191485105172549491e-14
2.084278926191006787e-14
1.980590919562861975e-14
1.880365893878956250e-14
1.783556909997788250e-14
1.690122127617672597e-14
1.600021995694026365e-14
1.513218698967770932e-14
1.429678315862556270e-14
1.349369706102801481e-14
1.272260826755578448e-14
1.198315746091965337e-14
1.127494372274990943e-14
1.059754869631775649e-14
9.950543383214890159e-15
9.333462552937375194e-15
8.745776811033998322e-15
8.186891079197137404e-15
7.656160104685306157e-15
7.152902761686896440e-15
6.676400458269368641e-15
6.225886605192076292e-15
5.800548402205689257e-15
5.399535510885934375e-15
5.021969730165131349e-15
4.666953115198686518e-15
4.333571731205043028e-15
4.020900869927962170e-15
3.728010860838504957e-15
3.453972230430730664e-15
3.197861905029271387e-15
2.958768565877057149e-15
2.735797126592288647e-15
2.528071926907296188e-15
2.334738886251455994e-15
2.154968479274024194e-15
1.987958761940450990e-15
1.832937568759398888e-15
1.689163426067763856e-15
1.555925591011698952e-15
1.432544582189381252e-15
1.318373081073410923e-15
1.212796410364345429e-15
1.115232085193349018e-15
1.025128763987732287e-15
9.419654336490506870e-16
8.652509948063001613e-16
7.945237510913637755e-16
7.293503595812289908e-16
6.693244332866568163e-16
6.140652467275625920e-16
5.632167557825229025e-16
5.164466808768277182e-16
4.734453360781165601e-16
4.339242837538785592e-16
3.976150443266744254e-16
3.642680255825409533e-16
3.336515628835416309e-16
3.055508696921497397e-16
2.797669173157289666e-16
2.561153556700485001e-16
2.344255722478220769e-16
2.145398516977515417e-16
1.963125319807732969e-16
1.796091410038377596e-16
1.643055664495876132e-16
1.502873233810408417e-16
1.374489099642300085e-16
1.256931805818358697e-16
1.149307224495621506e-16
1.050792696196921612e-16
9.606315817168143604e-17
8.781281815105795068e-17
8.026430515634823590e-17
7.335885554648390430e-17
6.704244533363112267e-17
6.126541533351597656e-17
5.598218451813616182e-17
5.115098190256626226e-17
4.673355483542549402e-17
4.269494396880813712e-17
3.900323249069456222e-17
3.562921840899740591e-17
3.254609108487824971e-17
2.972921610987064135e-17
2.715592154472394515e-17
2.480531908449104896e-17
2.265820261525906600e-17
2.069698127719990285e-17
1.890556801853093660e-17
1.726925927460207535e-17
1.577462105971276129e-17
1.440938202256551649e-17
1.316233411103415075e-17
1.202324152562794441e-17
1.098275602608932161e-17
1.003233879152475762e-17
9.164189278683935059e-18
8.371181378103224952e-18
7.646806267157396943e-18
6.985121495159376351e-18
6.380704090106740804e-18
5.828608901513078111e-18
5.324325219046516190e-18
4.863731470948825714e-18
4.443053632090068792e-18
4.058826352228732205e-18
3.707873093004454528e-18
3.387296096296745763e-18
3.094458318406551361e-18
2.826958037195272154e-18
2.582603125644388281e-18
2.359390703099289294e-18
