# bin_1_1
3.512997798878668729e-11
3.532179093506018315e-11
3.552074327568382698e-11
3.572708435839354481e-11
3.594107164958921818e-11
3.616297047376691687e-11
3.639305291203521090e-11
3.663159836534075653e-11
3.687889334301360882e-11
3.713523246631708723e-11
3.740092016590158219e-11
3.767626904730418852e-11
3.796159978788242765e-11
3.825724090872284491e-11
3.856352919857225608e-11
3.888081325601916235e-11
3.920945131415294663e-11
3.954981080354758614e-11
3.990226234306394334e-11
4.026718104293157999e-11
4.064494985301403361e-11
4.103596398626267982e-11
4.144062885875422109e-11
4.185935793495758232e-11
4.229256920965224146e-11
4.274068625504586592e-11
4.320413882482188864e-11
4.368336652989020323e-11
4.417881710769791252e-11
4.469093916428523845e-11
4.522018307415608497e-11
4.576700829786666476e-11
4.633188703081366071e-11
4.691529104285048926e-11
4.751767889807523039e-11
4.813951845430769122e-11
4.878133575707236414e-11
4.944366240855025615e-11
5.012693322834204413e-11
5.083162680731747490e-11
5.155840298467600399e-11
5.230777113251444798e-11
5.308010700128377419e-11
5.387616959749531448e-11
5.469654914371240865e-11
5.554155987742437530e-11
5.641206973361761993e-11
5.730853222793690036e-11
5.823141315474257417e-11
5.918150586133154514e-11
6.015910702259358258e-11
6.116495063359085486e-11
6.219941199997531278e-11
6.326309284115711938e-11
6.435642742647702749e-11
6.547998480237418344e-11
6.663424533345661078e-11
6.781983127379921663e-11
6.903737749798502982e-11
7.028762318458815983e-11
7.157145408396647453e-11
7.288983422323578232e-11
7.424388850918356530e-11
7.563488758783277304e-11
7.706418374942159703e-11
7.853321294793738075e-11
8.004344669857987781e-11
8.159635808087241364e-11
8.319334774758173207e-11
8.483589330260514617e-11
8.652543545387934532e-11
8.826328062071270700e-11
9.005067885815977272e-11
9.188884799128264022e-11
9.377892347160698713e-11
9.572205892423910889e-11
9.771945772792567564e-11
9.977281211692302930e-11
1.018832958767042489e-10
1.040521773751357670e-10
1.062813116814238351e-10
1.085737462137707257e-10
1.109344308754453443e-10
1.133703092613275351e-10
1.158884524191167498e-10
1.184926009508165564e-10
1.211839722752828456e-10
1.239639678591531595e-10
1.268329916252731575e-10
1.297886521920749788e-10
1.328249112838690100e-10
1.359326130084034753e-10
1.391008730919319450e-10
1.423205437355177718e-10
1.455858026522104368e-10
1.488924487216836583e-10
1.522410825399325290e-10
1.556567383060681223e-10
1.591949178643491816e-10
1.628660674667626522e-10
1.666149050225951247e-10
1.704316851285949810e-10
1.743350203051836956e-10
1.783176066460902638e-10
1.823677478255102612e-10
1.864993876192828185e-10
1.907120659218128175e-10
1.950004766605973348e-10
1.993629337543647081e-10
2.037949985593282643e-10
2.082934060663468907e-10
2.128522818587041155e-10
2.174656077602380006e-10
2.221264115398235630e-10
2.268269538785478814e-10
2.315590639707043668e-10
2.363159672405005105e-10
2.410930584624211421e-10
2.458857658443920906e-10
2.506870859474252020e-10
2.554864934885130945e-10
2.602707143470782723e-10
2.650253328427800837e-10
2.697357055633082776e-10
2.743891119916157230e-10
2.789767261075016196e-10
2.834900893704834054e-10
2.879151659450963915e-10
2.922322181996740161e-10
2.964192049507205816e-10
3.004562744156124235e-10
3.043289434553771844e-10
3.080245474832354574e-10
3.115263573592139276e-10
3.148118325941758223e-10
3.178565603978166502e-10
3.206400650785259835e-10
3.231467318419151001e-10
3.253618492822834257e-10
3.272677701077339060e-10
3.288442482149736899e-10
3.300736629980838671e-10
3.309436808803290362e-10
3.314451133400866166e-10
3.315687900010878052e-10
3.313054516248021469e-10
3.306505796340882700e-10
3.296056682180326278e-10
3.281758826580389136e-10
3.263682860048056987e-10
3.241939068098437987e-10
3.216696684492160719e-10
3.188166742972372427e-10
3.156578469756530533e-10
3.122183644824710265e-10
3.085261610153896116e-10
3.046099987214493083e-10
3.004985200377653653e-10
2.962224576005283707e-10
2.918113263371745871e-10
2.872892933356818056e-10
2.826776749175903563e-10
2.779964369052560779e-10
2.732630054528810150e-10
2.684898433101898490e-10
2.636767647435889780e-10
2.588164671562859027e-10
2.538942823222955889e-10
2.488828490357370533e-10
2.437454814107251405e-10
2.384426654586034458e-10
2.329362465301696167e-10
2.271982822202600039e-10
2.212167133605276738e-10
2.149985775333114715e-10
2.085710698448626838e-10
2.019808147826227725e-10
1.952923893472573305e-10
1.885854954047013286e-10
1.819487374745879912e-10
1.754691195719319120e-10
1.692177699638753200e-10
1.632306957716471784e-10
1.575018323167850715e-10
1.519972773519102561e-10
1.466577671624231407e-10
1.414067410821427623e-10
1.361797826966060480e-10
1.309472695089557437e-10
1.257186771625151526e-10
1.205353684713111694e-10
1.154602478682245277e-10
1.105671208069221749e-10
1.059124513265004522e-10
1.015059098559802019e-10
9.731087810995081229e-11
9.326491811368790216e-11
8.930144939554419228e-11
8.538271275346286620e-11
8.152633964555636025e-11
7.779291850191466304e-11
7.425037292899365715e-11
7.093446035709300150e-11
6.782177661036632062e-11
6.484685799702408514e-11
6.194744685292309589e-11
5.910391656082308526e-11
5.635024550119150920e-11
5.373610014019607372e-11
5.127830446719621723e-11
4.895344799109586240e-11
4.672501738551298743e-11
4.457614156624483205e-11
4.251809602689726240e-11
4.056475474478510436e-11
3.870927708158001332e-11
3.693685357131404534e-11
3.524510875762058551e-11
3.363737549464124614e-11
3.210911813673486898e-11
3.065184761878395251e-11
2.926312795906639909e-11
2.794406515090847547e-11
2.669040391671235152e-11
2.549645284170982314e-11
2.436086898528136266e-11
2.328185291975993872e-11
2.225545597007968482e-11
2.127914288623066691e-11
2.035092879761795502e-11
1.946794906382493647e-11
1.862774497709622349e-11
1.782826050380433500e-11
1.706716083611614807e-11
1.634225139724426007e-11
1.565153510632543052e-11
1.499299584257608678e-11
1.436468816981748770e-11
1.376477449750355063e-11
1.319150275701292938e-11
1.264321549725243331e-11
1.211832944158561610e-11
1.161532017191622698e-11
1.113273825030111018e-11
1.066923504193605194e-11
1.022355901328446484e-11
9.794542502877550734e-12
9.381093050382328806e-12
8.982195687695735420e-12
8.596927389445086442e-12
8.224458252776502888e-12
7.864046164937623723e-12
7.515036185237481367e-12
7.176854953278572453e-12
6.849004569776479451e-12
6.531060838056520008e-12
6.222674166264294757e-12
5.923575056869340440e-12
5.633566517754751479e-12
5.352496944498837678e-12
5.080248641009211470e-12
4.816740946457784087e-12
4.561933849142962460e-12
4.315823852951985344e-12
4.078417306232701266e-12
3.849713466971916652e-12
3.629706774832321893e-12
3.418386393258162847e-12
3.215734325573301741e-12
3.021717247795367576e-12
2.836277155587189507e-12
2.659332177039250406e-12
2.490776547547710430e-12
2.330480065492104548e-12
2.178290639917006771e-12
2.034034651709118952e-12
1.897518185253074474e-12
1.768528670467142918e-12
1.646836243485668873e-12
1.532197099832162526e-12
1.424356807225631437e-12
1.323052495450024712e-12
1.228014859803825710e-12
1.138970033871521316e-12
1.055641907279659950e-12
9.777547740054422166e-13
9.050351356745956249e-13
8.372129966004436261e-13
7.740230809264005519e-13
7.152060339321966186e-13
6.605098179790124121e-13
6.096906094190455991e-13
5.625132239361127866e-13
5.187515151571810499e-13
4.781886939092184933e-13
4.406177475694216649e-13
4.058416492942169864e-13
3.736732462087794434e-13
3.439351384082638680e-13
3.164595155499031880e-13
2.910880379787314385e-13
2.676716655975162493e-13
2.460703123219701327e-13
2.261524980934618598e-13
2.077949991760749214e-13
1.908825207262029494e-13
1.753073790509703966e-13
1.609691087163829691e-13
1.477740715694632291e-13
1.356350846524795190e-13
1.244710649374626694e-13
1.142066999136440540e-13
1.047720963529713749e-13
9.610243472950436567e-14
8.813764727304981792e-14
8.082211158879779795e-14
7.410436924383411341e-14
6.793684583136277957e-14
6.227557882903393247e-14
5.707996627321733091e-14
5.231252957491747228e-14
4.793869596043340974e-14
4.392658987840537502e-14
4.024683261456115548e-14
3.687235787545098297e-14
3.377823908096093096e-14
3.094153067801398979e-14
2.834111924562057030e-14
2.595758208332187164e-14
2.377305704173814253e-14
2.177112166142740431e-14
1.993668239926504583e-14
1.825587166735914244e-14
1.671595071188576771e-14
1.530522036289731154e-14
1.401294412880902525e-14
1.282925794792191645e-14
1.174510488997419458e-14
1.075217717147289722e-14
9.842850952408038949e-15
9.010130733675729933e-15
8.247605420180018020e-15
7.549395514976947102e-15
6.910097391471371219e-15
6.324768451778397676e-15
5.788881106780138099e-15
5.298290929638767364e-15
4.849196573450750363e-15
4.438100782768433127e-15
4.061805466865414310e-15
3.717378697998341092e-15
3.402137052674390164e-15
3.113609568412142708e-15
2.849539997433487344e-15
2.607863735269730335e-15
2.386686191592562287e-15
2.184270124073259490e-15
1.999026783379011388e-15
1.829500680085402598e-15
1.674357429669391673e-15
1.532377128574181036e-15
1.402442782665312171e-15
1.283531982323978716e-15
1.174709457703524547e-15
1.075119091036515277e-15
9.839775349970192071e-16
9.005679194308070163e-16
8.242342114406439316e-16
7.543760519538792512e-16
6.904440323699025360e-16
6.319353609369651194e-16
5.783900102634251261e-16
5.293868609132715502e-16
4.845408900734071736e-16
4.434994805054403923e-16
4.059398540128910246e-16
3.715675438343635359e-16
3.401117433469970455e-16
3.113251343832968058e-16
2.849814752062934660e-16
2.608736725783048147e-16
2.388117477039334717e-16
2.186222017709027665e-16
2.001463301067338205e-16
1.832390239990224818e-16
1.677676420302948306e-16
1.536109030855512162e-16
1.406578115911551027e-16
1.288066235742377061e-16
1.179639220312360290e-16
1.080439004941167732e-16
9.896797726929945565e-17
9.066382023487095237e-17
8.306516830973280323e-17
7.611177376157416162e-17
6.974868940862873481e-17
6.392591120977770268e-17
5.859820463098257414e-17
5.372415787986264248e-17
4.926532380031515211e-17
