# bin_3_2
2.113013531810892391e-13
2.126287676146532046e-13
2.140079803857260468e-13
2.154409910377108263e-13
2.169298742586651185e-13
2.184767821740570523e-13
2.200839474881294170e-13
2.217536858028753925e-13
2.234883983964551499e-13
2.252905753303800423e-13
2.271627977600630731e-13
2.291077414648601226e-13
2.311281791134689717e-13
2.332269838177752459e-13
2.354071316075369185e-13
2.376717049211981732e-13
2.400238952303085677e-13
2.424670065144298249e-13
2.450044580947585866e-13
2.476397876420291139e-13
2.503766543212005312e-13
2.532188417777820981e-13
2.561702640689130822e-13
2.592349691933113416e-13
2.624171471353175611e-13
2.657211344999584464e-13
2.691514250011540683e-13
2.727126768533231389e-13
2.764097229682794473e-13
2.802475839338953475e-13
2.842314798569285286e-13
2.883668448948234786e-13
2.926593442904209259e-13
2.971148920391442484e-13
3.017396703162872353e-13
3.065401506233646629e-13
3.115231172483395798e-13
3.166956914431886988e-13
3.220653559507997303e-13
3.276399824365007163e-13
3.334278641496925842e-13
3.394377279799638122e-13
3.456787208963865851e-13
3.521603426374143410e-13
3.588923497691039138e-13
3.658846443986576353e-13
3.731471413967642529e-13
3.806896148731939961e-13
3.885215261223380990e-13
3.966518384557743627e-13
4.050888218874312059e-13
4.138398394749551439e-13
4.229111682510081731e-13
4.323078269540821827e-13
4.420332424427805782e-13
4.520896854370111651e-13
4.624817541304156856e-13
4.732228018086703727e-13
4.843295715145945924e-13
4.958188328396489163e-13
5.077093301903985810e-13
5.200210162939224631e-13
5.327750390610185991e-13
5.459924512787802109e-13
5.596942638633495011e-13
5.739007353530526492e-13
5.886296333551935171e-13
6.038962547963432062e-13
6.197134834196781689e-13
6.360931674420708207e-13
6.530478904862595599e-13
6.705921815711878303e-13
6.887424697304154807e-13
7.075164584033864774e-13
7.269322690625200945e-13
7.470078427238156375e-13
7.677606373505716364e-13
7.892075539338000048e-13
8.113652784302697385e-13
8.342508312676402725e-13
8.578820400830944548e-13
8.822778758850306862e-13
9.074599306346250956e-13
9.334528254451585163e-13
9.602796166479775593e-13
9.879578100690952194e-13
1.016502649312550989e-12
1.045929364516312523e-12
1.076254757754668901e-12
1.107501520665944719e-12
1.139697170481547377e-12
1.172864503622643233e-12
1.207015107453633662e-12
1.242155766005506423e-12
1.278294027571618999e-12
1.315436271247629010e-12
1.353589435159186474e-12
1.392760699280554225e-12
1.432958858617840381e-12
1.474196793870024478e-12
1.516493415817236276e-12
1.559876335892474363e-12
1.604387207357934513e-12
1.650078470874643996e-12
1.697001906718427401e-12
1.745216108093553025e-12
1.794755428328723119e-12
1.845622408869331166e-12
1.897804888702610191e-12
1.951248788827926491e-12
2.005846441746553357e-12
2.061404491007191924e-12
2.117766039420735906e-12
2.174829610304382059e-12
2.232449694663833304e-12
2.290630576143377504e-12
2.349442862869668722e-12
2.409148867653131085e-12
2.470249809477692263e-12
2.533387646025681327e-12
2.598091038027994961e-12
2.663908046381789409e-12
2.730873511501924664e-12
2.798941590006946435e-12
2.868093763935826308e-12
2.938315708571822965e-12
3.009593609425781202e-12
3.081910052632708459e-12
3.155227000041109787e-12
3.229509136198372282e-12
3.304714616027791419e-12
3.380782108728052032e-12
3.457635910474907431e-12
3.535181166965024165e-12
3.613308284605055567e-12
3.691894613442966683e-12
3.770781857116595965e-12
3.849794074987873228e-12
3.928733217231971309e-12
4.007379118013448506e-12
4.085486888695650815e-12
4.162798828351292486e-12
4.239052061866497362e-12
4.313977827540865105e-12
4.387313722730087094e-12
4.458805424563465373e-12
4.528209078439693676e-12
4.595295107167958253e-12
4.659844575356779678e-12
4.721645963603382875e-12
4.780484581779382124e-12
4.836131925444514475e-12
4.888332179213648828e-12
4.936791918993435970e-12
4.981172465521118533e-12
5.021090146951799912e-12
5.056131094875040162e-12
5.085873081890976904e-12
5.109914953929311487e-12
5.127910167024735506e-12
5.139596403027476976e-12
5.144811127284762930e-12
5.143486190087847621e-12
5.135628761700353931e-12
5.121294723823465818e-12
5.100564247021875001e-12
5.073534527807965440e-12
5.040331988717254561e-12
5.001141487803942714e-12
4.956237423343569229e-12
4.906001970715400545e-12
4.850925552829935192e-12
4.791576966352495889e-12
4.728570848972949449e-12
4.662527296085001802e-12
4.594058627080809918e-12
4.523742262585861955e-12
4.452153578898512538e-12
4.379770405248575951e-12
4.306897045328753227e-12
4.233686372481666230e-12
4.160176926928012193e-12
4.086286348664423866e-12
4.011810584776193989e-12
3.936284870397638816e-12
3.859132323514363491e-12
3.779705705911988478e-12
3.697269280784466392e-12
3.611066990702575708e-12
3.520424484131646051e-12
3.424893874191816850e-12
3.324393734304688001e-12
3.219309721299628719e-12
3.110513132384634348e-12
2.999301523422387267e-12
2.887266962629876180e-12
2.776141153141256525e-12
2.667637807477270140e-12
2.563305822795582169e-12
2.464281879659735329e-12
2.371127046383821351e-12
2.283614505150548705e-12
2.200691043459881731e-12
2.120882581569295575e-12
2.042453261546989294e-12
1.963743561530267156e-12
1.883635871202726708e-12
1.801932789743206153e-12
1.719424127323537130e-12
1.637619209063615463e-12
1.558365889808018895e-12
1.483431003624671560e-12
1.413912555322686147e-12
1.349730825613811854e-12
1.289722327163020565e-12
1.232230808933869036e-12
1.175744917463849267e-12
1.119508229502925613e-12
1.063845081036256756e-12
1.009858122328568138e-12
9.587955952000215573e-13
9.113581419966461016e-13
8.672601221555129319e-13
8.255147885136552343e-13
7.851313251427679864e-13
7.457600923251275742e-13
7.078615674007635812e-13
6.721116213998012756e-13
6.387035775769613810e-13
6.072448910977376999e-13
5.771989017583721951e-13
5.483841715733124449e-13
5.210066651134922010e-13
4.952603921441012162e-13
4.710079608563926929e-13
4.479795169870128559e-13
4.260974202473683591e-13
4.054194323322081886e-13
3.859290832224680368e-13
3.674966686481521196e-13
3.500384675733071700e-13
3.335471773442593025e-13
3.179768197274173978e-13
3.032525214069789850e-13
2.893303393471776449e-13
2.761745411851057016e-13
2.637339255915878934e-13
2.519648508671183723e-13
2.408293694624618433e-13
2.302867690827988063e-13
2.202993641500096825e-13
2.108328566986450677e-13
2.018531896015689870e-13
1.933283758500831921e-13
1.852283571554916496e-13
1.775247124729866551e-13
1.701904242099537817e-13
1.632000990863025340e-13
1.565301380848775745e-13
1.501585809563473255e-13
1.440649072727811847e-13
1.382298339923133896e-13
1.326353900415257519e-13
1.272650503213825053e-13
1.221036568169653337e-13
1.171373001617832549e-13
1.123532008973842731e-13
1.077396702417253079e-13
1.032861169760705602e-13
9.898299324493075513e-14
9.482172616612288448e-14
9.079466193683558281e-14
8.689499983885181468e-14
8.311672148963941988e-14
7.945453495780591516e-14
7.590383310908368094e-14
7.246067300925741523e-14
6.912171584197692973e-14
6.588412260290708665e-14
6.274548917428889203e-14
5.970381732570906960e-14
5.675750729843945649e-14
5.390530988575150865e-14
5.114620597050729596e-14
4.847933752951469578e-14
4.590399612832154731e-14
4.341962603524076803e-14
4.102580023561069128e-14
3.872208236301651758e-14
3.650794296943350007e-14
3.438276881864527122e-14
3.234588699563104658e-14
3.039658334193626381e-14
2.853399882234214264e-14
2.675704120676644534e-14
2.506440090085276083e-14
2.345458701699390167e-14
2.192597048060577329e-14
2.047676448071455675e-14
1.910498354988701543e-14
1.780846063336829067e-14
1.658487860653366715e-14
1.543180465070006235e-14
1.434671410474923455e-14
1.332700040198600835e-14
1.236999460156627349e-14
1.147298766572331121e-14
1.063325061848493234e-14
9.848055443467032793e-15
9.114694303660480872e-15
8.430494205916388438e-15
7.792828953418569211e-15
7.199128647481207501e-15
6.646889672154967898e-15
6.133686361706539194e-15
5.657177942404047033e-15
5.215112036683239925e-15
4.805326552826199267e-15
4.425751557445330260e-15
4.074413431760791231e-15
3.749436338931978882e-15
3.449040810843402338e-15
3.171541478009479889e-15
2.915344644141524200e-15
2.678947668393961536e-15
2.460937425765813722e-15
2.259986827053077606e-15
2.074850967614686575e-15
1.904363205409169787e-15
1.747432401120569855e-15
1.603040175781588278e-15
1.470237076530586718e-15
1.348138626388264935e-15
1.235921420234700432e-15
1.132819902843216176e-15
1.038123491066808707e-15
9.511731918738541296e-16
8.713582217393178448e-16
7.981127402218066492e-16
7.309129801354366045e-16
6.692747460380045379e-16
6.127507424493592831e-16
5.609279464594719558e-16
5.134251115883694956e-16
4.698905065491759290e-16
4.299999370716566116e-16
3.934547634768121869e-16
3.599799779531697635e-16
3.293223983616612366e-16
3.012490153363426740e-16
2.755455484152877216e-16
2.520150488775038889e-16
2.304765481186688295e-16
2.107637977842710598e-16
1.927241055778047241e-16
1.762172683282677672e-16
1.611145785382990026e-16
1.472978954103727218e-16
1.346587873426794659e-16
1.230977420594120196e-16
1.125235272536486820e-16
1.028525988207544486e-16
9.400849706697893783e-17
8.592128507766552720e-17
7.852703890936582232e-17
7.176724093915054052e-17
6.558818597037612637e-17
5.994055416806360873e-17
5.477904048998488439e-17
5.006200370543339248e-17
4.575122216276953677e-17
4.181171881292398971e-17
3.821151543985675594e-17
3.492138228363853381e-17
3.191460690528459813e-17
2.916677877964779202e-17
2.665559090333600597e-17
2.436065839384620771e-17
2.226335283072327907e-17
2.034665089227093975e-17
1.859499604838365780e-17
1.699417219105697427e-17
1.553118811182940486e-17
1.419417604993866444e-17
1.297232042855142098e-17
1.185574332806132575e-17
1.083541044576519225e-17
9.903045357154796510e-18
9.051075654474107627e-18
8.272572765364772510e-18
7.561188377865049170e-18
6.911114193684291305e-18
6.317043312658694428e-18
5.774133524892271454e-18
5.277968988269420778e-18
4.824522093598193936e-18
4.410114418486547358e-18
4.031383824025278131e-18
3.685256667026349539e-18
3.368923397165643084e-18
