# bin_3_1
4.043056512654474310e-13
4.067922549546110443e-13
4.093748893941352530e-13
4.120571774232654874e-13
4.148428717147914320e-13
4.177358572253171555e-13
4.207401555819195022e-13
4.238599335182627619e-13
4.270995025791997197e-13
4.304633228285474100e-13
4.339560126218407872e-13
4.375823494488021433e-13
4.413472738311483305e-13
4.452558973475561744e-13
4.493135071548179405e-13
4.535255665492352446e-13
4.578977299801139803e-13
4.624358373287348561e-13
4.671459303940012081e-13
4.720342534671906351e-13
4.771072612966335671e-13
4.823716305238201658e-13
4.878342630478889042e-13
4.935023011093594475e-13
4.993831402014989089e-13
5.054844404911144985e-13
5.118141447931556188e-13
5.183804776950662445e-13
5.251919777655337182e-13
5.322574667071833177e-13
5.395860912452533761e-13
5.471872850453782497e-13
5.550708197401620975e-13
5.632467468367649982e-13
5.717254474722662312e-13
5.805175839302993958e-13
5.896341019442316123e-13
5.990862191406055129e-13
6.088853747197655058e-13
6.190431805474080897e-13
6.295713750839508535e-13
6.404817356652716047e-13
6.517859119743719124e-13
6.634951563529405481e-13
6.756204913715763284e-13
6.881733249275289878e-13
7.011688927937461910e-13
7.146245634311535873e-13
7.285559348336532251e-13
7.429780003273933682e-13
7.579049674598828627e-13
7.733489831241901770e-13
7.893199997932547414e-13
8.058253354837914280e-13
8.228694380046893116e-13
8.404542885752420712e-13
8.585801480072326923e-13
8.772466814846033717e-13
8.964542023504999327e-13
9.162051027824077721e-13
9.365050635661697646e-13
9.573643296029502641e-13
9.788002570609831157e-13
1.000839149049836774e-12
1.023512440894387283e-12
1.046857319750290079e-12
1.070914670482640458e-12
1.095721425287477287e-12
1.121308972098288791e-12
1.147696929622967332e-12
1.174892718314456297e-12
1.202895993406530783e-12
1.231705336496809190e-12
1.261320794936240991e-12
1.291742488609494295e-12
1.322965692040109737e-12
1.354974887053224348e-12
1.387741295708660133e-12
1.421225142309860799e-12
1.455383251120159122e-12
1.490175919343907485e-12
1.525580947221378135e-12
1.561643167859100237e-12
1.598487408344743928e-12
1.636184450608448841e-12
1.674633163839482194e-12
1.713669790002065637e-12
1.753177500418116958e-12
1.793077647619698451e-12
1.833325047116680014e-12
1.873936179404267235e-12
1.914991586933025659e-12
1.956591306427708115e-12
1.998753293676883195e-12
2.041302851952696177e-12
2.084056068571326019e-12
2.126970945381150603e-12
2.169963297276163371e-12
2.212899875718095281e-12
2.255656714606332857e-12
2.298092015968037018e-12
2.340054281144890060e-12
2.381440029923222307e-12
2.422140910138790059e-12
2.462028229398205697e-12
2.501381000705504851e-12
2.540112573115800139e-12
2.577787295071698019e-12
2.614381823680336182e-12
2.649753600538269761e-12
2.683795456022926337e-12
2.716384002075004044e-12
2.747409266670816185e-12
2.776772650977927419e-12
2.804375669150816198e-12
2.830125047530073576e-12
2.853942451185068761e-12
2.875760224480745030e-12
2.895532834150918875e-12
2.913254461672846532e-12
2.928917776268887317e-12
2.942516167598380286e-12
2.954071541876942031e-12
2.963606521356117278e-12
2.971165165908544112e-12
2.976805061380149005e-12
2.980593763473238248e-12
2.982601523786365599e-12
2.982901978591620715e-12
2.981564691076925212e-12
2.978648573804054779e-12
2.974197603451243708e-12
2.968232783506995376e-12
2.960748411042398480e-12
2.951709696208365206e-12
2.941053141119237154e-12
2.928689274040898721e-12
2.914508145522548903e-12
2.898385432266847836e-12
2.880188912929399480e-12
2.859786871821109856e-12
2.837060073657027920e-12
2.811915979837075247e-12
2.784302038670721207e-12
2.754218694847026684e-12
2.721733716801370364e-12
2.686980708908786015e-12
2.650146839378920328e-12
2.611467110732779440e-12
2.571218928491434661e-12
2.529715898661798176e-12
2.487287943914698427e-12
2.444247012518477977e-12
2.400870742478565917e-12
2.357372929666304513e-12
2.313863159018937019e-12
2.270332982966791536e-12
2.226656356507610056e-12
2.182608887032305590e-12
2.137913662295501625e-12
2.092302092542721493e-12
2.045601234043032885e-12
1.997791358150518026e-12
1.949000870241753765e-12
1.899514108968146996e-12
1.849725305937681917e-12
1.800033169697346334e-12
1.750797332027607781e-12
1.702287906061757252e-12
1.654640511487625037e-12
1.607895922774050424e-12
1.561971563625728948e-12
1.516762461907738984e-12
1.472165918491434411e-12
1.428093021143510668e-12
1.384489135928780319e-12
1.341326087503532748e-12
1.298568558669069672e-12
1.256178547253325749e-12
1.214170337298771411e-12
1.172582772674060432e-12
1.131402169131423205e-12
1.090547535372286916e-12
1.049924843543304612e-12
1.009508066536482758e-12
9.694606846791236577e-13
9.302286953612054785e-13
8.924997709527084131e-13
8.569658694041384783e-13
8.238844600896963365e-13
7.930083524630574279e-13
7.635971631449000509e-13
7.347159632113313175e-13
7.056694860519272073e-13
6.763385625271218731e-13
6.471325321066841995e-13
6.186166486421628582e-13
5.911687700022304706e-13
5.649179599665050355e-13
5.398991066783773116e-13
5.161537076537291303e-13
4.937178932037053023e-13
4.725438977403601190e-13
4.523958538393473005e-13
4.329069672715482815e-13
4.138325615149951841e-13
3.951758760280010520e-13
3.771620846356180064e-13
3.600888611388707004e-13
3.440410572881592478e-13
3.288219966700214211e-13
3.141430369910302750e-13
2.998574116403171240e-13
2.860691603630798950e-13
2.729763381525850402e-13
2.606639227041501285e-13
2.490435250127390381e-13
2.379269472609548619e-13
2.271717895865975044e-13
2.167798747097445897e-13
2.068483350959862223e-13
1.974091838051095121e-13
1.884012422015985424e-13
1.797881984787202460e-13
1.715709871690681141e-13
1.637316898698048929e-13
1.562165957127329028e-13
1.489960176768026206e-13
1.420942160423431268e-13
1.355168016045464464e-13
1.292355089439750047e-13
1.232243961308199924e-13
1.174742792784782712e-13
1.119764031895339083e-13
1.067247009275280344e-13
1.017091144633992976e-13
9.691639626229238631e-14
9.233605723482648367e-14
8.796095073800245340e-14
8.378198647282053854e-14
7.978947536769981239e-14
7.597558472486633286e-14
7.233235339448907315e-14
6.885144327519394091e-14
6.552519542418623544e-14
6.234674317983626097e-14
5.930918401612030036e-14
5.640611698689548814e-14
5.363138158187094605e-14
5.097891910551356013e-14
4.844308350654350343e-14
4.601870265945181664e-14
4.370089605222231635e-14
4.148504492714607402e-14
3.936666739896582943e-14
3.734148881294946601e-14
3.540549710054177436e-14
3.355494537924387595e-14
3.178632167509935216e-14
3.009626388818446006e-14
2.848152588410702949e-14
2.693901219947534862e-14
2.546579107285939339e-14
2.405911243421449978e-14
2.271642368899656437e-14
2.143527874704833900e-14
2.021332425368095681e-14
1.904831321469849411e-14
1.793811990800772202e-14
1.688081349717532105e-14
1.587456002856639729e-14
1.491756214531867829e-14
1.400806973915263766e-14
1.314438322714582968e-14
1.232490711466736325e-14
1.154810334017213678e-14
1.081243690413876189e-14
1.011638184969949150e-14
9.458423583691811960e-15
8.837074122037752250e-15
8.250868679470165659e-15
7.698351365097713735e-15
7.178080054452959739e-15
6.688629987704717673e-15
6.228595348069473096e-15
5.796593371142546664e-15
5.391269074407536182e-15
5.011300362181289480e-15
4.655400423694890964e-15
4.322316327188679855e-15
4.010830129614114994e-15
3.719764121898077799e-15
3.447984539604171333e-15
3.194402664990218434e-15
2.957972154860361590e-15
2.737687381296016227e-15
2.532585773375148455e-15
2.341748954848628272e-15
2.164302784247700802e-15
1.999415169808380695e-15
1.846293712634602935e-15
1.704185925930974526e-15
1.572378606928090612e-15
1.450196802142741621e-15
1.337002356414845701e-15
1.232191950774404886e-15
1.135196453334169757e-15
1.045479856144603456e-15
9.625377465876638927e-16
8.858959969813760091e-16
8.151091451892544386e-16
7.497593748259538091e-16
6.894554587567573772e-16
6.338312490328287806e-16
5.825444177139297975e-16
5.352751028794594375e-16
4.917247906295463595e-16
4.516153273765873294e-16
4.146876292607037898e-16
3.807005640631887747e-16
3.494298593507753298e-16
3.206670915895176215e-16
2.942188257731733618e-16
2.699055983413213738e-16
2.475609969682208188e-16
2.270308147814514252e-16
2.081722368424541185e-16
1.908531452098540459e-16
1.749513653065198315e-16
1.603539612966940172e-16
1.469566028324151347e-16
1.346629512205483605e-16
1.233841251959286356e-16
1.130381533992903347e-16
1.035494455421592044e-16
9.484832525238175724e-17
8.687058803781660848e-17
7.955711205865886847e-17
7.285348092284695051e-17
6.670962286336415833e-17
6.107948607383231464e-17
5.592072387085669281e-17
5.119440265889457182e-17
4.686473429067850675e-17
4.289882286140378692e-17
3.926643788208325283e-17
3.593980109362424775e-17
3.289340357587994037e-17
3.010383772467677884e-17
2.754962701439434577e-17
2.521107146484280280e-17
2.307011779645012423e-17
2.111022432149872830e-17
1.931621652667702416e-17
1.767417306978720590e-17
1.617132376466499968e-17
1.479594876282686952e-17
1.353728988335187428e-17
1.238548707863247894e-17
1.133150446407807416e-17
1.036706175800457997e-17
9.484573416332442696e-18
8.677091862958075025e-18
7.938255778384538869e-18
7.262244122265619351e-18
6.643732213642978973e-18
6.077847321050365748e-18
5.560129441917581739e-18
5.086494641983659505e-18
4.653201124242929694e-18
4.256819352526797958e-18
3.894207890503277929e-18
3.562490398245798778e-18
3.259034552363169656e-18
2.981432220382281093e-18
2.727480436519717592e-18
2.495163996050744939e-18
2.282647227271018485e-18
2.088275932153836096e-18
1.910537494172933470e-18
1.748047930305274481e-18
1.599517852070717961e-18
1.463795148058496834e-18
1.339802520448981732e-18
1.226570778583148964e-18
1.123254628826357907e-18
1.029046366737160769e-18
9.432299855363243840e-19
8.651475332760244496e-19
7.941817159513734175e-19
7.297385030758676986e-19
6.712345381727566132e-19
6.181075344762272668e-19
5.697831784832833250e-19
5.257523714141652234e-19
4.855846840466158869e-19
4.489167643759231132e-19
4.154315479707631887e-19
3.848304152501610611e-19
3.568319001859676493e-19
