# z
0.000000000000000000e+00
2.020134228187919420e-02
4.040268456375838840e-02
6.060402684563757914e-02
8.080536912751677681e-02
1.010067114093959745e-01
1.212080536912751583e-01
1.414093959731543559e-01
1.616107382550335536e-01
1.818120805369127513e-01
2.020134228187919490e-01
2.222147651006711466e-01
2.424161073825503165e-01
2.626174496644295142e-01
2.828187919463087119e-01
3.030201342281879096e-01
3.232214765100671072e-01
3.434228187919463049e-01
3.636241610738255026e-01
3.838255033557047002e-01
4.040268456375838979e-01
4.242281879194630956e-01
4.444295302013422932e-01
4.646308724832214909e-01
4.848322147651006331e-01
5.050335570469798308e-01
5.252348993288590284e-01
5.454362416107382261e-01
5.656375838926174238e-01
5.858389261744966214e-01
6.060402684563758191e-01
6.262416107382550168e-01
6.464429530201342144e-01
6.666442953020134121e-01
6.868456375838926098e-01
7.070469798657718075e-01
7.272483221476510051e-01
7.474496644295302028e-01
7.676510067114094005e-01
7.878523489932885981e-01
8.080536912751677958e-01
8.282550335570469935e-01
8.484563758389261912e-01
8.686577181208053888e-01
8.888590604026845865e-01
9.090604026845637842e-01
9.292617449664429818e-01
9.494630872483221795e-01
9.696644295302012662e-01
9.898657718120804638e-01
1.010067114093959662e+00
1.030268456375838859e+00
1.050469798657718057e+00
1.070671140939597255e+00
1.090872483221476452e+00
1.111073825503355650e+00
1.131275167785234848e+00
1.151476510067114045e+00
1.171677852348993243e+00
1.191879194630872441e+00
1.212080536912751638e+00
1.232281879194630836e+00
1.252483221476510034e+00
1.272684563758389231e+00
1.292885906040268429e+00
1.313087248322147627e+00
1.333288590604026824e+00
1.353489932885906022e+00
1.373691275167785220e+00
1.393892617449664417e+00
1.414093959731543615e+00
1.434295302013422813e+00
1.454496644295302010e+00
1.474697986577181208e+00
1.494899328859060406e+00
1.515100671140939603e+00
1.535302013422818801e+00
1.555503355704697999e+00
1.575704697986577196e+00
1.595906040268456394e+00
1.616107382550335592e+00
1.636308724832214789e+00
1.656510067114093987e+00
1.676711409395973185e+00
1.696912751677852382e+00
1.717114093959731580e+00
1.737315436241610778e+00
1.757516778523489975e+00
1.777718120805369173e+00
1.797919463087248371e+00
1.818120805369127568e+00
1.838322147651006766e+00
1.858523489932885964e+00
1.878724832214765161e+00
1.898926174496644359e+00
1.919127516778523557e+00
1.939328859060402532e+00
1.959530201342281730e+00
1.979731543624160928e+00
1.999932885906040125e+00
2.020134228187919323e+00
2.040335570469798743e+00
2.060536912751677718e+00
2.080738255033557138e+00
2.100939597315436114e+00
2.121140939597315533e+00
2.141342281879194509e+00
2.161543624161073929e+00
2.181744966442952904e+00
2.201946308724832324e+00
2.222147651006711300e+00
2.242348993288590719e+00
2.262550335570469695e+00
2.282751677852349115e+00
2.302953020134228090e+00
2.323154362416107510e+00
2.343355704697986486e+00
2.363557046979865905e+00
2.383758389261744881e+00
2.403959731543624301e+00
2.424161073825503276e+00
2.444362416107382696e+00
2.464563758389261672e+00
2.484765100671141091e+00
2.504966442953020067e+00
2.525167785234899487e+00
2.545369127516778462e+00
2.565570469798657882e+00
2.585771812080536858e+00
2.605973154362415833e+00
2.626174496644295253e+00
2.646375838926174229e+00
2.666577181208053648e+00
2.686778523489932624e+00
2.706979865771812044e+00
2.727181208053691019e+00
2.747382550335570439e+00
2.767583892617449415e+00
2.787785234899328835e+00
2.807986577181207810e+00
2.828187919463087230e+00
2.848389261744966205e+00
2.868590604026845625e+00
2.888791946308724601e+00
2.908993288590604021e+00
2.929194630872482996e+00
2.949395973154362416e+00
2.969597315436241391e+00
2.989798657718120811e+00
3.009999999999999787e+00
