# bin_4_1
1.189548447336516329e-05
1.193453866730309424e-05
1.197258416508157900e-05
1.200919197937402938e-05
1.204466107229974409e-05
1.207870564086621930e-05
1.211146915266993266e-05
1.214278358701341942e-05
1.217273699761168463e-05
1.220114762027446441e-05
1.222816895892250308e-05
1.225356747377830633e-05
1.227748191263529865e-05
1.229975022414266684e-05
1.232043380365388120e-05
1.233942386846230862e-05
1.235676803830430283e-05
1.237236255506277205e-05
1.238624997336109523e-05
1.239828380649622522e-05
1.240856427709654904e-05
1.241696978003025765e-05
1.242353456853608013e-05
1.242818552556635056e-05
1.243093889819724108e-05
1.243171549274938677e-05
1.243056146677009676e-05
1.242737314327756963e-05
1.242220019954504773e-05
1.241496504157526863e-05
1.240568894505596484e-05
1.239431586712073875e-05
1.238086377165180317e-05
1.236527446236779855e-05
1.234757880360488871e-05
1.232771098918133672e-05
1.230570609442642609e-05
1.228151214587506590e-05
1.225515012528588571e-05
1.222658186638740157e-05
1.219582866490972946e-05
1.216285231970782434e-05
1.212768259241267986e-05
1.209028070681565397e-05
1.205068072502747346e-05
1.200885106374042237e-05
1.196481596796477327e-05
1.191856091716987935e-05
1.187011268090307382e-05
1.181945494522193663e-05
1.176662074533052782e-05
1.171159594343859961e-05
1.165441895394499421e-05
1.159507999707786215e-05
1.153361717808060900e-05
1.147002762552468781e-05
1.140435403740352613e-05
1.133659861748385950e-05
1.126680330812486536e-05
1.119497924013065530e-05
1.112117075685745287e-05
1.104539235334933741e-05
1.096769055823149992e-05
1.088808500896606630e-05
1.080663056925380436e-05
1.072334858042580763e-05
1.063829246403150713e-05
1.055149474081391532e-05
1.046300914381898033e-05
1.037287124181545260e-05
1.028113880791333654e-05
1.018784704683011164e-05
1.009306700614486459e-05
9.996835537138143660e-06
9.899218444794508022e-06
9.800264531814177580e-06
9.700036459874817848e-06
9.598586963966053914e-06
9.495982070063950755e-06
9.392270506080530179e-06
9.287535082868082149e-06
9.181823469961511379e-06
9.075210206832021742e-06
8.967755081192230670e-06
8.859525596109708279e-06
8.750586991157374115e-06
8.641008057059008387e-06
8.530844183652308116e-06
8.420185608995642089e-06
8.309083574050115249e-06
8.197615448343937945e-06
8.085844724003554758e-06
7.973837004000214064e-06
7.861664777110304091e-06
7.749391530876089838e-06
7.637073095718363168e-06
7.524800247977332963e-06
7.412619246491547318e-06
7.300604459076057849e-06
7.188814050125530742e-06
7.077305957893125404e-06
6.966154034306985301e-06
6.855409360068025754e-06
6.745120014949628101e-06
6.635371190520897231e-06
6.526197332443068896e-06
6.417664678121739352e-06
6.309818828794971160e-06
6.202703661146783578e-06
6.096390346864812284e-06
5.990910991004788546e-06
5.886301470122832813e-06
5.782636081709572453e-06
5.679931316393352911e-06
5.578243074420981715e-06
5.477599112252450582e-06
5.378025331810656793e-06
5.279587235677988668e-06
5.182294059688240599e-06
5.086168440384505075e-06
4.991270458240657472e-06
4.897594454086526871e-06
4.805186712588424723e-06
4.714055495205065324e-06
4.624206334487521694e-06
4.535699211437180214e-06
4.448519906446361643e-06
4.362678654992312261e-06
4.278219465027095481e-06
4.195114927499508367e-06
4.113403525375113043e-06
4.033073216468892679e-06
3.954110950967868219e-06
3.876572099276593508e-06
3.800420438536703250e-06
3.725658095491352691e-06
3.652311282026480590e-06
3.580336128466859600e-06
3.509765464521392743e-06
3.440568718698670850e-06
3.372717974931487318e-06
3.306265490993459503e-06
3.241156199941365759e-06
3.177388146249537015e-06
3.114970877254732829e-06
3.053848473880062003e-06
2.994053274894341396e-06
2.935538315595749046e-06
2.878266016358078101e-06
2.822287289508920279e-06
2.767532070075279469e-06
2.713997895773096570e-06
2.661679751171873777e-06
2.610513974475497943e-06
2.560538552394167595e-06
2.511692516057725700e-06
2.463933939520491803e-06
2.417313570951638569e-06
2.371749695839780702e-06
2.327243487585367340e-06
2.283777993493725081e-06
2.241286993427083513e-06
2.199818901844788678e-06
2.159299752907726424e-06
2.119687013812721351e-06
2.081032452727755509e-06
2.043247818929917459e-06
2.006342961371427811e-06
1.970290232947553038e-06
1.935022937711217340e-06
1.900602652900163457e-06
1.866945355839389067e-06
1.834013385658560804e-06
1.801858671878797489e-06
1.770388331234573857e-06
1.739624752767894912e-06
1.709533116764468579e-06
1.680048101735703707e-06
1.651243233300961165e-06
1.623026556731697920e-06
1.595372064268533473e-06
1.568329940188034389e-06
1.541802956641973607e-06
1.515829568369679757e-06
1.490371803240151257e-06
1.465364717808801902e-06
1.440892667153119648e-06
1.416860830531932816e-06
1.393256225743466217e-06
1.370123885199280754e-06
1.347369396585866597e-06
1.325044731744054038e-06
1.303109073230954597e-06
1.281502844570344421e-06
1.260314587130128087e-06
1.239447651537179931e-06
1.218903145473319433e-06
1.198709559238067193e-06
1.178779225425012300e-06
1.159164232919356337e-06
1.139816858116954110e-06
1.120679695649671788e-06
1.101835013969723804e-06
1.083188261710543479e-06
1.064754810554738745e-06
1.046555830819469367e-06
1.028523979125554458e-06
1.010725812682306586e-06
9.931251938394779223e-07
9.756888527025514025e-07
9.585038229168491159e-07
9.414945245411963969e-07
9.246940978840745346e-07
9.081193859332166975e-07
8.917186044977806285e-07
8.755590841648640037e-07
8.596027036307254612e-07
8.438243687209431571e-07
8.282938956555032948e-07
8.129399961169632966e-07
7.977941653876174370e-07
7.828578581519175518e-07
7.680841659127326877e-07
7.535287479217957339e-07
7.391469247904192868e-07
7.249166363196616931e-07
7.108855033620831600e-07
6.969870214351938713e-07
6.832468661229530201e-07
6.696542319648761014e-07
6.561680593846911621e-07
6.428329003328767793e-07
