# bin_4_3
5.011612311805520591e-05
5.021521666935391932e-05
5.030686556338577942e-05
5.039019613672331480e-05
5.046563843953005574e-05
5.053254174367039414e-05
5.059108923766045767e-05
5.064083015481267945e-05
5.068187331367187852e-05
5.071377072789383313e-05
5.073667926365160952e-05
5.075013758949516992e-05
5.075429819737252478e-05
5.074878270221113178e-05
5.073364534125349574e-05
5.070862167906139604e-05
5.067373077066214375e-05
5.062871117896232935e-05
5.057365436806627570e-05
5.050828297336588826e-05
5.043265971411848566e-05
5.034658315973785427e-05
5.025011394129995964e-05
5.014309631195551932e-05
5.002557626548385472e-05
4.989742617371440808e-05
4.975872486657636308e-05
4.960935260085000577e-05
4.944941697889075421e-05
4.927882845633098721e-05
4.909768896343135060e-05
4.890596415554500083e-05
4.870375376241856141e-05
4.849105159426111755e-05
4.826799293715264917e-05
4.803458498024782336e-05
4.779099042515616303e-05
4.753724338706958149e-05
4.727351272381583703e-05
4.699987560415140164e-05
4.671651036769742903e-05
4.642351937869346087e-05
4.612110528335073033e-05
4.580939617801453595e-05
4.548861804900738770e-05
4.515891537130642657e-05
4.482052798076660463e-05
4.447362513619194978e-05
4.411846848696982621e-05
4.375525114492722576e-05
4.338423835564533739e-05
4.300565839853994437e-05
4.261978894288113079e-05
4.222686461482285129e-05
4.182717713064847126e-05
4.142097202510123058e-05
4.100857447937809446e-05
4.059023426034110858e-05
4.016626665199250719e-05
3.973696300449041437e-05
3.930263494669148798e-05
3.886357367511225343e-05
3.842009997365977068e-05
3.797249708816671202e-05
3.752112974455702591e-05
3.706627536589623690e-05
3.660826461355551987e-05
3.614742041441796445e-05
3.568405179197851488e-05
3.521847624984249426e-05
3.475100717094032113e-05
3.428193234666666043e-05
3.381162543858613339e-05
3.334035369804730733e-05
3.286843757687332674e-05
3.239619224405728163e-05
3.192389479724882769e-05
3.145185562523995830e-05
3.098034928841351189e-05
3.050963301493210024e-05
3.004006420845018905e-05
2.957186685273819279e-05
2.910532495944682962e-05
2.864071320046259570e-05
2.817825092145524485e-05
2.771822083330896679e-05
2.726083061500329807e-05
2.680628263468209086e-05
2.635489830019191400e-05
2.590683182482549725e-05
2.546231299137157762e-05
2.502155022765020561e-05
2.458468895383752618e-05
2.415197543533965777e-05
2.372353201310668796e-05
2.329949172406697353e-05
2.288012891093801673e-05
2.246551031898371849e-05
2.205580437538505367e-05
2.165113955134601053e-05
2.125158215996739562e-05
2.085734711416101990e-05
2.046845763951719150e-05
2.008497151455416769e-05
1.970711524063401769e-05
1.933486396421205331e-05
1.896833271485660020e-05
1.860756272657393602e-05
1.825254062507177633e-05
1.790346449280858033e-05
1.756025543103201619e-05
1.722290408213853486e-05
1.689159294275336317e-05
1.656620497547457545e-05
1.624682081301517209e-05
1.593339782040216100e-05
1.562584865994503632e-05
1.532436941674663434e-05
1.502878223112732221e-05
1.473903428716715286e-05
1.445527021693848187e-05
1.417727946277798199e-05
1.390513818998008531e-05
1.363873289965392170e-05
1.337790627545886767e-05
1.312287269744552040e-05
1.287336867779018777e-05
1.262931952607020150e-05
1.239083505734530021e-05
1.215762759755530751e-05
1.192979196408700444e-05
1.170715067122411370e-05
1.148949453095824173e-05
1.127706759127015169e-05
1.106953351333559486e-05
1.086682724676201183e-05
1.066901442842606189e-05
1.047576456811163380e-05
1.028720355754537872e-05
1.010310115418205072e-05
9.923217912389729908e-06
9.747829954738122406e-06
9.576544594125391692e-06
9.409327781894380964e-06
9.246201131839926828e-06
9.086813968455280876e-06
8.931342088244321293e-06
8.779510280229629350e-06
8.631073894468258234e-06
8.486336920975407202e-06
8.344868333308821159e-06
8.206677664132475106e-06
8.071745175960556769e-06
7.939717888853909229e-06
7.810835708142434700e-06
7.684784664234496783e-06
7.561337985467322443e-06
7.440815281375530186e-06
7.322763239612998337e-06
7.207244864160680785e-06
7.094203427052286948e-06
6.983304454939974459e-06
6.874852316021596222e-06
6.768497451445086846e-06
6.664046026495699719e-06
6.561819576226040352e-06
6.461367168020803975e-06
6.362812702017487000e-06
6.266063533005631696e-06
6.170811046348067763e-06
6.077411621957218540e-06
5.985494976718210356e-06
5.894919835021938304e-06
5.805989778678962083e-06
5.718268767265017814e-06
5.631938876221291821e-06
5.546886180341643587e-06
5.462835358881002531e-06
5.380167646404894790e-06
5.298505739524825774e-06
5.217779840709225738e-06
5.138257526935890812e-06
5.059525015803866678e-06
4.981815473670497735e-06
4.905010985852885078e-06
4.828864637264702020e-06
4.753761636732904023e-06
4.679343580868911320e-06
4.605604145195414420e-06
4.532759803836022384e-06
4.460453297475888729e-06
4.388941269016980591e-06
4.318107680219692514e-06
4.247756493989624860e-06
4.178248195441090388e-06
4.109258701831782745e-06
4.040847847200103012e-06
3.973158636142804473e-06
3.905918698325346215e-06
3.839363267443836671e-06
3.773378647601176016e-06
3.707803599694124363e-06
3.642923452484282446e-06
3.578431410510511126e-06
3.514384718990059135e-06
3.450825835211908873e-06
3.387510462686686022e-06
3.324603957162587298e-06
3.261964717761483552e-06
3.199457370061402026e-06
3.137292570997723453e-06
3.075233202492045844e-06
3.013384971848191722e-06
2.951810217540244343e-06
2.890405501863615991e-06
2.829396580184016901e-06
2.768757934614237954e-06
2.708503552705705666e-06
2.648873295900880066e-06
2.589770480145908442e-06
2.531358688679058355e-06
2.473713682156564726e-06
2.416795802484853631e-06
2.360779731668840692e-06
2.305629496479405247e-06
2.251349286629633686e-06
2.198060880856635911e-06
2.145658104037451683e-06
2.094220060748131396e-06
2.043741799283613865e-06
1.994156018543161378e-06
1.945529526707507992e-06
