# bin_1_1
4.334239016289889418e-06
4.353970163183134055e-06
4.373644803966268861e-06
4.392935209922627289e-06
4.412108948013039571e-06
4.430961153285037195e-06
4.449596788256198166e-06
4.467923066137850859e-06
4.486017989720874850e-06
4.503747860980904114e-06
4.521257433296515193e-06
4.538366706319760618e-06
4.555212271717771660e-06
4.571672661375828974e-06
4.587799615043020294e-06
4.603541773350306430e-06
4.618931563383736611e-06
4.633882674507318789e-06
4.648479417433891596e-06
4.662600012172818106e-06
4.676332703516088874e-06
4.689588989537045715e-06
4.702406288121582276e-06
4.714718660292852613e-06
4.726552683352208343e-06
4.737859769741413925e-06
4.748675961445000930e-06
4.758923753931535874e-06
4.768653123851137743e-06
4.777790354023350763e-06
4.786367025142030225e-06
4.794332577522641247e-06
4.801706177105270079e-06
4.808430956790438916e-06
4.814542816119044249e-06
4.819974164364359161e-06
4.824757443283721999e-06
4.828839520433015564e-06
4.832238012280814622e-06
4.834907036405664171e-06
4.836859347229016780e-06
4.838058354041504420e-06
4.838518813053962649e-06
4.838193621026852798e-06
4.837101329389235230e-06
4.835202308801020635e-06
4.832505545834704381e-06
4.828980427808430367e-06
4.824632473294742791e-06
4.819431521886410095e-06
4.813387942646201472e-06
4.806467142919954101e-06
4.798686177514766109e-06
4.790012505501845664e-06
4.780455809083176422e-06
4.769992152597815926e-06
4.758629652677910164e-06
4.746345938899282356e-06
4.733151353583503937e-06
4.719025021574340929e-06
4.703978755801573002e-06
4.687995086313212468e-06
4.671084007855688941e-06
4.653230947892478282e-06
4.634448781511822910e-06
4.614724299094915332e-06
4.594072640627037789e-06
4.572482759709662502e-06
4.549971579452440937e-06
4.526529424537441343e-06
4.502174445961278433e-06
4.476900292467345419e-06
4.450728420594932838e-06
4.423654669200966493e-06
4.395700232947097292e-06
4.366864826718820698e-06
4.337170862146179386e-06
4.306621324942239707e-06
4.275239994269299915e-06
4.243030777646146395e-06
4.210022103285068681e-06
4.176220315208833466e-06
4.141653565051167242e-06
4.106332083412582539e-06
4.070283848043226293e-06
4.033522667819344038e-06
3.996078127510274367e-06
3.957963529913848808e-06
3.919214207765075807e-06
3.879844934801051178e-06
3.839889440456805810e-06
3.799366385743532644e-06
3.758308631262923843e-06
3.716738443533052800e-06
3.674688961319867409e-06
3.632180836022954247e-06
3.589253925390728814e-06
3.545928012491252193e-06
3.502240653653161173e-06
3.458215408019819907e-06
3.413886836177847421e-06
3.369283074862844815e-06
3.324437770842430057e-06
3.279374725333466710e-06
3.234135192050732459e-06
3.188740724228683209e-06
3.143229051916596231e-06
3.097624466000679129e-06
3.051960217671482153e-06
3.006266256567830040e-06
2.960573405347398345e-06
2.914904651465668928e-06
2.869299283624439297e-06
2.823776390742026357e-06
2.778370942908899591e-06
2.733104093306896613e-06
2.688004278855406281e-06
2.643100326612647775e-06
2.598416550003220501e-06
2.553972556022761046e-06
2.509802399763858979e-06
2.465919351787835902e-06
2.422353482596537260e-06
2.379120001412875452e-06
2.336239952214104358e-06
2.293738986672952772e-06
2.251632901617033420e-06
2.209935940778525496e-06
2.168674920393231826e-06
2.127855334936294085e-06
2.087501293911329792e-06
2.047620121584340637e-06
2.008224408559996478e-06
1.969335751135867178e-06
1.930960502393619065e-06
1.893107265969877627e-06
1.855794448759349008e-06
1.819019694800349938e-06
1.782801229424433401e-06
1.747137894514377059e-06
1.712033948416013866e-06
1.677507106051827592e-06
1.643554366429625783e-06
1.610179260284748123e-06
1.577391881868593336e-06
1.545182610406173330e-06
1.513565517756256595e-06
1.482531194611115708e-06
1.452076743104324450e-06
1.422217029208143056e-06
1.392940452170751284e-06
1.364246697005455831e-06
1.336138256611621817e-06
1.308599441654653807e-06
1.281642955738384249e-06
1.255251897459608302e-06
1.229417950335315073e-06
1.204154396552623781e-06
1.179441931656768431e-06
1.155278342840532578e-06
1.131659695491176316e-06
1.108566187521174838e-06
1.086012119882841562e-06
1.063973440876250186e-06
1.042437958456349390e-06
1.021418835588291599e-06
1.000890880458440886e-06
9.808527435939691447e-07
9.612947403612548828e-07
9.421940502001410432e-07
9.235691389466443403e-07
9.053898818849321408e-07
8.876427709591275031e-07
8.703415860258237377e-07
8.534560887921977457e-07
8.369885989390821640e-07
8.209251840759967817e-07
8.052410431843904445e-07
7.899597953649646976e-07
7.750457093484842773e-07
7.604868995822169669e-07
7.462971702853435461e-07
7.324405566821730367e-07
7.189250518545579220e-07
7.057333521351546320e-07
6.928379705208928075e-07
6.802682457063393743e-07
6.679847029097759466e-07
6.559792254886704293e-07
6.442656509300388221e-07
6.328062859145618386e-07
6.216168791870825108e-07
6.106785665310247532e-07
5.999648919163747578e-07
5.895107843859589015e-07
5.792747641321472462e-07
5.692553619187447255e-07
5.594632304243092160e-07
5.498623062959153828e-07
5.404734777401885106e-07
5.312761260700201962e-07
5.222451958372608289e-07
5.134178355628011246e-07
5.047513704590612683e-07
4.962500768035368238e-07
4.879204028043399655e-07
4.797286511341864286e-07
4.717001386967699836e-07
4.638123057746610417e-07
4.560433547602168245e-07
4.484301059895883902e-07
4.409306824936323297e-07
4.335546117048633493e-07
4.263044775846322385e-07
4.191503988703579109e-07
4.121214300507217752e-07
4.051940113424839371e-07
3.983513963998350721e-07
3.916281251377389870e-07
3.849851347575533254e-07
3.784364603161781449e-07
3.719814370584471241e-07
3.655950244674944177e-07
3.593078772213452544e-07
3.530957718815633742e-07
3.469469587818376646e-07
3.408913118518734443e-07
3.348936426388325989e-07
3.289702785244202425e-07
3.231168391935843698e-07
3.173118899742315115e-07
3.115841503358326363e-07
