# bin_2_1
7.758291992708081080e-06
7.793270514028022359e-06
7.827903948818758535e-06
7.861816232163813063e-06
7.895285375026935248e-06
7.928069767995186290e-06
7.960288734705603690e-06
7.991804815269611088e-06
8.022698659115895891e-06
8.052820004609981819e-06
8.082297920855704629e-06
8.110926790538156996e-06
8.138840643256634098e-06
8.165896401523103831e-06
8.192141043838499731e-06
8.217487050837677388e-06
8.241966355312647547e-06
8.265479077120591354e-06
8.288084937002185550e-06
8.309654079003398513e-06
8.330264033369232641e-06
8.349799961142547434e-06
8.368273722335201601e-06
8.385629370188008537e-06
8.401876000095781798e-06
8.416937958504468775e-06
8.430848818298808321e-06
8.443510157412796452e-06
8.454958629927692616e-06
8.465115735176655148e-06
8.473991209441443368e-06
8.481527452062771999e-06
8.487728873572329241e-06
8.492533907013038243e-06
8.495957920813227316e-06
8.497932802684993607e-06
8.498476435536749738e-06
8.497528569890310549e-06
8.495096684771324749e-06
8.491133041390111830e-06
8.485641955325117880e-06
8.478576872890838506e-06
8.469947500005487015e-06
8.459706284952650339e-06
8.447865468992102301e-06
8.434383067679293073e-06
8.419267566851924869e-06
8.402486411448367956e-06
8.384046491368078895e-06
8.363916013296680957e-06
8.342108992757455549e-06
8.318596538156082130e-06
8.293395101835465010e-06
8.266479492731276690e-06
8.237863980625345506e-06
8.207532527420097554e-06
8.175500531087491124e-06
8.141756213496184280e-06
8.106318075310907072e-06
8.069177415913498448e-06
8.030358141654976594e-06
7.989853883816614344e-06
7.947690547260766568e-06
7.903868124200113895e-06
7.858415896213049191e-06
7.811337749492883918e-06
7.762665725939740165e-06
7.712409151934783764e-06
7.660602425084481990e-06
7.607258143522137672e-06
7.552414155218344441e-06
7.496087591711561556e-06
7.438321321099233455e-06
7.379136652996419673e-06
7.318576538484474815e-06
7.256668588893083901e-06
7.193457548728449592e-06
7.128974120123908202e-06
7.063265925982198811e-06
6.996365273231348593e-06
6.928327279812111233e-06
6.859186911948969092e-06
6.788997810522515171e-06
6.717800591172487673e-06
6.645648290654900462e-06
6.572585224331354366e-06
6.498665696377141634e-06
6.423932924701747339e-06
6.348450403189724421e-06
6.272261363819273763e-06
6.195425437058330773e-06
6.117990777263172732e-06
6.040013924859989043e-06
5.961547148854809498e-06
5.882646728455296627e-06
5.803359732119585205e-06
5.723753248034782529e-06
5.643871447156526343e-06
5.563774930897570639e-06
5.483512349809914166e-06
5.403138039925267042e-06
5.322706826297472752e-06
5.242269867274214890e-06
5.161872082602346120e-06
5.081577970457936610e-06
5.001426861127568258e-06
4.921474494886945384e-06
4.841763468979873971e-06
4.762340252189554990e-06
4.683257457370242187e-06
4.604555406279065325e-06
4.526271474944221340e-06
4.448462639793757489e-06
4.371157665002324074e-06
4.294403809099052529e-06
4.218232463290808680e-06
4.142677893355785511e-06
4.067787138154221802e-06
3.993585446054344905e-06
3.920099921012022774e-06
3.847376708093381572e-06
3.775429729961366773e-06
3.704296693207512502e-06
3.633995056595443113e-06
3.564544202119313449e-06
3.495984798716942857e-06
3.428325285755880758e-06
3.361581594362433613e-06
3.295787447846484232e-06
3.230940569134865378e-06
3.167069684600033761e-06
3.104176972595241149e-06
3.042266784165074305e-06
2.981374274714129256e-06
2.921490944894394027e-06
2.862623535165913695e-06
2.804792504518899731e-06
2.747981291370865533e-06
2.692211656835001866e-06
2.637470859642402504e-06
2.583749989834973631e-06
2.531080325236607528e-06
2.479437762561247320e-06
2.428822511181974404e-06
2.379242617852174787e-06
2.330669606983152463e-06
2.283122565457570387e-06
2.236575096982798543e-06
2.191008126190085530e-06
2.146451401180147291e-06
2.102867142196898571e-06
2.060252161085060736e-06
2.018603460869530448e-06
1.977883541281895166e-06
1.938114197663265192e-06
1.899256957771009412e-06
1.861286219058579695e-06
1.824232062258025386e-06
1.788044886661222563e-06
1.752721952561431835e-06
1.718251019364677556e-06
1.684589392121109820e-06
1.651766303950155883e-06
1.619731684772347597e-06
1.588456337978930613e-06
1.557972316144709125e-06
1.528221678568040313e-06
1.499206896773307840e-06
1.470907176286458450e-06
1.443276448872754714e-06
1.416354587695367691e-06
1.390081844533134643e-06
1.364430025066814363e-06
1.339432969532164431e-06
1.315025817115519052e-06
1.291220260568107361e-06
1.267989311986468814e-06
1.245285314934843421e-06
1.223158762350379954e-06
1.201541606455237646e-06
1.180412492121022116e-06
1.159805603288363465e-06
1.139649370422550441e-06
1.119968247325799771e-06
1.100731762066135402e-06
1.081890201316533138e-06
1.063504219085604768e-06
1.045501073002665572e-06
1.027868105583959932e-06
1.010636916525264598e-06
9.937347539517565819e-07
9.771976573740969845e-07
9.609918593803806837e-07
9.450699803432165973e-07
9.294987337561959841e-07
9.142029906593057902e-07
8.991827453933303242e-07
8.844612778719442857e-07
8.699727133452155257e-07
8.557601741887731280e-07
8.417889891163401949e-07
8.280172597881893388e-07
8.145131680343790654e-07
8.012034342008553516e-07
7.880993788834658359e-07
7.752161960729075083e-07
7.624964125949532022e-07
7.499883121272377678e-07
7.376556687212262782e-07
7.254640059089185064e-07
7.134766984900848922e-07
7.016240101803221374e-07
6.899240979346696351e-07
6.783830257424481797e-07
6.669510076369567855e-07
6.556778255000522040e-07
6.445262326343426615e-07
6.334713103399021006e-07
6.225696621184075169e-07
6.117603388233897450e-07
6.010691127465821749e-07
5.904981725937520303e-07
5.800097546515681019e-07
5.696547052715723583e-07
5.593979071337232330e-07
5.492243429260229700e-07
5.391805866603547699e-07
5.292141160554690251e-07
5.193515327663946699e-07
5.095877157173577834e-07
4.998905704181600106e-07
4.903032477611552570e-07
