# bin_3_2
2.518112949686849130e-05
2.526705254613660810e-05
2.535035876748117700e-05
2.543043163694157078e-05
2.550762139662620347e-05
2.558149485528430774e-05
2.565219260167507463e-05
2.571942494216817991e-05
2.578327239747024542e-05
2.584344168086461838e-05
2.590006339028265656e-05
2.595278921014805413e-05
2.600175027377424079e-05
2.604667885530895618e-05
2.608760193131877685e-05
2.612432474125487197e-05
2.615685382952137963e-05
2.618498838602787080e-05
2.620876648095389893e-05
2.622796093100764544e-05
2.624263058901713040e-05
2.625257364509659566e-05
2.625777758605757811e-05
2.625811361010986381e-05
2.625356788693496710e-05
2.624399813949199393e-05
2.622942226429254172e-05
2.620968194188419016e-05
2.618480353017739527e-05
2.615465905804627341e-05
2.611925047189226913e-05
2.607848217277166690e-05
2.603235638772667324e-05
2.598078260476677353e-05
2.592378258760631330e-05
2.586126963475855677e-05
2.579327616705531090e-05
2.571973331265486079e-05
2.564066962781762061e-05
2.555604087883153313e-05
2.546588145621307459e-05
2.537015820285159210e-05
2.526892006457355942e-05
2.516214581554151653e-05
2.504989645298731930e-05
2.493216566978845617e-05
2.480901895524878397e-05
2.468047110473189625e-05
2.454659781310305190e-05
2.440742368743673986e-05
2.426303867676952493e-05
2.411348523901056415e-05
2.395886422762327924e-05
2.379922909653584025e-05
2.363468681000293101e-05
2.346530849560322853e-05
2.329121617951752888e-05
2.311249180769595597e-05
2.292926267801845635e-05
2.274162968919625721e-05
2.254972985099742866e-05
2.235367065682753194e-05
2.215359814318660527e-05
2.194962860778442281e-05
2.174192708290398991e-05
2.153061584251424792e-05
2.131585795672888019e-05
2.109779645473868970e-05
2.087659416532314482e-05
2.065239856423750647e-05
2.042537996235566498e-05
2.019568508013279922e-05
1.996350703376408042e-05
1.972899339088199282e-05
1.949232479811002712e-05
1.925366858946389652e-05
1.901319676646959236e-05
1.877107883772802984e-05
1.852748928543465162e-05
1.828258555324883508e-05
1.803657122807782417e-05
1.778959731889826712e-05
1.754184585424732856e-05
1.729348510826045530e-05
1.704467822759839272e-05
1.679559739760969045e-05
1.654640191550678992e-05
1.629724036501464541e-05
1.604830938627536374e-05
1.579974277299977273e-05
1.555170619992851905e-05
1.530434916208227102e-05
1.505780913111556689e-05
1.481224652246202875e-05
1.456778902896161628e-05
1.432455926673455065e-05
1.408273366181132447e-05
1.384241106323281867e-05
1.360372888053027611e-05
1.336680249078383667e-05
1.313173267552064154e-05
1.289866085302546439e-05
1.266766890632607162e-05
1.243884286708391469e-05
1.221233053701340014e-05
1.198818681882290615e-05
1.176651566298442188e-05
1.154738829790583734e-05
1.133086217619553610e-05
1.111705915758107626e-05
1.090600837792184593e-05
1.069775601927487077e-05
1.049241827180388129e-05
1.029000049401306214e-05
1.009057604954429092e-05
9.894168745172959558e-06
9.700791115879242647e-06
9.510549102782336005e-06
9.323417005184574539e-06
9.139407084440777287e-06
8.958604966504308691e-06
8.780963425573149150e-06
8.606535851274583752e-06
8.435301811187032763e-06
8.267229708526804518e-06
8.102418854283594804e-06
7.940792902357199023e-06
7.782338500680410041e-06
7.627113307900101561e-06
7.475022726666876733e-06
7.326111768074308885e-06
7.180318688705346062e-06
7.037575129278119096e-06
6.897982734693356722e-06
6.761420111078088785e-06
6.627862907185482337e-06
6.497340319189990196e-06
6.369724308491123104e-06
6.245062029018806613e-06
6.123255878858578565e-06
6.004210669345140191e-06
5.888036938109477472e-06
5.774575295876895527e-06
5.663802658521010807e-06
5.555722241897691994e-06
5.450183106893714046e-06
5.347249085209987399e-06
5.246791262664219691e-06
5.148699598379175951e-06
5.053097804703582021e-06
4.959795806602369773e-06
4.868781880250233222e-06
4.780035960794736262e-06
4.693393670983832944e-06
4.608949664215767019e-06
4.526547501070229227e-06
4.446074442627306586e-06
4.367667247865859108e-06
4.291111498797461485e-06
4.216416968550377146e-06
4.143543363697542724e-06
4.072324240377317398e-06
4.002892756700895852e-06
3.935065291069592448e-06
3.868735205169126674e-06
3.804049716696635738e-06
3.740781659814142551e-06
3.678972443206753055e-06
3.618561260990877395e-06
3.559383975013278684e-06
3.501612124312390835e-06
3.445041355055787531e-06
3.389584513611507556e-06
3.335390706672092087e-06
3.282225578573938861e-06
3.230166993405816049e-06
3.179140340084178969e-06
3.128989027285530710e-06
3.079912048144050678e-06
3.031690407841983948e-06
2.984271670267301890e-06
2.937796379887319690e-06
2.892026566352823978e-06
2.847078081520808612e-06
2.802871159811629061e-06
2.759255345260387352e-06
2.716446756398335600e-06
2.674225763789567818e-06
2.632574336076935659e-06
2.591612349390501778e-06
2.551118464538510596e-06
2.511232415033193256e-06
2.471869969475100156e-06
2.432900281991502140e-06
2.394537330939266156e-06
2.356569095078499874e-06
2.319017207873614538e-06
2.281964007425998185e-06
2.245228559506575316e-06
2.208953873182060637e-06
2.173060195801646511e-06
2.137443674675475206e-06
2.102301861226055782e-06
2.067445080365295605e-06
2.032924373246355142e-06
1.998792672852946003e-06
1.964909503930557047e-06
1.931414637517651368e-06
1.898230398998841831e-06
1.865279288163231291e-06
1.832721750729286432e-06
1.800385761970053120e-06
1.768322416167667708e-06
1.736542932230628337e-06
1.704922272117524848e-06
1.673569270417630305e-06
1.642393673155329498e-06
1.611333171206152234e-06
1.580504809873358227e-06
1.549767562128418490e-06
1.519183697363469718e-06
1.488761929533458499e-06
1.458429387093069297e-06
1.428303510431924095e-06
1.398334520424402139e-06
1.368519496258112856e-06
1.338976365072309865e-06
1.309633322516253759e-06
1.280582972590129049e-06
1.251854164068116477e-06
1.223423361011969577e-06
1.195400441527354278e-06
