# bin_4
0.000000000000000000e+00
0.000000000000000000e+00
0.000000000000000000e+00
4.418634418116147711e-02
0.000000000000000000e+00
0.000000000000000000e+00
0.000000000000000000e+00
3.349566842922731963e-02
0.000000000000000000e+00
0.000000000000000000e+00
0.000000000000000000e+00
0.000000000000000000e+00
0.000000000000000000e+00
0.000000000000000000e+00
0.000000000000000000e+00
0.000000000000000000e+00
1.293774891978925583e-02
0.000000000000000000e+00
0.000000000000000000e+00
1.028302124728995015e-01
0.000000000000000000e+00
1.002517032918718957e-02
0.000000000000000000e+00
0.000000000000000000e+00
0.000000000000000000e+00
6.232005420398254066e-03
1.536413888450578009e-03
1.968618420570649591e-02
1.794361921470094198e-02
0.000000000000000000e+00
3.538893416871872338e-02
0.000000000000000000e+00
3.846764172033335233e-02
0.000000000000000000e+00
0.000000000000000000e+00
4.391323367905302505e-02
1.813683179211562002e-04
5.255010295782883145e-02
0.000000000000000000e+00
5.044380275164992572e-02
9.516064315703470777e-02
3.397725347771843318e-02
6.365058804940648685e-02
1.425397533578584737e-02
1.933442440437821430e-02
4.427056766948475608e-02
6.358035649344258300e-02
5.678611644609298653e-02
1.274189715583245730e-01
1.811032569536462633e-01
1.074407323966269923e-01
1.272485839524065687e-01
1.916079945421797215e-01
3.036600183797609209e-01
6.082353089821836978e-01
5.607108254894405119e-01
7.760937050438452278e-01
1.599006230816673702e+00
1.231657756181411933e+00
1.067205904246016690e+00
1.447603688977203040e+00
2.190006911742317541e+00
3.312054149502626998e+00
3.047768467520125757e+00
3.312519748557520405e+00
2.603988011633370014e+00
2.049699933625603432e+00
1.853046797568179027e+00
1.794046124448299029e+00
2.469854609520381050e+00
1.838100117602055272e+00
2.398493730625030462e+00
2.309178781323983909e+00
2.366775020364288107e+00
1.289144119029961066e+00
8.625551027801431347e-01
7.875356402782006660e-01
8.255361814319038816e-01
5.355433585251838657e-01
4.652787420658474060e-01
4.920046673704337459e-01
4.535775225401798005e-01
3.067626210796726149e-01
1.214090274346727449e-01
1.681434186385761254e-01
1.197548879514980513e-01
2.234877604218952485e-01
6.276251813183769679e-02
1.859274967341972007e-01
2.653846605624323729e-01
5.942826986143421447e-02
1.192101012004543326e-01
1.740025380310719905e-01
1.165918689263084340e-01
1.043032574481469604e-01
7.889909244539447530e-02
7.582299116278280737e-02
1.463271741029609774e-01
1.661875517160461557e-01
8.152328383252267774e-02
2.949304164084873975e-02
6.271762011564850636e-02
1.324495869991423186e-02
7.179749933236856396e-02
6.840904646186865556e-02
3.825836890350354375e-02
9.781166804477690879e-02
2.662928407837330744e-02
0.000000000000000000e+00
6.360756803271161441e-02
7.133347860798559988e-03
0.000000000000000000e+00
2.487343868449515619e-02
3.872617720724254656e-03
2.527305070165329366e-03
1.278583888040807186e-02
2.817783257913734907e-02
0.000000000000000000e+00
0.000000000000000000e+00
1.013393449212829887e-02
3.525644399349932984e-02
0.000000000000000000e+00
1.444299968279367380e-02
1.502525669950558265e-02
2.420226674343156636e-02
0.000000000000000000e+00
9.572472485119094474e-03
0.000000000000000000e+00
0.000000000000000000e+00
0.000000000000000000e+00
0.000000000000000000e+00
1.050448448161262621e-02
0.000000000000000000e+00
0.000000000000000000e+00
0.000000000000000000e+00
0.000000000000000000e+00
6.711495463315398030e-04
0.000000000000000000e+00
6.840096450980685458e-03
3.050032461407773364e-03
2.852754135905703065e-02
3.458607813343109183e-02
0.000000000000000000e+00
0.000000000000000000e+00
1.370948480601886718e-02
0.000000000000000000e+00
1.325944320817048182e-02
1.408954704945689085e-04
0.000000000000000000e+00
0.000000000000000000e+00
1.169842511258506294e-02
2.555729163402721982e-03
0.000000000000000000e+00
0.000000000000000000e+00
5.793612548882298187e-03
0.000000000000000000e+00
0.000000000000000000e+00
9.601314789793832447e-03
9.960624651309602992e-03
0.000000000000000000e+00
0.000000000000000000e+00
0.000000000000000000e+00
0.000000000000000000e+00
0.000000000000000000e+00
0.000000000000000000e+00
0.000000000000000000e+00
0.000000000000000000e+00
0.000000000000000000e+00
0.000000000000000000e+00
0.000000000000000000e+00
0.000000000000000000e+00
0.000000000000000000e+00
0.000000000000000000e+00
0.000000000000000000e+00
0.000000000000000000e+00
0.000000000000000000e+00
0.000000000000000000e+00
0.000000000000000000e+00
0.000000000000000000e+00
0.000000000000000000e+00
0.000000000000000000e+00
0.000000000000000000e+00
0.000000000000000000e+00
0.000000000000000000e+00
0.000000000000000000e+00
0.000000000000000000e+00
0.000000000000000000e+00
0.000000000000000000e+00
0.000000000000000000e+00
0.000000000000000000e+00
0.000000000000000000e+00
0.000000000000000000e+00
0.000000000000000000e+00
0.000000000000000000e+00
0.000000000000000000e+00
0.000000000000000000e+00
0.000000000000000000e+00
0.000000000000000000e+00
0.000000000000000000e+00
0.000000000000000000e+00
0.000000000000000000e+00
0.000000000000000000e+00
0.000000000000000000e+00
0.000000000000000000e+00
0.000000000000000000e+00
0.000000000000000000e+00
0.000000000000000000e+00
0.000000000000000000e+00
0.000000000000000000e+00
0.000000000000000000e+00
0.000000000000000000e+00
0.000000000000000000e+00
0.000000000000000000e+00
0.000000000000000000e+00
0.000000000000000000e+00
0.000000000000000000e+00
0.000000000000000000e+00
0.000000000000000000e+00
0.000000000000000000e+00
0.000000000000000000e+00
0.000000000000000000e+00
0.000000000000000000e+00
0.000000000000000000e+00
0.000000000000000000e+00
0.000000000000000000e+00
0.000000000000000000e+00
0.000000000000000000e+00
0.000000000000000000e+00
0.000000000000000000e+00
0.000000000000000000e+00
0.000000000000000000e+00
0.000000000000000000e+00
0.000000000000000000e+00
0.000000000000000000e+00
0.000000000000000000e+00
0.000000000000000000e+00
0.000000000000000000e+00
0.000000000000000000e+00
0.000000000000000000e+00
0.000000000000000000e+00
0.000000000000000000e+00
0.000000000000000000e+00
0.000000000000000000e+00
0.000000000000000000e+00
0.000000000000000000e+00
0.000000000000000000e+00
0.000000000000000000e+00
0.000000000000000000e+00
0.000000000000000000e+00
0.000000000000000000e+00
0.000000000000000000e+00
0.000000000000000000e+00
0.000000000000000000e+00
0.000000000000000000e+00
0.000000000000000000e+00
0.000000000000000000e+00
0.000000000000000000e+00
0.000000000000000000e+00
0.000000000000000000e+00
0.000000000000000000e+00
0.000000000000000000e+00
0.000000000000000000e+00
0.000000000000000000e+00
0.000000000000000000e+00
0.000000000000000000e+00
0.000000000000000000e+00
0.000000000000000000e+00
0.000000000000000000e+00
0.000000000000000000e+00
0.000000000000000000e+00
0.000000000000000000e+00
0.000000000000000000e+00
0.000000000000000000e+00
0.000000000000000000e+00
0.000000000000000000e+00
0.000000000000000000e+00
0.000000000000000000e+00
0.000000000000000000e+00
0.000000000000000000e+00
0.000000000000000000e+00
0.000000000000000000e+00
0.000000000000000000e+00
0.000000000000000000e+00
0.000000000000000000e+00
0.000000000000000000e+00
0.000000000000000000e+00
0.000000000000000000e+00
0.000000000000000000e+00
0.000000000000000000e+00
0.000000000000000000e+00
0.000000000000000000e+00
0.000000000000000000e+00
0.000000000000000000e+00
0.000000000000000000e+00
0.000000000000000000e+00
0.000000000000000000e+00
0.000000000000000000e+00
0.000000000000000000e+00
0.000000000000000000e+00
0.000000000000000000e+00
