# bin_4_3
1.105058862707211660e-12
1.112078302753403825e-12
1.119372541582347315e-12
1.126952268265102177e-12
1.134828582509822034e-12
1.143013010344376326e-12
1.151517520074208629e-12
1.160354538460287415e-12
1.169536967724935358e-12
1.179078203788132414e-12
1.188992154789987847e-12
1.199293259461119473e-12
1.209996506542864645e-12
1.221117455850363819e-12
1.232672259210114418e-12
1.244677681433294800e-12
1.257151123737162173e-12
1.270110647753756007e-12
1.283574998299217313e-12
1.297563628954963613e-12
1.312096728967832080e-12
1.327195248055409173e-12
1.342880925078283838e-12
1.359176317078331763e-12
1.376104826526136236e-12
1.393690734311927894e-12
1.411959229442686430e-12
1.430936441638895860e-12
1.450649476443716313e-12
1.471126446895707871e-12
1.492396512504265138e-12
1.514489911381003448e-12
1.537437998854128282e-12
1.561273282398779939e-12
1.586029462628118433e-12
1.611741469855812642e-12
1.638445506770553465e-12
1.666179088711147466e-12
1.694981090726665502e-12
1.724891792001163439e-12
1.755952928703065941e-12
1.788207737087740955e-12
1.821701004088183036e-12
1.856479115137887127e-12
1.892590103653650882e-12
1.930083706350594240e-12
1.969011414674414195e-12
2.009426529070269699e-12
2.051384204168375648e-12
2.094941488934751243e-12
2.140157366219458148e-12
2.187092806696406443e-12
2.235810811929436023e-12
2.286376471378837723e-12
2.338857047356169512e-12
2.393322033385211964e-12
2.449843206781526171e-12
2.508494680971211481e-12
2.569352962593239417e-12
2.632497012106744920e-12
2.698008294224422166e-12
2.765970802798040037e-12
2.836471040799289161e-12
2.909598043411422943e-12
2.985443379479910212e-12
3.064101211559361684e-12
3.145668401212091571e-12
3.230244568209516016e-12
3.317932103386773666e-12
3.408836185178453455e-12
3.503064809709700650e-12
3.600728805983329233e-12
3.701941767426767784e-12
3.806819927443324000e-12
3.915482051705059728e-12
4.028049387909580456e-12
4.144645706354542483e-12
4.265397416884644211e-12
4.390433502686464025e-12
4.519885423649295065e-12
4.653887054997610779e-12
4.792574586435784348e-12
4.936086174266397058e-12
5.084561324851914327e-12
5.238140553962018680e-12
5.396965097192727294e-12
5.561177155910595549e-12
5.730919898675522607e-12
5.906337142647403202e-12
6.087573050067667073e-12
6.274771869810232286e-12
6.468077334072175779e-12
6.667631347005435643e-12
6.873572925505311868e-12
7.086037487128013212e-12
7.305157079045275362e-12
7.531060480770855728e-12
7.763872503909102443e-12
8.003713429667489785e-12
8.250698449919018580e-12
8.504936502397126912e-12
8.766528316142171195e-12
9.035564810913387082e-12
9.312126240624709977e-12
9.596282553478925199e-12
9.888092975032046208e-12
1.018760485603503170e-11
1.049485276571619155e-11
1.080985739760889334e-11
1.113262294820846893e-11
1.146313397175369790e-11
1.180135353528443431e-11
1.214722301345964153e-11
1.250066287615344623e-11
1.286157102429949382e-11
1.322982142898074074e-11
1.360526391999323486e-11
1.398771956052686874e-11
1.437697500123509045e-11
1.477278228876109833e-11
1.517485787484731552e-11
1.558287901005858144e-11
1.599648709781797607e-11
1.641529011555585690e-11
1.683885114561527485e-11
1.726664731657289214e-11
1.769820912798109458e-11
1.813300020779584739e-11
1.857024951956530512e-11
1.900924067383644069e-11
1.944906574033701827e-11
1.988911688207277247e-11
2.032842969649835128e-11
2.076597753027307296e-11
2.120080546157524218e-11
2.163181687253413907e-11
2.205798929451266981e-11
2.247797325885614870e-11
2.289046380452493721e-11
2.329411118067698927e-11
2.368740242631643857e-11
2.406881033187493525e-11
2.443666448826594740e-11
2.478934415221898009e-11
2.512509520919975141e-11
2.544211456741337239e-11
2.573854542738608589e-11
2.601244308326739066e-11
2.626183005800247141e-11
2.648468643247222163e-11
2.667895763770953024e-11
2.684258562460343811e-11
2.697350057531600607e-11
2.706965457576846542e-11
2.712902627192905506e-11
2.714966412873919929e-11
2.712970419120993110e-11
2.706741697051257351e-11
2.696125066477439856e-11
2.680987761922256540e-11
2.661223484284220740e-11
2.636758306163838675e-11
2.607554862313066907e-11
2.573617790665924044e-11
2.534999067212695323e-11
2.491801996991312486e-11
2.444186239709142374e-11
2.392371082860259989e-11
2.336639402053971376e-11
2.277339092537738933e-11
2.214883338863916319e-11
2.149749611765084096e-11
2.082474037693953113e-11
2.013645854723921400e-11
1.943903816531774197e-11
1.873920995510446941e-11
1.804380423128826370e-11
1.735989977812856171e-11
1.669451885654967625e-11
1.605407625416502043e-11
1.544346598622168277e-11
1.486606583813217632e-11
1.432412374737932006e-11
1.381877976077264986e-11
1.335033705418643717e-11
1.291832135837985599e-11
1.252143334125422202e-11
1.215564331983273963e-11
1.181658920339513675e-11
1.149861293243761112e-11
1.118822635480307693e-11
1.087230921924462402e-11
1.053746402254841975e-11
1.017888096806948834e-11
9.790302154004765072e-12
9.370011537990714857e-12
8.919654525933462064e-12
8.444368237473062192e-12
7.952780863603815638e-12
7.456995287832610958e-12
6.971660603894467445e-12
6.511947845658648685e-12
6.091263082885405944e-12
5.719160709502907794e-12
5.399783015046825252e-12
5.130695643818869701e-12
4.902714561484992869e-12
4.701898697092358814e-12
4.512678256577809613e-12
4.320744875424855403e-12
4.115066973566151095e-12
3.890776446349810767e-12
3.651501411387153238e-12
3.408254982032201445e-12
3.174657035824235912e-12
2.962324929643044203e-12
2.777744767138500264e-12
2.620506057255547545e-12
2.483570756933571396e-12
2.356331046390185541e-12
2.229408226878283696e-12
2.098478934663269668e-12
1.965718057633514623e-12
1.837625273724373410e-12
1.720314427815789950e-12
1.615979210398748286e-12
1.522317545580784063e-12
1.434599683264611896e-12
1.349357384168312306e-12
1.266207575209347909e-12
1.187411466120566635e-12
1.114855390901158996e-12
1.048423590884038841e-12
9.863287535722152042e-13
9.272911419285986104e-13
8.713132776032266716e-13
8.190944908943453997e-13
7.706515983755586081e-13
7.253468485029100565e-13
6.827126481877808072e-13
6.427401849906643615e-13
6.054600752344790161e-13
5.706237728273635762e-13
5.379786960216378395e-13
5.074364219697266811e-13
4.788960991406836221e-13
4.522038955664123470e-13
4.272155798107815102e-13
4.038401008542257239e-13
3.819788034578733717e-13
3.615128276968069653e-13
3.423534615173994809e-13
3.244177301052379699e-13
3.076152528030199891e-13
2.918662966634368759e-13
2.770988471512640786e-13
2.632454060600967574e-13
2.502424509198690705e-13
2.380299376438829389e-13
2.265510410845345235e-13
2.157525198878806412e-13
2.055850771027703067e-13
1.960028158755694437e-13
1.869627128519713018e-13
1.784244364932253932e-13
1.703505025331679871e-13
1.627064006583901396e-13
1.554602224751017910e-13
1.485822221950225215e-13
1.420446110104316469e-13
1.358216405644494692e-13
1.298897505920647440e-13
1.242273895567494018e-13
1.188147934902828483e-13
1.136338141286526355e-13
1.086678680189476040e-13
1.039019443259195566e-13
9.932252172084008662e-14
9.491752777464819205e-14
9.067623546724626569e-14
8.658911963141540189e-14
8.264770346355207034e-14
7.884447266819614584e-14
7.517291525056924246e-14
7.162748791901896414e-14
6.820346890168945537e-14
6.489673908463178109e-14
6.170367154299999067e-14
5.862121546760556503e-14
5.564693298753701200e-14
5.277887430741570359e-14
5.001531720561818697e-14
4.735461489928247151e-14
4.479523434989178444e-14
4.233578990909026194e-14
3.997499791616370169e-14
3.771153829217999202e-14
3.554395662409109265e-14
3.347068458717157369e-14
3.149006886898077469e-14
2.960037672828170454e-14
2.779975518177735293e-14
2.608619295854043046e-14
2.445753554038555364e-14
2.291150171050640743e-14
2.144570320109636835e-14
2.005765738031472463e-14
1.874479666091347433e-14
1.750448580332294221e-14
1.633403593721365868e-14
1.523072195702416852e-14
1.419180099672862203e-14
1.321452989921714844e-14
1.229617846060362260e-14
1.143403739708994930e-14
1.062542932879271199e-14
9.867722522413229319e-15
9.158343894907190242e-15
8.494786283607285802e-15
7.874610680646432319e-15
7.295449355094126063e-15
6.755012026937326143e-15
6.251093264099877147e-15
5.781575692252019161e-15
5.344429914666668370e-15
4.937713251429455135e-15
4.559568319365633126e-15
4.208223913969678691e-15
3.881995317589103442e-15
3.579283166708807100e-15
3.298571930685020701e-15
3.038426865732681904e-15
2.797490486317619319e-15
2.574479502662985040e-15
2.368181862592413297e-15
2.177454311694693242e-15
2.001220880883130617e-15
1.838470619546798977e-15
1.688254333366877848e-15
1.549681356791698479e-15
1.421915974963363499e-15
1.304174180954283741e-15
1.195721628903477952e-15
1.095872241685045930e-15
1.003986032282814459e-15
9.194669174880048696e-16
8.417602706470777967e-16
7.703499229022689676e-16
7.047553709825914203e-16
6.445294692798487217e-16
5.892562384248373735e-16
5.385489434308444669e-16
4.920487011677508135e-16
4.494229788131013487e-16
4.103638738691398077e-16
3.745863811483253938e-16
3.418268296759649345e-16
3.118413355986174945e-16
2.844045023534658076e-16
2.593082422014126843e-16
2.363606981391064910e-16
2.153851667696666256e-16
1.962189312574522276e-16
1.787120578458317381e-16
1.627263332685889581e-16
1.481342023799549051e-16
1.348177207556438519e-16
1.226679350675183155e-16
1.115847013584357574e-16
1.014764009391685211e-16
9.225956536322284280e-17
8.385877536466623227e-17
7.620598309828811540e-17
6.923918815316067300e-17
6.290104186996887321e-17
5.713831110689346887e-17
5.190126949314869838e-17
4.714340855806922020e-17
4.282151369460602427e-17
3.889596067116688989e-17
3.533055624102171902e-17
3.209230580413436065e-17
2.915119027859229732e-17
2.647992527015462650e-17
2.405372376762464300e-17
2.185007256011192754e-17
1.984852805286833829e-17
1.803052755851832224e-17
1.637921643338773650e-17
1.487929094009693852e-17
1.351685531371671437e-17
1.227929166428379268e-17
1.115514172433215875e-17
1.013399953332715112e-17
9.206414549588356209e-18
8.363803835386710593e-18
7.598373430476162493e-18
6.903045715515946802e-18
6.271393377217899731e-18
5.697579312513250984e-18
