# bin_3_3
3.654207423315153216e-12
3.677400132454320382e-12
3.701500436077717645e-12
3.726543606044125988e-12
3.752566266622901925e-12
3.779606445021582240e-12
3.807703623991443170e-12
3.836898796092411360e-12
3.867234519434032580e-12
3.898754975624037663e-12
3.931506030435118456e-12
3.965535296265581444e-12
4.000892195928001877e-12
4.037628029258530674e-12
4.075796042951495654e-12
4.115451501638370806e-12
4.156651760925654637e-12
4.199456344690104974e-12
4.243927024006374302e-12
4.290127897294915042e-12
4.338125475770977595e-12
4.387988770056058069e-12
4.439789376932426440e-12
4.493601571110457272e-12
4.549502396847147098e-12
4.607571763448881310e-12
4.667892545789064297e-12
4.730550686569279100e-12
4.795635308166511510e-12
4.863238822170187169e-12
4.933457043932390067e-12
5.006389307973966616e-12
5.082138582858625751e-12
5.160811594398048360e-12
5.242518949788860089e-12
5.327375271202373785e-12
5.415499329166880847e-12
5.507014185683803364e-12
5.602047334419810451e-12
5.700730847529880939e-12
5.803201523108969217e-12
5.909601028393011234e-12
6.020076037457727826e-12
6.134778349918696885e-12
6.253865005392299364e-12
6.377498441992961294e-12
6.505846685513576546e-12
6.639083528538559950e-12
6.777388670757034104e-12
6.920947865460815744e-12
7.069953073719094603e-12
7.224602647490561464e-12
7.385101524444661489e-12
7.551661414473815876e-12
7.724500977910257079e-12
7.903845979914458734e-12
8.089929393498595553e-12
8.282991370548506547e-12
8.483279278776541315e-12
8.691047924616381484e-12
8.906559783619215761e-12
9.130085099147637961e-12
9.361901919035446802e-12
9.602296226305241964e-12
9.851562137344211458e-12
1.011000208480934255e-11
1.037792693860634098e-11
1.065565602683123326e-11
1.094351685651222091e-11
1.124184466071668216e-11
1.155098235946383949e-11
1.187128089452406070e-11
1.220309914764802612e-11
1.254680369279872182e-11
1.290276875964263751e-11
1.327137634954071388e-11
1.365301624376134947e-11
1.404808571817077276e-11
1.445698865905723613e-11
1.488013360061977879e-11
1.531793281407553870e-11
1.577080296006454309e-11
1.623916452233264164e-11
1.672344071885482322e-11
1.722405718845533990e-11
1.774144200753128270e-11
1.827602515961744971e-11
1.882823723718485244e-11
1.939850606880215545e-11
1.998725293089757497e-11
2.059489243634845220e-11
2.122183235731896999e-11
2.186847109958581904e-11
2.253519634435966044e-11
2.322238486060646224e-11
2.393040150841120944e-11
2.465959693317669439e-11
2.541030248184172100e-11
2.618282387389764241e-11
2.697744083718442725e-11
2.779440622616280425e-11
2.863394206219609134e-11
2.949623770204432299e-11
3.038144909513245795e-11
3.128969650255488167e-11
3.222105967381820917e-11
3.317556712764914419e-11
3.415318947454375809e-11
3.515384109256927521e-11
3.617737553161438914e-11
3.722358057660912957e-11
3.829217857983417204e-11
3.938282381117712836e-11
4.049509900713123757e-11
4.162849734858898120e-11
4.278240687073973618e-11
4.395613357483729510e-11
4.514886920617255138e-11
4.635969410682238847e-11
4.758756943477394898e-11
4.883134620453355334e-11
5.008973909624656424e-11
5.136135523989542301e-11
5.264485980580403494e-11
5.393864361907496802e-11
5.523997673839672638e-11
5.654729764254570383e-11
5.785850433281472700e-11
5.917087159527423961e-11
6.048183572233115331e-11
6.178836814110935022e-11
6.308798683101511104e-11
6.437762951152547574e-11
6.565354178578668154e-11
6.691227063423074065e-11
6.815015177353741521e-11
6.936316254461567311e-11
7.054670868713755601e-11
7.169639574832542182e-11
7.280757855025565517e-11
7.387520103320121696e-11
7.489420978369507428e-11
7.585927684448924325e-11
7.676484157115427818e-11
7.760522718264895779e-11
7.837451830490597972e-11
7.906668137413519487e-11
7.967559385076669705e-11
8.019506599721932899e-11
8.061888738390964327e-11
8.094089647849514359e-11
8.115500155649854972e-11
8.125529301332776922e-11
8.123609382022250693e-11
8.109209927220381828e-11
8.081847470746946692e-11
8.041098877576530015e-11
7.986613757769499505e-11
7.918130457230872192e-11
7.835491391440639972e-11
7.738657762616756691e-11
7.627729468691725922e-11
7.502957180003023408e-11
7.364757356990207117e-11
7.213725724915296135e-11
7.050644112162021480e-11
6.876490387240156535e-11
6.692435492116820142e-11
6.499844828585488296e-11
6.300268176314678304e-11
6.095423798383219658e-11
5.887174965939154336e-11
5.677497530332736087e-11
5.468440055016503650e-11
5.262198076736464993e-11
5.060971136370657986e-11
4.866595466907996218e-11
4.680614305563328017e-11
4.504260511334347186e-11
4.338355018303421925e-11
4.183364946731476193e-11
4.039497395915867233e-11
3.906699561282418627e-11
3.784613175950201294e-11
3.672478193683434100e-11
3.569179304550750563e-11
3.473193538091066035e-11
3.379466141396078250e-11
3.284921200040065175e-11
3.187283991540584801e-11
3.082790170771307683e-11
2.969460518278463842e-11
2.846670434538294798e-11
2.714574422885411823e-11
2.574384707547802470e-11
2.428496950094110715e-11
2.280379173718117671e-11
2.134253004984564273e-11
1.994573280122359245e-11
1.865497612458479807e-11
1.750278784521476294e-11
1.650585416040727866e-11
1.566107945638599128e-11
1.494529974879977385e-11
1.432182132831729396e-11
1.374652567579269704e-11
1.317373039373067180e-11
1.256588917426616257e-11
1.190671861291642524e-11
1.120493631171606381e-11
1.048621481637730528e-11
9.784591580714781748e-12
9.135123994272181226e-12
8.561680183582453266e-12
8.066815144451401072e-12
7.634429287829962878e-12
7.238363219468900234e-12
6.852980393897550131e-12
6.465062166843957926e-12
6.076094645344615467e-12
5.697490799498872586e-12
5.342088630036551615e-12
5.016423534546084483e-12
4.719708089499420745e-12
4.444985125934808643e-12
4.185732216174485160e-12
3.939338650783211684e-12
3.705837684318874367e-12
3.485318002307432024e-12
3.277820623687093337e-12
3.083462178122786055e-12
2.902305861108074763e-12
2.733726452348623319e-12
2.575665645498580832e-12
2.426455749237560925e-12
2.285921957335460222e-12
2.154803516418289206e-12
2.032697517611712229e-12
1.918165264472371161e-12
1.810571738469048370e-12
1.709883608157017891e-12
1.615805371697369842e-12
1.527708382902562102e-12
1.445087038237896362e-12
1.367776500480959334e-12
1.295420055543061055e-12
1.227571491503523508e-12
1.163997972117238740e-12
1.104438532112199724e-12
1.048578815275023017e-12
9.961668184363456391e-13
9.469731201146956768e-13
9.007706144690708921e-13
8.573497006316099586e-13
8.165163146644521970e-13
7.780870444890584926e-13
7.418899920807680816e-13
7.077638811710521377e-13
6.755576716028919806e-13
6.451300126170837259e-13
6.163483000485549791e-13
5.890896535997107633e-13
5.632403920911378060e-13
5.386950092561745393e-13
5.153556776005365596e-13
4.931313693832054690e-13
4.719380800105539732e-13
4.516985980290076109e-13
4.323417740989230563e-13
4.138024981919863845e-13
3.960216021857866787e-13
3.789454916035636896e-13
3.625256852778654211e-13
3.467183320557826728e-13
3.314841987606880758e-13
3.167890075007250945e-13
3.026028798941263135e-13
2.888994675222383514e-13
2.756556473070054450e-13
2.628513733188365094e-13
2.504699497209678197e-13
2.384976416556370486e-13
2.269226462183477594e-13
2.157348803459307394e-13
2.049258423330214506e-13
1.944887748788472843e-13
1.844185334021403283e-13
1.747105887552055897e-13
1.653608556116913216e-13
1.563655804739725545e-13
1.477211267633885107e-13
1.394238982348197517e-13
1.314699088969944347e-13
1.238547283811845358e-13
1.165735189266082496e-13
1.096209019274631094e-13
1.029909334679849297e-13
9.667704829374333837e-14
9.067210700272055982e-14
8.496849334330267632e-14
7.955809574649305370e-14
7.443230251537000507e-14
6.958208636146392553e-14
6.499810474498239298e-14
6.067078464564741667e-14
5.659037390478022006e-14
5.274697009707796027e-14
4.913060240615392287e-14
4.573131959751738555e-14
4.253924059685129528e-14
3.954459538172399292e-14
3.673774427160962383e-14
3.410922048917866250e-14
3.164978800011775155e-14
2.935046451973885631e-14
2.720254488799551821e-14
2.519761770473661338e-14
2.332757333005312181e-14
2.158461613657929084e-14
1.996126512808999925e-14
1.845035762870085331e-14
1.704505925689741663e-14
1.573886368953532824e-14
1.452558199103522936e-14
1.339933209140713258e-14
1.235452855346647991e-14
1.138587369953738740e-14
1.048835189111293737e-14
9.657225301762202652e-15
8.888026023592146874e-15
8.176545493750418227e-15
7.518820292200292529e-15
6.911116952560197514e-15
6.349923830874141254e-15
5.831943937934272208e-15
5.354086165755371487e-15
4.913458196905324998e-15
4.507359132193022370e-15
4.133267340212499303e-15
3.788827091747320800e-15
3.471837523543416538e-15
3.180243221654007021e-15
2.912125532702210950e-15
2.665696295746548954e-15
2.439293105117505245e-15
2.231372868581543767e-15
2.040504298114904789e-15
1.865360231175306469e-15
1.704710433054801109e-15
1.557414134607148692e-15
1.422413403901944227e-15
1.298727736886496678e-15
1.185449381627541412e-15
1.081738472570296954e-15
9.868189325876027319e-16
8.999743050064358452e-16
8.205436709456186579e-16
7.479177841263067061e-16
6.815354717058376079e-16
6.208799110312985293e-16
5.654753036033238653e-16
5.148836414208250007e-16
4.687010308129236434e-16
4.265545991714057084e-16
3.881010149527755323e-16
3.530246003245754641e-16
3.210353149202156353e-16
2.918687471027441201e-16
2.652862553291555668e-16
2.410709843729589317e-16
2.190243764478472598e-16
1.989649095118513051e-16
1.807250400646810829e-16
1.641478750134299408e-16
1.490869600237604687e-16
1.354069070960525618e-16
1.229826372342457250e-16
1.116992279503404385e-16
1.014519321453967915e-16
9.214558814654032433e-17
8.369376895686885937e-17
7.601797353722445110e-17
6.904689706893994923e-17
6.271577419419158472e-17
5.696578543118921265e-17
5.174351822254757393e-17
4.700047475768263162e-17
4.269262195613492911e-17
3.877997885530608001e-17
3.522624397909185636e-17
3.199845510842849697e-17
2.906668259959312501e-17
2.640374840942411191e-17
2.398497278704199348e-17
2.178794437303999412e-17
1.979231150584031823e-17
1.797959300743219580e-17
1.633300620013918338e-17
1.483731052894019034e-17
1.347866554801545772e-17
