# bin_1_1
4.023813387927762008e-11
4.047364556709401973e-11
4.071816132798154041e-11
4.097201469031575542e-11
4.123555052759688893e-11
4.150912560442405266e-11
4.179310894666396607e-11
4.208788249491131010e-11
4.239384187668413054e-11
4.271139648499157876e-11
4.304096975496045994e-11
4.338299921146136526e-11
4.373793633274403826e-11
4.410624719528325641e-11
4.448841323645290739e-11
4.488493202785805505e-11
4.529631805821461463e-11
4.572310276405889830e-11
4.616583477245734790e-11
4.662508000336897242e-11
4.710142272584056798e-11
4.759546605604018339e-11
4.810783177238194308e-11
4.863916031357870885e-11
4.919011172145074176e-11
4.976136761865496397e-11
5.035363145464109737e-11
5.096762777287904198e-11
5.160410272347627249e-11
5.226382533511766571e-11
5.294758769269840126e-11
5.365620467644769470e-11
5.439051521114245810e-11
5.515138325340559979e-11
5.593969755712281129e-11
5.675637314208717877e-11
5.760235211830140096e-11
5.847860340151662554e-11
5.938612300562174473e-11
6.032593591806505244e-11
6.129909796495527242e-11
6.230669534364838664e-11
6.334984332320020897e-11
6.442968720523842282e-11
6.554740778216817555e-11
6.670422248322982197e-11
6.790137695873252095e-11
6.914014684577671850e-11
7.042185260227711590e-11
7.174784836435006309e-11
7.311951363749982490e-11
7.453827711108879482e-11
7.600560459129780814e-11
7.752299189978532657e-11
7.909199069011322442e-11
8.071417896612886710e-11
8.239117434006865014e-11
8.412464905830805633e-11
8.591629558104193118e-11
8.776785532591517813e-11
8.968110232244990209e-11
9.165782300564543036e-11
9.369986775300245861e-11
9.580912303883269917e-11
9.798747081530705757e-11
1.002367822410324540e-10
1.025589345015448192e-10
1.049557979161929648e-10
1.074292393267803806e-10
1.099811094109436950e-10
1.126132466426416964e-10
1.153274395364343100e-10
1.181254862018382752e-10
1.210091429026477764e-10
1.239800399699316924e-10
1.270396722701921360e-10
1.301894296667134851e-10
1.334304035989171288e-10
1.367642207880388212e-10
1.401910056472352651e-10
1.437111703650735306e-10
1.473256991038083772e-10
1.510349244606631321e-10
1.548389955833024614e-10
1.587379293845346043e-10
1.627315472775000295e-10
1.668193784480300374e-10
1.710012991476455462e-10
1.752748597325875202e-10
1.796390533467147205e-10
1.840928374476255675e-10
1.886342904352769467e-10
1.932612755736317953e-10
1.979717047479247842e-10
2.027622536708540310e-10
2.076288729472754045e-10
2.125680842436270774e-10
2.175753653069170359e-10
2.226458199164062830e-10
2.277741503939715568e-10
2.329543981961296672e-10
2.381806208634705973e-10
2.434447629140187933e-10
2.487388736476883400e-10
2.540560024286481521e-10
2.593881722837298520e-10
2.647253322731117673e-10
2.700569587773355983e-10
2.753724790943588102e-10
2.806607430850756415e-10
2.859086288407098826e-10
2.911020313752793307e-10
2.962265253378736551e-10
3.012681768510156322e-10
3.062113927096731416e-10
3.110391005580870399e-10
3.157344098044910585e-10
3.202791448010387340e-10
3.246537983378360652e-10
3.288380068091666589e-10
3.328111101235061757e-10
3.365511878773383995e-10
3.400361517547638489e-10
3.432433472913891520e-10
3.461494801083778745e-10
3.487303869458985019e-10
3.509616101748337548e-10
3.528187118350402390e-10
3.542774181253857813e-10
3.553140109211736756e-10
3.559053752172330232e-10
3.560292727287275117e-10
3.556645689180537342e-10
3.547919599974787187e-10
3.533942929196750987e-10
3.514569587133977920e-10
3.489684525240549483e-10
3.459208885450595251e-10
3.423105945628452239e-10
3.381386406645998900e-10
3.334115600839160881e-10
3.281416712520333044e-10
3.223474447717938151e-10
3.160536856791296402e-10
3.092921109455369384e-10
3.021013692391854564e-10
2.945269603393796613e-10
2.866209369584962703e-10
2.784414503982104018e-10
2.700520549921172445e-10
2.615203790876222449e-10
2.529161508274842440e-10
2.443099465673043638e-10
2.357738594601432963e-10
2.273755418820666817e-10
2.191724896692829875e-10
2.112149595298131502e-10
2.035476479885615367e-10
1.962065330062044707e-10
1.892195838056427345e-10
1.826072459231163311e-10
1.763759128331975581e-10
1.705130886831701353e-10
1.649893145181384347e-10
1.597594910339961890e-10
1.547400838992193872e-10
1.498090681718452496e-10
1.449031906592417822e-10
1.399802419566041292e-10
1.349755699340561766e-10
1.298476973712592395e-10
1.246012847679216837e-10
1.192337036303476189e-10
1.137675281927915214e-10
1.082630989672469517e-10
1.027932868516346546e-10
9.744223733093651358e-11
9.228892311007941617e-11
8.739611799861126539e-11
8.280023605041651123e-11
7.850720772968173096e-11
7.449358914190317343e-11
7.071712901358936843e-11
6.713357398332940276e-11
6.370469954971630684e-11
6.040079604520248676e-11
5.720992303432152939e-11
5.414865312566765642e-11
5.124859124737847415e-11
4.853164580992552062e-11
4.599960062542535901e-11
4.363647566769359059e-11
4.140738125450235167e-11
3.926492044524557640e-11
3.717203510796696544e-11
3.511886346145126750e-11
3.312362664097961074e-11
3.122387616379240290e-11
2.945743626816988084e-11
2.783975124309419976e-11
2.635636839890877489e-11
2.497437571493402985e-11
2.366184878114499622e-11
2.239952397862779337e-11
2.118693028750425933e-11
2.003592061489551633e-11
1.895656300530595799e-11
1.794775334548033729e-11
1.700299056061154338e-11
1.611471216458449407e-11
1.527794944067215730e-11
1.448983325963296143e-11
1.374739384061929753e-11
1.304767523650312829e-11
1.238898143567004142e-11
1.177045617545032969e-11
1.118947677966949580e-11
1.064253082973025289e-11
1.012732514268240836e-11
9.642757999857853431e-12
9.186928099119896011e-12
8.757585781875230035e-12
8.353004284128568638e-12
7.971811275804894058e-12
7.612412941857444440e-12
7.273067171790885981e-12
6.952592366657829927e-12
6.649851696073297856e-12
6.363412669987116026e-12
6.092191436709103593e-12
5.835242845146830082e-12
5.591506314704466386e-12
5.360030515957130310e-12
5.139935440841917717e-12
4.930343337825958518e-12
4.730446860398077628e-12
4.539523908444801032e-12
4.356917400577046619e-12
4.182028088948858754e-12
4.014302323193850829e-12
3.853216196065593208e-12
3.698275290004807075e-12
3.549023212640616255e-12
3.405052532628597024e-12
3.266009556715789201e-12
3.131584567057086305e-12
3.001498015985623332e-12
2.875494512260445262e-12
2.753348500010828592e-12
2.634872019396921694e-12
2.519911288194038309e-12
2.408336242320292091e-12
2.300034955158033621e-12
2.194915934135315408e-12
2.092911863979940903e-12
1.993974465359950296e-12
1.898065057573461094e-12
1.805152494488399720e-12
1.715215632110707820e-12
1.628242510001119452e-12
1.544225706967195196e-12
1.463157454021231051e-12
1.385028614513286336e-12
1.309828932560770344e-12
1.237545463223597363e-12
1.168161264462608449e-12
1.101653884656485944e-12
1.037994307213376996e-12
9.771470900573757473e-13
9.190696520040670161e-13
8.637123113068703065e-13
8.110195650956453664e-13
7.609304528367612102e-13
7.133786642393464306e-13
6.682927171570041533e-13
6.255964984021758216e-13
5.852105577527106102e-13
5.470530781561571393e-13
5.110403156929449224e-13
4.770871531488468862e-13
4.451077427125227206e-13
4.150161199355715710e-13
3.867268382704555318e-13
3.601554021776616334e-13
3.352186578393661963e-13
3.118352048611066218e-13
2.899255912382302630e-13
2.694124940999155096e-13
2.502209261070113072e-13
2.322783503415754618e-13
2.155147858258583283e-13
1.998629681101489530e-13
1.852584644710712901e-13
1.716396651057070757e-13
1.589477377148344165e-13
1.471265859062672154e-13
1.361228080678941445e-13
1.258856695498463985e-13
1.163670357616513108e-13
1.075212874397379474e-13
9.930527359303286950e-14
9.167822097278415243e-14
8.460159301736609525e-14
7.803900843774015633e-14
7.195617409317003712e-14
6.632077982415613901e-14
6.110240865767441742e-14
5.627248257237418338e-14
5.180417616575936293e-14
4.767231359202897739e-14
4.385329054693328725e-14
4.032500272184787256e-14
3.706675961082200698e-14
3.405920813856999974e-14
3.128426636685424407e-14
2.872505091199084260e-14
2.636580160995593650e-14
2.419181422511349162e-14
2.218937690044710726e-14
2.034570795786590031e-14
1.864889934735741920e-14
1.708786656721425481e-14
1.565230029541887400e-14
1.433261979223397264e-14
1.311992829179670377e-14
1.200596967133456705e-14
1.098308658012091244e-14
1.004418039193642532e-14
9.182673183470650347e-15
8.392472518856859311e-15
7.667938773510018394e-15
7.003853985054580968e-15
6.395392114445391723e-15
5.838091205569157572e-15
5.327827147029129477e-15
4.860788630195326788e-15
4.433454575422372944e-15
4.042574002685134811e-15
3.685145892228342225e-15
3.358403550912224605e-15
3.059798726430442638e-15
2.786985287517918594e-15
2.537805703097437199e-15
2.310280528311867685e-15
2.102595555302746573e-15
1.913086935844895126e-15
1.740232584238238249e-15
1.582641084272780309e-15
1.439030358920387418e-15
1.308213833944151598e-15
1.189097254602555543e-15
1.080670078006397871e-15
9.819991772633736106e-16
8.922293072300005532e-16
8.105816692563463905e-16
7.363443863559273047e-16
6.688648276440530070e-16
6.075450768043433859e-16
5.518358819629774773e-16
5.012319592401886055e-16
4.552699068348785514e-16
4.135259305616837355e-16
3.756134507098838232e-16
3.411806313596697988e-16
3.099077752601652391e-16
2.815045169821604077e-16
2.557071882402841141e-16
2.322763841351523242e-16
2.109947298929628798e-16
1.916648504451627697e-16
1.741075286081110741e-16
1.581600274726808202e-16
1.436745859672888799e-16
1.305170085573346719e-16
1.185654717971059007e-16
1.077092986328634192e-16
9.784805688005348707e-17
8.889043473221043857e-17
8.075364596078460024e-17
7.336234934633730001e-17
6.664821623617501197e-17
6.054917330641338713e-17
5.500880336184833678e-17
4.997590561259148117e-17
4.540400868809005560e-17
4.125085985680235474e-17
3.747811865539282436e-17
3.405097073346394095e-17
3.093779761359903261e-17
2.810988225842320403e-17
2.554108492999867422e-17
2.320764456561821152e-17
2.108797109355801059e-17
1.916244484561631878e-17
1.741324913940948506e-17
1.582420585266858359e-17
1.438064121261976192e-17
1.306924982517745023e-17
1.187796734170102701e-17
1.079586466672139286e-17
