# bin_2_2
8.294441411396007065e-12
8.346956625806713425e-12
8.401524408867882699e-12
8.458224314915827373e-12
8.517138930329924122e-12
8.578353985192375688e-12
8.641958468649187553e-12
8.708044748338488627e-12
8.776708694140368183e-12
8.848049805975547022e-12
8.922171345220845780e-12
8.999180470489232963e-12
9.079188378590372683e-12
9.162310449610126331e-12
9.248666396088081485e-12
9.338380417761565291e-12
9.431581361370655787e-12
9.528402884262254454e-12
9.628983623188297254e-12
9.733467369049552493e-12
9.842003245359012423e-12
9.954745893707829156e-12
1.007185566605408670e-11
1.019349881747293619e-11
1.031984770146922845e-11
1.045108096942428537e-11
1.058738377739081069e-11
1.072894800464544945e-11
1.087597247479746471e-11
1.102866318568752833e-11
1.118723354096437640e-11
1.135190458190203375e-11
1.152290522859235199e-11
1.170047253217979965e-11
1.188485193543938172e-11
1.207629752720641011e-11
1.227507229962372878e-11
1.248144840563515599e-11
1.269570742989781230e-11
1.291814065612882359e-11
1.314904933144058740e-11
1.338874495447277498e-11
1.363754955283015962e-11
1.389579591332130582e-11
1.416382780573620410e-11
1.444200023984209788e-11
1.473067976637381753e-11
1.503024475457312567e-11
1.534108564116266439e-11
1.566360521346752243e-11
1.599821890463512821e-11
1.634535504486768287e-11
1.670545506507607889e-11
1.707897371306909784e-11
1.746637923936131441e-11
1.786815358586051309e-11
1.828479254891506815e-11
1.871680578416274717e-11
1.916471668965242337e-11
1.962906259639183762e-11
2.011039490787463089e-11
2.060927904770882225e-11
2.112629452414133950e-11
2.166203507705076698e-11
2.221710853844841467e-11
2.279213662097725057e-11
2.338775460095585790e-11
2.400461094019282911e-11
2.464336680499320146e-11
2.530469455001212972e-11
2.598927688176497943e-11
2.669780673370312128e-11
2.743098647136471974e-11
2.818952734903096945e-11
2.897414897913067452e-11
2.978557789624475309e-11
3.062454615299618611e-11
3.149178978158945255e-11
3.238804722979141494e-11
3.331405609090022939e-11
3.427055004525542857e-11
3.525825771780291914e-11
3.627790076873953885e-11
3.733019223209110815e-11
3.841583441722484154e-11
3.953551539736750024e-11
4.068990569915973089e-11
4.187965492813643179e-11
4.310538763856939005e-11
4.436769647399845235e-11
4.566713865878016360e-11
4.700423310127231052e-11
4.837945643585070070e-11
4.979324002825347785e-11
5.124596435005675473e-11
5.273795303305478147e-11
5.426946696592146383e-11
5.584069715634355898e-11
5.745175347725090488e-11
5.910265963990352100e-11
6.079334855151781182e-11
6.252365755024409015e-11
6.429332264587462617e-11
6.610197011442789726e-11
6.794910868748558563e-11
6.983411822335632214e-11
7.175623291364000104e-11
7.371453486577162868e-11
7.570795741426118160e-11
7.773526000624464343e-11
7.979501961267221874e-11
8.188564256929241854e-11
8.400531201750276450e-11
8.615210163078070177e-11
8.832377304645906309e-11
9.051789435582699206e-11
9.273202144387507789e-11
9.496239830606623805e-11
9.720617011570222946e-11
9.945955330931271812e-11
1.017188892412452453e-10
1.039801139282120840e-10
1.062381789223356781e-10
1.084887419362240411e-10
1.107267005260677765e-10
1.129465719132926601e-10
1.151426103028558027e-10
1.173082809820646463e-10
1.194373849084414583e-10
1.215226244341532926e-10
1.235566573872707506e-10
1.255316834219477004e-10
1.274394601719920457e-10
1.292714973420724657e-10
1.310187630943143001e-10
1.326719537682971423e-10
1.342214060000956947e-10
1.356571330304535259e-10
1.369689760487871868e-10
1.381464902543091949e-10
1.391791389689083536e-10
1.400562729265069601e-10
1.407672624779738366e-10
1.413015751278473073e-10
1.416488703150985606e-10
1.417991435985170986e-10
1.417428737032090548e-10
1.414711678753350470e-10
1.409759644082426972e-10
1.402502061164606032e-10
1.392880905793179717e-10
1.380853656801054355e-10
1.366395522876749146e-10
1.349502550035126824e-10
1.330194438086526633e-10
1.308517093199780084e-10
1.284545176864424194e-10
1.258383485717172328e-10
1.230169327363194413e-10
1.200072310740247989e-10
1.168295102877449998e-10
1.135072087356813520e-10
1.100667726381387057e-10
1.065373786549180009e-10
1.029506713749021095e-10
9.934037685191081855e-11
9.574139675654148373e-11
9.218979161362453350e-11
8.871896607617596984e-11
8.535864036528574366e-11
8.213345738812104400e-11
7.906373659311818181e-11
7.616499797654723400e-11
7.344754318622831452e-11
7.091631465933785071e-11
6.856976394073441704e-11
6.640267851469851146e-11
6.439294655477707771e-11
6.252215277690294243e-11
6.074231008176274913e-11
5.900092846976005339e-11
5.725567126496579597e-11
5.546121433012648798e-11
5.358689537224809405e-11
5.159689583431019770e-11
4.947855266668280776e-11
4.723225272096046546e-11
4.487819679507477653e-11
4.245479995296007832e-11
4.001340672185206136e-11
3.761343035876161115e-11
3.531467658382680673e-11
3.317018746698664844e-11
3.121816085624861890e-11
2.947697829126333302e-11
2.794064825146642351e-11
2.658178920612376904e-11
2.535714544114821288e-11
2.421595478100710189e-11
2.310827707574238459e-11
2.199612951506015754e-11
2.086357841966667519e-11
1.971727259583279649e-11
1.857885801156755088e-11
1.747500030341098581e-11
1.643036958876614266e-11
1.546024555381786377e-11
1.456684220996704556e-11
1.374186572285509749e-11
1.297163924584874181e-11
1.224538343928451862e-11
1.155725932201636154e-11
1.090590454789058968e-11
1.029030987370657501e-11
9.706533291386508633e-12
9.150897297004531585e-12
8.621427051281902013e-12
8.119935456722475867e-12
7.650311035748669353e-12
7.214423515934617762e-12
6.809855158296053516e-12
6.430143392613582725e-12
6.070088678132987041e-12
5.727986229456524360e-12
5.406047027347781594e-12
5.105473924562844233e-12
4.825297985716702499e-12
4.562394059373154930e-12
4.314725875082340191e-12
4.081874553729570029e-12
3.863601335709779388e-12
3.659188367787367299e-12
3.467432000209748287e-12
3.287426564758282532e-12
3.118538462109526402e-12
2.960015193524406274e-12
2.811244198270977693e-12
2.671576869455240763e-12
2.540397593901274677e-12
2.417145694496530294e-12
2.301282523061155195e-12
2.192325408555032262e-12
2.089785016579154023e-12
1.993209098411254666e-12
1.902192369697486470e-12
1.816341336276040354e-12
1.735291725305338856e-12
1.658699073538785914e-12
1.586237483517389578e-12
1.517605015083089144e-12
1.452521478254684693e-12
1.390724954347263850e-12
1.331969277219225027e-12
1.276024593122206140e-12
1.222677832018610890e-12
1.171732825952379842e-12
1.123009212267503105e-12
1.076340681295004225e-12
1.031574437671650835e-12
9.885708261098956069e-13
9.472032160246203054e-13
9.073573983747086366e-13
8.689309874944978946e-13
8.318328029208321987e-13
7.959818205315375652e-13
7.613067288948499318e-13
7.277454061777814151e-13
6.952449304903531443e-13
6.637611262641446621e-13
6.332568492368111468e-13
6.037010080852013830e-13
5.750678089477191476e-13
5.473368105904310851e-13
5.204927278991606048e-13
4.945237123860968859e-13
4.694202363384267466e-13
4.451742853958610955e-13
4.217793738214910212e-13
3.992306422940384026e-13
3.775236724271745528e-13
3.566536163501284838e-13
3.366145116278939950e-13
3.173992801107100965e-13
2.989998033301439481e-13
2.814065214249032518e-13
2.646081465895852383e-13
2.485914376377606866e-13
2.333413174185884303e-13
2.188410466897556968e-13
2.050723434185182934e-13
1.920155369494226697e-13
1.796496744079202947e-13
1.679527051959561717e-13
1.569016406262089952e-13
1.464727690391619643e-13
1.366419164384727915e-13
1.273846390102163799e-13
1.186763913622518746e-13
1.104926372675348835e-13
1.028089912286449132e-13
9.560138309898612879e-14
8.884618396468238220e-14
8.252030592185899172e-14
7.660125610558986298e-14
7.106720178461781746e-14
6.589702481823365008e-14
6.107035762176034061e-14
5.656760564221844191e-14
5.236995213915682221e-14
4.845936788242309314e-14
4.481862183704521164e-14
4.143128212782220848e-14
3.828170363790347095e-14
3.535500571263862472e-14
3.263703941639715867e-14
3.011437582706030670e-14
2.777429651446168915e-14
2.560478348316139131e-14
2.359450092339791830e-14
2.173277423641304469e-14
2.000955674131263839e-14
1.841539199632032210e-14
1.694138075911660737e-14
1.557915153657367383e-14
1.432083519792255086e-14
1.315904925702518191e-14
1.208688334199363125e-14
1.109787887398772796e-14
1.018600534396871827e-14
9.345635007050256053e-15
8.571514551409497510e-15
7.858738973513921508e-15
7.202730529000056579e-15
6.599220793060679171e-15
6.044233048201032137e-15
5.534067653482086508e-15
5.065287934311036784e-15
4.634704267002148083e-15
4.239357679288838686e-15
3.876504543076965915e-15
3.543601541559930584e-15
3.238291301961904340e-15
2.958389849402022888e-15
2.701875238610499716e-15
2.466876370331480759e-15
2.251662536606408664e-15
2.054634137722768072e-15
1.874313771452669994e-15
1.709337839104018369e-15
1.558448589317684393e-15
1.420486915539861987e-15
1.294385429658730440e-15
1.179161687292801647e-15
1.073911299835584322e-15
9.778018480246401252e-16
8.900667252838069922e-16
8.099996729991855677e-16
7.369503687600258371e-16
6.703212941274108553e-16
6.095643642704734569e-16
5.541787447685343988e-16
5.037080439597030046e-16
4.577355349695702174e-16
4.158798375695773789e-16
3.777910503980551993e-16
3.431476487106361800e-16
3.116525410777644306e-16
2.830312385990358462e-16
2.570300235100496671e-16
2.334148139582418268e-16
2.119697812772692067e-16
1.924968094713503170e-16
1.748148323051264011e-16
1.587589829300155253e-16
1.441795015966456953e-16
1.309404356538590801e-16
1.189183707909378678e-16
1.080012750711804695e-16
9.808744781744689585e-17
8.908456512676043325e-17
8.090881330520679010e-17
7.348410259997699070e-17
6.674135400288921152e-17
6.061785207516434992e-17
5.505665874196386053e-17
5.000608468224725920e-17
4.541919853435795942e-17
4.125339032543569624e-17
3.746996345881086992e-17
3.403378286741575526e-17
3.091294175925548066e-17
2.807846899204242282e-17
2.550405963078989046e-17
2.316582931621459199e-17
2.104209099749305211e-17
1.911315188095709267e-17
1.736112947575462148e-17
1.576978491018106487e-17
1.432437165010216800e-17
1.301149799079429202e-17
