# bin_4_4
2.848884290759344377e-12
2.866563612929409248e-12
2.884929975385234220e-12
2.904009772272109936e-12
2.923830393506155090e-12
2.944420234723607275e-12
2.965808674852351799e-12
2.988026120178579008e-12
3.011104094887204214e-12
3.035075330498615424e-12
3.059973889414196264e-12
3.085835171442582697e-12
3.112695830855196621e-12
3.140593731434698751e-12
3.169568007633999235e-12
3.199659224312110945e-12
3.230909619785785622e-12
3.263363061027877500e-12
3.297064933889942389e-12
3.332062129095359354e-12
3.368403191229799274e-12
3.406138534242797642e-12
3.445320331392256581e-12
3.486002630144617296e-12
3.528241452919035915e-12
3.572094923224351393e-12
3.617622919190791903e-12
3.664887409843437032e-12
3.713952958932195975e-12
3.764886375247107337e-12
3.817756338042376418e-12
3.872634059466662607e-12
3.929593694423751869e-12
3.988711645553131168e-12
4.050066776141668062e-12
4.113741015428376057e-12
4.179818896023131323e-12
4.248387818334333652e-12
4.319538456912029750e-12
4.393364041339770061e-12
4.469961142758916177e-12
4.549429993668564441e-12
4.631873422027570989e-12
4.717398103286356047e-12
4.806114438791445165e-12
4.898135955243756854e-12
4.993580373112569356e-12
5.092569165823580904e-12
5.195227643435525480e-12
5.301685488622344768e-12
5.412076314266108145e-12
5.526538247500569772e-12
5.645213641242187320e-12
5.768249342060700096e-12
5.895796651168993275e-12
6.028011702059557800e-12
6.165055301963837542e-12
6.307093336509604541e-12
6.454296696376451101e-12
6.606841756943957027e-12
6.764910218118018285e-12
6.928689577267441193e-12
7.098372985206910628e-12
7.274159623000102614e-12
7.456254481312578376e-12
7.644868417410854379e-12
7.840218325348384938e-12
8.042527416960985228e-12
8.252025348214005652e-12
8.468948577862480080e-12
8.693540682944734264e-12
8.926052754961663059e-12
9.166743546103589761e-12
9.415879833521393700e-12
9.673736479199368092e-12
9.940596218180476767e-12
1.021674951200891663e-11
1.050249510196220987e-11
1.079814035076783694e-11
1.110400158152412338e-11
1.142040485342173485e-11
1.174768628777911921e-11
1.208619230161069305e-11
1.243627946948373737e-11
1.279831425939901243e-11
1.317267093140683815e-11
1.355973141978446189e-11
1.395988520387391083e-11
1.437352948545690120e-11
1.480106872275553157e-11
1.524291533498863157e-11
1.569948758354668575e-11
1.617120896894066445e-11
1.665850389612018969e-11
1.716179346788484855e-11
1.768149074077660664e-11
1.821799919480057013e-11
1.877171087453672382e-11
1.934300430820239438e-11
1.993224353662728156e-11
2.053977518308551074e-11
2.116592721054399459e-11
2.181099825797624058e-11
2.247525384288029307e-11
2.315891744603707884e-11
2.386218159896429043e-11
2.458517799206794308e-11
2.532802270189762391e-11
2.609077255306230236e-11
2.687344941668741972e-11
2.767604786048488238e-11
2.849850396155325347e-11
2.934070923509971740e-11
3.020251766793766431e-11
3.108373682630993620e-11
3.198413623994953314e-11
3.290344969129824266e-11
3.384137117078072971e-11
3.479754695224925226e-11
3.577155813412016711e-11
3.676289849247842118e-11
3.777097195392271955e-11
3.879508459946366764e-11
3.983442578954752801e-11
4.088806685731814531e-11
4.195495133547459034e-11
4.303391524356460809e-11
4.412367571741371336e-11
4.522289492316136146e-11
4.633023491635211972e-11
4.744310882564637734e-11
4.856019584685237082e-11
4.967911451910354815e-11
5.079779693783727012e-11
5.191411775245781093e-11
5.302517011902948102e-11
5.412882047762156462e-11
5.522217310876954442e-11
5.630222864409296847e-11
5.736594607686702873e-11
5.840980461185729037e-11
5.943038695967719954e-11
6.042364394360986322e-11
6.138581816356497242e-11
6.231265934723464595e-11
6.319985509522896042e-11
6.404304882628225027e-11
6.483753918600363264e-11
6.557852187321688478e-11
6.626104522339903468e-11
6.687994730616591863e-11
6.743004587656034847e-11
6.790603489947622341e-11
6.830262401390084967e-11
6.861448984849841021e-11
6.883639449818461104e-11
6.896318201738801031e-11
6.898989080731040318e-11
6.891181975021762903e-11
6.872463886392803203e-11
6.842447776523507349e-11
6.800806308308794612e-11
6.747281928149644434e-11
6.681698199218582937e-11
6.603976574035879091e-11
6.514147632714217072e-11
6.412362553024505423e-11
6.298912083834468446e-11
6.174237154503712844e-11
6.038937061923585526e-11
5.893776336131119909e-11
5.739692612477355169e-11
5.577789135005396657e-11
5.409336280723747497e-11
5.235756687622186132e-11
5.058608972344640661e-11
4.879561968990326246e-11
4.700379892898643610e-11
4.522865190534595423e-11
4.348944545474267038e-11
4.180466306172342630e-11
4.018960679321895894e-11
3.865634650205697177e-11
3.721259706613291536e-11
3.586281417350246657e-11
3.460914833385723275e-11
3.345191802943840193e-11
3.238950025502580542e-11
3.141751947225086211e-11
3.052852733100251270e-11
2.970867310633980286e-11
2.894134762330530797e-11
2.817578492137101218e-11
2.738862149726861825e-11
2.654384967169032723e-11
2.562116725583090398e-11
2.461226793510836288e-11
2.351350860116203775e-11
2.233157220210315355e-11
2.108281528228504804e-11
1.979399789544698250e-11
1.850149742642728884e-11
1.724765830277523040e-11
1.607518411817176836e-11
1.502071047880219465e-11
1.410863435593305990e-11
1.334571012214169735e-11
1.271879503714204107e-11
1.219600396626033277e-11
1.173433942104949478e-11
1.128707944963513064e-11
1.081206291608229865e-11
1.028043610233962416e-11
9.686734409931231791e-12
9.050659569846612162e-12
8.409569666093401715e-12
7.805929501387656218e-12
7.274178179775981889e-12
6.828737539382895753e-12
6.460031110453822672e-12
6.140540466550145143e-12
5.835433002068562648e-12
5.518083455282820711e-12
5.181827341567315353e-12
4.839138239483605069e-12
4.512537875798561759e-12
4.219905399110198129e-12
3.964499336356480097e-12
3.736630632494836305e-12
3.520877815368614490e-12
3.308631013268293661e-12
3.100840975069536587e-12
2.904568320697333867e-12
2.724409652349057937e-12
2.559706152808385620e-12
2.405874086160383081e-12
2.259976178047509922e-12
2.121926237497097068e-12
1.992767670831792536e-12
1.872627832756509182e-12
1.760492644917258287e-12
1.655529339409465600e-12
1.557144624691615123e-12
1.465061960700633914e-12
1.379100303708405199e-12
1.298795210253123549e-12
1.223729335910655553e-12
1.153517996643692625e-12
1.087882642195317590e-12
1.026579343601406857e-12
9.692450917848183189e-13
9.156327902540649326e-13
8.655241817800971829e-13
8.186545568024288715e-13
7.748073096104383712e-13
7.337757565641714194e-13
6.953577601937478502e-13
6.593731887223964109e-13
6.256559806323349715e-13
5.940489596913567835e-13
5.644024851367906508e-13
5.365758662885877317e-13
5.104373600187405732e-13
4.858648081604272010e-13
4.627442378890120034e-13
4.409686348307579458e-13
4.204383729974172897e-13
4.010609122096571122e-13
3.827508898172968241e-13
3.654290934655445536e-13
3.490212338463085685e-13
3.334581927719010745e-13
3.186758610336060228e-13
3.046153684505694241e-13
2.912227790312923636e-13
2.784483043200038293e-13
2.662461129228133186e-13
2.545741091038748370e-13
2.433939685954823231e-13
2.326711609958236254e-13
2.223747268231178254e-13
2.124768495183466925e-13
2.029524647972488006e-13
1.937790865340917592e-13
1.849367843180102691e-13
1.764083019192315665e-13
1.681786939057409079e-13
1.602348279603807336e-13
1.525651566102914870e-13
1.451596050477378721e-13
1.380099154362797190e-13
1.311094686856471306e-13
1.244526760551140261e-13
1.180346927871111903e-13
1.118510633734714303e-13
1.058978822433895505e-13
1.001718154203318852e-13
9.466974391889768758e-14
8.938861031635590041e-14
8.432516270096541002e-14
7.947599969641631547e-14
7.483766606395617551e-14
7.040653197210824445e-14
6.617875265192876246e-14
6.215014420999317461e-14
5.831616658112618114e-14
5.467199228752032139e-14
5.121253652630693776e-14
4.793249486626338471e-14
4.482634649910639238e-14
4.188836567888161878e-14
3.911266308853491042e-14
3.649323631229485674e-14
3.402401581493506747e-14
3.169889751156009360e-14
2.951176771707999895e-14
2.745652586186890736e-14
2.552712041800079027e-14
2.371758237694250322e-14
2.202204826559954068e-14
2.043477783859441307e-14
1.895016121799354810e-14
1.756273659054595260e-14
1.626721090260485042e-14
1.505847082796520604e-14
1.393158988669785474e-14
1.288182634164973888e-14
1.190462427980454451e-14
1.099562004976222487e-14
1.015064499343527023e-14
9.365727746048221459e-15
8.637091914849244486e-15
7.961150521222910620e-15
7.334499175030019820e-15
6.753910382928347192e-15
6.216330340363583346e-15
5.718875369963503742e-15
5.258827146114230552e-15
4.833625380413475584e-15
4.440860117936471732e-15
4.078264275825157331e-15
3.743705817494257694e-15
3.435180649990599362e-15
3.150809735513257028e-15
2.888835205269008960e-15
2.647614281813589705e-15
2.425613067273349834e-15
2.221400253040828955e-15
2.033639911478841709e-15
1.861085604302436765e-15
1.702576157113664887e-15
1.557031413818124373e-15
1.423447663364513764e-15
1.300893735091028081e-15
1.188506289832768920e-15
1.085484726843317252e-15
9.910868134221885350e-16
9.046244592297535307e-16
8.254598594378042067e-16
7.530027007118137634e-16
6.867075881911932303e-16
6.260713182357069588e-16
5.706302211487327669e-16
5.199573984025382737e-16
4.736595547285340009e-16
4.313740618767325405e-16
3.927663003171463867e-16
3.575267993926285741e-16
3.253690287113341573e-16
2.960289081010231147e-16
2.692639202699300041e-16
2.448525149046542435e-16
2.225940850024306167e-16
2.023085712108138904e-16
1.838326308679246039e-16
1.670168938399505229e-16
1.517231994126939375e-16
1.378223028309351308e-16
1.251925047688557050e-16
1.137202259156593364e-16
1.033003389978921788e-16
9.383636750220494078e-17
8.524053457876775948e-17
7.743310197014660091e-17
7.034165702342375787e-17
6.390044344524540075e-17
5.804975177589289925e-17
5.273536433087243144e-17
4.790804999943725699e-17
4.352310495418679026e-17
3.953993567713222724e-17
3.592168036044462327e-17
3.263486494671743065e-17
2.964909048177433603e-17
2.693674951889700489e-17
2.447276990324297180e-17
2.223438245503845612e-17
2.020090896607993205e-17
1.835356953534306646e-17
1.667530790402956899e-17
