# bin_4_2
1.523614407909215485e-13
1.533261760250122128e-13
1.543286234077605222e-13
1.553702451586627466e-13
1.564525592940490053e-13
1.575771416927537661e-13
1.587456282066694247e-13
1.599597168481231733e-13
1.612211700934611579e-13
1.625318172649747782e-13
1.638935569349480619e-13
1.653083594024513664e-13
1.667782693155765220e-13
1.683054083821925926e-13
1.698919780993587661e-13
1.715402626133738970e-13
1.732526317444067439e-13
1.750315439709053074e-13
1.768795495220521666e-13
1.787992937285207960e-13
1.807935203248281341e-13
1.828650747815795783e-13
1.850169079290911027e-13
1.872520794668829676e-13
1.895737617214102102e-13
1.919852436852007980e-13
1.944899347980048119e-13
1.970913691246103325e-13
1.997932093630777593e-13
2.025992512233943061e-13
2.055134279692553148e-13
2.085398145672787462e-13
2.116826323733840409e-13
2.149462537726271018e-13
2.183352071076816264e-13
2.218541809420180995e-13
2.255080292926061404e-13
2.293017765491031052e-13
2.332406226395163086e-13
2.373299483946944433e-13
2.415753212200303656e-13
2.459824997640375994e-13
2.505574389829182786e-13
2.553062959693726180e-13
2.602354351862863145e-13
2.653514341018350080e-13
2.706610892282212256e-13
2.761714212281868536e-13
2.818896798740025612e-13
2.878233495587429606e-13
2.939801533441654140e-13
3.003680581364235554e-13
3.069952787083259151e-13
3.138702832714285948e-13
3.210017998234868310e-13
3.283988198601103789e-13
3.360706017526396561e-13
3.440266736218888250e-13
3.522768385015502063e-13
3.608311767510180270e-13
3.697000457509045188e-13
3.788940841272601630e-13
3.884242144964716287e-13
3.983016458843482942e-13
4.085378702429501113e-13
4.191446642440675436e-13
4.301340871022938361e-13
4.415184683651352322e-13
4.533103895275432592e-13
4.655226915085363891e-13
4.781684757404612462e-13
4.912611002078497254e-13
5.048141728024625614e-13
5.188415332477952800e-13
5.333572137566325187e-13
5.483754237730849788e-13
5.639105547419538030e-13
5.799771774197227122e-13
5.965900064735741251e-13
6.137638613018177858e-13
6.315136305439876935e-13
6.498542442020990664e-13
6.688006399730466788e-13
6.883677102715658538e-13
7.085702410913474217e-13
7.294228618401113878e-13
7.509400385683322869e-13
7.731360349018246964e-13
7.960248312215967027e-13
8.196200681557193334e-13
8.439349798529984403e-13
8.689823153410603823e-13
8.947742311014040026e-13
9.213221920532409321e-13
9.486368823311457622e-13
9.767281607033917488e-13
1.005604994506145600e-12
1.035275322390244092e-12
1.065745945818589344e-12
1.097022424863209339e-12
1.129109063235829951e-12
1.162008945878929454e-12
1.195722851110398598e-12
1.230249649065013412e-12
1.265587231799947556e-12
1.301731066923396142e-12
1.338674472027266105e-12
1.376408552270728679e-12
1.414921613419907150e-12
1.454200153362821889e-12
1.494227551237184704e-12
1.534983924606946464e-12
1.576445946980172698e-12
1.618589293237747069e-12
1.661382799296317630e-12
1.704793343229806147e-12
1.748783052688686856e-12
1.793315595536721389e-12
1.838340776714507983e-12
1.883809432842395080e-12
1.929671923934832595e-12
1.975856637655762493e-12
2.022306294254774624e-12
2.068950878847392405e-12
2.115712291776126521e-12
2.162505521695459177e-12
2.209245847092051130e-12
2.255839872264968237e-12
2.302182295572757207e-12
2.348160881749841522e-12
2.393647949787627065e-12
2.438531565937844419e-12
2.482671847582171890e-12
2.525918902962248052e-12
2.568129239125206590e-12
2.609145853838169814e-12
2.648804164681631272e-12
2.686919884828836257e-12
2.723307422070194289e-12
2.757772540702009004e-12
2.790113684676332364e-12
2.820128728799731380e-12
2.847609350776538669e-12
2.872351215450316427e-12
2.894146880364903980e-12
2.912791053700130696e-12
2.928084579855409635e-12
2.939832349765900767e-12
2.947848463630332337e-12
2.951955922287764381e-12
2.951988405740224012e-12
2.947791748780739921e-12
2.939225161814145924e-12
2.926165634136277861e-12
2.908510547684525987e-12
2.886181498351738610e-12
2.859131068141198873e-12
2.827350273817434062e-12
2.790875573057598763e-12
2.749796259152255586e-12
2.704258474017417231e-12
2.654466598176264006e-12
2.600682838317823741e-12
2.543220996303275633e-12
2.482452758245364378e-12
2.418798071990170714e-12
2.352691611374222400e-12
2.284626212397108067e-12
2.215143898733214513e-12
2.144803111201996189e-12
2.074185944749341971e-12
2.003885062823948883e-12
1.934449180391703819e-12
1.866381765538446615e-12
1.800149159721411546e-12
1.736143104500542981e-12
1.674681898722125280e-12
1.615974863265930281e-12
1.560071546833366946e-12
1.507114126230990947e-12
1.456912096226776154e-12
1.409108456524683698e-12
1.363473590860347019e-12
1.319344700797673729e-12
1.276113950101238506e-12
1.233485578010931874e-12
1.190988313687669187e-12
1.148065913434675962e-12
1.104660541481242268e-12
1.060716646280024829e-12
1.016109324425611127e-12
9.710186492782833652e-13
9.256626427311195002e-13
8.806076024818835836e-13
8.362165123340901585e-13
7.929122120311289123e-13
7.511111285118240284e-13
7.111058106029137638e-13
6.730645293106547098e-13
6.370480597880242321e-13
6.030242391670069425e-13
5.708812724533430496e-13
5.404623477523225231e-13
5.115967481375156122e-13
4.841786058898359142e-13
4.581753032262414618e-13
4.335456585676723522e-13
4.102044018532898063e-13
3.880720685101360644e-13
3.670605612858380281e-13
3.469802688483482159e-13
3.276358444300776470e-13
3.089548053454771509e-13
2.909868389402955735e-13
2.738503812749239730e-13
2.576723901018624033e-13
2.425498334044382677e-13
2.284807997509262535e-13
2.153418959162684923e-13
2.029596115407255038e-13
1.912004425089873861e-13
1.800045281698889665e-13
1.693979678644255595e-13
1.594402519361459433e-13
1.501244560731868807e-13
1.414021915208789981e-13
1.332067983945907777e-13
1.254748548481909360e-13
1.181755230999686563e-13
1.113040642675985986e-13
1.048761355307939320e-13
9.887873044487648452e-14
9.326915169054126849e-14
8.798941346401274044e-14
8.301297013507318145e-14
7.834402528244749302e-14
7.398842310151333063e-14
6.991547700158780071e-14
6.608663850264968442e-14
6.248763467441612424e-14
5.911946633551611113e-14
5.597118374638483683e-14
5.301624088390689917e-14
5.023910685346688962e-14
4.763593181082300106e-14
4.519596473286960935e-14
4.290519051343690923e-14
4.075252962377387788e-14
3.872994443427772287e-14
3.682919009897184602e-14
3.504081531547429212e-14
3.335710945651996447e-14
3.177110744151729756e-14
3.027556405197236063e-14
2.886403025218977189e-14
2.753061510274081533e-14
2.626967483189935763e-14
2.507595027229771585e-14
2.394458872389436399e-14
2.287106319271787268e-14
2.185117036369340926e-14
2.088104230062671545e-14
1.995709772225630906e-14
1.907603000255386547e-14
1.823479979713834282e-14
1.743062379752587595e-14
1.666097401459527718e-14
1.592354603884877633e-14
1.521623904613164769e-14
1.453715091520286643e-14
1.388456959872928155e-14
1.325697157559233066e-14
1.265299722065957766e-14
1.207142480094791257e-14
1.151116825708948582e-14
1.097126923271425248e-14
1.045088744041402593e-14
9.949285815010821162e-15
9.465807961255199433e-15
8.999873796486487830e-15
8.550973432826440070e-15
8.118653576361420531e-15
7.702508972044837108e-15
7.302169133009226919e-15
6.917290999448827473e-15
6.547556672609092016e-15
6.192661243762560938e-15
5.852304862913974847e-15
5.526193158564661463e-15
5.214033180890878234e-15
4.915531302101668419e-15
4.630385967821360067e-15
4.358283281179083270e-15
4.098902216762742825e-15
3.851914310773199573e-15
3.616982777117829775e-15
3.393760701782624507e-15
3.181889829099796260e-15
2.981005313667841471e-15
2.790737887157045926e-15
2.610714101455887200e-15
2.440556784419198150e-15
2.279885776469897173e-15
2.128320906868056618e-15
1.985484059846275986e-15
1.850999938265660815e-15
1.724496998451998983e-15
1.605608773694287583e-15
1.493975312836047574e-15
1.389244276934770204e-15
1.291071577447779780e-15
1.199121956242441027e-15
1.113069936145823987e-15
1.032600466092327187e-15
9.574090684420664506e-16
8.872020133748197575e-16
8.216965922311920403e-16
7.606214331225302347e-16
7.037165855088496466e-16
6.507333840286132545e-16
6.014344235282731744e-16
5.555934638644582831e-16
5.129952339780377217e-16
4.734350758332888187e-16
4.367187048716221677e-16
4.026619756538542725e-16
3.710905857554507470e-16
3.418398891607651680e-16
3.147546663834977326e-16
2.896887049736871660e-16
2.665043479428530501e-16
2.450720432759591182e-16
2.252699131331059166e-16
2.069833930102396150e-16
1.901049148396300509e-16
1.745336584625096814e-16
1.601753057132577617e-16
1.469417393717814572e-16
1.347506741603851127e-16
1.235252925998020641e-16
1.131938833729699574e-16
1.036895167192404525e-16
9.494977180386277805e-17
8.691652576811672285e-17
7.953573051114894284e-17
7.275718577815812065e-17
6.653429871287776721e-17
6.082384374897933077e-17
5.558572505490601333e-17
5.078275262073423708e-17
4.638044973077782797e-17
4.234688621800221794e-17
3.865251858819232657e-17
3.527003654614912967e-17
3.217422089907622954e-17
2.934178462457011138e-17
2.675122221762964757e-17
2.438268037484519281e-17
2.221784343467234698e-17
2.023980860037279925e-17
1.843299750544919935e-17
1.678308978134179321e-17
1.527693165436877162e-17
1.390244294577571039e-17
1.264856258379334429e-17
1.150514924195545067e-17
1.046286358132222560e-17
9.513114268231685080e-18
8.648013045535353651e-18
7.860291733924679006e-18
7.143257895457713893e-18
6.490786449680159654e-18
5.897267100357326030e-18
5.357544878055941265e-18
4.866879853799367299e-18
4.420928054755004444e-18
4.015702420754033744e-18
3.647542470888795532e-18
3.313094528439142166e-18
3.009300098907426368e-18
2.733368171458418024e-18
2.482751767842293072e-18
2.255131721400486854e-18
2.048398926512487099e-18
1.860636060674725087e-18
1.690100718866939915e-18
1.535209992670944331e-18
1.394526681923814342e-18
1.266746312708548351e-18
1.150685154021885816e-18
1.045268621764593542e-18
9.495202797717210799e-19
8.625523914262621596e-19
7.835581656235916326e-19
7.118050181146815335e-19
6.466280972846195513e-19
5.874239094326937775e-19
5.336444338365636283e-19
4.847920724005672415e-19
4.404150484599956908e-19
