# bin_3_1
3.801501002777600280e-13
3.824404900324600074e-13
3.848186030278045832e-13
3.872876940305010051e-13
3.898511301077333943e-13
3.925123938493973618e-13
3.952750865995711402e-13
3.981429316060684206e-13
4.011197771346967195e-13
4.042095999137527115e-13
4.074165085017831302e-13
4.107447462476700286e-13
4.141986943947673404e-13
4.177828756947037869e-13
4.215019573718253757e-13
4.253607538862666745e-13
4.293642302689686091e-13
4.335175052082530370e-13
4.378258535289782622e-13
4.422947090182773702e-13
4.469296676767012026e-13
4.517364893094881282e-13
4.567211004336042255e-13
4.618895965415627412e-13
4.672482432100332671e-13
4.728034787945915515e-13
4.785619148334592676e-13
4.845303369958684035e-13
4.907157056597759353e-13
4.971251552782463049e-13
5.037659954033541012e-13
5.106457088493367143e-13
5.177719519788854636e-13
5.251525514996675420e-13
5.327955023710941811e-13
5.407089628478954162e-13
5.489012511177816505e-13
5.573808384268263643e-13
5.661563442487662739e-13
5.752365280052340980e-13
5.846302842908994672e-13
5.943466330297684107e-13
6.043947122993384301e-13
6.147837672823185417e-13
6.255231371510025213e-13
6.366222403761781228e-13
6.480905552996180812e-13
6.599376047055218681e-13
6.721729546323583871e-13
6.848062051347956619e-13
6.978468882535412632e-13
7.113045033616176626e-13
7.251884844154666169e-13
7.395081554344444378e-13
7.542727097490205636e-13
7.694911803117661100e-13
7.851724028224551059e-13
8.013250035328748868e-13
8.179573100475834056e-13
8.350773054316805517e-13
8.526926160105195506e-13
8.708104517282599573e-13
8.894375512291841238e-13
9.085801166302645790e-13
9.282437408138875102e-13
9.484333358803772675e-13
9.691530710248512127e-13
9.904063392455353943e-13
1.012195638485935045e-12
1.034522513711377891e-12
1.057387484646626305e-12
1.080789943417344197e-12
1.104728038193075326e-12
1.129198725116799019e-12
1.154197631748561016e-12
1.179718890096138371e-12
1.205755108735833146e-12
1.232297180116989246e-12
1.259334248130962461e-12
1.286853617877429046e-12
1.314840579286030092e-12
1.343278308471080656e-12
1.372147761827898673e-12
1.401427610293108432e-12
1.431094367623598727e-12
1.461122358302474697e-12
1.491482600812376693e-12
1.522142523380455948e-12
1.553067621502575566e-12
1.584221837391853142e-12
1.615566146215658139e-12
1.647058239706726674e-12
1.678652841861937580e-12
1.710302417374968414e-12
1.741957736274871082e-12
1.773566560679177481e-12
1.805072286853262305e-12
1.836416442042261120e-12
1.867542676953964454e-12
1.898391994703231641e-12
1.928901515622908983e-12
1.959009020764477000e-12
1.988653293156258497e-12
2.017774459135219852e-12
2.046313801646089585e-12
2.074213223972400702e-12
2.101416420845684194e-12
2.127869460662618594e-12
2.153533940248802626e-12
2.178358118081890848e-12
2.202286328169419458e-12
2.225304387848421891e-12
2.247379741405673326e-12
2.268494828173355351e-12
2.288635545776265226e-12
2.307783273467028701e-12
2.325951282417818206e-12
2.343139504442733518e-12
2.359347269891492562e-12
2.374582306527824526e-12
2.388853596232630459e-12
2.402172121759745796e-12
2.414533689678487095e-12
2.425941330568270113e-12
2.436388334677057268e-12
2.445840871721119572e-12
2.454266278921535726e-12
2.461605643683313974e-12
2.467781760099690307e-12
2.472706921692134330e-12
2.476269148635373146e-12
2.478355715579819908e-12
2.478837709224628781e-12
2.477578537072027732e-12
2.474438879229093625e-12
2.469276476152948148e-12
2.461953525002558728e-12
2.452340154063412996e-12
2.440329782141823523e-12
2.425845579811362755e-12
2.408846190186928603e-12
2.389325442749380730e-12
2.367310238163048746e-12
2.342862682927463019e-12
2.316080720570909854e-12
2.287094474036772269e-12
2.256065707303279047e-12
2.223179131912520303e-12
2.188620547377250528e-12
2.152547239779700248e-12
2.115078245326869494e-12
2.076274339571437238e-12
2.036107550041152734e-12
1.994544558537300711e-12
1.951613523321030976e-12
1.907369674494695230e-12
1.861896316838319030e-12
1.815319042572583156e-12
1.767783048909605417e-12
1.719445688954405502e-12
1.670507172759048877e-12
1.621178039394419139e-12
1.571784078442177948e-12
1.522625953180187782e-12
1.473932294104928209e-12
1.425930500450099192e-12
1.378808130772588136e-12
1.332709026382991181e-12
1.287769782747533304e-12
1.244080874918894685e-12
1.201571253923633506e-12
1.160403959530677721e-12
1.120172901783308827e-12
1.080254417544357492e-12
1.040827957990339087e-12
1.001667506840540604e-12
9.626547064381408099e-13
9.237081493351554521e-13
8.848114072935107056e-13
8.460441765340481328e-13
8.076190964549610066e-13
7.699742302518327323e-13
7.337324418153236451e-13
6.995727099278925558e-13
6.680594139770025209e-13
6.395001985305492511e-13
6.138755845572714301e-13
5.904804645135116861e-13
5.685434583750072984e-13
5.471645624067421223e-13
5.255403990974262255e-13
5.032345213699379296e-13
4.800070239196908014e-13
4.558709400072455172e-13
4.311872239264906828e-13
4.065252532721241711e-13
3.824912615812215955e-13
3.596532834548571557e-13
3.384574550724780043e-13
3.191257599302830029e-13
3.016101723066109312e-13
2.857107464107318336e-13
2.711541709094360653e-13
2.577138519190264272e-13
2.452342777845903402e-13
2.335552641537218646e-13
2.224198003163260145e-13
2.114591556152395333e-13
2.003950354820377610e-13
1.891861755422227358e-13
1.780228657416726753e-13
1.672950373183199233e-13
1.573981326413570162e-13
1.485532771720216016e-13
1.406983216912732217e-13
1.335912662379508938e-13
1.269080592778533593e-13
1.203998785991236574e-13
1.139570111199311068e-13
1.076234213281152543e-13
1.015465182301768160e-13
9.589050558134851930e-14
9.073026609920901364e-14
8.600683391252633791e-14
8.157866746691685986e-14
7.734029664909720579e-14
7.326507653705268268e-14
6.938956444009153724e-14
6.574390094151434854e-14
6.233472354221744647e-14
5.913863950819448174e-14
5.612428237357970140e-14
5.327603407529631480e-14
5.058524692887239384e-14
4.804373271468747590e-14
4.564246928434026107e-14
4.337601118734969315e-14
4.123616892184927128e-14
3.921335002712760172e-14
3.730126309537371500e-14
3.549310506312339210e-14
3.378170556982712867e-14
3.216020434407826874e-14
3.062287239140442024e-14
2.916573316233980103e-14
2.778340636680942982e-14
2.647066234384233051e-14
2.522355220694983916e-14
2.403773727154983369e-14
2.290935580440724237e-14
2.183514903632280141e-14
2.081173523000665177e-14
1.983595811246798065e-14
1.890502569829191522e-14
1.801637892296211008e-14
1.716767075296492644e-14
1.635666380766220630e-14
1.558126588157160105e-14
1.483959827135228853e-14
1.412991085104419696e-14
1.345058116180159731e-14
1.280016344671103091e-14
1.217731992069811473e-14
1.158079622772465678e-14
1.100942839387680860e-14
1.046214035659938469e-14
9.937959635397657225e-15
9.435977522712467061e-15
8.955329037237680962e-15
8.495197000330329409e-15
8.054811978690244049e-15
7.633462438890493513e-15
7.230472729911265404e-15
6.845185746206649809e-15
6.476967273905971910e-15
6.125210565636786555e-15
5.789332721459604135e-15
5.468768407665844405e-15
5.162966300489239930e-15
4.871389334276914102e-15
4.593521128955934247e-15
4.328861904735807673e-15
4.076923723828952661e-15
3.837232638550660325e-15
3.609326700428242236e-15
3.392760822984061797e-15
3.187107111099090279e-15
2.991949075315393889e-15
2.806883278591424726e-15
2.631516559082412023e-15
2.465465637416183334e-15
2.308358942784237723e-15
2.159833981481451895e-15
2.019537208180156450e-15
1.887122771412207827e-15
1.762251431009203491e-15
1.644591631131120307e-15
1.533819439551731808e-15
1.429618897498352610e-15
1.331681996612745669e-15
1.239708030201374242e-15
1.153403495126817209e-15
1.072482259949151419e-15
9.966667448808258721e-16
9.256887111348246271e-16
8.592891740742290865e-16
7.972181750633990731e-16
7.392352770753991874e-16
6.851095769864010448e-16
6.346195618756928425e-16
5.875530578854945261e-16
5.437068812940837987e-16
5.028867119383103015e-16
4.649072316279385272e-16
4.295921300678318874e-16
3.967740287533352553e-16
3.662942234660575151e-16
3.380023729116269662e-16
3.117562252019222121e-16
2.874213103731484203e-16
2.648706949121790991e-16
2.439847487829549162e-16
2.246508235510969186e-16
2.067629131426039481e-16
1.902213514094585348e-16
1.749325088992890732e-16
1.608084992320874616e-16
1.477669048031689718e-16
1.357305417768703032e-16
1.246271988074511395e-16
1.143893649794855360e-16
1.049539420092013399e-16
9.626196068715427901e-17
8.825836223246551775e-17
8.089179189836976204e-17
7.411438629251139064e-17
6.788158016340197771e-17
6.215194051697402103e-17
5.688696503323535347e-17
5.205089478859152844e-17
4.761055034331060627e-17
4.353517477875312531e-17
3.979625237849675673e-17
3.636736253788798486e-17
3.322402970357180433e-17
3.034357369118433760e-17
2.770498228666680329e-17
2.528879917836717869e-17
2.307699218978784726e-17
2.105286836853501806e-17
1.920103396310689225e-17
1.750731263966781105e-17
1.595865913451303754e-17
1.454313022451467164e-17
1.324980926458402351e-17
1.206862658831227655e-17
1.099028439542336434e-17
1.000620600871737996e-17
9.108461927320924937e-18
8.289706407487601315e-18
7.543185889566898831e-18
6.862702687564597062e-18
6.242562257762149937e-18
5.677530636090398927e-18
5.162804773594159813e-18
4.693979609627690131e-18
4.267020690188550742e-18
3.878253534382290678e-18
3.524352573113243763e-18
3.202297001834255504e-18
2.909334034141909954e-18
2.642948518920790894e-18
2.400824273997258584e-18
2.180814113377892378e-18
1.980934817254199708e-18
1.799363421216250638e-18
1.634429643903553341e-18
1.484611788488026506e-18
1.348528587008281115e-18
1.224925218988036749e-18
1.112661064041688913e-18
1.010699714380373139e-18
9.180972107330149200e-19
8.339961971807156431e-19
7.576179457979196479e-19
6.882586399674880191e-19
6.252745396899275093e-19
5.680863535724401801e-19
5.161647793792594081e-19
4.690318424682966792e-19
4.262480072613655036e-19
3.874170868951470760e-19
3.521732311857145988e-19
3.201818053997602200e-19
2.911381758990606638e-19
2.647661420239682783e-19
2.408169855169266831e-19
2.190668356080231755e-19
1.993128128085347236e-19
1.813698350340070302e-19
