# bin_3_2
1.427491026076857684e-12
1.436531086918199972e-12
1.445924569642943869e-12
1.455685181211265163e-12
1.465827151924490015e-12
1.476365254777434723e-12
1.487314825513902121e-12
1.498691783363785301e-12
1.510512652482554920e-12
1.522794584153376925e-12
1.535555379719043108e-12
1.548813514250800619e-12
1.562588161015155728e-12
1.576899216704040880e-12
1.591767327582539321e-12
1.607213916516300553e-12
1.623261210726866044e-12
1.639932270479591199e-12
1.657251018648513879e-12
1.675242271197009204e-12
1.693931768469468081e-12
1.713346207256925178e-12
1.733513273533892061e-12
1.754461676331722553e-12
1.776221182817834774e-12
1.798822654523274125e-12
1.822298084747316321e-12
1.846680637561601860e-12
1.872004688038383891e-12
1.898305863373901626e-12
1.925621084731303150e-12
1.953988609983516086e-12
1.983448076682455977e-12
2.014040547044968836e-12
2.045808554584571113e-12
2.078796150689378892e-12
2.113048951642159471e-12
2.148614186470651340e-12
2.185540745038575153e-12
2.223879228404774728e-12
2.263681997425457542e-12
2.305003217924306549e-12
2.347898906798506874e-12
2.392426977939461033e-12
2.438647292039024327e-12
2.486621718368734102e-12
2.536414198338171223e-12
2.588090803987977672e-12
2.641719788911484412e-12
2.697371642342301556e-12
2.755119144344447802e-12
2.815037417510517525e-12
2.877203972722966221e-12
2.941698755467627056e-12
3.008604188230427055e-12
3.078005196952398622e-12
3.149989223653300634e-12
3.224646233846750611e-12
3.302068780374053483e-12
3.382352115274136006e-12
3.465594170859953729e-12
3.551895587711160185e-12
3.641359791574452615e-12
3.734092990316844026e-12
3.830204184644151636e-12
3.929805148420019014e-12
4.033010416612594416e-12
4.139937181778149587e-12
4.250705143277970669e-12
4.365436534925563969e-12
4.484256138054225864e-12
4.607291342324470959e-12
4.734672096290989240e-12
4.866530776367152553e-12
5.003002104366394828e-12
5.144222969062972714e-12
5.290332184999971995e-12
5.441470181901674273e-12
5.597778530158000992e-12
5.759399484602053486e-12
5.926476004734237898e-12
6.099151901160602459e-12
6.277571605745481417e-12
6.461879824834503119e-12
6.652221188047698560e-12
6.848739703885410706e-12
7.051578127058411345e-12
7.260877039360247976e-12
7.476773723993527169e-12
7.699401664991167344e-12
7.928890761959609721e-12
8.165367170248287989e-12
8.408952569492987216e-12
8.659763447094120790e-12
8.917910188051896703e-12
9.183496094102324580e-12
9.456616031068891146e-12
9.737354499104710754e-12
1.002578472953475964e-11
1.032196905530678585e-11
1.062595845438931235e-11
1.093779152399769505e-11
1.125749329155737847e-11
1.158507359495778657e-11
1.192052556968478433e-11
1.226382310285222691e-11
1.261491806375313564e-11
1.297374011008059049e-11
1.334019794322066728e-11
1.371417699704732500e-11
1.409553811998531009e-11
1.448411754187135598e-11
1.487972080335440963e-11
1.528212453159018884e-11
1.569106502625047056e-11
1.610624107478448275e-11
1.652732689901771156e-11
1.695393830631861518e-11
1.738566551381393521e-11
1.782204029819078276e-11
1.826256627476250473e-11
1.870668493244262302e-11
1.915378809674722435e-11
1.960324374130417225e-11
2.005419872246486993e-11
2.050572563227862313e-11
2.095712219049161452e-11
2.140742507379624640e-11
2.185563276234833658e-11
2.230062714108140168e-11
2.274124890586542547e-11
2.317642491725256290e-11
2.360478753721879355e-11
2.402489381031033378e-11
2.443527842432867100e-11
2.483440852808141677e-11
2.522062863364376412e-11
2.559217556394275886e-11
2.594732330721362648e-11
2.628422973663370403e-11
2.660100801595974312e-11
2.689572563703843367e-11
2.716637343755353637e-11
2.741091636413738546e-11
2.762727859042973861e-11
2.781336454960925161e-11
2.796707837124672521e-11
2.808632349866822369e-11
2.816902940801487288e-11
2.821315743244998103e-11
2.821674344162305102e-11
2.817791673229420959e-11
2.809495743169954076e-11
2.796632934938702410e-11
2.779075223032977245e-11
2.756723845465808535e-11
2.729515988248706751e-11
2.697428730346675416e-11
2.660484565593257933e-11
2.618756316964027530e-11
2.572372252037437574e-11
2.521519904521044380e-11
2.466448566414990823e-11
2.407472346715520427e-11
2.344971449037493651e-11
2.279391736706513424e-11
2.211242151913182531e-11
2.141091667530611530e-11
2.069560028461333894e-11
1.997309664716303452e-11
1.925028100245527442e-11
1.853417340883473638e-11
1.783168973625876195e-11
1.714948107214444203e-11
1.649387415768962753e-11
1.586987365579546223e-11
1.528071984078029483e-11
1.472831458767185212e-11
1.421341504980677316e-11
1.373592241947331722e-11
1.329424774317843509e-11
1.288628336112120444e-11
1.250787197482684220e-11
1.215389226604306873e-11
1.181623522269850547e-11
1.148649582260449907e-11
1.115181851549836734e-11
1.079711149476863100e-11
1.041733815399670515e-11
1.000896306854500193e-11
9.570476740777284704e-12
9.104734025852079659e-12
8.617712230809749998e-12
8.118427510952598670e-12
7.618605855794375972e-12
7.131889869179457333e-12
6.672232405988442613e-12
6.251738472864820358e-12
5.878634898148291136e-12
5.556006540375095119e-12
5.281030467950933667e-12
5.045162401857671207e-12
4.835458933417701179e-12
4.637277985784628405e-12
4.437570815663415036e-12
4.226973828881277542e-12
4.001115443214521132e-12
3.762115451157149671e-12
3.518960934510664099e-12
3.284163630016384405e-12
3.068738652602663351e-12
2.879016049892404852e-12
2.715625356087920418e-12
2.573308147579542512e-12
2.442925153803660395e-12
2.315524014623966064e-12
2.185780333578707286e-12
2.053883044729962315e-12
1.924754033487012584e-12
1.804332978813751098e-12
1.696084170055374575e-12
1.599170827615455040e-12
1.509881150650493826e-12
1.424459812673931146e-12
1.341267597303882167e-12
1.261400719638015615e-12
1.186870612773878492e-12
1.118419303035050466e-12
1.054979587073199016e-12
9.950805154693573967e-13
9.381114085476887612e-13
8.845067155797700799e-13
8.346415705974458624e-13
7.881878715168382469e-13
7.445290901824645714e-13
7.034014810616837897e-13
6.648960919803637965e-13
6.289142078567988425e-13
5.951881429193614758e-13
5.635447653748426542e-13
5.338914620690155719e-13
5.061202459139404369e-13
4.800676330784462307e-13
4.556185137345702761e-13
4.326980305556702671e-13
4.111874265448148912e-13
3.909823930874426521e-13
3.720055756339702424e-13
3.541697554126050954e-13
3.373906540113015219e-13
3.215944548941509041e-13
3.067128117339670084e-13
2.926817521896864979e-13
2.794408488538091918e-13
2.669325234294141350e-13
2.551025609430228923e-13
2.439007128628374524e-13
2.332804328413747214e-13
2.231984885906408268e-13
2.136144005054996205e-13
2.044904336769981939e-13
1.957919341219876171e-13
1.874871368780747652e-13
1.795468455869316063e-13
1.719440624512269592e-13
1.646538785246586716e-13
1.576536632132677433e-13
1.509230180932304863e-13
1.444436150162438958e-13
1.381990338976275049e-13
1.321746103924382032e-13
1.263573271978180540e-13
1.207357438893237817e-13
1.152999272964250674e-13
1.100414270936880296e-13
1.049531660569613312e-13
1.000291153128666203e-13
9.526410788378739195e-14
9.065380784660230484e-14
8.619473478925907444e-14
8.188423383945728446e-14
7.772014455349677736e-14
7.370055207486077245e-14
6.982377533544972845e-14
6.608841478453743693e-14
6.249339415429733245e-14
5.903770630859938505e-14
5.572013873631534280e-14
5.253925908716592123e-14
4.949345247704450025e-14
4.658097592391607888e-14
4.379989369915960792e-14
4.114796101939128770e-14
3.862263084871234714e-14
3.622109380814422005e-14
3.394032504347945398e-14
3.177710541807412409e-14
2.972801412514722995e-14
2.778944965753792294e-14
2.595766337800523427e-14
2.422878933329635304e-14
2.259887927609185631e-14
2.106393865093182766e-14
1.961995219580577018e-14
1.826290504213706215e-14
1.698879894235042731e-14
1.579367369804313216e-14
1.467363749870441942e-14
1.362488501768225460e-14
1.264370524157947838e-14
1.172648543158699664e-14
1.086971709374620654e-14
1.007001217629810387e-14
9.324114210205472229e-15
8.628899350751932327e-15
7.981375332627565896e-15
7.378679094816226558e-15
6.818076773102576072e-15
6.296964614689222357e-15
5.812867286579008268e-15
5.363435937461844160e-15
4.946445381880796436e-15
4.559789072068169312e-15
4.201473277954505183e-15
3.869612351493139899e-15
3.562424545681136409e-15
3.278228601702429556e-15
3.015441917683603823e-15
2.772578039832370744e-15
2.548242511335611829e-15
2.341127815779831840e-15
2.150007649358661244e-15
1.973731865579828430e-15
1.811223476788522445e-15
1.661475435669533234e-15
1.523547343513854647e-15
1.396562696034560179e-15
1.279705721963468111e-15
1.172216914853867371e-15
1.073389004001280455e-15
9.825635187379411694e-16
8.991273112430075069e-16
8.225095275716870586e-16
7.521797737601889948e-16
6.876461432778189686e-16
6.284528096360215239e-16
5.741777578126444140e-16
5.244306368625957615e-16
4.788504071718196703e-16
4.371030942338442647e-16
3.988798895278760224e-16
3.638953996250734889e-16
3.318859611508570881e-16
3.026081944023765108e-16
2.758377362783716535e-16
2.513678813845550847e-16
2.290082353311986856e-16
2.085834602693542116e-16
1.899320628254991559e-16
1.729052153933648564e-16
1.573657486690119970e-16
1.431873026797943506e-16
1.302535149858669451e-16
1.184575663842049373e-16
1.077018818761083976e-16
9.789762294494853293e-17
8.896405455362767120e-17
8.082813240061538593e-17
7.342348981364475618e-17
6.668883437289860303e-17
6.056711044729827733e-17
5.500520033021397082e-17
4.995352100370691803e-17
4.536588914276029730e-17
4.119985927766791044e-17
3.741675530218134024e-17
3.398137968449504150e-17
3.086174197847081565e-17
2.802879205634182090e-17
2.545615744049679828e-17
2.311989509652929504e-17
2.099826549294403757e-17
1.907152920075298885e-17
1.732176272114345484e-17
1.573269241112258636e-17
1.428954434456170551e-17
1.297890332280052157e-17
1.178859033278095060e-17
1.070754529427740916e-17
9.725727158203867936e-18
8.834017362177464978e-18
8.024135847833820147e-18
7.288564208311706374e-18
6.620475689671922585e-18
6.013671985472939628e-18
5.462525391931473903e-18
4.961925982548716766e-18
4.507233668640060430e-18
4.094234781251682841e-18
3.719102786728876409e-18
