# bin_2_1
2.045949738471818909e-12
2.058718921242918720e-12
2.071984209455623785e-12
2.085764588128675454e-12
2.100079745828950981e-12
2.114950098858751720e-12
2.130396816285999270e-12
2.146441845516774933e-12
2.163107938526952485e-12
2.180418679093061888e-12
2.198398510445160930e-12
2.217072763513443211e-12
2.236467686360022270e-12
2.256610473885844953e-12
2.277529298143280317e-12
2.299253339643428360e-12
2.321812818917020600e-12
2.345239028827136547e-12
2.369564367104508904e-12
2.394822370204152459e-12
2.421047747469151637e-12
2.448276416405341910e-12
2.476545538499482812e-12
2.505893554731630187e-12
2.536360220992897236e-12
2.567986644820622257e-12
2.600815322159947610e-12
2.634890175455963920e-12
2.670256590404005375e-12
2.706961453203452850e-12
2.745053186957759403e-12
2.784581788175929807e-12
2.825598862712580314e-12
2.868157661992645088e-12
2.912313119584876583e-12
2.958121886328160732e-12
3.005642365827660620e-12
3.054934746638991602e-12
3.106061031349138671e-12
3.159085060456593679e-12
3.214072539027473523e-12
3.271091066921409779e-12
3.330210164110838415e-12
3.391501289762914300e-12
3.455037859138828489e-12
3.520895260192158582e-12
3.589150868203020161e-12
3.659884047729107568e-12
3.733176145075104211e-12
3.809110483592431897e-12
3.887772359046114878e-12
3.969249029121072496e-12
4.053629694647365746e-12
4.141005452323876832e-12
4.231469225513451665e-12
4.325115704481870540e-12
4.422041304297529581e-12
4.522344097247696500e-12
4.626123802150077737e-12
4.733481962728671882e-12
4.844521280912237451e-12
4.959345462640836862e-12
5.078059468712729787e-12
5.200769163256705252e-12
5.327581220265350353e-12
5.458602838189680220e-12
5.593941507990765807e-12
5.733704605210025688e-12
5.877999057143853325e-12
6.026931630704765172e-12
6.180608464765697959e-12
6.339134710942290633e-12
6.502614214726812926e-12
6.671148974173611547e-12
6.844838849567037073e-12
7.023781215682331918e-12
7.208070067764136662e-12
7.397795300705637120e-12
7.593042347873661018e-12
7.793891475281053664e-12
8.000417147779202539e-12
8.212687713864736645e-12
8.430764928739055016e-12
8.654703211594454631e-12
8.884549103063043375e-12
9.120340220621429307e-12
9.362103461371696001e-12
9.609853869147976771e-12
9.863595247809963174e-12
1.012331927990898949e-11
1.038900415905929442e-11
1.066061330645735681e-11
1.093809432338526506e-11
1.122137862035919163e-11
1.151038088647903595e-11
1.180499711494386739e-11
1.210510431866395752e-11
1.241055925711114445e-11
1.272119620018576645e-11
1.303682715271059480e-11
1.335724624237431858e-11
1.368223061091961116e-11
1.401150711767608176e-11
1.434478111824618868e-11
1.468176482956923402e-11
1.502213614851635852e-11
1.536551644761443304e-11
1.571150752466198378e-11
1.605970662167222827e-11
1.640967759530337454e-11
1.676095078159955957e-11
1.711303057286626031e-11
1.746537697048459866e-11
1.781746922492722584e-11
1.816865750013032701e-11
1.851829440232516791e-11
1.886573362714195542e-11
1.921022718460661412e-11
1.955107091183578885e-11
1.988745540250975638e-11
2.021855363052394463e-11
2.054353696171994626e-11
2.086141353101520297e-11
2.117123054172180338e-11
2.147188629516335014e-11
2.176222566627365872e-11
2.204102263392989335e-11
2.230695334362900231e-11
2.255867904295116346e-11
2.279474498051758500e-11
2.301369638248241279e-11
2.321400777822789209e-11
2.339406822685198437e-11
2.355221461486421679e-11
2.368673843342901689e-11
2.379591596218269418e-11
2.387804689227381587e-11
2.393149957313076459e-11
2.395475652051839079e-11
2.394644132627977953e-11
2.390535738203762431e-11
2.383049008219389549e-11
2.372103682511016027e-11
2.357641643956451092e-11
2.339628610591424084e-11
2.318054113598049542e-11
2.292929790471885259e-11
2.264288899530637292e-11
2.232185913690946198e-11
2.196698425813981124e-11
2.157929745295273236e-11
2.116010201009145345e-11
2.071100145201240455e-11
2.023403902077311224e-11
1.973170152471580701e-11
1.920684787764971909e-11
1.866277280517364441e-11
1.810322267250588971e-11
1.753226755188239668e-11
1.695427417032093634e-11
1.637387943648011678e-11
1.579576851641402257e-11
1.522449144338781537e-11
1.466435337507006573e-11
1.411952469854093487e-11
1.359342929046303301e-11
1.308800201251198596e-11
1.260534470399407872e-11
1.214702239244717685e-11
1.171297462455059835e-11
1.130237112557364842e-11
1.091474010426718936e-11
1.054834459054291120e-11
1.020114481751419504e-11
9.870915167860925384e-12
9.554156019786149213e-12
9.246871919191746208e-12
8.941753766718481469e-12
8.634665038273871452e-12
8.319403043567720385e-12
7.992936908324426098e-12
7.653793597978236391e-12
7.301959238855112970e-12
6.939445135899284246e-12
6.570076599840114497e-12
6.199316258766565690e-12
5.834050463758747587e-12
5.482080738430499453e-12
5.151251841683423678e-12
4.847910163008674659e-12
4.575809961121199421e-12
4.335440332090678785e-12
4.123801603726295959e-12
3.934677876377242328e-12
3.760224303846485536e-12
3.592360185999138091e-12
3.424422837167302228e-12
3.252374310996900816e-12
3.075760202405092988e-12
2.897342208448490278e-12
2.722098834956817877e-12
2.555659805873564691e-12
2.402606979553347220e-12
2.264995053904725986e-12
2.141873911049459912e-12
2.029968567923677127e-12
1.924937004751628321e-12
1.823081105910670535e-12
1.722867154827253469e-12
1.624935785789668104e-12
1.531323391046102403e-12
1.443893523655270931e-12
1.363290956868854980e-12
1.288918968951137504e-12
1.219321927597986087e-12
1.153448933567819739e-12
1.090761892368574623e-12
1.031382617219848639e-12
9.755017196257379079e-13
9.231974228736371905e-13
8.741900772068293975e-13
8.281645457830407885e-13
7.848679436663243917e-13
7.441322888372325664e-13
7.058410491209711066e-13
6.698308069424301900e-13
6.359887331792668801e-13
6.041738628543685846e-13
5.742579735592250092e-13
5.461308513417486511e-13
5.196679494421421793e-13
4.947684079165288277e-13
4.713297235991208771e-13
4.492536097622290665e-13
4.284492981032426010e-13
4.088195064368899953e-13
3.902910354376102173e-13
3.727937826765326740e-13
3.562545675227508221e-13
3.406089632732115775e-13
3.257937140928608622e-13
3.117476998843624774e-13
2.984145525914417879e-13
2.857433666792208661e-13
2.736882052434115084e-13
2.622057402084585365e-13
2.512548164052170777e-13
2.407963543494823764e-13
2.307939994697385602e-13
2.212148729041795255e-13
2.120292564847554694e-13
2.032097478929767121e-13
1.947308577286358409e-13
1.865694150395111698e-13
1.787047967552856782e-13
1.711185653427856921e-13
1.637939996116895314e-13
1.567160558279058570e-13
1.498715272656103811e-13
1.432489350634101710e-13
1.368383554219963325e-13
1.306312288105435747e-13
1.246202331978630064e-13
1.187991659634660414e-13
1.131628466142305642e-13
1.077070980290939424e-13
1.024285507965439887e-13
9.732445533238164034e-14
9.239254771439824202e-14
8.763089904131721182e-14
8.303790001774316502e-14
7.861216768901639617e-14
7.435240156689678677e-14
7.025728185498171074e-14
6.632533989242711467e-14
6.255496380861321728e-14
5.894437773094646107e-14
5.549157743327974956e-14
5.219429551925658314e-14
4.904991909308476509e-14
4.605549786963171499e-14
4.320776259124104876e-14
4.050315021086838776e-14
3.793783691944989746e-14
3.550775056858803154e-14
3.320860087627809500e-14
3.103591114427402991e-14
2.898506569245610408e-14
2.705135327813265409e-14
2.523000540756931521e-14
2.351622466025711353e-14
2.190520829839741599e-14
2.039218345887078677e-14
1.897243468443335458e-14
1.764133310372361998e-14
1.639435809859622633e-14
1.522710831411980098e-14
1.413531304812782163e-14
1.311483990081341810e-14
1.216170315841250875e-14
1.127207238519692072e-14
1.044227559383596055e-14
9.668798813070863402e-15
8.948284437734508545e-15
8.277528927073340656e-15
7.653479291275577830e-15
7.073229672171992839e-15
6.534019943503651195e-15
6.033233610349920320e-15
5.568393473768564374e-15
5.137156685881552696e-15
4.737308772415275040e-15
4.366757788615268658e-15
4.023529998029831845e-15
3.705766003345287923e-15
3.411718205027148724e-15
3.139747089876676902e-15
2.888316664837050301e-15
2.655988346042116313e-15
2.441414838526281889e-15
2.243333737544658034e-15
2.060562051954985590e-15
1.891991668508378708e-15
1.736586048260251291e-15
1.593377055126881775e-15
1.461461919692551852e-15
1.339999941026907860e-15
1.228208879380321851e-15
1.125361119096245649e-15
1.030779943825804374e-15
9.438360721595795862e-16
8.639444674379752956e-16
7.905614671407392380e-16
7.231822396165910585e-16
6.613383948794760630e-16
6.045957056722638982e-16
5.525519699903627976e-16
5.048349098240608103e-16
4.611001365537033760e-16
4.210292402289702292e-16
3.843279776418914689e-16
3.507245090152892723e-16
3.199677903252880310e-16
2.918261437759113741e-16
2.660858410031973816e-16
2.425497632592518102e-16
2.210362644437609085e-16
2.013780757466030879e-16
1.834210567957435763e-16
1.670231287502675264e-16
1.520534692467868238e-16
1.383916470459088015e-16
1.259267272634548606e-16
1.145566893417112396e-16
1.041879724670890614e-16
9.473485227813674278e-17
8.611895754434413699e-17
7.826887771382155472e-17
7.111966419022420668e-17
6.461199480615217629e-17
5.869151779376162832e-17
5.330813669642390537e-17
4.841542248498510299e-17
4.397023765922411944e-17
3.993261838330709796e-17
3.626569044089500223e-17
3.293561152884829702e-17
2.991150416720150425e-17
2.716526956988657433e-17
2.467137425013452407e-17
2.240662639373001988e-17
2.034996434435988807e-17
1.848225791835833625e-17
1.678613002567726953e-17
1.524580014481661304e-17
1.384694021331438323e-17
1.257654143028375019e-17
1.142279305790616001e-17
1.037497194464094995e-17
9.423342168975065226e-18
8.559063807226539781e-18
7.774110233316176673e-18
7.061193247285845142e-18
6.413695159993121993e-18
5.825613805688093187e-18
5.291514222278912697e-18
4.806451268254674407e-18
4.365941933586320697e-18
3.965895277977496878e-18
3.602600662431529571e-18
3.272673204936831050e-18
2.973035823299631591e-18
2.700895436198868524e-18
2.453718240970598544e-18
2.229207854252690351e-18
2.025282500084786362e-18
1.840053675764173816e-18
1.671808040876524720e-18
1.518991326932328003e-18
1.380191474352456885e-18
