# bin_4_1
3.894542226829793950e-13
3.916297716677637289e-13
3.938867155093986550e-13
3.962279846320042354e-13
3.986566097049869046e-13
4.011757092879706537e-13
4.037884442905928724e-13
4.064979931010660937e-13
4.093076053028581363e-13
4.122206348384940734e-13
4.152406080398107401e-13
4.183712608507170048e-13
4.216164515276056364e-13
4.249801025855004065e-13
4.284661271645313561e-13
4.320784378262343178e-13
4.358210874186110385e-13
4.396983148002543010e-13
4.437146043505441274e-13
4.478745411841950815e-13
4.521827198624137854e-13
4.566436941546822342e-13
4.612621296849194661e-13
4.660429520500840342e-13
4.709912875834700479e-13
4.761122629144597661e-13
4.814109290207809627e-13
4.868924838720855761e-13
4.925624240073256691e-13
4.984263386108614906e-13
5.044897032442238019e-13
5.107579846777658598e-13
5.172368581857927961e-13
5.239322356197488452e-13
5.308500376559126668e-13
5.379959825748417639e-13
5.453758520061726628e-13
5.529957788271297788e-13
5.608618593656101654e-13
5.689799006435447069e-13
5.773559280625730545e-13
5.859961873779454693e-13
5.949065732187096451e-13
6.040930040895750100e-13
6.135615989450058269e-13
6.233182491994808294e-13
6.333688069317196839e-13
6.437191454715525025e-13
6.543749229714528238e-13
6.653417594798561247e-13
6.766250980597641802e-13
6.882302026983363655e-13
7.001622624953031962e-13
7.124262596882349672e-13
7.250269893718833408e-13
7.379690484995504011e-13
7.512568471207725752e-13
7.648945509180835275e-13
7.788860733686472421e-13
7.932351630703923222e-13
8.079452561691257210e-13
8.230195285372266408e-13
8.384608033441343038e-13
8.542716619741509292e-13
8.704544631387467515e-13
8.870113803220218596e-13
9.039445021860861465e-13
9.212557053879637005e-13
9.389467932516452083e-13
9.570195130143031978e-13
9.754755855660279756e-13
9.943168562576416774e-13
1.013545191983116473e-12
1.033162684544726563e-12
1.053171733686617645e-12
1.073575341840324807e-12
1.094377109199788440e-12
1.115581392153589658e-12
1.137193533666933441e-12
1.159219846666216861e-12
1.181667806932389975e-12
1.204545895909415174e-12
1.227863431574304017e-12
1.251630464008589074e-12
1.275858047367919231e-12
1.300558014781247128e-12
1.325743161312862506e-12
1.351426139895661285e-12
1.377621168472996689e-12
1.404342591989659424e-12
1.431603853430539820e-12
1.459415793668736220e-12
1.487785455282970194e-12
1.516715472097570286e-12
1.546203988747925036e-12
1.576243167770226746e-12
1.606820171327856589e-12
1.637916006611311390e-12
1.669503727605134894e-12
1.701548129464880308e-12
1.734013661437746303e-12
1.766880960524126222e-12
1.800067743237473897e-12
1.833463014944102895e-12
1.867020449224901587e-12
1.900645638009318580e-12
1.934239644985043301e-12
1.967704251487036296e-12
2.000918161966258145e-12
2.033814171175335539e-12
2.066312321425116069e-12
2.098312907088923138e-12
2.129740732971871349e-12
2.160539256535196139e-12
2.190655601943059943e-12
2.220021708264361740e-12
2.248579626054193105e-12
2.276264034495824352e-12
2.302985939221925626e-12
2.328643127180258917e-12
2.353107298584831209e-12
2.376226019301342725e-12
2.397838277713477569e-12
2.417772911059208662e-12
2.435861945360890818e-12
2.451951359195935941e-12
2.465907146245418629e-12
2.477613137058779696e-12
2.486966037879533314e-12
2.493875806526576880e-12
2.498243102912637675e-12
2.499964760249761071e-12
2.498920787626939578e-12
2.494978922731368437e-12
2.487996597811122940e-12
2.477826068487243844e-12
2.464319795386639675e-12
2.447340031658116867e-12
2.426760501779874107e-12
2.402483528684501649e-12
2.374456321492181741e-12
2.342687242200462724e-12
2.307257806035322954e-12
2.268314986590607112e-12
2.226077215085257835e-12
2.180824846285877426e-12
2.132894695447725902e-12
2.082678036002997613e-12
2.030617283494128815e-12
1.977207143759713698e-12
1.922974940400919840e-12
1.868447160549182331e-12
1.814125551720364746e-12
1.760569682763640816e-12
1.708282920895565080e-12
1.657568688399974550e-12
1.608604383122864474e-12
1.561478344493861936e-12
1.516218516162467295e-12
1.472842410194167997e-12
1.431388963009779971e-12
1.391873814266143886e-12
1.354210079262315471e-12
1.318156935101530399e-12
1.283720003426189879e-12
1.250606035687233682e-12
1.216774380748637045e-12
1.181677544425834293e-12
1.145086143258383617e-12
1.106473094725583194e-12
1.065817469410006875e-12
1.023299610105841100e-12
9.792406389433329713e-13
9.341911944778966876e-13
8.888810689961118352e-13
8.441440831242872737e-13
8.010267684368214870e-13
7.603609758406446741e-13
7.228007262259272317e-13
6.886912533381205637e-13
6.579774090961800623e-13
6.301442153043155353e-13
6.042928896861751428e-13
5.794991700992252118e-13
5.550124474017332799e-13
5.302596687007786287e-13
5.049210839833337697e-13
4.792612737312364577e-13
4.541403262243881154e-13
4.305136177032383960e-13
4.089874518365231166e-13
3.898991162050285765e-13
3.729804951034327510e-13
3.574774024297939467e-13
3.424150629263248147e-13
3.269499487885027190e-13
3.106861606155224882e-13
2.938587692286979811e-13
2.771102393384581397e-13
2.611503688627529507e-13
2.463624882013614578e-13
2.327000623330367879e-13
2.199517134384554041e-13
2.078575168569777471e-13
1.963632432655786559e-13
1.856085205514068233e-13
1.757443995288476437e-13
1.667417792324973455e-13
1.584258765141420239e-13
1.505793343275763784e-13
1.430640070624402113e-13
1.358412685228821038e-13
1.288569204855261585e-13
1.220728059629310258e-13
1.154899663496235209e-13
1.092053225783033579e-13
1.033053346784280631e-13
9.781511971634301263e-14
9.272846809832478226e-14
8.801504685742750450e-14
8.362721549694976412e-14
7.950583537283888066e-14
7.558707038723549231e-14
7.184658327023341077e-14
6.827265481940725059e-14
6.486603632434366958e-14
6.164608015474647038e-14
5.862277783821432065e-14
5.579366804043085416e-14
5.313978028798535791e-14
5.063568959272872104e-14
4.825843649456705966e-14
4.599926623585252829e-14
4.385488822066228116e-14
4.182511573421993637e-14
3.990395102337414516e-14
3.808102098439520746e-14
3.634819315830947237e-14
3.470014456603513837e-14
3.313286292878375991e-14
3.164001741406622437e-14
3.021588971560876915e-14
2.885589112442209962e-14
2.755521633751721292e-14
2.631063215265206688e-14
2.511933082612616297e-14
2.397809226471195640e-14
2.288333866279715350e-14
2.183156842173428089e-14
2.082106083521592286e-14
1.985019910276514439e-14
1.891677379832812609e-14
1.801892193561845530e-14
1.715507432367770713e-14
1.632399639374195072e-14
1.552468281690591629e-14
1.475608066952871126e-14
1.401720378836651832e-14
1.330721743870289946e-14
1.262539128001451386e-14
1.197106386379247504e-14
1.134361790205813248e-14
1.074243203105067372e-14
1.016686338118970863e-14
9.616298179880766847e-15
9.090152237096453862e-15
8.587821551585006647e-15
8.108677117626780971e-15
7.652073829674878685e-15
7.217343934218184343e-15
6.803792779724064696e-15
6.410712276803609744e-15
6.037387204927347277e-15
5.683101460136096772e-15
5.347133380401965612e-15
5.028748195090320479e-15
4.727213594311221776e-15
4.441809890692052200e-15
4.171831503609255889e-15
3.916586837159575147e-15
3.675396120432772677e-15
3.447596210086881733e-15
3.232545150367271277e-15
3.029622581720235885e-15
2.838229462004361524e-15
2.657788827627352874e-15
2.487746657191562146e-15
2.327571307037087975e-15
2.176754386729852176e-15
2.034808975916408485e-15
1.901267225150739028e-15
1.775682467425175007e-15
1.657629316654184720e-15
1.546703834522028554e-15
1.442521953108265857e-15
1.344717408631161221e-15
1.252941945122737535e-15
1.166864416885496471e-15
1.086170403743056232e-15
1.010561252902433612e-15
9.397533049407665375e-16
8.734778465837392803e-16
8.114793290694526224e-16
7.535144817541759660e-16
6.993517155315471010e-16
6.487701964205657824e-16
6.015591766049652279e-16
5.575181964830279974e-16
5.164569748110451995e-16
4.781949761497445328e-16
4.425610975524571168e-16
4.093933112538428646e-16
3.785381210658288618e-16
3.498500944653830853e-16
3.231915697046419427e-16
2.984323616423361932e-16
2.754494125414404178e-16
2.541265056714213954e-16
2.343540360246187562e-16
2.160286763938077146e-16
1.990531091333220659e-16
1.833357698583896901e-16
1.687905494755453781e-16
1.553365740132759683e-16
1.428979512911893258e-16
1.314035185535351607e-16
1.207865950641682714e-16
1.109847290233149540e-16
1.019394873441781217e-16
9.359624098860494243e-17
8.590395569037216691e-17
7.881499440776539273e-17
7.228491620157867285e-17
6.627227422972187172e-17
6.073842712560174714e-17
5.564737776207700275e-17
5.096561597988361637e-17
4.666196642435845011e-17
4.270745360903177425e-17
3.907517320238717325e-17
3.574016080636426635e-17
3.267923641037660283e-17
2.987087136024737527e-17
2.729513212872165585e-17
2.493359176102861148e-17
2.276919992359909919e-17
2.078626025972108810e-17
1.897045284233777176e-17
1.730858658309995297e-17
1.578838275851735916e-17
1.439843215182298205e-17
1.312811939925258700e-17
1.196750719179353487e-17
1.090735948891509138e-17
9.939193025686159057e-18
9.055232063241318571e-18
8.248357887486395007e-18
7.512053217210184864e-18
6.840321681990444271e-18
6.227673456309982070e-18
5.669039275945028251e-18
5.159774356265232268e-18
4.695609918922401120e-18
4.272627557563088920e-18
3.887241976134131812e-18
3.536167372501625174e-18
3.216394055606804366e-18
2.925171489468420811e-18
2.659983278923064890e-18
2.418530883355989902e-18
2.198720654059533637e-18
1.998647647687368806e-18
1.816573961940748892e-18
1.650918818598378953e-18
1.500242758275749711e-18
1.363228461416575415e-18
1.238668790256832366e-18
1.125458254643160048e-18
1.022581618903295975e-18
9.291070197070480934e-19
8.441822690579312403e-19
7.670285725334138681e-19
6.969364585905895303e-19
6.332601650250936919e-19
5.754124880861794523e-19
5.228594339917369819e-19
4.751154965399153042e-19
4.317400770969254891e-19
3.923342145428287399e-19
3.565383403024105262e-19
3.240285506471305995e-19
2.945105534198764448e-19
2.677138439399367138e-19
2.433878694370352665e-19
2.213006401008856384e-19
2.012404532411812452e-19
1.830176085055387643e-19
1.664613444527921912e-19
1.514182210232434676e-19
1.377505031187951918e-19
