# bin_4_3
1.675010137655042589e-08
1.682005807327544684e-08
1.689250111745865193e-08
1.696750851503670817e-08
1.704516094180233138e-08
1.712554131645975763e-08
1.720873462728611112e-08
1.729482758847297511e-08
1.738390830633119168e-08
1.747606766237138240e-08
1.757139890670876770e-08
1.766999774872737652e-08
1.777196430881886910e-08
1.787740136223621472e-08
1.798641232943856436e-08
1.809910142642580804e-08
1.821557346384689060e-08
1.833593873707209582e-08
1.846031170880794453e-08
1.858880968353798989e-08
1.872154929113415652e-08
1.885864640584021287e-08
1.900021439309265502e-08
1.914636620732934875e-08
1.929721766591856951e-08
1.945288741064099307e-08
1.961349743442066420e-08
1.977916620113546553e-08
1.995001050572497824e-08
2.012614455384361378e-08
2.030767013630168938e-08
2.049467927941642562e-08
2.068726888307710219e-08
2.088554843957528266e-08
2.108962454479009971e-08
2.129958664451096204e-08
2.151550952774447126e-08
2.173747057116845347e-08
2.196556345370794324e-08
2.219988773524601953e-08
2.244052512473922650e-08
2.268750765892088528e-08
2.294088378140345726e-08
2.320089257784410554e-08
2.346762019943220351e-08
2.374078147049647144e-08
2.402030836084897753e-08
2.430628818489713317e-08
2.459881138505636040e-08
2.489790451913743890e-08
2.520347921972079444e-08
2.551551854159022299e-08
2.583405139946457402e-08
2.615903338412807188e-08
2.649047740479278136e-08
2.682838154680683016e-08
2.717272883012037656e-08
2.752356983971340841e-08
2.788088868467148554e-08
2.824471247012901433e-08
2.861510429139198827e-08
2.899209102648475987e-08
2.937572426479308640e-08
2.976605040929012122e-08
3.016307298352831634e-08
3.056660650565827304e-08
3.097674296351887414e-08
3.139313725027603696e-08
3.181486492767290615e-08
3.224166152804714826e-08
3.267315623100332259e-08
3.310871134954138660e-08
3.354784422983888326e-08
3.399008078663201476e-08
3.443497598427126911e-08
3.488206442417293888e-08
3.533096892441680223e-08
3.578133363674124031e-08
3.623326936304795022e-08
3.668649310162404516e-08
3.714032789582662633e-08
3.759480277373171182e-08
3.804965082821452961e-08
3.850428708132875588e-08
3.895815746028306128e-08
3.941039522274126673e-08
3.986031876208112417e-08
4.030692819291650681e-08
4.074851008618887051e-08
4.118455142068346639e-08
4.161439090739759381e-08
4.203726766584147283e-08
4.245258159202767495e-08
4.285989592776003532e-08
4.325771169158716790e-08
4.364569739952028688e-08
4.402334892958402552e-08
4.438995488053243957e-08
4.474487821068741062e-08
4.508635287411103273e-08
4.541354234284357190e-08
4.572524450422502781e-08
4.602064213678204080e-08
4.629772134998113208e-08
4.655589609849227978e-08
4.679499614506273866e-08
4.701423865298155345e-08
4.721230261960212251e-08
4.738887034258321662e-08
4.754302834860675246e-08
4.767282238745578857e-08
4.777764535527886618e-08
4.785654418927293647e-08
4.790813523756506219e-08
4.793281706149812010e-08
4.792908539481675658e-08
4.789674043712786149e-08
4.783499786580421006e-08
4.774302135721866503e-08
4.762034141205603026e-08
4.746605139627847753e-08
4.727974551129724944e-08
4.706128518858849943e-08
4.681038529988462387e-08
4.652705981166739531e-08
4.621086780146818956e-08
4.586170428169121148e-08
4.547973907315956622e-08
4.506490871429848778e-08
4.461759118023232719e-08
4.413833432581403740e-08
4.362752258510389528e-08
4.308559143911087773e-08
4.251328850991024501e-08
4.191138255233356839e-08
4.128088699021448437e-08
4.062275059028856454e-08
3.993831608784575867e-08
3.922867605044591674e-08
3.849527163381582718e-08
3.773952537736051335e-08
3.696314922728809889e-08
3.616786148503142288e-08
3.535534775652869714e-08
3.452753085347849636e-08
3.368637878672020720e-08
3.283387056787764182e-08
3.197216073001525434e-08
3.110329090322164257e-08
3.022940021869764756e-08
2.935268249699830175e-08
2.847528044947932564e-08
2.759933759342609417e-08
2.672690205550118559e-08
2.586007782014378974e-08
2.500080720333046547e-08
2.415099920032659944e-08
2.331237730945459506e-08
2.248667746549502719e-08
2.167535320388722341e-08
2.087980143470154216e-08
2.010122967756154589e-08
1.934063952374926876e-08
1.859893299606359484e-08
1.787672923006024795e-08
1.717452037591071973e-08
1.649262656020152925e-08
1.583114706315798120e-08
1.519003861474295397e-08
1.456911150557462039e-08
1.396802282617175178e-08
1.338633024348727297e-08
1.282348247732428779e-08
1.227887801017756851e-08
1.175186637038275718e-08
1.124178512908946226e-08
1.074798786935939457e-08
1.026987171148261102e-08
9.806891354362246821e-09
9.358582937202597617e-09
8.924574455319465857e-09
8.504593706376108582e-09
8.098473942260127744e-09
7.706147143731163162e-09
7.327636640529532556e-09
6.963043238214179857e-09
6.612522666833265516e-09
6.276257084503884922e-09
5.954414123320585944e-09
5.647110986626888175e-09
5.354384210320507889e-09
5.076156775838968123e-09
4.812218877590140113e-09
4.562221383366431879e-09
4.325677421060840505e-09
4.101979325826706355e-09
3.890425446816306285e-09
3.690255731769951689e-09
3.500694150381227604e-09
3.320990440485011584e-09
3.150458448380403334e-09
2.988503515637617506e-09
2.834637609600257471e-09
2.688477089770843950e-09
2.549726317822548562e-09
2.418150276712587765e-09
2.293541428377223718e-09
2.175686784256724049e-09
2.064342256898375104e-09
1.959220433008785763e-09
1.859993448386564537e-09
1.766307723933936836e-09
1.677805300150331567e-09
1.594146050881634433e-09
1.515023748780702858e-09
1.440171041347406992e-09
1.369354624810570943e-09
1.302363687397572060e-09
1.238997641223401775e-09
1.179058097291146939e-09
1.122347050154650150e-09
1.068670166464523277e-09
1.017841564052049069e-09
9.696872776166880003e-10
9.240459745752520488e-10
8.807673512652521898e-10
8.397101616263607249e-10
8.007411192263767399e-10
7.637345029055862548e-10
7.285719000164239642e-10
6.951419740355928631e-10
6.633403423984636131e-10
6.330694584703866484e-10
6.042383279803768879e-10
5.767618945226027866e-10
5.505605320030704751e-10
5.255598746518737540e-10
5.016907817253399515e-10
4.788890063213039834e-10
4.570946972566694255e-10
4.362521511237334761e-10
4.163096788049462204e-10
3.972193720731889652e-10
3.789367779269362481e-10
3.614206503219722773e-10
3.446327885545936947e-10
3.285378165975295445e-10
3.131029493366946137e-10
2.982978116972815680e-10
2.840942622668987067e-10
2.704662066327198515e-10
2.573894254398750560e-10
2.448414181719315412e-10
2.328012523287902433e-10
2.212494201502204063e-10
2.101677058652203706e-10
1.995390603829915417e-10
1.893474840262023603e-10
1.795779162795473690e-10
1.702161333887944480e-10
1.612486532965894376e-10
1.526626481722909905e-10
1.444458649013419489e-10
1.365865529410377751e-10
1.290733995445103313e-10
1.218954716850454344e-10
1.150421648002076936e-10
1.085031576711639254e-10
1.022683733571003430e-10
9.632794630366345248e-11
9.067219485450860040e-11
8.529159891859591113e-11
8.017678257150889983e-11
7.531850111519112877e-11
7.070763194460558567e-11
6.633516916184541890e-11
6.219222158044361203e-11
5.827001372264419946e-11
5.455988929866499600e-11
5.105331639647379604e-11
4.774189414260724556e-11
4.461736088531512251e-11
4.167160266319461259e-11
3.889666326110190184e-11
3.628475318782386290e-11
3.382825911942631182e-11
3.151975324633422262e-11
2.935200210045179221e-11
2.731797450095871156e-11
2.541084907760683626e-11
2.362402059318688416e-11
2.195110495745548112e-11
2.038594330174267342e-11
1.892260500546910074e-11
1.755538928859295598e-11
1.627882585698275828e-11
1.508767438441596713e-11
1.397692294645168504e-11
1.294178558917769011e-11
1.197769905983958319e-11
1.108031875248945849e-11
1.024551407315337215e-11
9.469363322449896535e-12
8.748147929055652056e-12
8.078346456670374539e-12
7.456628088501319914e-12
6.879845879207335899e-12
6.345029686051772241e-12
5.849379073775198891e-12
5.390256143782489145e-12
4.965178422200652335e-12
4.571811886749457553e-12
4.207964139909446807e-12
3.871577711391860950e-12
3.560723902568946745e-12
3.273595431461761563e-12
3.008500875925170874e-12
2.763858477952266804e-12
2.538189892871101062e-12
2.330114191194759370e-12
2.138342070207964533e-12
1.961670393920572969e-12
1.798977118104517634e-12
1.649216625309509321e-12
1.511415438092345963e-12
1.384668147897689109e-12
1.268133457573229219e-12
1.161030245181142711e-12
1.062633936726313636e-12
9.722718787394070093e-13
8.893200476056225413e-13
8.131998106499453319e-13
7.433745826205591225e-13
6.793469794834211047e-13
6.206562496741805633e-13
5.668759044003888734e-13
5.176115038286236509e-13
4.724988145486938107e-13
4.312012016023446270e-13
3.934079133288887864e-13
3.588326327530893095e-13
3.272115189978911909e-13
2.983015541040785078e-13
2.718789636528869223e-13
2.477381038142914403e-13
2.256888991877690379e-13
2.055565562921520726e-13
1.871801634642365833e-13
1.704115508846553409e-13
1.551145975881094934e-13
1.411638655576317950e-13
1.284439653377122297e-13
1.168492561228731610e-13
1.062829716058983674e-13
9.665677279211090074e-14
8.788901236255163001e-14
7.990529719410454414e-14
7.263760839834938279e-14
6.602356165805919868e-14
6.000555242827167098e-14
5.453110951438835079e-14
4.955254744757735906e-14
4.502544387754118831e-14
4.090967103176319584e-14
3.716881212484144153e-14
3.376893230575872625e-14
3.067963725736865091e-14
2.787291521198701696e-14
2.532307861379553082e-14
2.300711832940910307e-14
2.090339109468103874e-14
1.899293087862302653e-14
1.725768191023648755e-14
1.568197450267085611e-14
1.425084863555768549e-14
1.295135180482152474e-14
1.177118109058481287e-14
1.069949529669138530e-14
9.726367274266709627e-15
8.842645927274537804e-15
8.040255793748806834e-15
7.311706440174341112e-15
6.650175810709204378e-15
6.049535414708871004e-15
5.504284529850789670e-15
5.009303039984099534e-15
4.559972346467837621e-15
4.152119998984463178e-15
3.781955032613998421e-15
3.446032871509850569e-15
3.141223523944580971e-15
2.864682697113620806e-15
2.613825616868133967e-15
2.386303263067385393e-15
2.179980791252356753e-15
1.992947296352973234e-15
1.823447287507057715e-15
1.669844486418688748e-15
1.530704891672438280e-15
1.404744170552679957e-15
