# bin_3_3
1.625025592841966312e-08
1.631722614001490588e-08
1.638656816906572588e-08
1.645835575640245167e-08
1.653266515720307704e-08
1.660957471281513825e-08
1.668916467372041501e-08
1.677151685315435259e-08
1.685671429586199913e-08
1.694484265221320858e-08
1.703598976217174469e-08
1.713024574043184630e-08
1.722770491442866433e-08
1.732846407540013373e-08
1.743262047394044354e-08
1.754027196203663603e-08
1.765151678406846136e-08
1.776645843471842693e-08
1.788520434657326780e-08
1.800786456686764588e-08
1.813454825602325363e-08
1.826536359813949730e-08
1.840041604164175393e-08
1.853981039709452978e-08
1.868365408417731635e-08
1.883205707544121556e-08
1.898513241109746514e-08
1.914298934862120953e-08
1.930573521918490178e-08
1.947347450934011563e-08
1.964629909427263494e-08
1.982429085206427912e-08
2.000753616950105071e-08
2.019613364462408842e-08
2.039017872350277704e-08
2.058974953994682715e-08
2.079490938623541963e-08
2.100572379950065846e-08
2.122227416366468317e-08
2.144464748107673099e-08
2.167291284566013514e-08
2.190708943412220374e-08
2.214721237560192528e-08
2.239350702016989618e-08
2.264604582036846344e-08
2.290452992681246696e-08
2.316887706279105303e-08
2.343916016577779478e-08
2.371545493159653455e-08
2.399777270763896620e-08
2.428601043513340453e-08
2.458013607936016399e-08
2.488016267454291350e-08
2.518603066856991889e-08
2.549773730504270648e-08
2.581526477710124008e-08
2.613858058110765007e-08
2.646771918699763629e-08
2.680264908414448704e-08
2.714338152461780603e-08
2.748996371950879005e-08
2.784240708667611003e-08
2.820074758525800150e-08
2.856501638116031961e-08
2.893520199777292760e-08
2.931110454297552562e-08
2.969280153522792940e-08
3.007993445982420424e-08
3.047156683321386655e-08
3.086742171299163069e-08
3.126711638485265742e-08
3.167000255162928609e-08
3.207558738146523794e-08
3.248338745455153057e-08
3.289294947778975478e-08
3.330380086573250394e-08
3.371555838683441517e-08
3.412786154511220727e-08
3.454081692933291070e-08
3.495413978723311385e-08
3.536715394730824204e-08
3.577988923278338901e-08
3.619208199794557826e-08
3.660315313370195314e-08
3.701255620221644975e-08
3.741943501239104195e-08
3.782312027099908502e-08
3.822262796708264340e-08
3.861626535758462174e-08
3.900353953902025372e-08
3.938381290332347148e-08
3.975635198192964575e-08
4.012058663640430774e-08
4.047611272886518130e-08
4.082147171327509594e-08
4.115637229915322444e-08
4.148035465423249750e-08
4.179275650117965142e-08
4.209299339824253866e-08
4.237936082874354132e-08
4.265108358375015870e-08
4.290702669610034823e-08
4.314644269838556367e-08
4.336739884452725336e-08
4.356938856049895537e-08
4.375232439451827852e-08
4.391551454074793612e-08
4.405773706309344149e-08
4.417877127175858776e-08
4.427780862969294812e-08
4.435301139398414090e-08
4.440388396172299257e-08
4.442959387865606945e-08
4.442888675783064072e-08
4.440228213582237503e-08
4.434841674481485883e-08
4.426722378563410000e-08
4.415806228319204970e-08
4.402024172000571952e-08
4.385343951350910528e-08
4.365690264011732382e-08
4.343037814480824363e-08
4.317388135074421215e-08
4.288728544435632336e-08
4.257075889438183766e-08
4.222402082763920929e-08
4.184712207982581096e-08
4.144038569904046192e-08
4.100390261743285770e-08
4.053819935318845563e-08
4.004396678295959675e-08
3.952172950202262163e-08
3.897205691202461185e-08
3.839582158566595050e-08
3.779390904207148617e-08
3.716743865708738896e-08
3.651745548220283851e-08
3.584538329185667731e-08
3.515238415267331398e-08
3.443995157026386330e-08
3.370954439744029534e-08
3.296289224822332357e-08
3.220171124049310489e-08
3.142766550962949356e-08
3.064263336724062102e-08
2.984851546360975154e-08
2.904720027891361237e-08
2.824072634017778197e-08
2.743099489930860203e-08
2.661997958958481630e-08
2.580968244287694891e-08
2.500203008042152410e-08
2.419892531385478376e-08
2.340215267213357631e-08
2.261352974839130380e-08
2.183469323019925056e-08
2.106722824100658147e-08
2.031252056762437981e-08
1.957195558034107062e-08
1.884663025426767496e-08
1.813758031785891238e-08
1.744565370112846623e-08
1.677149871028678856e-08
1.611567467198647378e-08
1.547847561355262718e-08
1.486008978150422750e-08
1.426056024325520309e-08
1.367974179630933136e-08
1.311738304970522239e-08
1.257312606800110032e-08
1.204650315747865065e-08
1.153699199059330383e-08
1.104400682159827145e-08
1.056695623711686185e-08
1.010524197366040825e-08
9.658291843299271992e-09
9.225581860008221261e-09
8.806656155768967157e-09
8.401132838998076404e-09
8.008718857680247574e-09
7.629211657023516623e-09
7.262498293987990894e-09
6.908552800492130025e-09
6.567421511934774996e-09
6.239208006876697148e-09
5.924052371958681428e-09
5.622102969308056851e-09
5.333484675391306798e-09
5.058260158213086136e-09
4.796401614998441549e-09
4.547772150454785313e-09
4.312109606684280461e-09
4.089024812464626545e-09
3.878012332418645681e-09
3.678467681129381144e-09
3.489716970996931895e-09
3.311051721036757437e-09
3.141766375034893870e-09
2.981196084362683639e-09
2.828747040800805778e-09
2.683917628213650488e-09
2.546305067125447933e-09
2.415598987517601680e-09
2.291560824936267956e-09
2.173995081383253340e-09
2.062717981108950780e-09
1.957529306461610427e-09
1.858192342597490900e-09
1.764426421535673062e-09
1.675913864136517333e-09
1.592318439356343900e-09
1.513308305161182156e-09
1.438576573346729571e-09
1.367854542250827254e-09
1.300914035202656864e-09
1.237558872135461822e-09
1.177610832885285185e-09
1.120895747164251169e-09
1.067235515426976885e-09
1.016448143127473040e-09
9.683537287035225417e-10
9.227820170721961811e-10
8.795769948537508798e-10
8.385970510210324258e-10
7.997117929275190918e-10
7.627981940966435142e-10
7.277385882700516690e-10
6.944208539692498772e-10
6.627393649659677142e-10
6.325953332577792372e-10
6.038964947799193466e-10
5.765566706154102532e-10
5.504955002743858637e-10
5.256381463493494012e-10
5.019147260663885624e-10
4.792598293025662079e-10
4.576124094534007756e-10
4.369158319405198201e-10
4.171176269274718313e-10
3.981690301851868713e-10
3.800247077434387147e-10
3.626426226077597129e-10
3.459838597296071260e-10
3.300123707497760406e-10
3.146947524858297253e-10
3.000000888205639919e-10
2.858997608003509899e-10
2.723672566456742623e-10
2.593780164041074354e-10
2.469092746035337333e-10
2.349399005240865261e-10
2.234502538216120314e-10
2.124220512326737084e-10
2.018382391741863709e-10
1.916828742969607308e-10
1.819410113556893592e-10
1.725985974688672597e-10
1.636423742154647849e-10
1.550597861050722535e-10
1.468388963262359651e-10
1.389683092757157245e-10
1.314371001165563337e-10
1.242347516937634654e-10
1.173510981853857684e-10
1.107762753603026132e-10
1.045006766851267828e-10
9.851491542055824754e-11
9.280979211378503609e-11
8.737626748653340290e-11
8.220544082627144811e-11
7.728853302754256678e-11
7.261687395788982034e-11
6.818189392426578455e-11
6.397511880463093981e-11
5.998816822484205639e-11
5.621275672633115313e-11
5.264069749441233420e-11
4.926390820497982805e-11
4.607441851782213967e-11
4.306437855473857552e-11
4.022606818826998906e-11
3.755190720816761820e-11
3.503446511775146059e-11
3.266647191218663642e-11
3.044082727915265397e-11
2.835060986923136037e-11
2.638908612060125422e-11
2.454971819900261799e-11
2.282617071772535917e-11
2.121231674001957313e-11
1.970224239065569205e-11
1.829025007917530277e-11
1.697086076666580060e-11
1.573881518940168038e-11
1.458907367664171830e-11
1.351681509923351271e-11
1.251743478548178941e-11
1.158654154708739135e-11
1.071995400887728018e-11
9.913696266635140827e-12
9.163992922791183088e-12
8.467263691022039849e-12
7.820117679907708896e-12
7.219347181264546462e-12
6.661921380397174507e-12
6.144979688664544444e-12
5.665824990876449313e-12
5.221916704105339124e-12
4.810863928897251161e-12
4.430418616355184322e-12
4.078468862001201849e-12
3.753032380765821233e-12
3.452250170280624470e-12
3.174380343000491210e-12
2.917792528336664508e-12
2.680961107306564452e-12
2.462460262770573828e-12
2.260958407481500861e-12
2.075212577042222369e-12
1.904063104859093218e-12
1.746428527295513662e-12
1.601300819674350021e-12
1.467740992039932252e-12
1.344875041226529220e-12
1.231890214316949104e-12
1.128031440249820191e-12
1.032597854771397729e-12
9.449393597944200961e-13
8.644535233234339760e-13
7.905815085074570860e-13
7.228053386471370030e-13
6.606451840392476358e-13
6.036564911080289161e-13
5.514275481877215983e-13
5.035772791681739140e-13
4.597532089836209570e-13
4.196295752779549579e-13
3.829058121386473683e-13
3.493042713140575228e-13
3.185688267152385707e-13
2.904637277709189750e-13
2.647719224361832690e-13
2.412936636078229597e-13
2.198451710100292716e-13
2.002577454828250739e-13
1.823754300683927801e-13
1.660549299897057996e-13
1.511644089268240676e-13
1.375825288236419513e-13
1.251979179246447705e-13
1.139079510941986637e-13
1.036182451223437672e-13
9.424247944425998088e-14
8.570164118784164479e-14
7.792369350952257828e-14
7.084196003983619292e-14
6.439579430372306881e-14
5.852980604909606590e-14
5.319321697203667945e-14
4.833909043315317196e-14
4.392475233386057646e-14
3.991150531548701908e-14
3.626316971873544846e-14
3.294716164202096778e-14
2.993396524671545695e-14
2.719596375450698913e-14
2.470854112223105992e-14
2.244897910171099744e-14
2.039644138339793031e-14
1.853236159763703832e-14
1.683917254685880615e-14
1.530163364527795065e-14
1.390510355896968182e-14
1.263702407059476764e-14
1.148528024145601743e-14
1.043950454840981271e-14
9.489751820141423529e-15
8.627320659024333495e-15
7.844228664814879105e-15
7.133092814916476588e-15
6.487439967090087331e-15
5.901236485030589919e-15
5.368983454580227485e-15
4.885752780844132103e-15
4.447132492575331572e-15
4.048993017644477703e-15
3.687614737160937640e-15
3.359641089713014868e-15
3.062021956566232495e-15
2.791985486735742738e-15
2.547012569748080698e-15
2.324813647394333796e-15
2.123307705093060543e-15
1.940603203026601567e-15
1.774980759662643794e-15
1.624905963961871619e-15
1.488965682096759946e-15
1.365835751695871381e-15
1.254364100369136600e-15
1.153521736814983501e-15
