# bin_4_1
1.302514255468396393e-08
1.307323109349974828e-08
1.312297287347181061e-08
1.317441620262664887e-08
1.322760997072363048e-08
1.328260272413125528e-08
1.333944290751487310e-08
1.339817924399099971e-08
1.345886120849293834e-08
1.352154130764681288e-08
1.358627424506401536e-08
1.365311609225909710e-08
1.372212546081125872e-08
1.379336129508487876e-08
1.386688294636337416e-08
1.394275087646759121e-08
1.402102832714781893e-08
1.410178081266503921e-08
1.418507194087366658e-08
1.427096264025652182e-08
1.435951399054565627e-08
1.445079184310044563e-08
1.454486257883755655e-08
1.464179058999026336e-08
1.474163502796798902e-08
1.484445010424774283e-08
1.495028765502989811e-08
1.505919828453286875e-08
1.517123398259359450e-08
1.528644503128478961e-08
1.540487454508417499e-08
1.552655994013899647e-08
1.565152872629777941e-08
1.577979232752820152e-08
1.591135907798973934e-08
1.604625210304512597e-08
1.618449835069358142e-08
1.632610900246141000e-08
1.647107807241478964e-08
1.661939270758942768e-08
1.677106003776725461e-08
1.692610190810284279e-08
1.708449888804270839e-08
1.724616289850790020e-08
1.741112070294067998e-08
1.757953422926917022e-08
1.775114862266111811e-08
1.792558260495126869e-08
1.810276941010252820e-08
1.828269783883721034e-08
1.846534161412456882e-08
1.865053483798586749e-08
1.883811060722125881e-08
1.902797674873324412e-08
1.922004295576479276e-08
1.941417817573109479e-08
1.961028951256598478e-08
1.980826597777935110e-08
2.000801169257962906e-08
2.020944607316393897e-08
2.041247656741185075e-08
2.061706612313719281e-08
2.082317898890349258e-08
2.103076547204571695e-08
2.123981402386440606e-08
2.145024787394377574e-08
2.166185845414480127e-08
2.187451175148287481e-08
2.208808971194913958e-08
2.230149009961544840e-08
2.251425481910140769e-08
2.272600249631374267e-08
2.293605505110790542e-08
2.314382399185820231e-08
2.334881020913850137e-08
2.355053835616882300e-08
2.374854169695258483e-08
2.394242873861526882e-08
2.413190445794916014e-08
2.431696474717533684e-08
2.449768778245773770e-08
2.467328582811724256e-08
2.484381467551203875e-08
2.500919389948747864e-08
2.516893407695791368e-08
2.532258102212820630e-08
2.546946230084763324e-08
2.560892648430632835e-08
2.574042841804279616e-08
2.586231750684917511e-08
2.597421837446877094e-08
2.607580680327261700e-08
2.616660549786696950e-08
2.624622234149367772e-08
2.631469901134053806e-08
2.637092081656482738e-08
2.641480994940443667e-08
2.644641741460446407e-08
2.646540038879485028e-08
2.647178982307622439e-08
2.646429107724914809e-08
2.644252312532951357e-08
2.640588004069406325e-08
2.635417410701710203e-08
2.628613887340381483e-08
2.620170280293452565e-08
2.610140157759983873e-08
2.598541573882645761e-08
2.585311655429239890e-08
2.570484422717769816e-08
2.554078913243074830e-08
2.535978175366770148e-08
2.516191476766683655e-08
2.494742791604311577e-08
2.471570216248109130e-08
2.446804604276848938e-08
2.420419958358537199e-08
2.392462311438494031e-08
2.362987003284641114e-08
2.331981319486989835e-08
2.299524870756435161e-08
2.265605834752897899e-08
2.230303059147941212e-08
2.193678841242490648e-08
2.155821895989133281e-08
2.116816466617227936e-08
2.076711309715108204e-08
2.035585733578754529e-08
1.993532920692205438e-08
1.950621456157858056e-08
1.906964759096704695e-08
1.862674393855771869e-08
1.817842646683158708e-08
1.772559067625652127e-08
1.726932753234926110e-08
1.681062862904447671e-08
1.635062918457770673e-08
1.589026079981199750e-08
1.543072591200690840e-08
1.497284026408786257e-08
1.451761063112596569e-08
1.406586656290281781e-08
1.361859876436361219e-08
1.317662730018986089e-08
1.274059547603166900e-08
1.231121971520441751e-08
1.188912154145474913e-08
1.147478326309543020e-08
1.106873521305895810e-08
1.067127504429322394e-08
1.028268327162224572e-08
9.903212805313390769e-09
9.532991988425737313e-09
9.172100946354629196e-09
8.820515905119208633e-09
8.478237920442863520e-09
8.145179194092097750e-09
7.821223736779665643e-09
7.506213544098101659e-09
7.200040014406867712e-09
6.902523050127621564e-09
6.613529526165896044e-09
6.332942976214173721e-09
6.060633415783854547e-09
5.796575426635615290e-09
5.540678302145869273e-09
5.292937381283589962e-09
5.053376673043876207e-09
4.821986594851125732e-09
4.598795206714528195e-09
4.383834707037628660e-09
4.177105134771101550e-09
3.978607061482882454e-09
3.788297779741768971e-09
3.606115520044840480e-09
3.431950829393782179e-09
3.265651503740242983e-09
3.107027444549156234e-09
2.955852539194876599e-09
2.811862570603321881e-09
2.674769812181761698e-09
2.544267404860013602e-09
2.420035882901996191e-09
2.301753585739523025e-09
2.189102082795008941e-09
2.081775060644030560e-09
1.979487124958483050e-09
1.881981176665305353e-09
1.789031128926446788e-09
1.700445568052515713e-09
1.616066635447324785e-09
1.535764086610821931e-09
1.459425429695392917e-09
1.386944633755520664e-09
1.318210527918540427e-09
1.253097185051391405e-09
1.191460413964598203e-09
1.133139139406282401e-09
1.077960433665211569e-09
1.025747849794769290e-09
9.763271706892636370e-10
9.295312079386668520e-10
8.852009788673247601e-10
8.431860500543256484e-10
8.033443418078941535e-10
7.655423764559556040e-10
7.296570522661901542e-10
6.955766410459129281e-10
6.632013226628978079e-10
6.324420589420116101e-10
6.032183467525174556e-10
5.754551907963769992e-10
5.490799204362575216e-10
5.240198232124020659e-10
5.002010866334257635e-10
4.775493646002575599e-10
4.559916342071025478e-10
4.354584099386979689e-10
4.158856446725645719e-10
3.972157871579488233e-10
3.793977551024462990e-10
3.623857741883852972e-10
3.461376057468249663e-10
3.306129224563218133e-10
3.157724454397566866e-10
3.015780421782332282e-10
2.879934859521443072e-10
2.749853391869131719e-10
2.625233365668308932e-10
2.505800677393726461e-10
2.391302883390228600e-10
2.281503088247907378e-10
2.176177380121190685e-10
2.075115945738492267e-10
1.978124818609118140e-10
1.885025955241133205e-10
1.795655219397010084e-10
1.709859985097637776e-10
1.627497582230013624e-10
1.548434765568706499e-10
1.472547498640848654e-10
1.399720225173820343e-10
1.329844816138448755e-10
1.262819502986961118e-10
1.198548224018103851e-10
1.136940142259293537e-10
1.077909070296899778e-10
1.021372808839753399e-10
9.672525768363328571e-11
9.154725760244664844e-11
8.659596094558417369e-11
8.186426894735242700e-11
7.734527080515349690e-11
7.303221678107854616e-11
6.891849449765701059e-11
6.499761010407794409e-11
6.126317335922062276e-11
5.770888587986129939e-11
5.432853313652049369e-11
5.111597930122313765e-11
4.806516486440117641e-11
4.517010668644763863e-11
4.242489976261281137e-11
3.982372067740120945e-11
3.736083252553021863e-11
3.503059081113102633e-11
3.282744998548166782e-11
3.074597028254579829e-11
2.878082436545684135e-11
2.692680401050138848e-11
2.517882668194222896e-11
2.353194145670233393e-11
2.198133410416502477e-11
2.052233170005942698e-11
1.915040666047865965e-11
1.786117965010081045e-11
1.665042174397942231e-11
1.551405575933125668e-11
1.444815693273903148e-11
1.344895289277480597e-11
1.251282295436135994e-11
1.163629671554396218e-11
1.081605151857679615e-11
1.004891067626927374e-11
9.331840336683839046e-12
8.661946056345970932e-12
8.036469424990138918e-12
7.452784471761786452e-12
6.908393709589203863e-12
6.400923886307278233e-12
5.928122106340450859e-12
5.487851653397894812e-12
5.078087563622220781e-12
4.696912436020056572e-12
4.342512409049019873e-12
4.013172865536141387e-12
3.707274366537619535e-12
3.423288643008581085e-12
3.159774598664216205e-12
2.915374425147748327e-12
2.688809799344925074e-12
2.478878180516867557e-12
2.284449124430037747e-12
2.104460822881759859e-12
1.937916569208395510e-12
1.783881539500256156e-12
1.641479489857013286e-12
1.509889700959660545e-12
1.388343948516991761e-12
1.276123682167838601e-12
1.172557268915183528e-12
1.077017379708263870e-12
9.889184467401976339e-13
9.077142408001824557e-13
8.328955280250229836e-13
7.639882930351704303e-13
7.005502302889993065e-13
6.421700702725342813e-13
5.884652749769502310e-13
5.390801936214780966e-13
4.936843671831435889e-13
4.519709297517650504e-13
4.136551021212758781e-13
3.784727749547805626e-13
3.461791770681795548e-13
3.165476190921765969e-13
2.893682966099506969e-13
2.644471387766943697e-13
2.416046989876427970e-13
2.206754314840963672e-13
2.015057642571667083e-13
1.839538007994577292e-13
1.678885331054972439e-13
1.531889012501614662e-13
1.397430887785633222e-13
1.274478896786788192e-13
1.162081289453523804e-13
1.059361208997997449e-13
9.655143046292524834e-14
8.797973127980633669e-14
8.015259016380122908e-14
7.300734858206647836e-14
6.648646522574876850e-14
6.053710103913112151e-14
5.511072933764711446e-14
5.016316607335921951e-14
4.565310819349744673e-14
4.154285670588600572e-14
3.779786366692733171e-14
3.438641922680464169e-14
3.127967412408854198e-14
2.845095693437979135e-14
2.587563798733264089e-14
2.353141462759114485e-14
2.139793188593758155e-14
1.945692838066406696e-14
1.769092735769572013e-14
1.608437285818072993e-14
1.462318833810994487e-14
1.329455108753583879e-14
1.208628803920979781e-14
1.098759918259810930e-14
9.989059048850829268e-15
9.081231052314492710e-15
8.255980382000097297e-15
7.506206579349837380e-15
6.824716029962066160e-15
6.205530007175162147e-15
5.643035547286448943e-15
5.131910947472081846e-15
4.667831271244409668e-15
4.246154676387491679e-15
3.863373398689019357e-15
3.515634076281993586e-15
3.200038432089548685e-15
2.913363100504650006e-15
2.653281940809911304e-15
2.417099827087354554e-15
2.202787209606374338e-15
2.008314109288125744e-15
1.831794790866056918e-15
1.671730619836616786e-15
1.526535009854291339e-15
1.394830066779936655e-15
1.275402705419968723e-15
1.167214846175271999e-15
1.069161929305989807e-15
9.803279107451509885e-16
8.998788521607278363e-16
8.270554173527608965e-16
7.611660757648616047e-16
7.015809380277682410e-16
6.477262105813858208e-16
5.990791787152553256e-16
5.551636444402486251e-16
5.155457482725356675e-16
4.798306737382942173e-16
4.477074231022297294e-16
4.187997261924303327e-16
3.928078437209794449e-16
