# bin_1_1
1.090635711847072457e-08
1.094461639679461710e-08
1.098411768734387896e-08
1.102488978266042566e-08
1.106696164150976455e-08
1.111036214242882283e-08
1.115511974409374737e-08
1.120126230896258440e-08
1.124881769061342751e-08
1.129781504168877649e-08
1.134828374542833197e-08
1.140025331294228047e-08
1.145375510964069661e-08
1.150882244890608789e-08
1.156548851496299902e-08
1.162378499010686662e-08
1.168374285231496969e-08
1.174539134057150434e-08
1.180876033702046807e-08
1.187388394071868070e-08
1.194080175665169483e-08
1.200955448872223932e-08
1.208017665602517750e-08
1.215269671580963401e-08
1.222714004288435253e-08
1.230353182507225151e-08
1.238189856989178250e-08
1.246226337043979648e-08
1.254464533925229616e-08
1.262906044700680597e-08
1.271552169694175371e-08
1.280402680637134078e-08
1.289454902038268237e-08
1.298706352253348463e-08
1.308157025342103416e-08
1.317806787314093506e-08
1.327653170477600022e-08
1.337693614683179397e-08
1.347927509116081859e-08
1.358354880431597649e-08
1.368974824041431721e-08
1.379785923237191212e-08
1.390789299413169635e-08
1.401985472249607092e-08
1.413374180572197204e-08
1.424958948108299487e-08
1.436741903072696233e-08
1.448717230724822103e-08
1.460874460764621767e-08
1.473209634183043268e-08
1.485715217068151873e-08
1.498378552265199017e-08
1.511188492903548670e-08
1.524131129682605068e-08
1.537196487873087432e-08
1.550370690688487762e-08
1.563637756462766237e-08
1.576982173333203291e-08
1.590386571628290134e-08
1.603833691197032017e-08
1.617299130918037883e-08
1.630753015301407191e-08
1.644174955828950580e-08
1.657520476745681579e-08
1.670804013432761260e-08
1.683963907691647913e-08
1.696871605492243363e-08
1.709512462267678118e-08
1.721874730527696303e-08
1.733904074531244642e-08
1.745575028337883700e-08
1.756864669347473435e-08
1.767749680393077512e-08
1.778212467440294729e-08
1.788227634851854814e-08
1.797794216905021551e-08
1.806901307684747645e-08
1.815555893830409109e-08
1.823770041946252224e-08
1.831559425529419140e-08
1.838934585080105361e-08
1.845896261357010115e-08
1.852438750578917613e-08
1.858530002793828691e-08
1.864134037151774021e-08
1.869201483358581686e-08
1.873484509708704767e-08
1.876919710206317951e-08
1.879429707860142633e-08
1.880911779357417418e-08
1.881311373106889318e-08
1.880595131365769405e-08
1.878769402355883602e-08
1.875866694044649237e-08
1.871940167734348107e-08
1.867032087178718456e-08
1.861246924187175242e-08
1.854466930671194244e-08
1.846728322865410235e-08
1.838036969232467070e-08
1.828337256009350050e-08
1.817594111952711328e-08
1.805770795223054283e-08
1.792857677908259948e-08
1.778841988805983650e-08
1.763562404461054442e-08
1.747063751029369692e-08
1.729361720255080294e-08
1.710451459245695067e-08
1.690396908324485659e-08
1.669310118735648328e-08
1.647160366587032073e-08
1.624090540968510965e-08
1.600167315487332216e-08
1.575436067099276527e-08
1.549883276180557544e-08
1.523390591478299876e-08
1.496005844125467191e-08
1.467761367348548325e-08
1.438719984803287193e-08
1.408882838176190117e-08
1.378443413660338627e-08
1.347589192781354409e-08
1.316315974255697486e-08
1.284654364350151701e-08
1.252757961946239323e-08
1.220537515031046942e-08
1.187998337485017153e-08
1.155332102772402269e-08
1.122520163860263090e-08
1.089736304201418395e-08
1.057102228278115822e-08
1.024597475853990425e-08
9.923943257907185904e-09
9.604174221287720156e-09
9.288254052149065796e-09
8.975488277667416620e-09
8.667253550306671962e-09
8.363799997506130283e-09
8.066455519628880638e-09
7.775225879764507978e-09
7.490112168539966090e-09
7.211461086187275502e-09
6.939428733077123275e-09
6.674187065008354257e-09
6.416179337346091530e-09
6.165522533724073746e-09
5.922086584120581025e-09
5.685732162502336410e-09
5.456472338463280773e-09
5.234176647564495706e-09
5.018850476716151658e-09
4.810277910877649026e-09
4.608462595116180936e-09
4.413009086544870846e-09
4.223782785639126028e-09
4.040628125076891976e-09
3.863521716693756737e-09
3.692279962327129365e-09
3.526655527757409178e-09
3.366601297295141252e-09
3.212082168201676970e-09
3.062959411795395102e-09
2.919292477091627633e-09
2.780934405376756687e-09
2.647883921344394987e-09
2.520173604608677216e-09
2.397754566026380887e-09
2.280588029195131336e-09
2.168579085277536807e-09
2.061728777545625687e-09
1.959891061770909431e-09
1.862969695690353995e-09
1.770756965412164059e-09
1.683183208309503599e-09
1.599971811947383966e-09
1.520973342425175022e-09
1.445980870304666908e-09
1.374772673952392737e-09
1.307207651135561147e-09
1.243047459392164546e-09
1.182153467139157643e-09
1.124372601387243220e-09
1.069532792897690766e-09
1.017505355767344665e-09
9.681531774256649502e-10
9.213388315238493962e-10
8.769452004087282176e-10
8.348383815995775747e-10
7.949117148088997583e-10
7.570533664486284656e-10
7.211579136320676775e-10
6.871261789580697827e-10
6.548648571229584917e-10
6.242800681485689296e-10
5.952798660339161614e-10
5.677753472937864411e-10
5.416791233237027362e-10
5.169090064695397526e-10
4.933883877284881633e-10
4.710460487951955394e-10
4.498165844200396749e-10
4.296388970124891917e-10
4.104546644767973152e-10
3.922077762040376343e-10
3.748446128370070736e-10
3.583141475965061746e-10
3.425683575895471719e-10
3.275618241863814444e-10
3.132516222991516748e-10
2.995971010047225082e-10
2.865597686883136465e-10
2.741034144270270624e-10
2.621941281769701284e-10
2.508002473044159035e-10
2.398923641570942445e-10
2.294433033695490505e-10
2.194279338596231024e-10
2.098232192458702178e-10
2.006078626318531677e-10
1.917622240554851912e-10
1.832681993994904489e-10
1.751089186197364448e-10
1.672687445454891727e-10
1.597330303322279730e-10
1.524880425160270372e-10
1.455209216983820130e-10
1.388196744198993916e-10
1.323732263436481452e-10
1.261714228782598384e-10
1.202050103395659837e-10
1.144655233175075917e-10
1.089451964425752723e-10
1.036367963757704347e-10
9.853351923141087546e-11
9.362892320355976155e-11
8.891687213320855081e-11
8.439157387186900855e-11
8.004756471334308622e-11
7.587969375316132265e-11
7.188306643750791127e-11
6.805297668538975724e-11
6.438485162183834119e-11
6.087421618083241870e-11
5.751667980964487578e-11
5.430794539797969618e-11
5.124378915383899734e-11
4.832003593854546525e-11
4.553254275540550186e-11
4.287717957419437397e-11
4.034983076172791775e-11
3.794639591544262113e-11
3.566278758232653938e-11
3.349492815059789192e-11
3.143874935149209199e-11
2.949019932294328418e-11
2.764524760350232411e-11
2.589989142097675852e-11
2.425016074207425038e-11
2.269212668738208139e-11
2.122190895955777208e-11
1.983568386798774758e-11
1.852969237835918747e-11
1.730024770390592606e-11
1.614374267439507082e-11
1.505665590530800127e-11
1.403555835862571410e-11
1.307711829193933713e-11
1.217810622048854880e-11
1.133539827543240075e-11
1.054597953537665927e-11
9.806946012526174582e-12
9.115506245246251642e-12
8.468981539127469582e-12
7.864806079274624285e-12
7.300526106907092172e-12
6.773798753703711856e-12
6.282390416077666502e-12
5.824174907356692551e-12
5.397131073514242519e-12
4.999340243160775501e-12
4.628983580799456147e-12
4.284337549970450202e-12
3.963771609222745859e-12
3.665744467983557834e-12
3.388800621418290395e-12
3.131566639776797099e-12
2.892747890873315805e-12
2.671125380617877410e-12
2.465551984408315997e-12
2.274948926171702449e-12
2.098302551467850489e-12
1.934661012889934816e-12
1.783131052490996957e-12
1.642875192526110367e-12
1.513108670387299858e-12
1.393096484463856567e-12
1.282150707969822138e-12
1.179628068201037819e-12
1.084927150627603775e-12
9.974859680843095586e-13
9.167798727967042577e-13
8.423194102254958087e-13
7.736479207383153545e-13
7.103395886397226529e-13
6.519978933036167529e-13
5.982535959618762677e-13
5.487629232249338662e-13
5.032061516012110665e-13
4.612861415915130273e-13
4.227266697522226149e-13
3.872712644462712100e-13
3.546818313459266535e-13
3.247374450954283264e-13
2.972331758406936881e-13
2.719790572246405299e-13
2.487990306983264774e-13
2.275299959279086313e-13
2.080209749187567311e-13
1.901322110885133800e-13
1.737344948886515766e-13
1.587083571027317012e-13
1.449434696116898763e-13
1.323379512521333659e-13
1.207978147618046448e-13
1.102363770951235440e-13
1.005738206995581031e-13
9.173720602801631962e-14
8.365784298470143474e-14
7.627324366946089029e-14
6.952583356468422499e-14
6.336257319856781817e-14
5.773460204783631257e-14
5.259691711567847882e-14
4.790808851836602738e-14
4.363000343488030411e-14
3.972763111511611995e-14
3.616880447468618198e-14
3.292401366536405857e-14
2.996620878358127871e-14
2.727060964382508641e-14
2.481452308020692788e-14
2.257753430319476586e-14
2.054066174286035368e-14
1.868598915692807456e-14
1.699755661279645182e-14
1.546074570784781805e-14
1.406217010415353831e-14
1.278957776217041535e-14
1.163176259086611704e-14
1.057848357672467715e-14
9.620389263136970326e-15
8.749536303039519380e-15
7.957680928769141311e-15
7.237536088309055721e-15
6.582643084163498450e-15
5.987117964353329419e-15
5.445601642688065305e-15
4.953214109952872588e-15
4.506051016572942634e-15
4.099674128031335155e-15
3.730198772794694348e-15
3.394282986790487320e-15
3.088886493112568072e-15
2.811391877227013275e-15
2.559665432049201957e-15
2.330827657552451439e-15
2.122802811672789793e-15
1.933702776876610300e-15
1.762247574592888049e-15
1.606613977835073169e-15
1.465149350905799942e-15
1.336566694177591154e-15
1.220188814801123659e-15
1.114536352701123271e-15
1.018511156817811870e-15
9.314938305561425763e-16
8.527329347970922726e-16
7.811530497021559269e-16
7.163547474866115787e-16
6.577576159555150670e-16
6.045055351514481305e-16
5.565181184773581955e-16
5.130145875003302272e-16
4.736622938146891290e-16
4.381993868202851134e-16
4.060455540963619263e-16
3.772026417814585634e-16
3.510438626449118506e-16
3.276407358142551275e-16
3.064670417445738483e-16
2.875247450123159623e-16
2.704876333472208504e-16
2.551952901680625218e-16
2.415815375122815706e-16
2.293584639709369877e-16
2.184789831552446934e-16
2.088340543540373458e-16
2.002433594672668600e-16
1.926204810069257494e-16
