# bin_4_4
1.696295225712326224e-04
1.700142180250340776e-04
1.703754364768091036e-04
1.707102627514647071e-04
1.710198796935607092e-04
1.713021232561619711e-04
1.715573217846567250e-04
1.717839601477609991e-04
1.719821019191697668e-04
1.721502643003016797e-04
1.722886424820886501e-04
1.723956758216071104e-04
1.724715281260737394e-04
1.725149524035422301e-04
1.725257538870900490e-04
1.725030149571181567e-04
1.724464728340964026e-04
1.723552232890742547e-04
1.722291394071688673e-04
1.720672903343793995e-04
1.718696138290863053e-04
1.716353372350973565e-04
1.713642784681032529e-04
1.710559222267548501e-04
1.707100535240090879e-04
1.703261507582649978e-04
1.699041829464309451e-04
1.694437154693570154e-04
1.689447664446906466e-04
1.684070388362035695e-04
1.678305403211928688e-04
1.672151418810517384e-04
1.665609080052069977e-04
1.658678018316871638e-04
1.651360090036076188e-04
1.643655859019181847e-04
1.635568241799433724e-04
1.627098875526554250e-04
1.618251326409693783e-04
1.609028753010805163e-04
1.599435493752908476e-04
1.589475793767515662e-04
1.579155034471897072e-04
1.568478717836505022e-04
1.557453290737066188e-04
1.546085091983501322e-04
1.534381446829608604e-04
1.522349881582820135e-04
1.509998773368050344e-04
1.497336579747387240e-04
1.484372294765099940e-04
1.471115786211769677e-04
1.457576765140413408e-04
1.443765692695381264e-04
1.429693117940569150e-04
1.415370116831308187e-04
1.400808428107206825e-04
1.386019589745091465e-04
1.371015393949727662e-04
1.355808743164344638e-04
1.340411643369181509e-04
1.324837162837003471e-04
1.309097752649358154e-04
1.293206503388744024e-04
1.277177087488434791e-04
1.261022525326823806e-04
1.244755769684068654e-04
1.228391007157251147e-04
1.211940658662063612e-04
1.195418689574776958e-04
1.178837619614723478e-04
1.162210559069253675e-04
1.145551433721230693e-04
1.128872715958932009e-04
1.112186814296882480e-04
1.095507117763052334e-04
1.078844724249368431e-04
1.062212574371515777e-04
1.045621404655471047e-04
1.029082535984484319e-04
1.012608496278195316e-04
9.962094132460773746e-05
9.798955769745086933e-05
9.636779176486444051e-05
9.475646896967227168e-05
9.315665328839835399e-05
9.156909402362539631e-05
8.999461317737182588e-05
8.843421463372064153e-05
8.688855333317623388e-05
8.535834790034716694e-05
8.384433585259250081e-05
8.234697440386953599e-05
8.086705039530934158e-05
7.940491346942606414e-05
7.796102115296849066e-05
7.653608918578014004e-05
7.513036240212883502e-05
7.374422716893011477e-05
7.237803702638317060e-05
7.103188150550221024e-05
6.970630973226692010e-05
6.840125516369957494e-05
6.711682063178721379e-05
6.585347044096846964e-05
6.461106296745137078e-05
6.338971914327368423e-05
6.218943135274717857e-05
6.100996904724572463e-05
5.985174644704862853e-05
5.871432478539740925e-05
5.759752899052491128e-05
5.650164918488326574e-05
5.542621101858647591e-05
5.437118976222862050e-05
5.333628590881815814e-05
5.232102498368825731e-05
5.132580743079655401e-05
5.034988607338780077e-05
4.939293923815618739e-05
4.845516741382568444e-05
4.753581209971195212e-05
4.663485878325390212e-05
4.575180820223482159e-05
4.488600273706232327e-05
4.403796061108596153e-05
4.320670632173445759e-05
4.239188586209635971e-05
4.159367001278012035e-05
4.081109451927703458e-05
4.004428219936002876e-05
3.929258483930581135e-05
3.855524007167612706e-05
3.783296873339800988e-05
3.712462045656978122e-05
3.642993521270842215e-05
3.574904886345324750e-05
3.508090247571451001e-05
3.442583293909663218e-05
3.378308051361803515e-05
3.315184353911270073e-05
3.253307463535590107e-05
3.192548394254342492e-05
3.132898457048616383e-05
3.074366622813546511e-05
3.016843312067880769e-05
2.960390964198504526e-05
2.904922938928872160e-05
2.850361315662623603e-05
2.796822611559009240e-05
2.744166354133635845e-05
2.692405166991850831e-05
2.641541053474908275e-05
2.591464246346448112e-05
2.542270124479132485e-05
2.493860225060390387e-05
2.446164423676800274e-05
2.399313734384667584e-05
2.353158048305669845e-05
2.307733984981934019e-05
2.263034168850085610e-05
2.218953396828647108e-05
2.175617741922409749e-05
2.132914446314479402e-05
2.090784724983689962e-05
2.049365370697913406e-05
2.008502939893860409e-05
1.968259544213948219e-05
1.928615074930329037e-05
1.889469788079688908e-05
1.850972342367152428e-05
1.812998924815730335e-05
1.775508787015487309e-05
1.738632874075631948e-05
1.702218022547336013e-05
1.666348872048784222e-05
1.630995555658715037e-05
1.596066309741959365e-05
1.561718060894854912e-05
1.527820424877607684e-05
1.494357635558346197e-05
1.461444129853981737e-05
1.428930749240829042e-05
1.396919087189801548e-05
1.365374736734402477e-05
1.334212910365641742e-05
1.303586931751662950e-05
1.273370374864155905e-05
1.243568729493722594e-05
1.214271334501787688e-05
1.185348085538984162e-05
1.156903399037776183e-05
1.128900143247746987e-05
1.101270066159284450e-05
1.074148596612987864e-05
1.047419938733207251e-05
1.021109769667516621e-05
9.952718359483086411e-06
9.698064891667684906e-06
9.448006239101806880e-06
9.202157723393882834e-06
8.959973467882480612e-06
8.722481238381886334e-06
8.488667761380814982e-06
8.258838681365008992e-06
8.033241468593058256e-06
7.811154457962664091e-06
7.593269051100576974e-06
7.379252873782722240e-06
7.168786212343644909e-06
6.962632724989108072e-06
6.760073513706776819e-06
6.561471546000021706e-06
6.366964036268228832e-06
6.176121762017393819e-06
5.989480455422802357e-06
5.806785595498527575e-06
5.627884184215276974e-06
5.453245581671263243e-06
5.282365377824250835e-06
5.115510180983333740e-06
4.952679883067382326e-06
4.793585766043011035e-06
4.638523286085785501e-06
4.487261685905752698e-06
4.339707552296801623e-06
4.196059200969018990e-06
4.055976530538136117e-06
3.919596480511937888e-06
3.786848266358311310e-06
3.657548853187006452e-06
3.531808766072987177e-06
