# bin_4_1
4.346444069792762289e-05
4.363646354555296251e-05
4.380574725806922275e-05
4.397085526434679878e-05
4.413277136222776422e-05
4.429052757437470112e-05
4.444450135662983306e-05
4.459415266440654120e-05
4.473971478482920529e-05
4.488057403127681432e-05
4.501712652874168002e-05
4.514860594364345544e-05
4.527540602836306762e-05
4.539696269009440693e-05
4.551336255958774910e-05
4.562426329455615635e-05
4.572968887968001356e-05
4.582923849660184635e-05
4.592303888228572452e-05
4.601059259612673923e-05
4.609205521700419201e-05
4.616700338738092510e-05
4.623544870101704303e-05
4.629712737195717983e-05
4.635197453578181550e-05
4.639964470281825176e-05
4.644018408950223702e-05
4.647324228804446594e-05
4.649884965135958501e-05
4.651670225243004859e-05
4.652675668103799250e-05
4.652877534244467925e-05
4.652269351908652528e-05
4.650827667712853036e-05
4.648549363047242824e-05
4.645409342459911776e-05
4.641406301078227419e-05
4.636517139388589422e-05
4.630738705542226794e-05
4.624053004546040829e-05
4.616454801846477568e-05
4.607928105610698720e-05
4.598470271105672128e-05
4.588065586648532273e-05
4.576713735869738457e-05
4.564400405853542782e-05
4.551125601593436899e-05
4.536879149499109282e-05
4.521660954481682431e-05
4.505463538477169887e-05
4.488288986677431734e-05
4.470131677301968488e-05
4.450995738486293970e-05
4.430877928221452639e-05
4.409784504507445132e-05
4.387715313190146681e-05
4.364678314662893543e-05
4.340675881111338109e-05
4.315718349686863332e-05
4.289811186672190139e-05
4.262967441433508880e-05
4.235194920030701295e-05
4.206508570217994944e-05
4.176919895539934845e-05
4.146446761589394497e-05
4.115103385147286677e-05
4.082909399227725711e-05
4.049882797791198538e-05
4.016045428233709820e-05
3.981417664577043469e-05
3.946023904501128889e-05
3.909886466237419552e-05
3.873033974006162138e-05
3.835491020404620006e-05
3.797286940831563946e-05
3.758449973111922229e-05
3.719010514980784820e-05
3.678998765955181606e-05
3.638446930606200512e-05
3.597385805296361802e-05
3.555852189396149234e-05
3.513877636393993433e-05
3.471497885904947366e-05
3.428747676319265133e-05
3.385661817293533511e-05
3.342276353551083113e-05
3.298626485090819867e-05
3.254746437035023606e-05
3.210676298497262018e-05
3.166449092501750969e-05
3.122101701672698091e-05
3.077669194909216560e-05
3.033185153884230929e-05
2.988685843489544499e-05
2.944203470425145954e-05
2.899769752975108532e-05
2.855422068504892769e-05
2.811188920084023714e-05
2.767102345767277511e-05
2.723191849366438994e-05
2.679484425387774636e-05
2.636011640687007293e-05
2.592797161135792247e-05
2.549865035065738652e-05
2.507245450696341020e-05
2.464957672432432396e-05
2.423025359453179431e-05
2.381468194874541459e-05
2.340303125356031313e-05
2.299554484327736987e-05
2.259234488627867476e-05
2.219357168061584988e-05
2.179943725647852159e-05
2.141002099908085145e-05
2.102546918778924311e-05
2.064586816040379552e-05
2.027128118395745494e-05
1.990188200760409335e-05
1.953767566884780923e-05
1.917871256586539452e-05
1.882512064760688515e-05
1.847686894708121117e-05
1.813403450440769237e-05
1.779660689267831755e-05
1.746455478398195558e-05
1.713800782206214497e-05
1.681687216314295863e-05
1.650113191694491059e-05
1.619084908351871061e-05
1.588590265134791476e-05
1.558633049684889541e-05
1.529204342541431490e-05
1.500294060445332047e-05
1.471913686432849560e-05
1.444046242278104010e-05
1.416686929987367336e-05
1.389836969477732400e-05
1.363478428285138568e-05
1.337614227209058822e-05
1.312229628708007797e-05
1.287310236668101613e-05
1.262868692364097863e-05
1.238882567780237033e-05
1.215346839454369022e-05
1.192259389932530469e-05
1.169599012558917916e-05
1.147371249215585061e-05
1.125557108539573919e-05
1.104140371926744844e-05
1.083136788696904036e-05
1.062520005737696103e-05
1.042286930813939179e-05
1.022433085466373840e-05
1.002935843609472587e-05
9.838065988385133765e-06
9.650228967476581494e-06
9.465685496682597349e-06
9.284632005643341811e-06
9.106771534393079263e-06
8.932110264283957168e-06
8.760583989602452050e-06
8.591967935392998202e-06
8.426455843258520953e-06
8.263782556465990318e-06
8.103794332653638813e-06
7.946727719123110250e-06
7.792262441128374980e-06
7.640461471836109235e-06
7.491234407967685523e-06
7.344356269250554054e-06
7.200108939884705823e-06
7.058186288448613056e-06
6.918458945337158458e-06
6.781191590954104436e-06
6.646036193815330073e-06
6.513127500372128434e-06
6.382352457398436561e-06
6.253483910813851920e-06
6.126879544906563338e-06
6.002189739078046510e-06
5.879335752683143791e-06
5.758590958091492937e-06
5.639570190308939851e-06
5.522492641418571441e-06
5.407230692156272955e-06
5.293543495530863637e-06
5.181848807564392243e-06
5.071768601974360005e-06
4.963279377991270404e-06
4.856635073515933564e-06
4.751442126478269184e-06
4.647985482626983814e-06
4.546118162915412226e-06
4.445608858760473799e-06
4.346894823315652130e-06
4.249579459550439347e-06
4.153708958222156652e-06
4.059469649892038525e-06
3.966504471270849659e-06
3.875116474575779760e-06
3.785147093503393400e-06
3.696391384391018750e-06
3.609263531547137820e-06
3.523378743926661755e-06
3.438840240480009625e-06
3.355770124067823369e-06
3.273869251931527087e-06
3.193442478088442868e-06
3.114329221661005449e-06
3.036377348608296973e-06
2.959946091532933477e-06
2.884694077774942500e-06
2.810758615473439917e-06
2.738204768440781790e-06
2.666796779099306030e-06
2.596810841402073521e-06
2.528085640892469053e-06
2.460517948451166045e-06
2.394377397293846276e-06
2.329368961547154957e-06
2.265619443467440081e-06
2.203129704094411027e-06
2.141707118359582380e-06
2.081560691849131396e-06
2.022529023238298792e-06
1.964550241676615450e-06
1.907813201952135866e-06
1.852105818687805526e-06
1.797563733706327433e-06
1.744189477396650083e-06
1.691874744894874346e-06
1.640794779348650449e-06
