# bin_2_2
5.205025597756635780e-05
5.227704080137317256e-05
5.250083704895081168e-05
5.272009395695237671e-05
5.293578735257536370e-05
5.314686322925259420e-05
5.335368615131737974e-05
5.355562953291491770e-05
5.375288783120541435e-05
5.394478001972830288e-05
5.413165182265020406e-05
5.431265672980593759e-05
5.448813606623490287e-05
5.465744966517834490e-05
5.482063673486083490e-05
5.497726328214060836e-05
5.512728469436328104e-05
5.527023390383334540e-05
5.540616493986850338e-05
5.553449248475841914e-05
5.565530179135775451e-05
5.576809933023297520e-05
5.587280303829758469e-05
5.596905344911361679e-05
5.605671952811066351e-05
5.613541838248961341e-05
5.620508387113138879e-05
5.626527820619746346e-05
5.631596122959339729e-05
5.635674320757089856e-05
5.638747997739269104e-05
5.640787064434383500e-05
5.641777261462294660e-05
5.641688873432290017e-05
5.640511314387760118e-05
5.638211279407614546e-05
5.634781242714167533e-05
5.630192328956337656e-05
5.624433150822348614e-05
5.617481457881304041e-05
5.609325677422761272e-05
5.599944795352623209e-05
5.589331598704180479e-05
5.577465914755824972e-05
5.564343132583860743e-05
5.549946888373292510e-05
5.534272819479521397e-05
5.517309702248897595e-05
5.499055189130216975e-05
5.479500984526734195e-05
5.458648451829432348e-05
5.436492335576195728e-05
5.413037445834560939e-05
5.388282404988853044e-05
5.362234254105940320e-05
5.334896646626759593e-05
5.306279958875511905e-05
5.276391299009697901e-05
5.245245146595601485e-05
5.212852848715509300e-05
5.179232535812111588e-05
5.144399147574227490e-05
5.108373811793679245e-05
5.071176214353414487e-05
5.032831739983826771e-05
4.993363826280480247e-05
4.952800547581789632e-05
4.911169839868598800e-05
4.868503094616560508e-05
4.824831251458954048e-05
4.780188884462509790e-05
4.734609856773600148e-05
4.688133436425256077e-05
4.640796115910954890e-05
4.592638358961685099e-05
4.543700586577727733e-05
4.494024488396168045e-05
4.443652720256762546e-05
4.392629009191666037e-05
4.340996759678820570e-05
4.288803979050684730e-05
4.236094955110418958e-05
4.182916535646725661e-05
4.129315695397247564e-05
4.075338244487381910e-05
4.021032011206831185e-05
3.966442778812538341e-05
3.911616486609125447e-05
3.856603066790589423e-05
3.801446876734244684e-05
3.746194119566764665e-05
3.690890229041177194e-05
3.635577803369653758e-05
3.580302643046906274e-05
3.525105198768950168e-05
3.470026394435582934e-05
3.415110953307974861e-05
3.360395849724942850e-05
3.305919846557553351e-05
3.251719847140293462e-05
3.197829013764301426e-05
3.144285301664603534e-05
3.091117796994210371e-05
3.038356462682205664e-05
2.986036024988079115e-05
2.934181036403712029e-05
2.882818711854154335e-05
2.831972852840813714e-05
2.781663553047907561e-05
2.731918508430536532e-05
2.682752184451476336e-05
2.634181361632645263e-05
2.586228873466520941e-05
2.538904827352578852e-05
2.492224347406648611e-05
2.446197091264211545e-05
2.400829559580200422e-05
2.356140026646477901e-05
2.312128264495191528e-05
2.268799193008046096e-05
2.226164884779079957e-05
2.184221554619544028e-05
2.142975061690072870e-05
2.102422752589607364e-05
2.062559382813094493e-05
2.023397400315425103e-05
1.984924406394348619e-05
1.947136699011619041e-05
1.910038409624737515e-05
1.873614578819383220e-05
1.837866115330112943e-05
1.802780693215384294e-05
1.768344665794209134e-05
1.734569133173847276e-05
1.701432625357186088e-05
1.668927471720616963e-05
1.637052542839295777e-05
1.605785791705961730e-05
1.575127778622366240e-05
1.545059310083920286e-05
1.515561726921134749e-05
1.486648725636372550e-05
1.458292341338794520e-05
1.430484915988102941e-05
1.403222251051151876e-05
1.376478283120032413e-05
1.350258102243237823e-05
1.324537516912836645e-05
1.299295765442345365e-05
1.274551947833585356e-05
1.250273068656608090e-05
1.226454396340025142e-05
1.203089642508235228e-05
1.180150698723429317e-05
1.157651533225998931e-05
1.135563586382463266e-05
1.113866051024159484e-05
1.092584456011505114e-05
1.071680998754126628e-05
1.051156399438121132e-05
1.031002487137075869e-05
1.011190768456042499e-05
9.917468521416707990e-06
9.726366258060997337e-06
9.538401555293185045e-06
9.353892651751693512e-06
9.172423098789988014e-06
8.994081925027714463e-06
8.818756269700132693e-06
8.646154091508439916e-06
8.476655369274433460e-06
8.309861507086163652e-06
8.145605264087858518e-06
7.984246484288249753e-06
7.825324965644441400e-06
7.669029772491615140e-06
7.515219057091236935e-06
7.363594114855486056e-06
7.214635784861515227e-06
7.067886364291130095e-06
6.923247234681606649e-06
6.781087623621786414e-06
6.640897185517858660e-06
6.502976154243076366e-06
6.367163308207355455e-06
6.233143044699935888e-06
6.101468827960676441e-06
5.971647576820900633e-06
5.843654325604927073e-06
5.717825580852061526e-06
5.593645755720682066e-06
5.471494029365967663e-06
5.351184266231569491e-06
5.232418764415857563e-06
5.115766881044496160e-06
5.000719723349529743e-06
4.887346192906927967e-06
4.775891756540881825e-06
4.665903182977977868e-06
4.557777824362419810e-06
4.451321640560198572e-06
4.346280052878595362e-06
4.243183946517926219e-06
4.141548928711772480e-06
4.041513611146158612e-06
3.943234211071400121e-06
3.846335159505695695e-06
3.751200289721925191e-06
3.657628157619586709e-06
3.565425668613525161e-06
3.475034336930850049e-06
3.386020172739734807e-06
3.298546680094040331e-06
3.212680323393501490e-06
3.128112247249932551e-06
3.045165827744713379e-06
2.963629777415698155e-06
2.883371597527912001e-06
2.804724594513306280e-06
2.727343162623946701e-06
2.651411581934065703e-06
2.576963913759312860e-06
2.503799392199253468e-06
2.432199061500678703e-06
2.361990028041309200e-06
2.293108481241512671e-06
2.225776053177472665e-06
2.159724746236828324e-06
2.095098649375802402e-06
2.031879823170018306e-06
1.969922396271021224e-06
1.909420128150666881e-06
