# bin_4_2
8.418836018777783869e-05
8.449952837533398315e-05
8.480329991560002609e-05
8.509772736411013361e-05
8.538383873894891864e-05
8.566025980613193355e-05
8.592732941189392705e-05
8.618416096870495891e-05
8.643088510156728545e-05
8.666658107152031378e-05
8.689152346988391370e-05
8.710463498284862151e-05
8.730617458354196644e-05
8.749529811057068162e-05
8.767193941719364709e-05
8.783548642822799402e-05
8.798578097882302619e-05
8.812219045312173272e-05
8.824466134368511483e-05
8.835245149593796423e-05
8.844554365935028341e-05
8.852330602847501462e-05
8.858555229253761048e-05
8.863180606510330853e-05
8.866183763339772605e-05
8.867516278320750056e-05
8.867163128691284580e-05
8.865072022529227444e-05
8.861231991452330999e-05
8.855597592414569052e-05
8.848148538932208772e-05
8.838850681572992202e-05
8.827685568560933026e-05
8.814621512477056962e-05
8.799645913851471312e-05
8.782725853054896322e-05
8.763854035599295930e-05
8.743004342410057306e-05
8.720167601679074424e-05
8.695327130562207133e-05
8.668476064959021552e-05
8.639601399010627823e-05
8.608703139445207870e-05
8.575772182171765797e-05
8.540813724150991089e-05
8.503824882171661618e-05
8.464813574931432988e-05
8.423784786770932337e-05
8.380751489803437153e-05
8.335723984307211491e-05
8.288721017188601975e-05
8.239759318062671940e-05
8.188863352548272424e-05
8.136055662886574192e-05
8.081365273428925411e-05
8.024821690259920201e-05
7.966460376597535461e-05
7.906315923198646784e-05
7.844428819835445974e-05
7.780841000034083180e-05
7.715597705022870308e-05
7.648745436743346329e-05
7.580333946518368429e-05
7.510414915689018567e-05
7.439045070702634480e-05
7.366280112700066246e-05
7.292178624353093603e-05
7.216803052450657845e-05
7.140214608277981620e-05
7.062478483859947189e-05
6.983659324408046079e-05
6.903823763278538260e-05
6.823043447690368924e-05
6.741386310734851786e-05
6.658922398444279151e-05
6.575724764474580233e-05
6.491862047210959525e-05
6.407408269612334265e-05
6.322432979858402108e-05
6.237007593060422581e-05
6.151208315681033908e-05
6.065104701401891139e-05
5.978767291946329048e-05
5.892268771621522250e-05
5.805674377845769545e-05
5.719056236026351950e-05
5.632477381510923701e-05
5.546003099286556928e-05
5.459703927642851038e-05
5.373639818216872363e-05
5.287871820745854341e-05
5.202461261251215289e-05
5.117460274485749911e-05
5.032930374965106105e-05
4.948918809104418433e-05
4.865475833789596982e-05
4.782658311086550714e-05
4.700508115039307450e-05
4.619069734970118762e-05
4.538385882248557608e-05
4.458489740756512793e-05
4.379427636909305108e-05
4.301225342578220503e-05
4.223913076401079159e-05
4.147530756726931328e-05
4.072098531900966809e-05
3.997642365201389266e-05
3.924183302360187295e-05
3.851733946005069670e-05
3.780326139457536127e-05
3.709962925112912679e-05
3.640654914733703609e-05
3.572425895512342263e-05
3.505274554297207372e-05
3.439211223904319254e-05
3.374236788014868332e-05
3.310345382163031790e-05
3.247558772234843263e-05
3.185859551351227401e-05
3.125243565826825486e-05
3.065722355792197245e-05
3.007275641347464810e-05
2.949904858962278345e-05
2.893595192859699022e-05
2.838326203229533934e-05
2.784116615495958603e-05
2.730933289034595036e-05
2.678763370742610623e-05
2.627610821794030603e-05
2.577441054080847917e-05
2.528253924370047330e-05
2.480022920472557923e-05
2.432718128784146135e-05
2.386361880653039205e-05
2.340909562461138780e-05
2.296346850000425052e-05
2.252672996549533131e-05
2.209845247032699115e-05
2.167868280238683713e-05
2.126707338261697060e-05
2.086327507618532023e-05
2.046759448482286564e-05
2.007950020043391769e-05
1.969888865240368775e-05
1.932572371234983979e-05
1.895953474975654957e-05
1.860048118851445053e-05
1.824814945590049446e-05
1.790217742922136577e-05
1.756297978717129618e-05
1.722995374634042585e-05
1.690307172937502748e-05
1.658227089639813251e-05
1.626705956697511337e-05
1.595776255571939835e-05
1.565390014567399614e-05
1.535512488250869326e-05
1.506195585832029759e-05
1.477371922122590777e-05
1.449049481958876790e-05
1.421218713137250483e-05
1.393830551886904472e-05
1.366936374436216474e-05
1.340479515326257223e-05
1.314428180510477421e-05
1.288842663601836937e-05
1.263650355158958990e-05
1.238873186362320760e-05
1.214496113890124478e-05
1.190469843157577451e-05
1.166863569985273388e-05
1.143612214672102848e-05
1.120690789633156773e-05
1.098163094038084891e-05
1.075951444422073800e-05
1.054092953604085552e-05
1.032567722794270083e-05
1.011326956649784123e-05
9.904519890054303008e-06
9.698701706647827779e-06
9.495686530866076408e-06
9.296088468218377711e-06
9.099084998018098393e-06
8.905195955179740953e-06
8.714193593916837234e-06
8.525586314261485280e-06
8.340250295476998358e-06
8.157431816577924048e-06
7.977121338735486690e-06
7.799844341637720166e-06
7.624813955012212675e-06
7.452630688522894567e-06
7.283035571065085112e-06
7.115590482426163551e-06
6.951142052134280032e-06
6.788946130217240834e-06
6.629129952440324996e-06
6.472051894860345370e-06
6.317061817585632573e-06
6.164741586179506935e-06
6.014833298912740549e-06
5.866985369787478568e-06
5.721940686619739918e-06
5.579026238832250490e-06
5.438452827970875711e-06
5.300427257168444557e-06
5.164434047232400005e-06
5.030981863836903860e-06
4.899799629988091361e-06
4.770623090913155110e-06
4.644018171949511102e-06
4.519406219417177375e-06
4.397009929165453822e-06
4.276909358617269266e-06
4.158713865247628698e-06
4.042833363789596988e-06
3.929016874888961081e-06
3.817113675272412575e-06
3.707540468081899531e-06
3.599883031372142233e-06
3.494386993786144079e-06
3.391099013633767565e-06
3.289788326396818460e-06
3.190784264438548024e-06
3.093891236042261553e-06
2.999039713501672162e-06
2.906474316143137601e-06
2.815884059817013140e-06
2.727431285625908870e-06
2.641085768887894712e-06
2.556680056791633696e-06
2.474406282587112522e-06
