# bin_4_3
1.367193294473204338e-04
1.370977177322127525e-04
1.374593825861868384e-04
1.378017329257634331e-04
1.381258869518790311e-04
1.384299753567036051e-04
1.387143364478664071e-04
1.389776547651922953e-04
1.392199969391399073e-04
1.394400849495426326e-04
1.396381401687571693e-04
1.398127474309572777e-04
1.399640764608825916e-04
1.400910123583931285e-04
1.401933974833049145e-04
1.402703853991730349e-04
1.403217179870033750e-04
1.403465722479715710e-04
1.403448257681754472e-04
1.403155570484570180e-04
1.402586961248005013e-04
1.401734917141694641e-04
1.400597151070620485e-04
1.399168047966334360e-04
1.397445118857654873e-04
1.395423242855546944e-04
1.393100967693529943e-04
1.390472670228000288e-04
1.387537898537300059e-04
1.384292540423661896e-04
1.380735621420454550e-04
1.376864486857245432e-04
1.372678235730849180e-04
1.368174991934514558e-04
1.363355010797925827e-04
1.358216717760791809e-04
1.352761341735059209e-04
1.346988374667312609e-04
1.340899175233610497e-04
1.334494664450079193e-04
1.327776818419249005e-04
1.320747311618198738e-04
1.313409181380851718e-04
1.305764920022629101e-04
1.297818481632445631e-04
1.289573310022643809e-04
1.281033873870127842e-04
1.272204778995561286e-04
1.263091406917438587e-04
1.253699106171225449e-04
1.244034036678794586e-04
1.234102611557297312e-04
1.223911781736817964e-04
1.213468633667460155e-04
1.202780719822722370e-04
1.191855975128322943e-04
1.180702992666543582e-04
1.169330258711919211e-04
1.157746630946182830e-04
1.145961689308619462e-04
1.133984749443889669e-04
1.121825753688851225e-04
1.109494517626896328e-04
1.097001224985142857e-04
1.084356761615683739e-04
1.071571485450290918e-04
1.058655977659756788e-04
1.045621588713369500e-04
1.032478718980470162e-04
1.019238762562309252e-04
1.005912312631386979e-04
9.925103849526051617e-05
9.790446654624990566e-05
9.655258368939826719e-05
9.519646608820615818e-05
9.383725794716392995e-05
9.247595222536398706e-05
9.111366986220385280e-05
8.975138523616688871e-05
8.839011220644766426e-05
8.703095358447087923e-05
8.567484414994118490e-05
8.432273183682253059e-05
8.297560472525573514e-05
8.163426835780938809e-05
8.029968825800180420e-05
7.897261198253812059e-05
7.765383431916136208e-05
7.634427215652270021e-05
7.504459856286239668e-05
7.375552355354220938e-05
7.247776462131816963e-05
7.121184170110432922e-05
6.995849443530729561e-05
6.871815467737453454e-05
6.749132332846474530e-05
6.627867435641174028e-05
6.508054834232378423e-05
6.389737404900922946e-05
6.272955039409470947e-05
6.157728489230103106e-05
6.044109766044869719e-05
5.932107124249510848e-05
5.821740105445730542e-05
5.713052675785201519e-05
5.606045795268095312e-05
5.500737521585563622e-05
5.397136274812874439e-05
5.295234246985645296e-05
5.195068118257486708e-05
5.096613775931824815e-05
4.999865205446096751e-05
4.904848355248409394e-05
4.811534902971924596e-05
4.719926738934931629e-05
4.630005984583935105e-05
4.541742055339706132e-05
4.455165882032436616e-05
4.370226203058526134e-05
4.286901516021994799e-05
4.205206934493922472e-05
4.125089186016452997e-05
4.046546432845096638e-05
3.969542126285847099e-05
3.894028616196619670e-05
3.820042281862105109e-05
3.747511657540415861e-05
3.676409432442202086e-05
3.606745784641329409e-05
3.538449232554410749e-05
3.471525193339760777e-05
3.405923401357110135e-05
3.341586005769643891e-05
3.278563129457678644e-05
3.216768180574838696e-05
3.156178647497311698e-05
3.096801031027292516e-05
3.038554717201084063e-05
2.981460038431815455e-05
2.925456676881859887e-05
2.870482325298638265e-05
2.816604917972695245e-05
2.763725933435546303e-05
2.711834781836421196e-05
2.660934431219277976e-05
2.610940097677576317e-05
2.561894414308704977e-05
2.513727925342713150e-05
2.466378938428289599e-05
2.419933382341983113e-05
2.374282574216576977e-05
2.329431905391554804e-05
2.285379411068779717e-05
2.242038973276233062e-05
2.199480578973068580e-05
2.157624762237777706e-05
2.116414799117556417e-05
2.075950579448054687e-05
2.036114074314433257e-05
1.996929822689119183e-05
1.958389103602086148e-05
1.920408114731286261e-05
1.883084109682382274e-05
1.846325017951074701e-05
1.810081826151934602e-05
1.774462309939978975e-05
1.739343501744205936e-05
1.704771624899794195e-05
1.670728055490223459e-05
1.637131634255453770e-05
1.604101636389465948e-05
1.571535329943016867e-05
1.539397264692761246e-05
1.507793874809043309e-05
1.476599444954341678e-05
1.445880810975504945e-05
1.415611393099522751e-05
1.385714614883826019e-05
1.356320587209402587e-05
1.327318978326253207e-05
1.298694638642559217e-05
1.270543433537965465e-05
1.242739514114485774e-05
1.215366834800274031e-05
1.188394796853576294e-05
1.161750611284807002e-05
1.135565261539528839e-05
1.109729361050167553e-05
1.084245786486797202e-05
1.059191453809735053e-05
1.034453211111771718e-05
1.010120313795974656e-05
9.861589876260073702e-06
9.625086436000238757e-06
9.392882404783588072e-06
9.163953855325171561e-06
8.938516601304602818e-06
8.717058574597407058e-06
8.498701550679739234e-06
8.284233906598384084e-06
8.073319757964462893e-06
7.865481199535333717e-06
7.661666317403460801e-06
7.460967039784004998e-06
7.263655366943890840e-06
7.069962150952866528e-06
6.879218861928657964e-06
6.692057848828162152e-06
6.508157647825093947e-06
6.327207325897126853e-06
6.149910285681728662e-06
5.975575847258255435e-06
5.804515721177004298e-06
5.636843518097583773e-06
5.472131777747488000e-06
5.310884307339590100e-06
5.152846363846474511e-06
4.997867154231937213e-06
4.846414526735404439e-06
4.698008412310934124e-06
4.552917930280658957e-06
4.411163813775225864e-06
4.272475606607717329e-06
4.137175264028625497e-06
4.005046003418052998e-06
3.876008274486146066e-06
3.750292746920820167e-06
3.627568342684729091e-06
3.507992792651967425e-06
3.391513767520438344e-06
3.277952695472103372e-06
3.167456843702080621e-06
