# bin_3_1
3.831560639649426520e-05
3.847968126644220777e-05
3.864181189890209060e-05
3.880059524195158220e-05
3.895699078678413664e-05
3.911008646717820841e-05
3.926027631125708482e-05
3.940702716424720792e-05
3.955056890124775815e-05
3.969032969855732911e-05
3.982671701345312195e-05
3.995897997680421964e-05
4.008750521002019194e-05
4.021175672507732623e-05
4.033184543593342311e-05
4.044742543704343065e-05
4.055852279411829918e-05
4.066476484293414691e-05
4.076629179974271668e-05
4.086259313902153718e-05
4.095383993417936366e-05
4.103962893311576980e-05
4.111996561000940857e-05
4.119456831117801010e-05
4.126339552107077775e-05
4.132615734761017835e-05
4.138286726037513231e-05
4.143312944291392192e-05
4.147700733228199444e-05
4.151418770062093825e-05
4.154464011434664731e-05
4.156812025232810705e-05
4.158455088218846509e-05
4.159369813336579401e-05
4.159553260079650467e-05
4.158977256832093985e-05
4.157641719595182655e-05
4.155522078800398642e-05
4.152613355400921650e-05
4.148897032460009476e-05
4.144366658447278928e-05
4.139004134636178807e-05
4.132806754044752681e-05
4.125755200566450729e-05
4.117848785600557063e-05
4.109071296267368225e-05
4.099420236374631886e-05
4.088883878279007001e-05
4.077460114716907125e-05
4.065138527609951755e-05
4.051920115153323135e-05
4.037795265869245485e-05
4.022767489591610291e-05
4.006829633248776008e-05
3.989985354686552329e-05
3.972231879044845626e-05
3.953574645345368842e-05
3.934013142101970285e-05
3.913554860869516511e-05
3.892201474453691503e-05
3.869963637428946296e-05
3.846845471301217585e-05
3.822859375781697546e-05
3.798012650006755422e-05
3.772320678766987779e-05
3.745793449716415774e-05
3.718448066709891203e-05
3.690297994883446746e-05
3.661362530240222724e-05
3.631657741163791495e-05
3.601205094323755711e-05
3.570023169522246333e-05
3.538137050921812647e-05
3.505567342957101426e-05
3.472340257940131279e-05
3.438480024315388893e-05
3.404013998130734725e-05
3.368968464621500145e-05
3.333372696670695281e-05
3.297253808192836781e-05
3.260645090068157824e-05
3.223574756053237641e-05
3.186075633568829607e-05
3.148178659659296112e-05
3.109916339490084866e-05
3.071321048568343695e-05
3.032425817943496703e-05
2.993262016254344746e-05
2.953866445938845494e-05
2.914269891782967118e-05
2.874506916936410108e-05
2.834609801683567166e-05
2.794610882424721399e-05
2.754543361082415829e-05
2.714438453862874929e-05
2.674326035041315534e-05
2.634241104782927779e-05
2.594211113689898649e-05
2.554266891634851059e-05
2.514436436568363647e-05
2.474746548630140923e-05
2.435226558416314814e-05
2.395900519723055027e-05
2.356791918708859578e-05
2.317929438251885627e-05
2.279332624270921228e-05
2.241024825344919405e-05
2.203025509036526787e-05
2.165352627218647503e-05
2.128028808403473573e-05
2.091067952060079348e-05
2.054484579360137369e-05
2.018299023153648564e-05
1.982520777897199020e-05
1.947164642535038895e-05
1.912240130286130369e-05
1.877755383034164738e-05
1.843726304418733642e-05
1.810156150148041468e-05
1.777050921377954540e-05
1.744422940526683109e-05
1.712271663430419872e-05
1.680604933989160641e-05
1.649423226757205962e-05
1.618725863604303890e-05
1.588524080827701681e-05
1.558811912108985421e-05
1.529588840592208232e-05
1.500860743979741562e-05
1.472618657257580339e-05
1.444866104198958252e-05
1.417596120028934408e-05
1.390801291737883107e-05
1.364490921280456310e-05
1.338651855627117383e-05
1.313280015653807260e-05
1.288376478479235649e-05
1.263926566736407289e-05
1.239932388375952634e-05
1.216381385094974709e-05
1.193261798649408589e-05
1.170583571202482798e-05
1.148328294517614060e-05
1.126491114342453609e-05
1.105069908417416987e-05
1.084046636128680203e-05
1.063425311262555515e-05
1.043189299276854265e-05
1.023324756279944671e-05
1.003844308429733176e-05
9.847256688375428875e-06
9.659653134875861353e-06
9.475589254151716885e-06
9.294868172943913077e-06
9.117580883538401208e-06
8.943528126904968061e-06
8.772567812554160507e-06
8.604862760932465530e-06
8.440156408138667281e-06
8.278444775627060730e-06
8.119667330134180418e-06
7.963625363338880169e-06
7.810482767192948039e-06
7.660002016065118241e-06
7.512045026326368458e-06
7.366814192280994022e-06
7.224028168115926942e-06
7.083734069621674181e-06
6.945847925254517042e-06
6.810168079482314504e-06
6.676941254442586058e-06
6.545890949263886730e-06
6.416898621263746050e-06
6.290196399673301088e-06
6.165473908519980285e-06
6.042844895014610359e-06
5.922204780689231344e-06
5.803347545715093144e-06
5.686593131126194009e-06
5.571623221177619000e-06
5.458363855683160001e-06
5.347059359958484353e-06
5.237361505285927454e-06
5.129463916113414905e-06
5.023248322232841932e-06
4.918493981173537232e-06
4.815580469140983009e-06
4.714160697023666685e-06
4.614210471150157115e-06
4.515959736295904285e-06
4.419048040866020195e-06
4.323732721175703647e-06
4.229876821906602688e-06
4.137266409949855745e-06
4.046304695459161632e-06
3.956626168208345968e-06
3.868273245934725548e-06
3.781419367629830375e-06
3.695736703231538451e-06
3.611506090165404705e-06
3.528580485080817341e-06
3.446769062835337095e-06
3.366457509964191792e-06
3.287285966144477114e-06
3.209347462307173885e-06
3.132753568409785239e-06
3.057222832807539564e-06
2.983038099730545054e-06
2.910046501056816536e-06
2.838103179761935968e-06
2.767545900731378043e-06
2.698052242690832266e-06
2.629749613299702146e-06
2.562698683547013486e-06
2.496676693392706293e-06
2.431945512584397982e-06
2.368352590534506404e-06
2.305800547472051872e-06
2.244549112892677567e-06
2.184319792424615711e-06
2.125235626697013942e-06
2.067300500004594945e-06
2.010333291868095907e-06
1.954537389989398945e-06
1.899759233761821045e-06
1.845939285406080590e-06
1.793260851689403314e-06
1.741518437602324323e-06
1.690841523809082838e-06
1.641231178034621067e-06
1.592581401426723325e-06
1.545062987773178161e-06
