# bin_1_1
1.817946437127723706e-05
1.826730853068930167e-05
1.835494946950674423e-05
1.844142395157406759e-05
1.852761431903827681e-05
1.861267340494660610e-05
1.869691434524869007e-05
1.878011863056267892e-05
1.886250237828181737e-05
1.894364189496231150e-05
1.902393981941112079e-05
1.910286276451492204e-05
1.918076402820129036e-05
1.925730493179745234e-05
1.933259505130726050e-05
1.940643305315854230e-05
1.947891243410819403e-05
1.954978085890968312e-05
1.961919242086907714e-05
1.968683513491896033e-05
1.975287534275350180e-05
1.981705386223022789e-05
1.987943245321519600e-05
1.993983374625129889e-05
1.999828981447231079e-05
2.005460080307128616e-05
2.010882638918609015e-05
2.016074408492092321e-05
2.021041396830653480e-05
2.025764390014693251e-05
2.030243782943187214e-05
2.034465406255039080e-05
2.038427269509358397e-05
2.042110794685372265e-05
2.045518824860613930e-05
2.048633038636521833e-05
2.051455031240424163e-05
2.053968840864134489e-05
2.056170717748519243e-05
2.058048967450363241e-05
2.059598331739987513e-05
2.060806952611918250e-05
2.061671402693057597e-05
2.062177909416577307e-05
2.062324745645333410e-05
2.062097890090994263e-05
2.061495063594183855e-05
2.060504847332564102e-05
2.059123384682548914e-05
2.057339380138595829e-05
2.055150761379641517e-05
2.052547037154131210e-05
2.049526432179556019e-05
2.046078468820941977e-05
2.042201594900533931e-05
2.037887679353842901e-05
2.033134654222007960e-05
2.027935773774062832e-05
2.022289854661193343e-05
2.016191251187794139e-05
2.009639579490555633e-05
2.002630205895241619e-05
1.995164118448652642e-05
1.987237995149615072e-05
1.978853199875927246e-05
1.970008411341027559e-05
1.960706062788814398e-05
1.950945951544688181e-05
1.940732265732375041e-05
1.930066021402837689e-05
1.918952387868154668e-05
1.907394336214557700e-05
1.895398250283904159e-05
1.882968735563810749e-05
1.870113369324684797e-05
1.856838408674567364e-05
1.843152864156164433e-05
1.829064169362486488e-05
1.814582743731234200e-05
1.799717212903190460e-05
1.784480022565460071e-05
1.768881110456991298e-05
1.752933601608357359e-05
1.736649039127876877e-05
1.720041232482437049e-05
1.703123154105197018e-05
1.685909458984960352e-05
1.668413735944842576e-05
1.650652498639460137e-05
1.632639919965086036e-05
1.614392523323562262e-05
1.595925686367499096e-05
1.577255818036619003e-05
1.558399172163086520e-05
1.539372434564819980e-05
1.520191289871309255e-05
1.500874154565951363e-05
1.481436338339636889e-05
1.461895263534150288e-05
1.442266881614719776e-05
1.422567485562247008e-05
1.402813758486851154e-05
1.383021304724360896e-05
1.363205043612646253e-05
1.343382183699174857e-05
1.323566465831845102e-05
1.303773353822241309e-05
1.284016553316074538e-05
1.264309668455719813e-05
1.244667379422441227e-05
1.225101794296668415e-05
1.205624821932322987e-05
1.186250442326748621e-05
1.166988690449543528e-05
1.147851478870970111e-05
1.128848561295668762e-05
1.109989365889970557e-05
1.091285381012240230e-05
1.072744102290141493e-05
1.054373436049079172e-05
1.036183404194441862e-05
1.018179348188343084e-05
1.000369359826902984e-05
9.827586773866145317e-06
9.653521842406262643e-06
9.481581740338904053e-06
9.311793420049735865e-06
9.144196878391686194e-06
8.978851683704705875e-06
8.815765251960411476e-06
8.654983615963876588e-06
8.496515213405990419e-06
8.340366984184168994e-06
8.186596432556408610e-06
8.035187144604905731e-06
7.886147825618870994e-06
7.739502035207220730e-06
7.595219078514544243e-06
7.453319977045115736e-06
7.313775356876571670e-06
7.176559119706485269e-06
7.041714396739720629e-06
6.909189933117408579e-06
6.778974764789928695e-06
6.651065397880271676e-06
6.525403898475173391e-06
6.402002555347178394e-06
6.280802831312333942e-06
6.161757232133726913e-06
6.044907401362963344e-06
5.930175777946085934e-06
5.817543598487457894e-06
5.706988626340939004e-06
5.598436326410171790e-06
5.491908839869652404e-06
5.387325802166438022e-06
5.284628844843813589e-06
5.183868308389648133e-06
5.084945302106799439e-06
4.987844703528660342e-06
4.892531689339760402e-06
4.798924874970915896e-06
4.707072370032485980e-06
4.616872672235684138e-06
4.528262400932908001e-06
4.441308221375460280e-06
4.355895806615206291e-06
4.272026641848699382e-06
4.189653507190949921e-06
4.108690034402065574e-06
4.029221756128536444e-06
3.951126839041096145e-06
3.874345398275620335e-06
3.798961544522251942e-06
3.724843998107829456e-06
3.652022833658548278e-06
3.580440827556617994e-06
3.510006599815333341e-06
3.440845517502138913e-06
3.372813297402961929e-06
3.305866506354176901e-06
3.240102527416572144e-06
3.175366824217210222e-06
3.111729686151083683e-06
3.049126650028197367e-06
2.987455115230319382e-06
2.926879260145294132e-06
2.867235496802028668e-06
2.808501652560321552e-06
2.750777981732350245e-06
2.693894982125416314e-06
2.637962498533970100e-06
2.582906175563666049e-06
2.528620997412430570e-06
2.475297891245005460e-06
2.422756726751283343e-06
2.371008095604306840e-06
2.320134815908586203e-06
2.269971844020888900e-06
2.220654244648286207e-06
2.172099969629598870e-06
2.124209578625914300e-06
2.077182010993137615e-06
2.030830155048384548e-06
1.985194436621931190e-06
1.940333338745275382e-06
1.896094927504558110e-06
1.852629060545903012e-06
1.809845487645498356e-06
1.767661431165581591e-06
1.726263965501113940e-06
1.685472190538042231e-06
1.645348934647527039e-06
1.605927109094236150e-06
1.567076242313674512e-06
1.528948194215400058e-06
1.491448300937196963e-06
1.454517108836842951e-06
1.418313682018467133e-06
1.382673579507110465e-06
1.347669125671284992e-06
1.313307136864852865e-06
1.279478345555683364e-06
1.246317509379676082e-06
1.213725493161713796e-06
1.181662276164042123e-06
1.150249943030800260e-06
1.119352700914775229e-06
1.089049703854223260e-06
1.059339194078490357e-06
1.030145409173838231e-06
1.001589228669019619e-06
