# bin_2_1
2.890775659522276862e-05
2.904533398480137703e-05
2.918206110486805887e-05
2.931670373047350731e-05
2.945015809043096181e-05
2.958161801655611011e-05
2.971145011816642731e-05
2.983921873056753969e-05
2.996515563150476254e-05
3.008876385476843272e-05
3.021042778702077322e-05
3.032948954371419761e-05
3.044633891863535700e-05
3.056050493694883276e-05
3.067210398493212911e-05
3.078085110960727765e-05
3.088679177002384149e-05
3.098960391709544733e-05
3.108943159004731065e-05
3.118583535687598495e-05
3.127899145422342230e-05
3.136854321602841508e-05
3.145450899870998890e-05
3.153665435916451422e-05
3.161495132483129481e-05
3.168913691853925151e-05
3.175924387755818176e-05
3.182494809632281017e-05
3.188630406535890966e-05
3.194302698384761987e-05
3.199506791893996386e-05
3.204221919633885743e-05
3.208442538474052744e-05
3.212147211153031632e-05
3.215333188427260246e-05
3.217974459813028953e-05
3.220070272944643456e-05
3.221597692399436649e-05
3.222551188991883028e-05
3.222912864924427196e-05
3.222675688020979205e-05
3.221821548585301328e-05
3.220346254936266612e-05
3.218230783326397708e-05
3.215471948373934823e-05
3.212052817655840215e-05
3.207968864947575077e-05
3.203206375623172676e-05
3.197760829515268146e-05
3.191619607483515779e-05
3.184780132345924947e-05
3.177230516989321433e-05
3.168969697905816847e-05
3.159987787822803826e-05
3.150284030793322612e-05
3.139851571178783559e-05
3.128690569829590032e-05
3.116795791692706296e-05
3.104169856183939928e-05
3.090809304527412509e-05
3.076718706181423872e-05
3.061896488627551032e-05
3.046348383314031346e-05
3.030076064179522112e-05
3.013087147780429631e-05
2.995385664615614726e-05
2.976981046245965177e-05
2.957879682246072255e-05
2.938093396602094285e-05
2.917630565024098726e-05
2.896504989078309890e-05
2.874727481160806148e-05
2.852314485467967448e-05
2.829279048478431882e-05
2.805639091378161063e-05
2.781410217956307085e-05
2.756611926938125687e-05
2.731261874838510762e-05
2.705381434357234535e-05
2.678989839282355068e-05
2.652111120285380227e-05
2.624766127858039778e-05
2.596979370149448668e-05
2.568773905521372551e-05
2.540174875612506746e-05
2.511206681139088165e-05
2.481895340566885803e-05
2.452265521776286533e-05
2.422345873873870534e-05
2.392161284579277341e-05
2.361739516984116298e-05
2.331106721157073509e-05
2.300289796378546969e-05
2.269315742464683626e-05
2.238211024785303924e-05
2.207001130676176782e-05
2.175714815385431923e-05
2.144376241999505168e-05
2.113011881676197051e-05
2.081646178220293908e-05
2.050303331081753413e-05
2.019008380234999268e-05
1.987783814692557806e-05
1.956651227023167497e-05
1.925635494889213706e-05
1.894755813557667267e-05
1.864033581871786993e-05
1.833487491349070688e-05
1.803135569695982223e-05
1.772997941578308370e-05
1.743089835464575337e-05
1.713426271385500962e-05
1.684025708490720374e-05
1.654899861061674937e-05
1.626063323058659854e-05
1.597527161693781933e-05
1.569301687649138176e-05
1.541401257111473072e-05
1.513832699383453450e-05
1.486604019312994677e-05
1.459726837304404437e-05
1.433204787774943791e-05
1.407046147157640327e-05
1.381254460661430950e-05
1.355832588189301035e-05
1.330790144432189776e-05
1.306126267926139143e-05
1.281842926328626147e-05
1.257945834357757714e-05
1.234431431275908377e-05
1.211303354850738549e-05
1.188558600337007326e-05
1.166193982324980974e-05
1.144216359723009088e-05
1.122618600872525358e-05
1.101398761121154730e-05
1.080557989542286845e-05
1.060087485594296405e-05
1.039988528024526275e-05
1.020253041518685467e-05
1.000873639415322750e-05
9.818566400260003100e-06
9.631902311564566593e-06
9.448707872502686551e-06
9.268964104454316202e-06
9.092549569373264027e-06
8.919481818018078871e-06
8.749643148319242775e-06
8.582936549928704646e-06
8.419439704109558890e-06
8.258999787187720507e-06
8.101582550006339282e-06
7.947149058358946708e-06
7.795559598855685107e-06
7.646864751234489359e-06
7.500918318273995044e-06
7.357614934451712337e-06
7.217058841866553660e-06
7.079067487980482164e-06
6.943625263375986651e-06
6.810679122073032175e-06
6.680083910490778594e-06
6.551944761719169046e-06
6.426084078233838087e-06
6.302395171340233184e-06
6.181015139930194382e-06
6.061738827545087138e-06
5.944587493360964851e-06
5.829490342879357161e-06
5.716296900317622947e-06
5.605178990416771072e-06
5.495926886465650950e-06
5.388445322453166674e-06
5.282899523343796195e-06
5.179057965136562019e-06
5.076993996647122668e-06
4.976621038045560424e-06
4.877782334925438330e-06
4.780712758857662930e-06
4.685167086119445922e-06
4.591082023582964159e-06
4.498638831867379045e-06
4.407571220791404216e-06
4.318018420894845735e-06
4.229882696783225804e-06
4.142992248536173356e-06
4.057637168246493424e-06
3.973545036619515287e-06
3.890690321639602850e-06
3.809249814095959893e-06
3.728940477146950232e-06
3.649958506159135291e-06
3.572190348816684609e-06
3.495465235570786729e-06
3.420102281434835582e-06
3.345808712528594782e-06
3.272612434696426058e-06
3.200651826634945284e-06
3.129662360288305999e-06
3.059868728994255513e-06
2.991148215501433900e-06
2.923345657230560201e-06
2.856777927027240989e-06
2.791151289263668088e-06
2.726538373287238014e-06
2.663032071477596707e-06
2.600398124552857229e-06
2.538870289134932414e-06
2.478315748588702305e-06
2.418609855118711118e-06
2.360035748070458672e-06
2.302319582174796318e-06
2.245563305726476359e-06
2.189817213815307598e-06
2.134888460023932651e-06
2.081001247412775285e-06
2.028021002359842948e-06
1.975862874918198758e-06
1.924755956840322838e-06
1.874461947853425227e-06
1.825090530506120672e-06
1.776651776072945896e-06
1.728991121365620888e-06
1.682295707866674120e-06
1.636430218641521413e-06
1.591341167861095235e-06
1.547193618616006108e-06
1.503799642537622271e-06
1.461269950157319574e-06
1.419601417927118097e-06
1.378692589886192697e-06
1.338700429778543303e-06
