# bin_3_2
7.322422456906401691e-05
7.351064163953878884e-05
7.379128962324793626e-05
7.406435560749970604e-05
7.433084971176153887e-05
7.458950610647213403e-05
7.484067093803891367e-05
7.508354571822581597e-05
7.531828060887996320e-05
7.554403509083878413e-05
7.576110567291479032e-05
7.596849130671937654e-05
7.616647610411167674e-05
7.635428248614255849e-05
7.653187642431811839e-05
7.669870306756083824e-05
7.685463845296662164e-05
7.699910212747051498e-05
7.713207197033288421e-05
7.725285430679140438e-05
7.736146084844388573e-05
7.745730107175770795e-05
7.754021765900573424e-05
7.760976734367024869e-05
7.766574683291911163e-05
7.770769914106575335e-05
7.773549448525710320e-05
7.774863113708041160e-05
7.774701412041342904e-05
7.773020251905194626e-05
7.769800416524700519e-05
7.765008199294809281e-05
7.758625601123972653e-05
7.750620632298193299e-05
7.740980334508263923e-05
7.729670646210105834e-05
7.716683105692194152e-05
7.701989620122507720e-05
7.685579169625798488e-05
7.667432108210458022e-05
7.647538859975735537e-05
7.625882633622217308e-05
7.602459881203098280e-05
7.577256659355831802e-05
7.550273753460669376e-05
7.521502670070252545e-05
7.490946108099154040e-05
7.458602573296391691e-05
7.424478812884766857e-05
7.388577909678009311e-05
7.350911797602096469e-05
7.311488860574275842e-05
7.270326088140478826e-05
7.227437144684448038e-05
7.182842877611470196e-05
7.136563406171684621e-05
7.088625028953982477e-05
7.039052541596053122e-05
6.987877146501266499e-05
6.935129991898533850e-05
6.880846835356810938e-05
6.825063230726169047e-05
6.767819066878846812e-05
6.709155127421025295e-05
6.649117424868070808e-05
6.587750852435484740e-05
6.525103785484100919e-05
6.461227163268247660e-05
6.396172420615133967e-05
6.329993486539384315e-05
6.262745266968051624e-05
6.194483831677075330e-05
6.125270313715708943e-05
6.055162688083985759e-05
5.984221639294028323e-05
5.912509861723304620e-05
5.840087689678254601e-05
5.767019297112572059e-05
5.693366372967154391e-05
5.619191774766717305e-05
5.544562930195119529e-05
5.469541856594814088e-05
5.394191991878070160e-05
5.318578244993746312e-05
5.242760305615255930e-05
5.166802970475926931e-05
5.090764457642372927e-05
5.014704514976255632e-05
4.938687478494145655e-05
4.862769070589499952e-05
4.787006193908203793e-05
4.711455676876806937e-05
4.636167383687351190e-05
4.561198243469673301e-05
4.486594117298327652e-05
4.412402959123488478e-05
4.338678072971837720e-05
4.265460558759605613e-05
4.192793609405577241e-05
4.120718639918497363e-05
4.049269554355653186e-05
3.978490260184311758e-05
3.908408355624259358e-05
3.839054576444396287e-05
3.770467326941517102e-05
3.702668901051734280e-05
3.635686021510979853e-05
3.569541097027144805e-05
3.504249741755027217e-05
3.439842458628515539e-05
3.376326657211315368e-05
3.313715386361806571e-05
3.252032066760833891e-05
3.191279709706043707e-05
3.131470308188070490e-05
3.072607948682918422e-05
3.014691229102588782e-05
2.957740496136035537e-05
2.901744522820753954e-05
2.846702358740447396e-05
2.792625472911783432e-05
2.739499518389953742e-05
2.687327213514617257e-05
2.636097964055916917e-05
2.585796644085784938e-05
2.536439399924537584e-05
2.488000416743525910e-05
2.440469917388123842e-05
2.393851563410756574e-05
2.348117713848430849e-05
2.303268182837407376e-05
2.259281313760641845e-05
2.216132824194909720e-05
2.173840677101645128e-05
2.132368399270020236e-05
2.091703780830652063e-05
2.051845590321923156e-05
2.012758351982044060e-05
1.974444854726509530e-05
1.936875652170166949e-05
1.900021436174620268e-05
1.863906545420064201e-05
1.828486681734478334e-05
1.793752176195290555e-05
1.759698917969454760e-05
1.726287193757039927e-05
1.693528754059185114e-05
1.661388098597506730e-05
1.629834314625935122e-05
1.598900796240056740e-05
1.568536802110122693e-05
1.538738619767135668e-05
1.509499728831485380e-05
1.480778286844975335e-05
1.452600055315296157e-05
1.424923664246946676e-05
1.397719087741133151e-05
1.371028954906550269e-05
1.344796113084334673e-05
1.319025785709605318e-05
1.293708710917597693e-05
1.268802907015374929e-05
1.244350745902122623e-05
1.220303152840040254e-05
1.196632251679037919e-05
1.173388562770019138e-05
1.150510028182158621e-05
1.128013940351980009e-05
1.105886375845783670e-05
1.084084829093036159e-05
1.062667917493136216e-05
1.041578925987760531e-05
1.020795493807610945e-05
1.000372101394371702e-05
9.802416306120737788e-06
9.604349777240699801e-06
9.409340246900972369e-06
9.216962170539432726e-06
9.027919058062808223e-06
8.841571970382710601e-06
8.657800953448002395e-06
8.477140079914194111e-06
8.298868434085634099e-06
8.123433440832594616e-06
7.950628166042270810e-06
7.780017542846956235e-06
7.612373722001304775e-06
7.447026274092597891e-06
7.283959613655894864e-06
7.123638881657177903e-06
6.965363312009670734e-06
6.809662414547524242e-06
6.656299696801780076e-06
6.504881086922711497e-06
6.356165903063328312e-06
6.209484009154837118e-06
6.064943783618051410e-06
5.922868863371626277e-06
5.782670573847911750e-06
5.644873424665253001e-06
5.509238918537382746e-06
5.375445135779947260e-06
5.244169361381537354e-06
5.114796455965294085e-06
4.987514537910583928e-06
4.862515871636051551e-06
4.739328927150276450e-06
4.618426574133415898e-06
4.499560862315248500e-06
4.382490858042343652e-06
4.267746227224813451e-06
4.154791730424500598e-06
4.043830900992395662e-06
3.934938680281059010e-06
3.827747395984952656e-06
3.722640745380751517e-06
3.619378219978315748e-06
3.517812868490849770e-06
3.418335363485618398e-06
3.320548663436117186e-06
3.224677519519918240e-06
3.130762859397602141e-06
3.038580919361792693e-06
2.948447963203827928e-06
2.860175662485647789e-06
2.773698130618666943e-06
2.689257491236301320e-06
2.606557714154970059e-06
2.525759679059435435e-06
2.446839923318267227e-06
2.369639080735848471e-06
2.294353338625095849e-06
