# bin_3_3
1.132655463317703447e-04
1.136233656772001153e-04
1.139688702094994070e-04
1.142997372401904975e-04
1.146170467610392856e-04
1.149191448453201883e-04
1.152063708531517167e-04
1.154775845835551531e-04
1.157328733149107534e-04
1.159711102146794559e-04
1.161925415692550734e-04
1.163958857292195009e-04
1.165813403203962541e-04
1.167479007106387494e-04
1.168954420995359873e-04
1.170232064475800675e-04
1.171309666044313143e-04
1.172179708349744501e-04
1.172841180297554272e-04
1.173285420744321747e-04
1.173511845349504122e-04
1.173513301403979788e-04
1.173287544597626615e-04
1.172829111522020069e-04
1.172135445629512551e-04
1.171201401115325007e-04
1.170025294692652408e-04
1.168601289041722104e-04
1.166928540888060814e-04
1.165002532371196142e-04
1.162821767397340632e-04
1.160382969833583184e-04
1.157684554839079219e-04
1.154723846318525402e-04
1.151500234425605355e-04
1.148011126080495541e-04
1.144256712858783955e-04
1.140235303296956203e-04
1.135947064555870197e-04
1.131391546357392471e-04
1.126569348146309776e-04
1.121480620633712042e-04
1.116126896478206095e-04
1.110508912896521384e-04
1.104628986920358963e-04
1.098488707767408703e-04
1.092090770010279810e-04
1.085437817617101840e-04
1.078533276668727596e-04
1.071380451453215392e-04
1.063983528449324780e-04
1.056346663374277384e-04
1.048474791641475765e-04
1.040372733627269522e-04
1.032045953982126899e-04
1.023500130606621922e-04
1.014741607556745304e-04
1.005776638784546066e-04
9.966119493872432217e-05
9.872547158230579915e-05
9.777122053296326569e-05
9.679920389311288942e-05
9.581019892590704337e-05
9.480500628593185582e-05
9.378449508671647791e-05
9.274949681095804373e-05
9.170087579854602319e-05
9.063954962621598361e-05
8.956638622196478586e-05
8.848232184534406076e-05
8.738825082805790631e-05
8.628509871563304410e-05
8.517384972893935792e-05
8.405541797281969275e-05
8.293073284393161020e-05
8.180077294706099376e-05
8.066641725821082861e-05
7.952863575756011021e-05
7.838830082682903249e-05
7.724631288364635859e-05
7.610364205329800576e-05
7.496113684155954378e-05
7.381965842767326997e-05
7.268009513459660015e-05
7.154320670539375743e-05
7.040986515343524365e-05
6.928078684084307867e-05
6.815672009317074993e-05
6.703850132939735197e-05
6.592678797509014430e-05
6.482226167641990950e-05
6.372560539780843978e-05
6.263735717314363111e-05
6.155820893065185495e-05
6.048862664010015548e-05
5.942912247627040058e-05
5.838033040179096229e-05
5.734263771640594868e-05
5.631648899334798449e-05
5.530230222165620935e-05
5.430035096252461833e-05
5.331113095712137280e-05
5.233481294944671692e-05
5.137164592831401644e-05
5.042205122181391946e-05
4.948613125542885530e-05
4.856410412061521050e-05
4.765611268053782568e-05
4.676217584410667465e-05
4.588263337101994353e-05
4.501737203631366149e-05
4.416640766208537370e-05
4.332998514577003255e-05
4.250794646028656609e-05
4.170034535127996664e-05
4.090708653678853127e-05
4.012797774782046918e-05
3.936327757140998488e-05
3.861263007070270644e-05
3.787589627475924985e-05
3.715320401435418581e-05
3.644417197299299404e-05
3.574878976459661313e-05
3.506678753786853599e-05
3.439781282066577117e-05
3.374213848905757305e-05
3.309922630377671910e-05
3.246886468674061354e-05
3.185111972630842042e-05
3.124544562991633985e-05
3.065186285166490943e-05
3.006997352312701415e-05
2.949932622727153859e-05
2.894028584247038770e-05
2.839217967545384523e-05
2.785481466502332204e-05
2.732821693354622005e-05
2.681175327535324801e-05
2.630554791832249206e-05
2.580911071714689644e-05
2.532194297824003857e-05
2.484454705483976340e-05
2.437614602032240184e-05
2.391662957041442629e-05
2.346599326745838767e-05
2.302356075217763554e-05
2.258963119818518044e-05
2.216363434720519717e-05
2.174506804651446060e-05
2.133458583881451824e-05
2.093132121846207037e-05
2.053528598206045010e-05
2.014643799571317443e-05
1.976408246206616971e-05
1.938874690802076488e-05
1.901977522274383945e-05
1.865669751648121839e-05
1.830029565793877568e-05
1.794961662696863979e-05
1.760482712711493414e-05
1.726583405032101066e-05
1.693195354789537566e-05
1.660395334921616688e-05
1.628106650995501633e-05
1.596287702619401922e-05
1.565025276437399392e-05
1.534218599253448737e-05
1.503902852236681719e-05
1.474060797967364127e-05
1.444625112484049832e-05
1.415693299185334913e-05
1.387178705026765917e-05
1.359050193056398138e-05
1.331395794880788335e-05
1.304110479540609649e-05
1.277248046969333235e-05
1.250784648119984246e-05
1.224655452414388758e-05
1.198969892488688380e-05
1.173633414409876738e-05
1.148631659062595806e-05
1.124045986149369503e-05
1.099768829834578370e-05
1.075870574071661875e-05
1.052323810420525434e-05
1.029065460531466424e-05
1.006208564923882995e-05
9.836576743673202303e-06
9.614139118781800199e-06
9.395441489630165319e-06
9.179492708930741157e-06
8.967064274395211048e-06
8.757849401239625812e-06
8.551308927141380452e-06
8.348493861603093657e-06
8.148493203369275881e-06
7.951487249624190258e-06
7.757914376722345814e-06
7.566990311178066483e-06
7.379424079099465193e-06
7.194913858206931429e-06
7.013034207515613221e-06
6.834654561741603386e-06
6.658959691633676892e-06
6.486195927009716303e-06
6.316583681349683363e-06
6.149513037388755001e-06
5.985568672594082429e-06
5.824449116695789665e-06
5.665861153362475303e-06
5.510454733385144210e-06
5.357577724592864873e-06
5.207502317966227792e-06
5.060325185979540082e-06
4.915629572727621750e-06
4.773884497286756364e-06
4.634836781834474400e-06
4.498335677844652275e-06
4.364831730421132736e-06
4.233866386056394672e-06
4.105698356593801327e-06
3.980356947561956212e-06
3.857585340917676235e-06
3.737713219407469865e-06
3.620534804280713010e-06
3.505979629686341568e-06
3.394294019469494120e-06
3.285159247396606646e-06
3.178743295198514224e-06
3.075007885870510062e-06
2.973781337417102075e-06
2.875234089948870350e-06
