# bin_3_1
1.241431299191195374e-08
1.246001793138122188e-08
1.250728557622636016e-08
1.255615970166132081e-08
1.260668451839575270e-08
1.265890465449898203e-08
1.271286505020337749e-08
1.276861089964782134e-08
1.282618868895653078e-08
1.288564701920739225e-08
1.294703518958435484e-08
1.301040309983397971e-08
1.307580270877874945e-08
1.314328859918646454e-08
1.321291647907769604e-08
1.328474316049638549e-08
1.335882685402084152e-08
1.343522709497430087e-08
1.351400495149429701e-08
1.359522404436981974e-08
1.367894981794804762e-08
1.376524876741095932e-08
1.385418632602532984e-08
1.394582846786615363e-08
1.404024063870917996e-08
1.413748610408255379e-08
1.423762748455786498e-08
1.434072295808040087e-08
1.444682800402582355e-08
1.455599109165853228e-08
1.466825145154554989e-08
1.478364089562002398e-08
1.490218007731867737e-08
1.502388194756717644e-08
1.514874861489206820e-08
1.527677391085270639e-08
1.540794243811030150e-08
1.554223107203995892e-08
1.567961160523522350e-08
1.582007638678873770e-08
1.596364239982944367e-08
1.611027108722574927e-08
1.625992779093405565e-08
1.641279636346971304e-08
1.656890889245077262e-08
1.672789338546431085e-08
1.688960723482651225e-08
1.705409357245054632e-08
1.722136908119947113e-08
1.739131067531546621e-08
1.756369661188554998e-08
1.773835964349304930e-08
1.791513237885340339e-08
1.809385349183833236e-08
1.827440121820634543e-08
1.845669880340203938e-08
1.864070103076155189e-08
1.882637346410290011e-08
1.901366653267609783e-08
1.920253044673251085e-08
1.939292637674560714e-08
1.958482548449750569e-08
1.977822652938787219e-08
1.997317843168291025e-08
2.016975773367107023e-08
2.036779739827949981e-08
2.056740672627524037e-08
2.076820355280618934e-08
2.096918632635075380e-08
2.117007949231674364e-08
2.137053291000413897e-08
2.156979054300145561e-08
2.176718756968389594e-08
2.196205776649031479e-08
2.215373857475730026e-08
2.234160274159755963e-08
2.252519903337843387e-08
2.270414267742824965e-08
2.287870901829754532e-08
2.304887771981598427e-08
2.321435709063842474e-08
2.337569030695611503e-08
2.353304772137713298e-08
2.368612799281841684e-08
2.383453422281497977e-08
2.397747352897785140e-08
2.411412269346897013e-08
2.424324767443089963e-08
2.436300997134089605e-08
2.447308635505998663e-08
2.457327797080942850e-08
2.466339193344469035e-08
2.474334488884251909e-08
2.481300889039051355e-08
2.487102354952360838e-08
2.491735245638086271e-08
2.495214028073949061e-08
2.497542663792044145e-08
2.498760619696117866e-08
2.498772937237471021e-08
2.497557546253475017e-08
2.495007290275360831e-08
2.491017865061332887e-08
2.485385037457955595e-08
2.478111480388456147e-08
2.469300028264203497e-08
2.459002088671630873e-08
2.447220501435010946e-08
2.434043442636265086e-08
2.419477283397801494e-08
2.403368674334370135e-08
2.385674759970322291e-08
2.366314621823669064e-08
2.345221094286594184e-08
2.322580758055758015e-08
2.298398545564144328e-08
2.272790105346131658e-08
2.245776321911425363e-08
2.217362382789274508e-08
2.187572300316737170e-08
2.156359611626967884e-08
2.123737452989891849e-08
2.089780864393871724e-08
2.054607701821811917e-08
2.018384298062915078e-08
1.981164894966521892e-08
1.942965550859520759e-08
1.903801401948913886e-08
1.863712600486582430e-08
1.822840999964541200e-08
1.781351475490913817e-08
1.739352835361574325e-08
1.696903967251797205e-08
1.654054302905560468e-08
1.610876512780171418e-08
1.567493181729430960e-08
1.524050252477243065e-08
1.480663779576995074e-08
1.437392494401393902e-08
1.394289955499466023e-08
1.351440502217988811e-08
1.308973681433982168e-08
1.266994023587187618e-08
1.225540915564555743e-08
1.184658895773368772e-08
1.144416237408573530e-08
1.104892009203737369e-08
1.066140920132340466e-08
1.028179990295458634e-08
9.910276454038266315e-09
9.547263275673568398e-09
9.193067595710075947e-09
8.847675269905872240e-09
8.510983923622910874e-09
8.183136492362249376e-09
7.864124673894529125e-09
7.553798681614898118e-09
7.251937284886283640e-09
6.958525432104703239e-09
6.673409188924843384e-09
6.396365390249015121e-09
6.127276017955696749e-09
5.866044552025970816e-09
5.612573196779201031e-09
5.366739822019088776e-09
5.128543616806301718e-09
4.897977830440990795e-09
4.675010132045819414e-09
4.459681369022167208e-09
4.252018894790388405e-09
4.052031395284976776e-09
3.859744095572111089e-09
3.675136744822690594e-09
3.498176991532309529e-09
3.328791803668056527e-09
3.166861592244432388e-09
3.012236230663555901e-09
2.864726363442288347e-09
2.724105927525147035e-09
2.590127768009001723e-09
2.462524414344988567e-09
2.341016427653731420e-09
2.225322410237992381e-09
2.115162321733363135e-09
2.010259206519578471e-09
1.910353580672306706e-09
1.815202405959005656e-09
1.724586920050896080e-09
1.638317678909218628e-09
1.556230477856821334e-09
1.478187218999213267e-09
1.404069945360691646e-09
1.333769060307769697e-09
1.267177032833819001e-09
1.204169953181781425e-09
1.144602241415454102e-09
1.088306678845047658e-09
1.035094792156100888e-09
9.847671358045624535e-10
9.371269302499944773e-10
8.919983744480961203e-10
8.492299772762397094e-10
8.086914016049210098e-10
7.702657273567520785e-10
7.338493663616734656e-10
6.993448078650477792e-10
6.666510155534941979e-10
6.356704796665483018e-10
6.063080884852605749e-10
5.784713079323750115e-10
5.520727492881195606e-10
5.270215801356501893e-10
5.032314823797893213e-10
4.806223930175111764e-10
4.591177663860707082e-10
4.386513940134795241e-10
4.191625026130010500e-10
4.005944584573195046e-10
3.828945596171828330e-10
3.660133068025917836e-10
3.499008366694071223e-10
3.345097986785270185e-10
3.197955056173688932e-10
3.057180870003538712e-10
2.922410224864143042e-10
2.793311104992575645e-10
2.669577817083130073e-10
2.550935765759288871e-10
2.437117020293796891e-10
2.327873343949532070e-10
2.222976835386931386e-10
2.122211999691216188e-10
2.025386048710154218e-10
1.932327615300189231e-10
1.842874664886010494e-10
1.756878904426131786e-10
1.674202031748391978e-10
1.594713780403016356e-10
1.518297885865597317e-10
1.444845259247874301e-10
1.374254110410149279e-10
1.306430062232178589e-10
1.241283891710930388e-10
1.178732593615369967e-10
1.118696954852267797e-10
1.061101971060295617e-10
1.005876184526441848e-10
9.529507440670128408e-11
9.022593132345492132e-11
8.537373684845785290e-11
8.073221724267502560e-11
7.629521743002846188e-11
7.205669685092342348e-11
6.801069518800852447e-11
6.415132605561491572e-11
6.047275914700706386e-11
5.696921558841060928e-11
5.363496187178264442e-11
5.046430799835747611e-11
4.745160723082589890e-11
4.459125841493490818e-11
4.187770947184038189e-11
3.930546282122550866e-11
3.686908175787974115e-11
3.456319760870780040e-11
3.238251726424434061e-11
3.032183095694766808e-11
2.837602000087188036e-11
2.654006445503831798e-11
2.480905049086537086e-11
2.317817706519300121e-11
2.164276197931561258e-11
2.019824745664272564e-11
1.884020496860701112e-11
1.756433908843692233e-11
1.636649074143863148e-11
1.524263975157302047e-11
1.418890657654446698e-11
1.320155346795568912e-11
1.227698500464357357e-11
1.141174786923404475e-11
1.060253014164000477e-11
9.846159498536660785e-12
9.139602232259442901e-12
8.479960569416960688e-12
7.864470165078830076e-12
7.290497323174898837e-12
6.755535719806099881e-12
6.257202914800832863e-12
5.793237040086042827e-12
5.361493034963432218e-12
4.959938631410972038e-12
4.586650472593094977e-12
4.239810186761880640e-12
3.917700154868886709e-12
3.618699528924285430e-12
3.341280212939501696e-12
3.084002787589993231e-12
2.845512566681218590e-12
2.624535732591809135e-12
2.419875491656562994e-12
2.230408264091482767e-12
2.055080114789234289e-12
1.892903130992306716e-12
1.742952043937843234e-12
1.604360820395457027e-12
1.476319487881947640e-12
1.358070956086709816e-12
1.248908037640093270e-12
1.148170563044179290e-12
1.055242638782721419e-12
9.695500157816202195e-13
8.905576146292527930e-13
8.177671643499966454e-13
7.507153644082334814e-13
6.889706023613677868e-13
6.321317847279117551e-13
5.798264148943811271e-13
5.317085972856282899e-13
4.874573120719583562e-13
4.467747733780241818e-13
4.093848777466143544e-13
3.750317366563806487e-13
3.434782947353111925e-13
3.145050374487116241e-13
2.879087816634289347e-13
2.635015520062951972e-13
2.411095319536584259e-13
2.205724349890539279e-13
2.017416882559610600e-13
1.844800509911541906e-13
1.686610449620148128e-13
1.541679550698086712e-13
1.408931090281161718e-13
1.287372165234377471e-13
1.176087556180977314e-13
1.074234039602221660e-13
9.810381065160721260e-14
8.957839243684777580e-14
8.178109319889301835e-14
7.465137911158543563e-14
6.813357009020236655e-14
6.217646631782832139e-14
5.673300242950681585e-14
5.176038243207226889e-14
4.721846009268882065e-14
4.307065925572155073e-14
3.928348012547749265e-14
3.582617769314696408e-14
3.267082753261537255e-14
2.979150532826119640e-14
2.716423643687645048e-14
2.476729567037841731e-14
2.258083723030651272e-14
2.058701681788780084e-14
1.876864362723723690e-14
1.711044031233919066e-14
1.559860985514983909e-14
1.422050237677275998e-14
1.296408437506543742e-14
1.181871630296315677e-14
1.077508456255321845e-14
9.823783819194964053e-15
8.956763110909742255e-15
8.166943814041127185e-15
7.447109733663658269e-15
6.791340470989707597e-15
6.193949908633993878e-15
5.649625801289597689e-15
5.154002371189420905e-15
4.702372408241540184e-15
4.291276216516421479e-15
3.916698471355472282e-15
3.575807989944239748e-15
3.265250619951762185e-15
2.982668332319421370e-15
2.725335231626722988e-15
2.491128160272688555e-15
2.278024020148288055e-15
2.084036403741135072e-15
1.907603493035420246e-15
1.747135554266562330e-15
1.601164315330254430e-15
1.468422130528528442e-15
1.347819347136666442e-15
1.238234700298601946e-15
1.138679010182563493e-15
1.048273541421455689e-15
9.662156491307984871e-16
8.917720544187606962e-16
8.242727331688999930e-16
7.631053252326975417e-16
7.077101072599660906e-16
6.575754512563070994e-16
6.122336746233476321e-16
5.712843932533462729e-16
5.343427542032283170e-16
5.010203043789780763e-16
4.710103501033570210e-16
4.440474898931569706e-16
