# bin_1_1
1.089608335462304431e-08
1.093440540199500978e-08
1.097395911826698158e-08
1.101477017433802106e-08
1.105686414411918745e-08
1.110026623805556801e-08
1.114500076770458765e-08
1.119109091841332659e-08
1.123855959035134760e-08
1.128743091301623665e-08
1.133772871200599708e-08
1.138947639212890822e-08
1.144270098792123666e-08
1.149743429540737722e-08
1.155370853659708765e-08
1.161155537071697970e-08
1.167100819573943756e-08
1.173209998191414015e-08
1.179486550669742752e-08
1.185934589783013148e-08
1.192558978558130256e-08
1.199364892236506156e-08
1.206357119736474351e-08
1.213540066425365236e-08
1.220917953761228592e-08
1.228495047036905002e-08
1.236275923927336479e-08
1.244264712569581580e-08
1.252465162620053506e-08
1.260879876205337494e-08
1.269510165160596520e-08
1.278355398641636486e-08
1.287411799433263116e-08
1.296674982295630271e-08
1.306141511601106867e-08
1.315807058334399585e-08
1.325664129241687037e-08
1.335704964564324157e-08
1.345924299221341106e-08
1.356318797162703907e-08
1.366886347877814306e-08
1.377627341356274768e-08
1.388547356879747378e-08
1.399652832676631365e-08
1.410950775115832388e-08
1.422453398150155019e-08
1.434169232071554383e-08
1.446096103882474815e-08
1.458224244730615217e-08
1.470544642112568497e-08
1.483039842712173265e-08
1.495688024876139157e-08
1.508470750147065448e-08
1.521369753344589429e-08
1.534376090866988167e-08
1.547485628803590458e-08
1.560695106403098216e-08
1.573999361749281716e-08
1.587385394274903666e-08
1.600833219951080224e-08
1.614310723757239841e-08
1.627779657517874496e-08
1.641216314386450019e-08
1.654578874208985648e-08
1.667896465794516522e-08
1.681109838049577174e-08
1.694076965118874075e-08
1.706776471262772647e-08
1.719189340154744494e-08
1.731251518648733821e-08
1.742934522183072006e-08
1.754217133896775655e-08
1.765069256701795811e-08
1.775465571166613542e-08
1.785375678405035388e-08
1.794795489700326046e-08
1.803720887275587022e-08
1.812165314301609707e-08
1.820150841605871096e-08
1.827710256112904438e-08
1.834875957635989992e-08
1.841673074349250538e-08
1.848116790422442870e-08
1.854194247931124151e-08
1.859888246431221618e-08
1.865143299243504463e-08
1.869681758010724597e-08
1.873408725964031661e-08
1.876214582875770461e-08
1.877949688357876103e-08
1.878512625781835283e-08
1.877828893158042129e-08
1.875885108480231974e-08
1.872739068524463313e-08
1.868492679915067548e-08
1.863253768964145412e-08
1.857202591635274773e-08
1.850262926802131955e-08
1.842501370528166462e-08
1.833921821360505946e-08
1.824422092139438504e-08
1.813903953848414011e-08
1.802275586284896810e-08
1.789504870500448546e-08
1.775612351634931908e-08
1.760455240076189364e-08
1.744124176040671687e-08
1.726624355785391243e-08
1.707880211253574191e-08
1.687870143498152360e-08
1.666687334941552885e-08
1.644343232404197892e-08
1.621123503040345438e-08
1.597225938659856796e-08
1.572755511199439590e-08
1.547648778269365019e-08
1.521661417409893947e-08
1.494746029785527710e-08
1.466848314807301035e-08
1.437984083450609495e-08
1.408150484877600608e-08
1.377628992377053227e-08
1.346755682717335915e-08
1.315638230438167654e-08
1.284355542448240170e-08
1.252984846497873132e-08
1.221281830742452326e-08
1.189134428935499712e-08
1.156716975312089352e-08
1.124044378547202433e-08
1.091379143966086423e-08
1.058913251672071388e-08
1.026651164119570551e-08
9.947857149995396674e-09
9.632370950498634186e-09
9.320922172631577569e-09
9.011469259551309232e-09
8.704760250532419468e-09
8.401921691992697696e-09
8.105908694768337997e-09
7.817587438523935342e-09
7.536164553106949071e-09
7.260661809344366748e-09
6.990443130573229744e-09
6.725954252881604879e-09
6.468571994537332264e-09
6.219270489608020285e-09
5.977776797687313667e-09
5.743218103116623566e-09
5.514929631152261256e-09
5.292746471429410016e-09
5.077174124930009174e-09
4.868893580773070541e-09
4.667703690762015343e-09
4.472477822939235817e-09
4.282595434590194572e-09
4.098412948530772368e-09
3.920501093681464047e-09
3.748674231567845645e-09
3.582151004405278141e-09
3.420638605390522077e-09
3.264447020412791037e-09
3.113840706024106477e-09
2.968716188256528103e-09
2.828633702024898769e-09
2.693583357130552428e-09
2.563951792002794860e-09
2.439774684313713710e-09
2.320751602360185723e-09
2.206758891522100169e-09
2.098031230764640734e-09
1.994466446719168990e-09
1.895798725799919237e-09
1.801829980402451787e-09
1.712613763587085417e-09
1.627850405262814475e-09
1.547272773338479763e-09
1.470728899044448202e-09
1.398059751288468998e-09
1.329021158093000057e-09
1.263403500741250691e-09
1.201115872440640953e-09
1.141977538708821337e-09
1.085816304227576118e-09
1.032550223855415076e-09
9.820183468191275961e-10
9.340926279878630576e-10
8.886616714790000777e-10
8.455861684201200530e-10
8.047595252331107399e-10
7.660689050181071955e-10
7.294048423684092098e-10
6.946710363852029611e-10
6.617735908588366570e-10
6.306188116142059625e-10
6.011141160802414601e-10
5.731669447700136337e-10
5.466857791917674278e-10
5.215796179555078639e-10
4.977661123515213179e-10
4.751698987682728466e-10
4.537252067047780751e-10
4.333699561044686970e-10
4.140425241105214456e-10
3.956838653281465030e-10
3.782366721639296930e-10
3.616437044036717615e-10
3.458532472205908393e-10
3.308165917268447976e-10
3.164885791391661049e-10
3.028266669597882669e-10
2.897887103079549285e-10
2.773359777654866323e-10
2.654324315356383717e-10
2.540443950763829626e-10
2.431409216003682655e-10
2.326934784717023335e-10
2.226758056147479930e-10
2.130640777312339236e-10
2.038361820069441783e-10
1.949720340051361174e-10
1.864531947654075223e-10
1.782626121892519406e-10
1.703846438422870847e-10
1.628047581570640623e-10
1.555094581137236067e-10
1.484861519730201837e-10
1.417232660410820943e-10
1.352101622318125270e-10
1.289371646509911814e-10
1.228956139713778430e-10
1.170776503023148926e-10
1.114760699635814530e-10
1.060842638401492882e-10
1.008959915612459500e-10
9.590529953070742488e-11
9.110658600991624396e-11
8.649449836031877815e-11
8.206401318186035774e-11
7.781040361543890061e-11
7.372912206228438410e-11
6.981580924168514204e-11
6.606614462035832536e-11
6.247588851311360627e-11
5.904083119465922967e-11
5.575681969297313880e-11
5.261975907724471515e-11
4.962555150309482677e-11
4.677011943791205420e-11
4.404934843108006852e-11
4.145913763395453429e-11
3.899536486915997719e-11
3.665392456114339875e-11
3.443069326945417854e-11
3.232155597052702281e-11
3.032240152235750791e-11
2.842913992307008355e-11
2.663770284707638658e-11
2.494405373053602565e-11
2.334419728876472874e-11
2.183418669205001600e-11
2.041013415327888454e-11
1.906821717489201183e-11
1.780468743248648847e-11
1.661587754408255657e-11
1.549820783183949767e-11
1.444819121886731480e-11
1.346243899409872263e-11
1.253766469204306252e-11
1.167068812954631627e-11
1.085843783424912556e-11
1.009795374857522577e-11
9.386388047603940532e-12
8.721005710830567128e-12
8.099184530672979139e-12
7.518414509679592648e-12
6.976296564276189122e-12
6.470541304684362942e-12
5.998967330163441021e-12
5.559498975146464791e-12
5.150163937594689754e-12
4.769090963535130888e-12
4.414505305001598920e-12
4.084726894613178043e-12
3.778166695770777756e-12
3.493323324355597428e-12
3.228779523175329667e-12
2.983198905088987413e-12
2.755322724918623658e-12
2.543966244047810634e-12
2.348015283410508344e-12
2.166422922536828644e-12
1.998206169129735107e-12
1.842442705120987846e-12
1.698267973652490506e-12
1.564872043147412196e-12
1.441496602771475431e-12
1.327432148421301323e-12
1.222015485786935101e-12
1.124626914427297566e-12
1.034687664651580956e-12
9.516576883752704660e-13
8.750334650082445021e-13
8.043455045546429804e-13
7.391563008681055930e-13
6.790586432473654588e-13
6.236735661938561519e-13
5.726484115351673054e-13
5.256553456914051577e-13
4.823897898370507985e-13
4.425687416433776570e-13
4.059295131272833493e-13
3.722283426892433263e-13
3.412391384585779044e-13
3.127522834869393298e-13
2.865735642333569194e-13
2.625230827889389221e-13
2.404342746678733630e-13
2.201530154262024828e-13
2.015366917981921718e-13
1.844534597690100863e-13
1.687814137786765777e-13
1.544079323382284567e-13
1.412289680249177850e-13
1.291484662255808934e-13
1.180777709454225297e-13
1.079351971263483097e-13
9.864615856993058361e-14
9.014011216703212080e-14
8.235300050602517759e-14
7.522580448299528251e-14
6.870416981544893872e-14
6.273805253175917388e-14
5.728139115096006295e-14
5.229180695442746779e-14
4.773032546927065895e-14
4.356111586540464115e-14
3.975124772781947685e-14
3.627046514784889578e-14
3.309097753588523683e-14
3.018726580261870455e-14
2.753590307540153834e-14
2.511582866075176981e-14
2.290737449581025846e-14
2.089185866150099373e-14
1.905269346230860079e-14
1.737467356296733236e-14
1.584386600447434328e-14
1.444750916493878489e-14
1.317391938017414756e-14
1.201240450210872784e-14
1.095318377031147339e-14
9.988025656832418083e-15
9.108198519209011776e-15
8.305997918173647428e-15
7.574605720133399747e-15
6.907795752495306601e-15
6.299884099094479364e-15
5.745683213993980012e-15
5.241111205334162526e-15
4.781373711201186620e-15
4.362283359766637337e-15
3.980254105362257540e-15
3.632015331713449522e-15
3.314763876928324275e-15
3.026243697811263381e-15
2.763258014663547887e-15
2.523551427419904482e-15
2.305067269336151363e-15
2.106462035568707521e-15
1.925709573642635405e-15
1.760968646058514610e-15
1.610823407788919311e-15
1.474584436354769584e-15
1.350570102672904067e-15
1.237548395701051079e-15
1.134859664441648123e-15
1.041672708096588809e-15
9.567492320144002578e-16
8.796695077482170006e-16
8.097845130701750468e-16
7.460985719013171843e-16
6.885637696360435423e-16
6.362635723106867505e-16
5.888284808337246306e-16
5.459719487208756687e-16
5.070083772799524029e-16
4.719709555845708599e-16
4.401069672207302925e-16
4.115312050422476760e-16
3.856082457104641440e-16
3.623613689719672019e-16
3.413995731240441114e-16
3.225373929509826456e-16
3.057071371311409809e-16
2.905580809747569958e-16
2.770429278793002748e-16
2.650345231644438968e-16
2.543132629344345151e-16
2.447777499525880954e-16
