# bin_4_1
1.254923487805920714e-08
1.259563014475186772e-08
1.264361298437655635e-08
1.269322822915880466e-08
1.274452107394598008e-08
1.279753617964876379e-08
1.285231784304913128e-08
1.290891032745889688e-08
1.296735850880751281e-08
1.302771025384781959e-08
1.309001527701955939e-08
1.315432431335470758e-08
1.322069149866296908e-08
1.328917273499852908e-08
1.335982458933829425e-08
1.343270520032500645e-08
1.350787679943144537e-08
1.358540464240615408e-08
1.366535287537818021e-08
1.374778428242493404e-08
1.383276282190268980e-08
1.392035801051847321e-08
1.401064095399437185e-08
1.410368211823559167e-08
1.419954813010559042e-08
1.429830181449989576e-08
1.440000442388318382e-08
1.450471435590059425e-08
1.461249133924820453e-08
1.472339058783136850e-08
1.483745621490622373e-08
1.495472356029861796e-08
1.507521320527774264e-08
1.519892674279686651e-08
1.532585652902252181e-08
1.545600511077066205e-08
1.558937337399180512e-08
1.572594654816368220e-08
1.586569745612825187e-08
1.600859884323295448e-08
1.615465336090119748e-08
1.630389664975771144e-08
1.645633887182054304e-08
1.661192291801626873e-08
1.677072156251154832e-08
1.693296320297706769e-08
1.709840846810849634e-08
1.726666330516940095e-08
1.743765968408395257e-08
1.761136030766981588e-08
1.778768083229444569e-08
1.796638589505054409e-08
1.814724787956257555e-08
1.833013717635217361e-08
1.851496849342703979e-08
1.870162764324631736e-08
1.889006904477793476e-08
1.908023630371835917e-08
1.927203235707699503e-08
1.946535991836777034e-08
1.966009435996086409e-08
1.985617284799635574e-08
2.005357870213984194e-08
2.025234070219974725e-08
2.045256231009565568e-08
2.065430139048624271e-08
2.085744399883491148e-08
2.106191928688124902e-08
2.126767373034918964e-08
2.147358908520529965e-08
2.167918978528920762e-08
2.188412331017562571e-08
2.208760656500470738e-08
2.228889085197020961e-08
2.248733627917920666e-08
2.268229638953901016e-08
2.287313898463130223e-08
2.305934779649938479e-08
2.324056406031001584e-08
2.341695709428314475e-08
2.358886265089538700e-08
2.375573135410273378e-08
2.391795993224926568e-08
2.407580702526722576e-08
2.422899084616663593e-08
2.437708006402555904e-08
2.451929490356938601e-08
2.465470022233759402e-08
2.478237845718879727e-08
2.490031267010031603e-08
2.500803146504599077e-08
2.510539579361368847e-08
2.519214912540998363e-08
2.526809965425004523e-08
2.533334671628218242e-08
2.538657122928176346e-08
2.542759186391615994e-08
2.545657294290415315e-08
2.547345775823870437e-08
2.547886806488008703e-08
2.547187436319354420e-08
2.545210864113341223e-08
2.541851750495501458e-08
2.537011811555738908e-08
2.530493888011007423e-08
2.522276875242643689e-08
2.512466160127845692e-08
2.501148067842694844e-08
2.488311591135317047e-08
2.474039163469431494e-08
2.458369278162407845e-08
2.441127094661068587e-08
2.422248326417954608e-08
2.401694145027351020e-08
2.379388048649983781e-08
2.355514349598240948e-08
2.330096278154635431e-08
2.303222684289692172e-08
2.274956722578837095e-08
2.245280941378087011e-08
2.214249143843129945e-08
2.181787722794919986e-08
2.147932332220059007e-08
2.112747737413379871e-08
2.076377091285645593e-08
2.038977347727209254e-08
2.000607343343473054e-08
1.961296483899778106e-08
1.921056355219326752e-08
1.879924753719053956e-08
1.838052674114120150e-08
1.795612835750700734e-08
1.752712778302830499e-08
1.709411769783881880e-08
1.665764818047248228e-08
1.621845515763150087e-08
1.577774245705046620e-08
1.533697034318786319e-08
1.489736613265558203e-08
1.445946914164237104e-08
1.402378810579781379e-08
1.359115872280687830e-08
1.316284458546012218e-08
1.273987150364370148e-08
1.232261446286532957e-08
1.191144006164491671e-08
1.150700126916913610e-08
1.111003290480977447e-08
1.072104645474736450e-08
1.034014926721651777e-08
9.967465283923442319e-09
9.603371893396208009e-09
9.248117389365321547e-09
8.901659080651715840e-09
8.563833495515059462e-09
8.234745920842776633e-09
7.914375235815882662e-09
7.602528123637829604e-09
7.298998720344058960e-09
7.003726609862273356e-09
6.716608135841022752e-09
6.437405960307513696e-09
6.166043531346523217e-09
5.902451982972180040e-09
5.646582642865971887e-09
5.398351317708337227e-09
5.157811461276590204e-09
4.924994873681115802e-09
4.699909213857956887e-09
4.482632486355237893e-09
4.273215714653837625e-09
4.071685133358244975e-09
3.878072831526238002e-09
3.692362528572881994e-09
3.514508793542520379e-09
3.344421700664415085e-09
3.181960696945607730e-09
3.026947091034826768e-09
2.879163654044728876e-09
2.738352637232100573e-09
2.604236547953770057e-09
2.476519312268385327e-09
2.354893458588269076e-09
2.239048492768257250e-09
2.128679189369511403e-09
2.023486936048092951e-09
1.923194410206188265e-09
1.827552578516807545e-09
1.736341314079955530e-09
1.649380973838355158e-09
1.566527190661449043e-09
1.487665913628785793e-09
1.412705739217008432e-09
1.341562453971304484e-09
1.274147667251743856e-09
1.210351089612749357e-09
1.150030447108248902e-09
1.093018611409429351e-09
1.039130823269706451e-09
9.881794208468134289e-10
9.399827856927288077e-10
8.943785910961788092e-10
8.512176608196880123e-10
8.103556867484827893e-10
7.716547603922100918e-10
7.349836577476861928e-10
7.002174623869506785e-10
6.672392828340478145e-10
6.359509003965078257e-10
6.062658710627953823e-10
5.781019061144887770e-10
5.513840608895627530e-10
5.260383231511259704e-10
5.019940260275362488e-10
4.791744343216075881e-10
4.575000405571272299e-10
4.368944757234326811e-10
4.172842065880516838e-10
3.986051121527863625e-10
3.807983440615534497e-10
3.638118959621652411e-10
3.476009607909459711e-10
3.321251553739178412e-10
3.173439305156433977e-10
3.032176229457385467e-10
2.897074977389792969e-10
2.767771841671233409e-10
2.643927823274017774e-10
2.525244187071848057e-10
2.411465834219082672e-10
2.302351791779904368e-10
2.197670541410443755e-10
2.097209629648264910e-10
2.000765352915524912e-10
1.908148246535628249e-10
1.819195511209174522e-10
1.733752782348192322e-10
1.651676538167256625e-10
1.572836180593065557e-10
1.497104587622273781e-10
1.424368466558372344e-10
1.354520907054456433e-10
1.287462118705631967e-10
1.223099288298058505e-10
1.161343060922276477e-10
1.102110740324252598e-10
1.045322531558593500e-10
9.909033244460454008e-11
9.387803019080379057e-11
8.888836312629700678e-11
8.411455815596721989e-11
7.955004499440805815e-11
7.518840162805953906e-11
7.102334881824164441e-11
6.704871887123635572e-11
6.325844390046024183e-11
5.964654007445420545e-11
5.620709959313893592e-11
5.293428267319541788e-11
4.982231616343730015e-11
4.686549223211244801e-11
4.405817050856689771e-11
4.139478017470724546e-11
3.886982416176452541e-11
3.647788394386332265e-11
3.421362515181400498e-11
3.207180365087393369e-11
3.004727164183700933e-11
2.813498364754818196e-11
2.633000265712617815e-11
2.462750601342816052e-11
2.302279073420586702e-11
2.151127815620359746e-11
2.008851823116704374e-11
1.875019324715051461e-11
1.749212059811241134e-11
1.631025500233626335e-11
1.520069009745626854e-11
1.415965927039105530e-11
1.318353596995103806e-11
1.226883351823162488e-11
1.141220439598085249e-11
1.061043824655720358e-11
9.860461067092016813e-12
9.159332856624726290e-12
8.504244998525514388e-12
7.892517609319392209e-12
7.321596633658657146e-12
6.789050498206230086e-12
6.292566549375400425e-12
5.829947758972847881e-12
5.399109033503289718e-12
4.998073307412816838e-12
4.624967809148725187e-12
4.278020356280773284e-12
3.955555355812362997e-12
3.655990006162685854e-12
3.377830513358747418e-12
3.119668242457440396e-12
2.880175993909117018e-12
2.658104359225175241e-12
2.452278147812131382e-12
2.261592795300021414e-12
2.085011008925529619e-12
1.921559335361761305e-12
1.770324985585493829e-12
1.630452585361964969e-12
1.501141161544065441e-12
1.381641135874806189e-12
1.271251513104450040e-12
1.169317156018959411e-12
1.075226210642043785e-12
9.884076145854803095e-13
9.083287404475865283e-13
8.344931231119867051e-13
7.664388214155096921e-13
7.037347333386780766e-13
6.459801903083586027e-13
5.928026243142583452e-13
5.438557472821158766e-13
4.988178767094579709e-13
4.573903431084426038e-13
4.192959741358993233e-13
3.842776603873518046e-13
3.520970062194950620e-13
3.225330727084649397e-13
2.953812080418954905e-13
2.704519547070688913e-13
2.475700205381565128e-13
2.265737012849827009e-13
2.073128834479597964e-13
1.896489164087679281e-13
1.734538811639170261e-13
1.586096415399191232e-13
1.450071391352541997e-13
1.325457456257431029e-13
1.211326585469794893e-13
1.106823311312339960e-13
1.011162561344865544e-13
9.236170177182514494e-14
8.435154004991788313e-14
7.702420517635432646e-14
7.032303308934836795e-14
6.419588852413126676e-14
5.859481896791290245e-14
5.347619144629430289e-14
4.879906886051882886e-14
4.452612454517128714e-14
4.062316465169425664e-14
3.705879703531754644e-14
3.380448234677862751e-14
3.083375531776078241e-14
2.812208591904787105e-14
2.564724283297605911e-14
2.338888561801402108e-14
2.132877697432185020e-14
1.944928609396099294e-14
1.773475656896203033e-14
1.617101907722516756e-14
1.474515030699352580e-14
1.344478058774528705e-14
1.225895981726911575e-14
1.117817576308268669e-14
1.019273953909665893e-14
9.294343662434834574e-15
8.475764570819966736e-15
7.729549116163830658e-15
7.049567151735409196e-15
6.430024325039860666e-15
5.865382784758432803e-15
5.351202466836856515e-15
4.882598163130932564e-15
4.455959408938306858e-15
4.067209205404457094e-15
3.713347325601892952e-15
3.390941212050748066e-15
3.097578632430041829e-15
2.830370884395206098e-15
2.587184213233984976e-15
2.365852961620374569e-15
2.164353984133950464e-15
1.981100269575317261e-15
1.814376464085627337e-15
1.662695276031363100e-15
1.524747950962499199e-15
1.399419386772394421e-15
1.285498553129587470e-15
1.181987409412303336e-15
1.087974471529915055e-15
1.002627119348361656e-15
9.251846112200626655e-16
8.549517297425349331e-16
7.912930595286928106e-16
7.336278030375909108e-16
6.814250540731360777e-16
6.341994523547715266e-16
5.915078444435605077e-16
5.530053395184326007e-16
5.182616114790406068e-16
4.869365512573925239e-16
