# bin_4_4
1.677160357789650544e-08
1.684295764905473893e-08
1.691685001411637023e-08
1.699336006590608611e-08
1.707256919151229484e-08
1.715456067282005376e-08
1.723941947538221767e-08
1.732723218150577160e-08
1.741808723742362840e-08
1.751207549593034169e-08
1.760928962660249781e-08
1.770982413213858361e-08
1.781377840288502274e-08
1.792125727567245582e-08
1.803236852844368627e-08
1.814722294644293583e-08
1.826593543348292339e-08
1.838862447028950990e-08
1.851541151266060925e-08
1.864642099254200944e-08
1.878178095533900866e-08
1.892162257809629817e-08
1.906607870705932849e-08
1.921528488525615426e-08
1.936937752834062970e-08
1.952849275696071689e-08
1.969276815695124314e-08
1.986233885598643754e-08
2.003733909484306151e-08
2.021789669347973355e-08
2.040413173571381996e-08
2.059615902969257353e-08
2.079408456513917912e-08
2.099800800672275134e-08
2.120802018812755959e-08
2.142420421234291055e-08
2.164663421962742867e-08
2.187538396038086007e-08
2.211053423318162468e-08
2.235216668396834549e-08
2.260037187991586445e-08
2.285527768831382328e-08
2.311701471746049980e-08
2.338563340319212708e-08
2.366129744211114436e-08
2.394433405698753607e-08
2.423459979153947405e-08
2.453180031963470855e-08
2.483599061509304698e-08
2.514727953723208581e-08
2.546570478390961959e-08
2.579111964740065612e-08
2.612344575952288442e-08
2.646265741950886956e-08
2.680872047469294579e-08
2.716165840884862788e-08
2.752151853763609939e-08
2.788834013190611865e-08
2.826213847296641876e-08
2.864292119666037920e-08
2.903070514797764085e-08
2.942554080926672320e-08
2.982753266554779753e-08
3.023683725591690889e-08
3.065362880535801132e-08
3.107808875152946333e-08
3.151016599783491321e-08
3.194984448353457612e-08
3.239713163024156218e-08
3.285094289055764478e-08
3.331093289671140757e-08
3.377685158497758380e-08
3.424796073961765900e-08
3.472349394557509370e-08
3.520278807121314978e-08
3.568517178366415245e-08
3.616999344857187369e-08
3.665672450776568588e-08
3.714497407061688310e-08
3.763483369182863422e-08
3.812659092754625078e-08
3.861965788076655475e-08
3.911446110648562056e-08
3.961119756639629047e-08
4.010942219279283913e-08
4.060853190189304374e-08
4.110758976098937302e-08
4.160539663550643499e-08
4.210074811109747002e-08
4.259129271094133602e-08
4.307633966914476570e-08
4.355549827204635129e-08
4.402826147550409624e-08
4.449407967456131279e-08
4.495260252835070851e-08
4.540191051077546819e-08
4.584134722691939346e-08
4.627076380501198530e-08
4.668965923263218955e-08
4.709817535133402205e-08
4.749465425609703506e-08
4.787811866301671190e-08
4.824681651093848214e-08
4.859900568764707741e-08
4.893185973051885613e-08
4.924450581912300612e-08
4.953726142485310084e-08
4.981009149899053696e-08
5.006197908768042211e-08
5.029289910632673892e-08
5.050235178617854732e-08
5.068759803330887704e-08
5.084702483974867534e-08
5.097910086200949052e-08
5.108178427356362143e-08
5.115606068670463613e-08
5.120110232593916727e-08
5.121673728368981673e-08
5.120248667197470275e-08
5.115691926705370905e-08
5.107956747522268246e-08
5.096850340569524623e-08
5.082299345436578311e-08
5.064246652215119131e-08
5.042730531309257359e-08
5.017821090460792917e-08
4.989473614462572703e-08
4.957614921124051891e-08
4.922162033488514328e-08
4.883066128071266460e-08
4.840402931657297941e-08
4.794276378735951098e-08
4.744736815789114954e-08
4.691795738546271099e-08
4.635461536943021730e-08
4.575775214674579017e-08
4.512844382081650108e-08
4.446817289577673549e-08
4.377828007999567742e-08
4.305959790869619509e-08
4.231302673678148262e-08
4.153996537219483222e-08
4.074247089399570904e-08
3.992254532929449736e-08
3.908162058221160698e-08
3.822132690295036323e-08
3.734372442870094867e-08
3.645116472302215485e-08
3.554590103381938291e-08
3.462990643775560987e-08
3.370527201161732528e-08
3.277448601598759693e-08
3.184000017006992136e-08
3.090400903810268149e-08
2.996862615900180393e-08
2.903626068976841585e-08
2.810918324816755684e-08
2.718945738187690592e-08
2.627901306436300695e-08
2.537989654479678470e-08
2.449392982565286094e-08
2.362267436768051949e-08
2.276765326537160843e-08
2.193021291129312157e-08
2.111150648900652207e-08
2.031241538029297470e-08
1.953373478539117933e-08
1.877603422391745079e-08
1.803962172070244633e-08
1.732468980653871882e-08
1.663122890851319762e-08
1.595903500860185987e-08
1.530779597905646681e-08
1.467704154133315774e-08
1.406621452601063372e-08
1.347467954504763276e-08
1.290174327892173356e-08
1.234670588869655231e-08
1.180888311347991809e-08
1.128762136368693156e-08
1.078234291328464669e-08
1.029255671619645701e-08
9.817873434918281411e-09
9.358017189793822757e-09
8.912828313473519825e-09
8.482253425554604337e-09
8.066345435515737597e-09
7.665251287176751850e-09
7.279179686100999549e-09
6.908385026935519534e-09
6.553120201193476321e-09
6.213598107119823473e-09
5.889951511894361289e-09
5.582186999033195445e-09
5.290160793247378595e-09
5.013562075254127300e-09
4.751914960950862469e-09
4.504592664237357916e-09
4.270826530978546678e-09
4.049754182712046064e-09
3.840470170667182176e-09
3.642084899009591228e-09
3.453768546399910323e-09
3.274791695457264432e-09
3.104572991062894046e-09
2.942685011999630343e-09
2.788818438306516411e-09
2.642768783107130582e-09
2.504387093623303720e-09
2.373532421447763559e-09
2.250038989743708909e-09
2.133642067797997651e-09
2.023991752820964956e-09
1.920670621181314849e-09
1.823204038999602470e-09
1.731149790648677372e-09
1.644105695746161347e-09
1.561730252848582576e-09
1.483763208807237281e-09
1.410026323475835976e-09
1.340346161004721784e-09
1.274543622295287669e-09
1.212404632770359826e-09
1.153708872594705803e-09
1.098215686460794001e-09
1.045695515777766905e-09
9.959494016597698218e-10
9.488296435374438547e-10
9.041847417615152311e-10
8.618752772470964859e-10
8.217659676780414485e-10
7.837076448816046355e-10
7.475651610480411264e-10
7.132236173309456647e-10
6.805693148110807440e-10
6.495023447500121468e-10
6.199277801273435083e-10
5.917490031254331235e-10
5.648831379950241538e-10
5.392505515807947216e-10
5.147780192437198546e-10
4.913987143311330120e-10
4.690481103081724505e-10
4.476686427704706558e-10
4.272063448012035483e-10
4.076115070599144746e-10
3.888383297976315851e-10
3.708445100410597090e-10
3.535912034323842830e-10
3.370425186142026200e-10
3.211654746877217860e-10
3.059296538078160273e-10
2.913070225555240045e-10
2.772717125135729926e-10
2.637998115602991990e-10
2.508691562380883645e-10
2.384591589843558519e-10
2.265506480139966406e-10
2.151257267165890843e-10
2.041676393972253053e-10
1.936606416530304347e-10
1.835898765176397680e-10
1.739412603847752107e-10
1.647013803189355691e-10
1.558574024614573401e-10
1.473969908883896874e-10
1.393082365035473331e-10
1.315795955248477579e-10
1.241998366611259954e-10
1.171579959748726755e-10
1.104433385764235982e-10
1.040453266358314242e-10
9.795359326578102272e-11
9.215792242966231966e-11
8.664823451603822228e-11
8.141457652271714088e-11
7.644711659375938874e-11
7.173614191961484501e-11
6.727205937456539541e-11
6.304539933773052041e-11
5.904682191247435832e-11
5.526712462910620567e-11
5.169725038067058147e-11
4.832829781365481554e-11
4.515153105350936279e-11
4.215838976062690153e-11
3.934049948952339318e-11
3.668968171431253024e-11
3.419796308706771532e-11
3.185758371260937785e-11
2.966100496431999341e-11
2.760091631768665244e-11
2.567024105286762726e-11
2.386214079970546594e-11
2.217001897141194404e-11
2.058752309796599042e-11
1.910854614000071602e-11
1.772722665758777286e-11
1.643794792368409525e-11
1.523533613360281627e-11
1.411425753978479995e-11
1.306981477649870946e-11
1.209734259053789846e-11
1.119240307556121378e-11
1.035078015956907062e-11
9.568473983586861160e-12
8.841694742191286959e-12
8.166856200131780642e-12
7.540568725838210347e-12
6.959632130094712341e-12
6.421028164123917005e-12
5.921912930145900112e-12
5.459609331419700682e-12
5.031599671717962507e-12
4.635518328772575151e-12
4.269145211621637489e-12
3.930397155530528227e-12
3.617322803654576620e-12
3.328095581967086023e-12
3.061007283307527708e-12
2.814461754453377956e-12
2.586968618515707597e-12
2.377137038769137411e-12
2.183669625499817736e-12
2.005356625848267175e-12
1.841070570688127872e-12
1.689761409060419504e-12
1.550452052342544490e-12
1.422234190316719908e-12
1.304264632412306078e-12
1.195760110300456484e-12
1.095993993729872148e-12
1.004292433594007051e-12
9.200304728359464192e-13
8.426286836064769771e-13
7.715501493693212966e-13
7.062977128370783430e-13
6.464113740399513359e-13
5.914661148037923972e-13
5.410686581969554323e-13
4.948554560234522505e-13
4.524909348396943138e-13
4.136652298176492420e-13
3.780923428579157466e-13
3.455084225266222881e-13
3.156706363386814061e-13
2.883542359200930077e-13
2.633523975776077919e-13
2.404746834111023076e-13
2.195457487298961568e-13
2.004045108897210686e-13
1.829024737469846958e-13
1.669027915637073148e-13
1.522799096926519274e-13
1.389184304813597893e-13
1.267127207729764145e-13
1.155647343660508549e-13
1.053849619556731399e-13
9.609140977598636963e-14
8.760887437911046390e-14
7.986775302447493223e-14
7.280458553111744594e-14
6.636171560853712952e-14
6.048518602550871841e-14
5.512614670339717311e-14
5.024024588434720005e-14
4.578590841313173009e-14
4.172581470375027179e-14
3.802557309537320632e-14
3.465342699286583629e-14
3.158100898101773251e-14
2.878142755471033423e-14
2.623106007342434016e-14
2.390742523068665660e-14
2.179082044178220883e-14
1.986246156359495770e-14
1.810605060847466558e-14
1.650593036606456495e-14
1.504841498974924262e-14
1.372078060359930130e-14
1.251137355338343918e-14
1.140988612362038760e-14
1.040660794602183133e-14
9.492781395310807397e-15
8.660485475851982071e-15
7.902603326566858070e-15
7.212409729785049638e-15
6.583908223868201196e-15
6.011634168488989262e-15
5.490607262354129750e-15
5.016288327793367918e-15
4.584539993475647928e-15
4.191590930175495291e-15
3.834003295102857777e-15
3.508643118163346415e-15
3.212653325571234735e-15
2.943430239484057893e-15
2.698687397745985913e-15
2.476175836520432658e-15
2.273920185818686598e-15
