# bin_2_2
1.427629892010198864e-08
1.433170000824699654e-08
1.438902852064323003e-08
1.444834033175644213e-08
1.450969294028423377e-08
1.457314514005574550e-08
1.463875707137196217e-08
1.470659089689546466e-08
1.477670949250399064e-08
1.484917646017990201e-08
1.492405591876223121e-08
1.500141187341677463e-08
1.508131182137688612e-08
1.516382778624169747e-08
1.524903415732771170e-08
1.533700709795655376e-08
1.542782358340596043e-08
1.552156137202938135e-08
1.561829900518368015e-08
1.571811576727868981e-08
1.582109336987046882e-08
1.592731691640608955e-08
1.603687374358533203e-08
1.614985219490402634e-08
1.626634065114703987e-08
1.638642565224124535e-08
1.651019287466792847e-08
1.663771713677358532e-08
1.676906881310571883e-08
1.690431991160533879e-08
1.704354333882737351e-08
1.718680432136151494e-08
1.733414685265963008e-08
1.748559891997463309e-08
1.764118035882607606e-08
1.780091576728025347e-08
1.796482460579227540e-08
1.813291233711856977e-08
1.830518175674875651e-08
1.848161771735024095e-08
1.866219626433149221e-08
1.884705821128474730e-08
1.903636212305227676e-08
1.922987831217750488e-08
1.942741085734812857e-08
1.962901333284520060e-08
1.983478333914204829e-08
2.004476384398020979e-08
2.025878364672806490e-08
2.047671029399008679e-08
2.069848130612728813e-08
2.092392401190617458e-08
2.115290329508151939e-08
2.138533836363977857e-08
2.162114140498768163e-08
2.186031154477907197e-08
2.210285492131819258e-08
2.234878932380507795e-08
2.259813183560055382e-08
2.285086971919313504e-08
2.310698287609450269e-08
2.336647733917117814e-08
2.362936190134622379e-08
2.389563053428153504e-08
2.416520275044050935e-08
2.443832643164786904e-08
2.471424275099149435e-08
2.499227178404410984e-08
2.527212582239688121e-08
2.555325581711278801e-08
2.583494928397045877e-08
2.611665531177124583e-08
2.639776291945598753e-08
2.667762894099938066e-08
2.695562831880870634e-08
2.723127018215678863e-08
2.750421043447045930e-08
2.777488459669084262e-08
2.804279723253055834e-08
2.830787961839163542e-08
2.857052120323134246e-08
2.883067010447142500e-08
2.908802821730535414e-08
2.934211978711374774e-08
2.959199936836391932e-08
2.983698163830731503e-08
3.007531377385022060e-08
3.030543280381677484e-08
3.052689967346621195e-08
3.073925357483057771e-08
3.094209884989547346e-08
3.113544099181568857e-08
3.131869257252136645e-08
3.149068089730846652e-08
3.165134332564169429e-08
3.180030599157729476e-08
3.193751448724673141e-08
3.206267093797942537e-08
3.217489925700838409e-08
3.227372816315639388e-08
3.235792577582785399e-08
3.242602780780110156e-08
3.247585907056555100e-08
3.250728813796406504e-08
3.252112456151284172e-08
3.251730483318048133e-08
3.249576948046496476e-08
3.245720747438944503e-08
3.240075631081138973e-08
3.232467773143182907e-08
3.222846907587816077e-08
3.211064326132486201e-08
3.197079092051749055e-08
3.181022141277054309e-08
3.162837804555405902e-08
3.142641693975233669e-08
3.120369242354351957e-08
3.096047019860793605e-08
3.069602568371587328e-08
3.040998789420441540e-08
3.010192686589743976e-08
2.977276095477716363e-08
2.942318647602811036e-08
2.905446805164786730e-08
2.866690535783787708e-08
2.826036811879892629e-08
2.783488293385671902e-08
2.739085074757218996e-08
2.692954762588934530e-08
2.645254979060691163e-08
2.596085233994065830e-08
2.545497684618354618e-08
2.493551786318611765e-08
2.440340799010477705e-08
2.386006394522814355e-08
2.330720127867331297e-08
2.274618475582647411e-08
2.217789180595822866e-08
2.160332534230423114e-08
2.102388891046471769e-08
2.044142871470151763e-08
1.985747131284555582e-08
1.927303386141074641e-08
1.868930005298819657e-08
1.810775278162433790e-08
1.752992153787562278e-08
1.695711932357742766e-08
1.639031352135653174e-08
1.583058734801495969e-08
1.527919891702668200e-08
1.473723104104977499e-08
1.420544288161513603e-08
1.368449909090372039e-08
1.317527092232880677e-08
1.267832773747673089e-08
1.219406922393730702e-08
1.172274821141211059e-08
1.126473787350766264e-08
1.082009654805077580e-08
1.038877632323113531e-08
9.970702866773167267e-09
9.565726524724466490e-09
9.173548710143566987e-09
8.793829022393254160e-09
8.426221381740245971e-09
8.070315205345634880e-09
7.725670856577967831e-09
7.391900080206015977e-09
7.068591056330358441e-09
6.755388927398993601e-09
6.451986857494055756e-09
6.158116691564311623e-09
5.873594886237311987e-09
5.598288985578571104e-09
5.332135406194221596e-09
5.075132653616705828e-09
4.827326694132855788e-09
4.588809176317084682e-09
4.359692092715381941e-09
4.140086678113843759e-09
3.930084322417086632e-09
3.729732069182672371e-09
3.539009756253876777e-09
3.357818391286916384e-09
3.185971312131417124e-09
3.023185706694862858e-09
2.869099243602258113e-09
2.723277356137704663e-09
2.585235001456580807e-09
2.454466140253945558e-09
2.330464885841222811e-09
2.212757012622330704e-09
2.100923488475129201e-09
1.994612681140797816e-09
1.893546434840461140e-09
1.797510046364426380e-09
1.706344657035836325e-09
1.619920360273340259e-09
1.538107489913952084e-09
1.460758038228113352e-09
1.387696276042389565e-09
1.318716579129984292e-09
1.253584181581056206e-09
1.192050187077891069e-09
1.133878022722366877e-09
1.078856422662667417e-09
1.026791728514849717e-09
9.775185314127091133e-10
9.308896340509595589e-10
8.867690007922071279e-10
8.450303548863662249e-10
8.055352181300169822e-10
7.681473594721161898e-10
7.327386528037621650e-10
6.991829327325987866e-10
6.673726959111530446e-10
6.372032680496681958e-10
6.085707798828766629e-10
5.813793527882740696e-10
5.555361058962013340e-10
5.309614168129544867e-10
5.075748095176298933e-10
4.853012875898416023e-10
4.640733225403295996e-10
4.438248965207101513e-10
4.244941010241649521e-10
4.060244230922672261e-10
3.883648546236488559e-10
3.714666095359615046e-10
3.552844520316050182e-10
3.397769404092611592e-10
3.249057615911252326e-10
3.106357141045668679e-10
2.969345258443517678e-10
2.837724349326131461e-10
2.711221862346277629e-10
2.589588448929916529e-10
2.472595503399622811e-10
2.360034057691311778e-10
2.251713035413671368e-10
2.147457497028504067e-10
2.047107358909657772e-10
1.950515814839249723e-10
1.857548001561406643e-10
1.768079653027974663e-10
1.681995986578936141e-10
1.599190628572813953e-10
1.519564519941671407e-10
1.443025013012109422e-10
1.369484930343712983e-10
1.298861786975592980e-10
1.231076998381879809e-10
1.166055226320141826e-10
1.103723740633780127e-10
1.044011893894787709e-10
9.868506417445676402e-11
9.321721462433738898e-11
8.799094344014880706e-11
8.299961214886591762e-11
7.823661905270295902e-11
7.369538262051427795e-11
6.936932959448162226e-11
6.525188762036767952e-11
6.133648176414339723e-11
5.761653464828367629e-11
5.408546970283648269e-11
5.073671683592772606e-11
4.756372065456840460e-11
4.455995082572182398e-11
4.171891363163935354e-11
3.903416444275388965e-11
3.649932094125902148e-11
3.410807650667853045e-11
3.185421322331922400e-11
2.973161478926483579e-11
2.773427883151511822e-11
2.585632844352419066e-11
2.409202291688320122e-11
2.243576731824848470e-11
2.088212092999859954e-11
1.942580470944629856e-11
1.806170779976134924e-11
1.678489174934083134e-11
1.559059476416389484e-11
1.447423414596166647e-11
1.343140791140204903e-11
1.245789512854748570e-11
1.154965527370900571e-11
1.070282717280875850e-11
9.913726883209736701e-12
9.178844702953370406e-12
8.494841900689180054e-12
7.858546989720302358e-12
7.266951223955819125e-12
6.717203891947966558e-12
6.206607324932383656e-12
5.732611692892732827e-12
5.292809524529318954e-12
4.884930191633024868e-12
4.506834356934505268e-12
4.156508348509067413e-12
3.832058605200136888e-12
3.531706143316972261e-12
3.253781206345923855e-12
2.996717865638630363e-12
2.759048865546785886e-12
2.539400532944295275e-12
2.336487839555860313e-12
2.149109515894826014e-12
1.976143359477083821e-12
1.816541653340420871e-12
1.669326798166988449e-12
1.533587182787586910e-12
1.408473595439226413e-12
1.293194749457518335e-12
1.187014138221081949e-12
1.089247047468030581e-12
9.992571082247960410e-13
9.164532073759374397e-13
8.402865439032979853e-13
7.702478227477133403e-13
7.058646083996393698e-13
6.466988510885925099e-13
5.923445620456105516e-13
5.424256401793906245e-13
4.965938400832779861e-13
4.545268763280978931e-13
4.159269869977314322e-13
3.805184142737407658e-13
3.480462891262070887e-13
3.182754032583294633e-13
2.909885747178945458e-13
2.659853277973828497e-13
2.430806658244815828e-13
2.221039426540460077e-13
2.028978227643677204e-13
1.853176389525934624e-13
1.692296935097184479e-13
1.545107905203583627e-13
1.410477333746393464e-13
1.287363447066933721e-13
1.174807742458636293e-13
1.071928660460415041e-13
9.779205750093921562e-14
8.920337417330810817e-14
8.135834834860336504e-14
7.419413140038695031e-14
6.765300983280172159e-14
6.168232826520397272e-14
5.623330045619973476e-14
5.126112527624942714e-14
4.672490959922634348e-14
4.258728525389714277e-14
3.881415304833620012e-14
3.537360437808332315e-14
3.223679314090990056e-14
2.937753731603948142e-14
2.677164086654060388e-14
2.439667685412346986e-14
2.223248060585592139e-14
2.026080888133536458e-14
1.846428659768644682e-14
1.682756955094575893e-14
1.533670739738337082e-14
1.397841562533956957e-14
1.274123878876199380e-14
1.161424461148999882e-14
1.058761601248715280e-14
9.652612845141503461e-15
8.800806042462769555e-15
8.025145095703830328e-15
7.318496758668173916e-15
6.675074035319912954e-15
6.088960391470335133e-15
5.555278788249852954e-15
5.069258616769639158e-15
4.626645034217028393e-15
4.223747084205465395e-15
3.856853917803915005e-15
3.522834367025760585e-15
3.218870807933904297e-15
2.942175857967001684e-15
2.690346951916571274e-15
2.461196135430298522e-15
2.252795549620456394e-15
2.063228550066677745e-15
1.890835502470397399e-15
1.734102559473533015e-15
1.591648702990185126e-15
1.462213944898051195e-15
1.344648595712656079e-15
1.237903490951337085e-15
1.141021114842024635e-15
1.053153600940778858e-15
9.735145806453660022e-16
9.013432211289392172e-16
8.359737193269933516e-16
7.768778565452108860e-16
7.234305640796131050e-16
6.751766489466597401e-16
