# bin_2_1
1.192788743983203190e-08
1.197085637246130850e-08
1.201528732274694008e-08
1.206122041971790169e-08
1.210869688366785690e-08
1.215775872494165235e-08
1.220844838477501773e-08
1.226080873625067416e-08
1.231488321702022437e-08
1.237071619879719428e-08
1.242835251816650625e-08
1.248783739053313313e-08
1.254921728975365438e-08
1.261254064964484024e-08
1.267785670806757862e-08
1.274521581294593438e-08
1.281467034595103121e-08
1.288627404048480498e-08
1.296008185274241842e-08
1.303615033435295642e-08
1.311453756003587893e-08
1.319530249516702738e-08
1.327850291796408288e-08
1.336419701219391578e-08
1.345244212457787089e-08
1.354329344194207894e-08
1.363680605590459074e-08
1.373303072609276836e-08
1.383201537565906168e-08
1.393380038868760215e-08
1.403841753425932333e-08
1.414589158471281051e-08
1.425623576728537847e-08
1.436945635272189757e-08
1.448555057583059197e-08
1.460450374251589701e-08
1.472628291423092593e-08
1.485086111063598973e-08
1.497822953992572404e-08
1.510834058303468916e-08
1.524111971269703122e-08
1.537665951272154314e-08
1.551507554336636260e-08
1.565609751506201366e-08
1.579949638646295185e-08
1.594531695821344270e-08
1.609362783077016143e-08
1.624442925993728309e-08
1.639755480013242436e-08
1.655284979448752727e-08
1.671017816607048326e-08
1.686934976148620867e-08
1.703019328850051002e-08
1.719256814434675419e-08
1.735635930608800341e-08
1.752151280029355966e-08
1.768801745824163296e-08
1.785587744669465512e-08
1.802508923466434319e-08
1.819564323324311665e-08
1.836751452609599506e-08
1.854067291861079320e-08
1.871512485050559604e-08
1.889083574912650717e-08
1.906768776360101447e-08
1.924588820515697797e-08
1.942467740825968955e-08
1.960344554672122396e-08
1.978196366675288287e-08
1.995974503046747683e-08
2.013608919347731800e-08
2.031044314489810486e-08
2.048219144938152700e-08
2.065071581016008360e-08
2.081542798566635185e-08
2.097591278132966076e-08
2.113184428120766274e-08
2.128365385317633075e-08
2.143091856134924372e-08
2.157371242008902032e-08
2.171255738247183616e-08
2.184748295405268335e-08
2.197824297941838453e-08
2.210447351834911691e-08
2.222535729953334960e-08
2.234029087172770644e-08
2.244765847797505117e-08
2.254610281087242081e-08
2.263538281784517776e-08
2.271524003750541352e-08
2.278550062768355397e-08
2.284630346538025536e-08
2.289717813488238049e-08
2.293711622943552931e-08
2.296628292784151091e-08
2.298463435708212065e-08
2.299241163743789065e-08
2.298956070378130064e-08
2.297543501745842301e-08
2.294987182971587706e-08
2.291191170128811569e-08
2.286037965497756957e-08
2.279351567322683533e-08
2.271156279957589267e-08
2.261556958107672869e-08
2.250574216865359732e-08
2.238240452161599270e-08
2.224653152561182308e-08
2.209768206834241159e-08
2.193465338542830318e-08
2.175726869547917555e-08
2.156436163210318383e-08
2.135585130589576955e-08
2.113339300629352519e-08
2.089691982124582238e-08
2.064788069186092727e-08
2.038598448816666325e-08
2.011179810315584147e-08
1.982502012489823434e-08
1.952566455195958464e-08
1.921357691397007965e-08
1.888987062021135509e-08
1.855550817413091524e-08
1.821202946697786373e-08
1.785996872937038179e-08
1.749934723344243395e-08
1.713035114028584281e-08
1.675351286023255511e-08
1.637014848823472199e-08
1.598177073776710980e-08
1.558938803239310691e-08
1.519349550355244948e-08
1.479451327226871851e-08
1.439317386701288197e-08
1.399066759330239892e-08
1.358834995314432248e-08
1.318720952434579470e-08
1.278774367568995700e-08
1.239046110084539200e-08
1.199618111028341360e-08
1.160612502489233457e-08
1.122116558301976034e-08
1.084162493878149112e-08
1.046792663742205748e-08
1.010072118284001020e-08
9.740719683488071405e-09
9.388373964552923043e-09
9.043796818361058285e-09
8.707187004440217715e-09
8.378924945678889728e-09
8.059255547029464522e-09
7.748117345534056321e-09
7.445417784358140184e-09
7.151288105778674492e-09
6.865665140521308447e-09
6.588382314014488771e-09
6.319207087874173331e-09
6.058126234835868678e-09
5.804916624006021734e-09
5.559354150339701486e-09
5.321288078828982392e-09
5.090586457782833610e-09
4.867091494455147849e-09
4.650653495589304376e-09
4.441223334209026077e-09
4.238723795743725192e-09
4.043095170304663459e-09
3.854332755760118843e-09
3.672413674161786939e-09
3.497323297402383105e-09
3.329060089825229421e-09
3.167587164942141926e-09
3.012868116394043493e-09
2.864833775555213434e-09
2.723384999444586372e-09
2.588393051468344573e-09
2.459696466714675891e-09
2.337111362593740065e-09
2.220431366052770689e-09
2.109433470758165391e-09
2.003888566673323423e-09
1.903565413297524388e-09
1.808232944805624403e-09
1.717664857983496187e-09
1.631642373836349089e-09
1.549950457678121381e-09
1.472387857238917334e-09
1.398762868962902249e-09
1.328895285954761660e-09
1.262620364690266564e-09
1.199782730265581978e-09
1.140237536736286086e-09
1.083847437565011790e-09
1.030475795494595200e-09
9.799834624416244462e-10
9.322226471823700572e-10
8.870428428809228406e-10
8.442910219396515602e-10
8.038162452361898886e-10
7.654789534132038441e-10
7.291577565082512684e-10
6.947495214053119665e-10
6.621601487338785419e-10
6.312984851218179112e-10
6.020754340558311154e-10
5.744012251982650385e-10
5.481800283264523128e-10
5.233196850996720079e-10
4.997328953854056391e-10
4.773392075292618900e-10
4.560668102799924321e-10
4.358453615971833050e-10
4.166105891343694099e-10
3.983037855154743147e-10
3.808680347924048941e-10
3.642518584813461006e-10
3.484055899897118789e-10
3.332814487139415195e-10
3.188347754637557564e-10
3.050246836387075545e-10
2.918124906592117934e-10
2.791631804944066235e-10
2.670444740181928299e-10
2.554268655610741894e-10
2.442824900397650906e-10
2.335853814243753010e-10
2.233116454207620546e-10
2.134398223515104295e-10
2.039499899254275593e-10
1.948239309859253733e-10
1.860449152902540435e-10
1.775974485567684069e-10
1.694674569700276110e-10
1.616421241380129221e-10
1.541096204044583214e-10
1.468590989630526087e-10
1.398805525108981740e-10
1.331647169311830559e-10
1.267030640884880053e-10
1.204876566893003898e-10
1.145110900997653067e-10
1.087664322751232167e-10
1.032471286068607351e-10
9.794696649837582947e-11
9.286000178729127216e-11
8.798052937531493183e-11
8.330303706400080043e-11
7.882215771572474922e-11
7.453264364975959362e-11
7.042932769256602993e-11
6.650711094911797937e-11
6.276093661520252247e-11
5.918578140036642068e-11
5.577663845376908403e-11
5.252851396213341012e-11
4.943642069727491597e-11
4.649537771907635369e-11
4.370041044500070561e-11
4.104655348441031503e-11
3.852885580312055206e-11
3.614238719075405849e-11
3.388224581567286344e-11
3.174356652480797922e-11
2.972152974930091074e-11
2.781137059870400671e-11
2.600838803250319224e-11
2.430795374180920687e-11
2.270552089807925197e-11
2.119663259235773629e-11
1.977692956247331653e-11
1.844215723861860816e-11
1.718817217693098195e-11
1.601094758977922304e-11
1.490657777382928378e-11
1.387128190964293042e-11
1.290140710753467995e-11
1.199343063337128517e-11
1.114396146269629075e-11
1.034974103964961267e-11
9.607643263929767865e-12
8.914673989352724931e-12
8.267970255971645146e-12
7.664797999093802507e-12
7.102550517458922080e-12
6.578745816322559958e-12
6.091023897738636698e-12
5.637143516305248476e-12
5.214978712163026615e-12
4.822515524317965124e-12
4.457848259415974055e-12
4.119175513512605241e-12
3.804796367469109840e-12
3.513106525313920470e-12
3.242594146469548911e-12
2.991835896676207715e-12
2.759492996578852177e-12
2.544307319602023857e-12
2.345097511012674684e-12
2.160755248035197505e-12
1.990241556736323735e-12
1.832583201693518697e-12
1.686869247304861621e-12
1.552247664337097699e-12
1.427922140502674166e-12
1.313148884238423086e-12
1.207233652863911713e-12
1.109528834056342051e-12
1.019430693395933806e-12
9.363767065433928566e-13
8.598430570693751525e-13
7.893422352588057546e-13
7.244207803888431898e-13
6.646571520986978588e-13
6.096600192624859079e-13
5.590655678417113864e-13
5.125360330416172532e-13
4.697583273424340825e-13
4.304421760204921007e-13
3.943185789499401134e-13
3.611383634771880575e-13
3.306708204160821701e-13
3.027024242169218860e-13
2.770356382047773749e-13
2.534877931642627272e-13
2.318900409989303762e-13
2.120863772444169750e-13
1.939327306082037187e-13
1.772964444597386903e-13
1.620546393167399524e-13
1.480939167764257864e-13
1.353099155302496847e-13
1.236064370697206824e-13
1.128948381101280484e-13
1.030934668556648652e-13
9.412714172211191537e-14
8.592666716267490126e-14
7.842869955139335148e-14
7.157454746757682903e-14
6.531016178559773873e-14
5.958606595324102385e-14
5.435679401176925364e-14
4.958057761778691892e-14
4.521905766758837927e-14
4.123748960952173448e-14
3.760307130878470262e-14
3.428610665867291697e-14
3.125939126024868354e-14
2.849797758524068669e-14
2.597931366369121333e-14
2.368228160052721708e-14
2.158749097856675953e-14
1.967736970252676699e-14
1.793594791970726424e-14
1.634875453925919140e-14
1.490191677397490480e-14
1.358312269385292606e-14
1.238134821054088272e-14
1.128630718604781544e-14
1.028833948195495229e-14
9.378966972195388841e-15
8.550643139013008659e-15
7.795822031567381583e-15
7.108128848416006751e-15
6.481810104239429508e-15
5.911099170307359437e-15
5.391366635202631245e-15
4.917932893162880307e-15
4.486672793852426176e-15
4.094019244995435996e-15
3.736285895265765430e-15
3.410699727633807409e-15
3.114072732016952892e-15
2.844159660374087420e-15
2.598317860024292948e-15
2.374612412428806984e-15
2.170978384926457182e-15
1.985618185393320959e-15
1.817062347957418983e-15
1.663654482483405430e-15
1.524112283831960688e-15
1.397297866365534631e-15
1.281975840705125033e-15
1.177144047103830794e-15
1.081889370940674652e-15
9.954374163766529312e-16
9.169406031077253819e-16
8.457032624128268472e-16
7.810896334812579708e-16
7.225185933276958484e-16
6.694588816228118577e-16
6.214247333620255692e-16
5.779718953694244063e-16
5.386940422456245484e-16
5.032410230191904635e-16
4.712810852800370820e-16
4.424765615519900272e-16
4.165420640259599463e-16
3.932788879348872393e-16
3.723919144183857454e-16
3.537018844773471733e-16
