# bin_3_2
1.512226379041368086e-08
1.518260435029620657e-08
1.524506039684895597e-08
1.530969469593315302e-08
1.537657187322331671e-08
1.544575809007287523e-08
1.551732110649761359e-08
1.559133097218006650e-08
1.566785870077307443e-08
1.574697628188741741e-08
1.582875648527424201e-08
1.591327223028224747e-08
1.600060023492745694e-08
1.609082205966496884e-08
1.618402194102479662e-08
1.628028619367139609e-08
1.637970223086977443e-08
1.648235854908729811e-08
1.658834473453776684e-08
1.669775141738295427e-08
1.681067198402670111e-08
1.692720357765633165e-08
1.704744597205345182e-08
1.717150030331900368e-08
1.729946809441045299e-08
1.743144935628373296e-08
1.756754356224601007e-08
1.770783954109756771e-08
1.785242199200059653e-08
1.800137777596441261e-08
1.815479518282451805e-08
1.831275515799455550e-08
1.847531757129217770e-08
1.864252644075031320e-08
1.881441798540038113e-08
1.899103383396886865e-08
1.917241097254340704e-08
1.935857239817124017e-08
1.954953849973969932e-08
1.974531223857175560e-08
1.994588823237461452e-08
2.015142631870603259e-08
2.036210416691171083e-08
2.057771080366900377e-08
2.079806937601477414e-08
2.102325279967611270e-08
2.125337880436838063e-08
2.148851100609095868e-08
2.172849729948755411e-08
2.197322496636034115e-08
2.222265262159714149e-08
2.247662688904573173e-08
2.273503255456182933e-08
2.299780922763482438e-08
2.326488830556612084e-08
2.353628909293904497e-08
2.381203685176364940e-08
2.409216844753144476e-08
2.437672005585932537e-08
2.466569712104450549e-08
2.495909726880999523e-08
2.525694416478202560e-08
2.555926280367935412e-08
2.586606301378946315e-08
2.617727840978262122e-08
2.649317150716781230e-08
2.681299346680703819e-08
2.713607316474240488e-08
2.746213272087863650e-08
2.779062988695734696e-08
2.812085723532874330e-08
2.845226754063513824e-08
2.878425166751100975e-08
2.911616587909961992e-08
2.944738251552936979e-08
2.977740593121946183e-08
3.010588465326948316e-08
3.043324786695786996e-08
3.075898535267962063e-08
3.108301266721023317e-08
3.140570304254892471e-08
3.172698280498906835e-08
3.204652764830189896e-08
3.236383219820861194e-08
3.267791514061482046e-08
3.298805381890308665e-08
3.329244637936727130e-08
3.358947695491233073e-08
3.387865571324414058e-08
3.415946414481224405e-08
3.443144314637663514e-08
3.469453374179228722e-08
3.494807440941526774e-08
3.519080753310364613e-08
3.542258972037474444e-08
3.564295739014547303e-08
3.585176239768760606e-08
3.604860290311801584e-08
3.623248693646956717e-08
3.640282904384569458e-08
3.655827342946091101e-08
3.669722489449842327e-08
3.681735939308258978e-08
3.691840832612850099e-08
3.700104360136069450e-08
3.706504389334037597e-08
3.711018757439256580e-08
3.713701089555341662e-08
3.714447379804054191e-08
3.713064678592623987e-08
3.709485515814983168e-08
3.703541229805379407e-08
3.695171520601081792e-08
3.684489785071400054e-08
3.671418777960634247e-08
3.656056253725225768e-08
3.638316039732072275e-08
3.618205532601555034e-08
3.595630944977557072e-08
3.570535196451412458e-08
3.542854395891045095e-08
3.512662132510214651e-08
3.480008393275273835e-08
3.445002074148559498e-08
3.407654849988398099e-08
3.367936003955599755e-08
3.325832195036035791e-08
3.281368206350174549e-08
3.234658189337898413e-08
3.185848356982938962e-08
3.135027783187701826e-08
3.082239464500631450e-08
3.027535848708442333e-08
2.971005514144622080e-08
2.912788140368656176e-08
2.853056025091430469e-08
2.791948611318800967e-08
2.729558916261200520e-08
2.665995652839041311e-08
2.601410921118109855e-08
2.536004527552669657e-08
2.469947218422604952e-08
2.403361494163499463e-08
2.336389981354986475e-08
2.269208643203465708e-08
2.202001175693884849e-08
2.134932448202257008e-08
2.068135092836161385e-08
2.001756157836727834e-08
1.935962418687130229e-08
1.870904953164062114e-08
1.806703625350358773e-08
1.743469722031772277e-08
1.681336046880266864e-08
1.620404732487301751e-08
1.560760244913831904e-08
1.502470862375534039e-08
1.445615298771910720e-08
1.390237722229988155e-08
1.336368499771005331e-08
1.284031535296961308e-08
1.233238812952916052e-08
1.183982414432506438e-08
1.136245079783699966e-08
1.090003542873094203e-08
1.045222541105470535e-08
1.001858424195846034e-08
9.598675768310458952e-09
9.191992519654413323e-09
8.798043882519055993e-09
8.416354589930716770e-09
8.046464837131286347e-09
7.687987110236353408e-09
7.340582912467256672e-09
7.003991877776857417e-09
6.678036146510775410e-09
6.362615899115264607e-09
6.057718054154242322e-09
5.763399028644080776e-09
5.479769947011635889e-09
5.206980009118375173e-09
4.945189172483943335e-09
4.694537378800791718e-09
4.455121152476414736e-09
4.226968579758761683e-09
4.010010231613045499e-09
3.804075839419051241e-09
3.608881494481829447e-09
3.424035490954542921e-09
3.249057898912662089e-09
3.083397310007628811e-09
2.926466313151516392e-09
2.777676418912699254e-09
2.636468381885519242e-09
2.502341211006800895e-09
2.374866294658519812e-09
2.253702582397015662e-09
2.138585344143040471e-09
2.029303793269910868e-09
1.925679816623927199e-09
1.827546966865538560e-09
1.734729424871287686e-09
1.647020777134247374e-09
1.564180668598538656e-09
1.485952272949597440e-09
1.412073253226199673e-09
1.342271551144618241e-09
1.276291071663437004e-09
1.213895496167059414e-09
1.154873383604449782e-09
1.099044236209227944e-09
1.046229510641605851e-09
9.962644243623552051e-10
9.489972160641966356e-10
9.042731591809856610e-10
8.619548291888372389e-10
8.219005485818169288e-10
7.839643275782527789e-10
7.480103036706572683e-10
7.139080568418571059e-10
6.815507962517174278e-10
6.508307413400432459e-10
6.216470210042281590e-10
5.939092245545998745e-10
5.675251574116666135e-10
5.424062589997724572e-10
5.184717131029904688e-10
4.956512767954446672e-10
4.738761420844215156e-10
4.530816947470394351e-10
4.332087463575704646e-10
4.142013800124095415e-10
3.960080693196300862e-10
3.785823483780439622e-10
3.618807016816422737e-10
3.458627827350962287e-10
3.304916937592725762e-10
3.157333932850878421e-10
3.015568118563432184e-10
2.879334599049131733e-10
2.748371102780423939e-10
2.622438144707709322e-10
2.501316219030425019e-10
2.384804331095510487e-10
2.272717843460999452e-10
2.164887256666447089e-10
2.061156754164995255e-10
1.961382499799910877e-10
1.865431548116286424e-10
1.773180424620551628e-10
1.684514093265781466e-10
1.599324779133630215e-10
1.517511081445482474e-10
1.438977000031913717e-10
1.363631121662749043e-10
1.291385833124091817e-10
1.222156649618755985e-10
1.155861609485920550e-10
1.092420754796085390e-10
1.031755684581933196e-10
9.737891813954900086e-11
9.184449011166737629e-11
8.656471263056607745e-11
8.153205753412183723e-11
7.673902646994829733e-11
7.217814191085030252e-11
6.784194220194084851e-11
6.372298084308782762e-11
5.981382961552447280e-11
5.610708448078049183e-11
5.259537386716258375e-11
4.927136901092207033e-11
4.612779561958168558e-11
4.315744624890666140e-11
4.035319364606279004e-11
3.770800437629272232e-11
3.521495236583586680e-11
3.286723215149784185e-11
3.065817138386580824e-11
2.858124261887684943e-11
2.663007441667695994e-11
2.479846160904301457e-11
2.308037325185294272e-11
2.146996054154308580e-11
1.996156284840172595e-11
1.854971277729038205e-11
1.722913974038949666e-11
1.599477226085112471e-11
1.484173959234152235e-11
1.376537197587253930e-11
1.276119969438311650e-11
1.182495156938190128e-11
1.095255271250594997e-11
1.014012119168626020e-11
9.383964212700487437e-12
8.680573789719107280e-12
8.026621963836292411e-12
7.418955483665123174e-12
6.854590234921758722e-12
6.330705460071579069e-12
5.844637735936942804e-12
5.393874896362597170e-12
4.976049895788292306e-12
4.588934765254235819e-12
4.230434427427264480e-12
3.898580703428105993e-12
3.591526334345461160e-12
3.307539111439374471e-12
3.044996018923059244e-12
2.802377552318937253e-12
2.578262094938703937e-12
2.371320485219716210e-12
2.180310819840299469e-12
2.004073821793786300e-12
1.841527359083421985e-12
1.691662360904354698e-12
1.553538937610879012e-12
1.426282073377361074e-12
1.309077685146347222e-12
1.201168830677099425e-12
1.101852045737154165e-12
1.010473850996124413e-12
9.264274602409958700e-13
8.491496792279327481e-13
7.781180100883928744e-13
7.128479551073281059e-13
6.528905089072088144e-13
5.978301527175389039e-13
5.472817892043397043e-13
5.008891049740935833e-13
4.583228288568492857e-13
4.192785924744938596e-13
3.834751273392644102e-13
3.506525854470962537e-13
3.205709977420697983e-13
2.930088598919788239e-13
2.677621488011554265e-13
2.446422959260815332e-13
2.234754098555478339e-13
2.041014751105781061e-13
1.863730852263921859e-13
1.701544859182611104e-13
1.553207021270993767e-13
1.417572199753354769e-13
1.293577641271629792e-13
1.180250312562203258e-13
1.076696134770571675e-13
9.820933839628198928e-14
8.956903470384256420e-14
8.167919183387740986e-14
7.447594646124457269e-14
6.790088135335632586e-14
6.190052393578990336e-14
5.642597878072344275e-14
5.143173464685270688e-14
4.687645348767699165e-14
4.272248577455696439e-14
3.893510718829095635e-14
3.548222674610225296e-14
3.233481896733572139e-14
2.946651476000592827e-14
2.685247301247516954e-14
2.447050663668605443e-14
2.230038841053295261e-14
2.032306823432608189e-14
1.852181744753550283e-14
1.688086528704263321e-14
1.538597007004051531e-14
1.402435045409775287e-14
1.278387702785623057e-14
1.165413551605110401e-14
1.062490938535352351e-14
9.687617244671508785e-15
8.833780809785292172e-15
8.056201383009504338e-15
7.347985142946448926e-15
6.702944880558749313e-15
6.115635281673300371e-15
5.580736827917650789e-15
5.093660381252863320e-15
4.650262038807615819e-15
4.246538669787770401e-15
3.878984803420782998e-15
3.544408024896062746e-15
3.239968473382654049e-15
2.962912256204209826e-15
2.710820495086348368e-15
2.481487732858110539e-15
2.272902932394128732e-15
2.083232168260538566e-15
1.910802888409559464e-15
1.754089581624039136e-15
1.611700747675409930e-15
1.482394807204143571e-15
1.365026097338548896e-15
1.258503533712025018e-15
1.161862158980708008e-15
1.074307381089626920e-15
9.949606702536651043e-16
9.231450046825804509e-16
