# bin_4_3
1.621518594881810994e-08
1.628317297425740134e-08
1.635357218364533699e-08
1.642645861027182124e-08
1.650190878439736377e-08
1.658000074564702454e-08
1.666081396709676995e-08
1.674442932663497132e-08
1.683093018522889804e-08
1.692040324611339823e-08
1.701293715710651430e-08
1.710862244318331786e-08
1.720755299788822188e-08
1.730982667714805710e-08
1.741554382664397928e-08
1.752480729252345479e-08
1.763772274171995083e-08
1.775439862216713284e-08
1.787494639987388378e-08
1.799948161043613336e-08
1.812812313963712494e-08
1.826099247899681201e-08
1.839821163440109005e-08
1.853990475544688623e-08
1.868619708982364790e-08
1.883721333428637040e-08
1.899307917617549983e-08
1.915391751270691613e-08
1.931985021675424769e-08
1.949099384397526424e-08
1.966745737398954411e-08
1.984934401808143868e-08
2.003674747523737553e-08
2.022975541105581609e-08
2.042844631116227728e-08
2.063289200151773962e-08
2.084315667661006735e-08
2.105929836340882784e-08
2.128137151845002674e-08
2.150945283256879698e-08
2.174364523464875827e-08
2.198399687670368643e-08
2.223056115226384171e-08
2.248361348713905762e-08
2.274327709879882578e-08
2.300926801932350870e-08
2.328153520199518316e-08
2.356021638812388012e-08
2.384542376016581947e-08
2.413712909268483765e-08
2.443520497514562069e-08
2.473957944386337629e-08
2.505018042492330316e-08
2.536694160501438146e-08
2.568983614351362051e-08
2.601888184443195528e-08
2.635412735147721786e-08
2.669563125307389782e-08
2.704343586675664120e-08
2.739758191417233917e-08
2.775811940321032219e-08
2.812510603725136032e-08
2.849862450039694118e-08
2.887880489156280976e-08
2.926580145338867033e-08
2.965951653477190550e-08
3.006013005393617379e-08
3.046731725238416960e-08
3.088011781224698839e-08
3.129830495713077715e-08
3.172156951418418661e-08
3.214918224265294035e-08
3.258050006018524958e-08
3.301487001182394442e-08
3.345163256728413928e-08
3.389015308510867297e-08
3.432996471713560625e-08
3.477065353615631061e-08
3.521246654763752609e-08
3.565533148405857071e-08
3.609888145155032898e-08
3.654359210590558340e-08
3.698954265566433727e-08
3.743631367416906283e-08
3.788337548621541368e-08
3.832977630320954641e-08
3.877451710392854349e-08
3.921615530507291683e-08
3.965259748660306239e-08
4.008328940242694652e-08
4.050777338806159179e-08
4.092556772665266080e-08
4.133628066284062044e-08
4.173945612809280280e-08
4.213332734083130686e-08
4.251747797301170023e-08
4.289164963730291278e-08
4.325543656923290073e-08
4.360876888695668958e-08
4.395013848339461319e-08
4.427879449930057378e-08
4.459307873816883782e-08
4.489134648792260161e-08
4.517084881921263233e-08
4.543096393976933346e-08
4.567206904802335262e-08
4.589395410737069622e-08
4.609586586157648107e-08
4.627795274244050875e-08
4.643947773509276513e-08
4.657798899595768917e-08
4.669222494924253108e-08
4.678047042892618548e-08
4.684108990005084470e-08
4.687513786007345146e-08
4.688165471300787501e-08
4.686091382254790541e-08
4.681214819949025176e-08
4.673443633164629431e-08
4.662706901120726172e-08
4.648857629960918943e-08
4.631813748880360159e-08
4.611558616851682885e-08
4.588118911393063283e-08
4.561578000781636609e-08
4.531901158297666344e-08
4.499021978233194666e-08
4.462878928640660629e-08
4.423438077357787248e-08
4.380778472854559939e-08
4.335011097378072382e-08
4.286195006032476093e-08
4.234346283965818781e-08
4.179481732526392996e-08
4.121652109905045187e-08
4.060971214214933244e-08
3.997589001171214105e-08
3.931636654757306832e-08
3.863199250468935706e-08
3.792370580838686844e-08
3.719290815006828269e-08
3.644161542026825716e-08
3.567173641321545974e-08
3.488464307998471213e-08
3.408191722452471448e-08
3.326552801172675755e-08
3.243769731710457982e-08
3.160052174959864382e-08
3.075582575672944925e-08
2.990555087068100739e-08
2.905199001954406878e-08
2.819738013237766702e-08
2.734367248539069968e-08
2.649276124009002410e-08
2.564680472958003520e-08
2.480777962133594806e-08
2.397747290418068043e-08
2.315752175177091781e-08
2.234968673593684782e-08
2.155545544736086095e-08
2.077609768694196135e-08
2.001282569178249428e-08
1.926668620085652796e-08
1.853852494795062170e-08
1.782895132870868263e-08
1.713849224800487999e-08
1.646746216113856141e-08
1.581595410749449564e-08
1.518396189417733168e-08
1.457130852163933532e-08
1.397766617840568642e-08
1.340262504653458777e-08
1.284565765553318705e-08
1.230619149788115633e-08
1.178360949267388574e-08
1.127727524164269638e-08
1.078657961264915087e-08
1.031095257457085854e-08
9.849881518251742667e-09
9.402941242350434063e-09
8.969798622514478761e-09
8.550220389003922083e-09
8.144082461284405175e-09
7.751362788515731325e-09
7.372127218544590065e-09
7.006526454016115631e-09
6.654763506493619025e-09
6.317067838919163499e-09
5.993657819297949861e-09
5.684696127972652647e-09
5.390258712297272672e-09
5.110303242184131511e-09
4.844644965422525948e-09
4.592953838439683099e-09
4.354747730193319659e-09
4.129413063480291388e-09
3.916239530493890403e-09
3.714453410524066709e-09
3.523259580185393800e-09
3.341886806922257378e-09
3.169640765557717245e-09
3.005932219296701828e-09
2.850288220840103261e-09
2.702345882259472101e-09
2.561850332618309349e-09
2.428619266005130497e-09
2.302478716972119616e-09
2.183241141957055678e-09
2.070670716459558356e-09
1.964473611148792253e-09
1.864316822488522755e-09
1.769811709077862651e-09
1.680567590906090061e-09
1.596225625309207174e-09
1.516458578093287927e-09
1.441015154994591769e-09
1.369679083772550336e-09
1.302244797584878411e-09
1.238513491735943911e-09
1.178299062383395105e-09
1.121390146394310443e-09
1.067578158500180951e-09
1.016659835038566129e-09
9.684655925018204464e-10
9.228318740712829518e-10
8.796026915318277884e-10
8.386286332993791617e-10
7.997812291878724224e-10
7.629220204277140955e-10
7.279271567120422154e-10
6.946857958411246965e-10
6.630842500062812577e-10
6.330199835647777243e-10
6.044016164583820368e-10
5.771374938221240095e-10
5.511455402858853959e-10
5.263491787277848590e-10
5.026744585905315894e-10
4.800565704553992376e-10
4.584335407298474996e-10
4.377477896259729583e-10
4.179468325988973445e-10
3.989816826116815838e-10
3.808078004597676360e-10
3.633836354994760568e-10
3.466710973740343323e-10
3.306352464679553728e-10
3.152438303280379003e-10
3.004672311069463446e-10
2.862781846632905982e-10
2.726516096668129632e-10
2.595643469114100310e-10
2.469950167182980453e-10
2.349238289656286375e-10
2.233324235731783416e-10
2.122037197125882154e-10
2.015217810513892739e-10
1.912716835763218822e-10
1.814393938120342644e-10
1.720116557413676693e-10
1.629758871706688409e-10
1.543200854955891669e-10
1.460327438713139025e-10
1.381027767820721207e-10
1.305194547389833201e-10
1.232723475064806944e-10
1.163512753365096458e-10
1.097462678452114626e-10
1.034475299254106793e-10
9.744541389780810296e-11
9.173039746926758054e-11
8.629306747881254100e-11
8.112410884537626585e-11
7.621429774009037829e-11
7.155449844212585289e-11
6.713566379833655078e-11
6.294883888841051295e-11
5.898516701347390931e-11
5.523589751318942224e-11
5.169239515658425364e-11
4.834615045405764301e-11
4.518879076691214967e-11
4.221209121982213696e-11
3.940798691337695869e-11
3.676858353872458884e-11
3.428616800414154788e-11
3.195321847411778054e-11
2.976241330142834996e-11
2.770663912126593048e-11
2.577899817020183351e-11
2.397281404292183794e-11
2.228163630264544057e-11
2.069924420457615072e-11
1.921964917050149247e-11
1.783709581246386417e-11
1.654606231947748819e-11
1.534125967831281616e-11
1.421762975432392886e-11
1.317034264333263559e-11
1.219479326125264339e-11
1.128659702662103963e-11
1.044158486972823054e-11
9.655797992122783028e-12
8.925482037865946658e-12
8.247081094863564495e-12
7.617231329493247313e-12
7.032754546677212348e-12
6.490651302851859004e-12
5.988093905945099749e-12
5.522419291704512406e-12
5.091121795063739967e-12
4.691845931833429227e-12
4.322379316613488420e-12
3.980645724527688719e-12
3.664698737954687211e-12
3.372714089335304168e-12
3.102984281698057666e-12
2.853912576641076430e-12
2.624007001861994998e-12
2.411874696804853111e-12
2.216216295434330470e-12
2.035820396085247321e-12
1.869558143658732960e-12
1.716378013714979147e-12
1.575300905678467957e-12
1.445415618838111709e-12
1.325874725885957677e-12
1.215890758873366573e-12
1.114732966902949247e-12
1.021722917758629166e-12
9.362315487132729239e-13
8.576760355328395693e-13
7.855163108654181669e-13
7.192520329566978180e-13
6.584198306885439285e-13
6.025908022833332449e-13
5.513682213608096938e-13
5.043856798624640624e-13
4.613042771914805428e-13
4.218108484365762194e-13
3.856165081403802587e-13
3.524546195469377990e-13
3.220791805166663286e-13
2.942633309686965983e-13
2.687984280663204385e-13
2.454913619688867117e-13
2.241645521304363856e-13
2.046545424129611805e-13
1.868108570177112825e-13
1.704953325891250478e-13
1.555805693336740990e-13
1.419492232870782325e-13
1.294937038966625799e-13
1.181152036149254738e-13
1.077232836832484499e-13
9.823397261618267938e-14
8.957065472512712815e-14
8.166320514227320964e-14
7.444725336405895120e-14
6.786326366861999982e-14
6.185702262541394352e-14
5.637925862571428716e-14
5.138384579752988057e-14
4.682909535823692080e-14
4.267711131923523755e-14
3.889237465156067501e-14
3.544308756189199559e-14
3.229983521476690497e-14
2.943556754814483584e-14
2.682606894317943315e-14
2.444840562197779973e-14
2.228254402636814617e-14
2.030923852783978696e-14
1.851185042966247597e-14
1.687433951683379599e-14
1.538286704239593265e-14
1.402417106814883047e-14
1.278657447757850606e-14
1.165934144088931089e-14
1.063252519333052273e-14
9.697352085332568089e-15
8.845638429234394111e-15
8.069904024064284460e-15
7.363417024376336618e-15
6.720124868910022149e-15
6.134360916117654565e-15
5.601000792447414880e-15
5.115403814998809963e-15
4.673340431359213107e-15
4.270955536637102822e-15
3.904735123516577549e-15
3.571475893054815100e-15
3.268257631193714196e-15
2.992418072034623905e-15
2.741530013679408779e-15
2.513417857800504056e-15
2.306073725732047674e-15
2.117615776451333923e-15
1.946395702284636061e-15
1.790934242077784407e-15
