# bin_4_2
1.548590469780966699e-08
1.554837624864689100e-08
1.561304450348115474e-08
1.567997521100387201e-08
1.574923608207587138e-08
1.582089646783845177e-08
1.589502742761981528e-08
1.597170242625921593e-08
1.605099600211037066e-08
1.613298377896440434e-08
1.621774227585146351e-08
1.630534827678561578e-08
1.639588249736391830e-08
1.648943063261502140e-08
1.658608118870868007e-08
1.668592488286942258e-08
1.678905365717167614e-08
1.689556066881717537e-08
1.700554029965992711e-08
1.711908810842728226e-08
1.723630255457450660e-08
1.735728601336358226e-08
1.748214366275860014e-08
1.761098219883203648e-08
1.774390885836283388e-08
1.788102951204093821e-08
1.802244963787375994e-08
1.816826416982951275e-08
1.831856405297686185e-08
1.847344262061149280e-08
1.863299486227797882e-08
1.879730857340360082e-08
1.896645055271844943e-08
1.914047182456630418e-08
1.931941577195757735e-08
1.950333146377114101e-08
1.969226354057084152e-08
1.988624267237809327e-08
2.008529695987935758e-08
2.028943730107007657e-08
2.049866645493151930e-08
2.071315259352392747e-08
2.093308176506299369e-08
2.115825124096980966e-08
2.138849257258322850e-08
2.162388719435662583e-08
2.186456168824917991e-08
2.211058875399629717e-08
2.236182474676328351e-08
2.261816568149763993e-08
2.287957947679164502e-08
2.314592132591100321e-08
2.341708485251258950e-08
2.369301871683696703e-08
2.397366287676731915e-08
2.425904561342518140e-08
2.454920073128207465e-08
2.484417362849235505e-08
2.514400901905548804e-08
2.544872051789712493e-08
2.575831373195348133e-08
2.607282027238457052e-08
2.639227248455937837e-08
2.671668740890770939e-08
2.704600514551982794e-08
2.738049489081985850e-08
2.771941260780545238e-08
2.806209146338258814e-08
2.840825826067737881e-08
2.875737417341151091e-08
2.910873446994741913e-08
2.946179401636127837e-08
2.981594498771372037e-08
3.017054392916050996e-08
3.052496258992228160e-08
3.087870379357269048e-08
3.123141341898838720e-08
3.158351833913428909e-08
3.193450255096012558e-08
3.228427535531817646e-08
3.263320342716123685e-08
3.298120419242998539e-08
3.332794255788376555e-08
3.367290086896393494e-08
3.401508289271474785e-08
3.435375032183792808e-08
3.468708082125286146e-08
3.501343633218949766e-08
3.533230551476589336e-08
3.564314540415109701e-08
3.594546995967559318e-08
3.623919267003398404e-08
3.652362043000030701e-08
3.679745950497369254e-08
3.706053184634529168e-08
3.731233541824523650e-08
3.755268179966000890e-08
3.778112456729465101e-08
3.799662217806118629e-08
3.819854006969732098e-08
3.838546922373830344e-08
3.855575819978414255e-08
3.870701931609038177e-08
3.883892480918088134e-08
3.895208700384344005e-08
3.904621675301428236e-08
3.912102266629961861e-08
3.917697478398361208e-08
3.921295674381141558e-08
3.922695711474828856e-08
3.921822668579804209e-08
3.918499324750344168e-08
3.912657039336989487e-08
3.904401578751977403e-08
3.893646442167963741e-08
3.880481603130452783e-08
3.864811585608822906e-08
3.846635457389024151e-08
3.825850208086680994e-08
3.802390081667610511e-08
3.776182113248971403e-08
3.747291899516306279e-08
3.715760838929097752e-08
3.681690098557984932e-08
3.645083320149768633e-08
3.605901994928085685e-08
3.564125691550845079e-08
3.519772374726878763e-08
3.472950130299151736e-08
3.423799953309692247e-08
3.372406105304877452e-08
3.318807296612966631e-08
3.263052580502449411e-08
3.205228101872227527e-08
3.145472216183656019e-08
3.083957028758310303e-08
3.020822719002553312e-08
2.956164010788412613e-08
2.890092632226771187e-08
2.822765085467715224e-08
2.754387014745643531e-08
2.685136230900098705e-08
2.615143448630917974e-08
2.544560969375527740e-08
2.473575879643982108e-08
2.402384309219400429e-08
2.331164780660924998e-08
2.260064599312197468e-08
2.189246721746592041e-08
2.118894822064153652e-08
2.049177719562232287e-08
1.980233584271629711e-08
1.912192466920147333e-08
1.845206390293577740e-08
1.779396625434107401e-08
1.714866609037707508e-08
1.651703096900480615e-08
1.590002747374081787e-08
1.529826541380917910e-08
1.471220481158966107e-08
1.414222655795123767e-08
1.358857559330286832e-08
1.305127842978712452e-08
1.253024801911177480e-08
1.202531574910139636e-08
1.153617095106391864e-08
1.106239700090441038e-08
1.060355659619631199e-08
1.015912106477625142e-08
9.728561165266798293e-09
9.311348049950920796e-09
8.906956687358585202e-09
8.514926740861577715e-09
8.134843328212524477e-09
7.766370844873850690e-09
7.409261954571342842e-09
7.063357348004061863e-09
6.728598790463785999e-09
6.405014792016613423e-09
6.092708370900133519e-09
5.791841245153117534e-09
5.502605629654782022e-09
5.225191123967581581e-09
4.959757746093774336e-09
4.706405842685744361e-09
4.465139598660350833e-09
4.235856569455298376e-09
4.018327197829598898e-09
3.812194938483538808e-09
3.616992902964842822e-09
3.432159446088242716e-09
3.257075298879319408e-09
3.091102124182609961e-09
2.933617847722645407e-09
2.784052067194125230e-09
2.641906854698916369e-09
2.506778579891637876e-09
2.378351385111126368e-09
2.256376974824540812e-09
2.140653287480901288e-09
2.031001098099243649e-09
1.927238512766448727e-09
1.829154243664461919e-09
1.736499681446315966e-09
1.649004221065729961e-09
1.566384968095980296e-09
1.488341818901827876e-09
1.414586425473615567e-09
1.344849069299735112e-09
1.278887472543903621e-09
1.216496342483014135e-09
1.157477125577120741e-09
1.101650767463494423e-09
1.048855332693892248e-09
9.989253666247315265e-10
9.517119550164887466e-10
9.070568959471817630e-10
8.647927798816159227e-10
8.247615714354482043e-10
7.868122773962805027e-10
7.508245403218016493e-10
7.166799361317314229e-10
6.842690896676275959e-10
6.534936816433194383e-10
6.242500373979428714e-10
5.964359600710324337e-10
5.699574718183888291e-10
5.447343717449698315e-10
5.206888181859403951e-10
4.977481069431436238e-10
4.758456737008002815e-10
4.549176246027696041e-10
4.349044746600514611e-10
4.157528814783116974e-10
3.974128014719852077e-10
3.798378233984248227e-10
3.629856661455608569e-10
3.468170343638312351e-10
3.312960196633739244e-10
3.163896708555222074e-10
3.020675707746657103e-10
2.883020480933321022e-10
2.750676586543743545e-10
2.623411299365167461e-10
2.501010727403360504e-10
2.383278769640305955e-10
2.270035577322440560e-10
2.161115349165352836e-10
2.056365343339619483e-10
1.955644114570305893e-10
1.858820448504122120e-10
1.765771958619731624e-10
1.676384105893115428e-10
1.590549094996263371e-10
1.508164929767821394e-10
1.429134487583364906e-10
1.353364721577980146e-10
1.280765930184400302e-10
1.211251128728970967e-10
1.144735503738847328e-10
1.081135948239014059e-10
1.020370665598487665e-10
9.623588430437684622e-11
9.070203878958673477e-11
8.542757247637294320e-11
8.040456476289217365e-11
7.562512190315678603e-11
7.108137186991482917e-11
6.676546382448129346e-11
6.266957109670596297e-11
5.878589720593041461e-11
5.510668447153387793e-11
5.162422440348347813e-11
4.833086927475604757e-11
4.521904516385513278e-11
4.228126571165434675e-11
3.951014612389403429e-11
3.689841710143017968e-11
3.443893821017916228e-11
3.212471076124711175e-11
2.994889017652269787e-11
2.790479762446104159e-11
2.598592935521228451e-11
2.418596598696481323e-11
2.249877990725326884e-11
2.091844167532403188e-11
1.943922489488906874e-11
1.805560972345418188e-11
1.676228559901665668e-11
1.555415248932684993e-11
1.442632081672845271e-11
1.337411073272200432e-11
1.239305054479011146e-11
1.147887393551863282e-11
1.062751657772388796e-11
9.835112142865545520e-12
9.097987762912728402e-12
8.412658853114133021e-12
7.775823596065621176e-12
7.184357138046765434e-12
6.635305461848611961e-12
6.125879142618301666e-12
5.653447007280068868e-12
5.215529847005520159e-12
4.809793947679847748e-12
4.434044784495463015e-12
4.086220702495490747e-12
3.764386679695935010e-12
3.466728080315684165e-12
3.191544571070313877e-12
2.937244069388516628e-12
2.702336869580902505e-12
2.485430000822849065e-12
2.285222157536687181e-12
2.100497792161542133e-12
1.930122630149873982e-12
1.773039404769784676e-12
1.628263176464003243e-12
1.494877022288717721e-12
1.372027876828925361e-12
1.258922498554310716e-12
1.154823608117888108e-12
1.059046236249235731e-12
9.709542760998410940e-13
8.899572622296825976e-13
8.155073742789787344e-13
7.470966536854634375e-13
6.842547436541603920e-13
6.265455816853234518e-13
5.735655295019426918e-13
5.249414005018509251e-13
4.803280909648698965e-13
4.394065558399561336e-13
4.018819211441342793e-13
3.674817524861165905e-13
3.359544696649131555e-13
3.070682079513981839e-13
2.806086428067996603e-13
2.563780713313687748e-13
2.341944741691486150e-13
2.138901163823698823e-13
1.953104678623416459e-13
1.783132187153266877e-13
1.627678601368004501e-13
1.485533615828935917e-13
1.355588179620812897e-13
1.236822860233885156e-13
1.128300430920539672e-13
1.029162795132501331e-13
9.386168840490785318e-14
8.559339151183379985e-14
7.804467994644336650e-14
7.115445741110908382e-14
6.486682055478792371e-14
5.912981308721974190e-14
5.389617513436756485e-14
4.912281817538880241e-14
4.477002218953872355e-14
4.080110867333082112e-14
3.718284374196231503e-14
3.388499744137214412e-14
3.087918138608747782e-14
2.813995644269497808e-14
2.564411224742287789e-14
2.336985917069874540e-14
2.129796164729623365e-14
1.941034849328869625e-14
1.769067285013308898e-14
1.612422876358295647e-14
1.469712363081067943e-14
1.339733775189278467e-14
1.221318263746606883e-14
1.113474023762640660e-14
1.015230667643035954e-14
9.257570508184185945e-15
8.442619932197412998e-15
7.700340465113445222e-15
7.024444179647443317e-15
6.408839374865785119e-15
5.848236515621322216e-15
5.337854460557105145e-15
4.873106392715031133e-15
4.449957063043501863e-15
4.064731558220704309e-15
3.714151772066972843e-15
3.395061834506760829e-15
3.104678153506855646e-15
2.840463047032113043e-15
2.600102839348903464e-15
2.381487905168546397e-15
2.182694526440437479e-15
2.001968371267892712e-15
1.837709468732695877e-15
1.688487028932556310e-15
1.552982747207483416e-15
1.429946998121622829e-15
1.318271123805587691e-15
1.217032261411429897e-15
1.125230378018850655e-15
1.042081662248084232e-15
