# bin_3_3
1.565893808465676239e-08
1.572353228595050655e-08
1.579040683807155853e-08
1.585963110910922155e-08
1.593127680174913072e-08
1.600541747674410076e-08
1.608212825986911508e-08
1.616148549538658129e-08
1.624356654376705813e-08
1.632845127536736435e-08
1.641622144430181565e-08
1.650696072991367914e-08
1.660075783406702634e-08
1.669770528763866791e-08
1.679789633107245503e-08
1.690142526299829397e-08
1.700838799164001354e-08
1.711888621382226687e-08
1.723302605146376100e-08
1.735091740908274203e-08
1.747267047081471172e-08
1.759839562220125983e-08
1.772820175098690815e-08
1.786219812559557214e-08
1.800049702178194390e-08
1.814321379838681026e-08
1.829046824059875637e-08
1.844237645358891072e-08
1.859905262080148496e-08
1.876060308928211087e-08
1.892711677996158161e-08
1.909867195336335771e-08
1.927534852257726199e-08
1.945723365468271179e-08
1.964440342294275091e-08
1.983691370795990759e-08
2.003480198945652445e-08
2.023810710477166915e-08
2.044688658816057842e-08
2.066121090522503018e-08
2.088114375051132219e-08
2.110671149862979916e-08
2.133797198685399562e-08
2.157519505943656884e-08
2.181849027273165330e-08
2.206756913914155405e-08
2.232236385656936650e-08
2.258296272146625091e-08
2.284944292186262733e-08
2.312177476703760155e-08
2.339978314671730127e-08
2.368337079732228413e-08
2.397249610368211063e-08
2.426706092271648669e-08
2.456704417613585430e-08
2.487246636880000701e-08
2.518334307264922980e-08
2.549973803267103278e-08
2.582164649279031630e-08
2.614907297992797758e-08
2.648204113521426323e-08
2.682055382719850500e-08
2.716467891931831081e-08
2.751453279668016869e-08
2.787023026668310024e-08
2.823168707871505677e-08
2.859908453774307245e-08
2.897210005326513260e-08
2.934975450230970095e-08
2.973173265132763427e-08
3.011766776214175861e-08
3.050682040629220291e-08
3.089857346198105749e-08
3.129230843816910348e-08
3.168738020720632790e-08
3.208316597555318998e-08
3.247917040477716383e-08
3.287499073475756379e-08
3.327090461676058500e-08
3.366684036672166540e-08
3.406236731186426856e-08
3.445785683857551883e-08
3.485336298707077102e-08
3.524851041209031961e-08
3.564278746837075117e-08
3.603524227581940061e-08
3.642494887275181914e-08
3.681054381245004896e-08
3.718998115175587343e-08
3.756267474738084341e-08
3.792815659923872336e-08
3.828590735294400091e-08
3.863558613353965069e-08
3.897686059377729639e-08
3.930813060207585502e-08
3.962903335788515568e-08
3.993921980007042127e-08
4.023827913603736815e-08
4.052618367099382231e-08
4.080157337486343373e-08
4.106374950562563635e-08
4.131117445023778993e-08
4.154235063738279819e-08
4.175466074517459812e-08
4.194747898317824546e-08
4.212127817592348862e-08
4.227604260235253924e-08
4.241111072290969577e-08
4.252673781610318824e-08
4.262229440803757899e-08
4.269538589299628334e-08
4.274488510323680211e-08
4.276934893923936813e-08
4.276742699846557553e-08
4.274020607718494133e-08
4.268683025306139214e-08
4.260771077555116878e-08
4.250228626417091922e-08
4.236986919656109211e-08
4.220986842912730231e-08
4.202097120432849085e-08
4.180256893930934033e-08
4.155476945392774207e-08
4.127802227060286752e-08
4.097321255291432252e-08
4.064017622068963193e-08
4.027849828690091020e-08
3.988775506884521425e-08
3.946776285209826716e-08
3.901949690153579127e-08
3.854425101596246313e-08
3.804272139105224086e-08
3.751518203904312397e-08
3.696199235324672071e-08
3.638381435212638321e-08
3.578187963706565593e-08
3.515776422501917331e-08
3.451288496702684617e-08
3.384811746905303169e-08
3.316447935409249740e-08
3.246342628582643837e-08
3.174696384497174993e-08
3.101695445673570057e-08
3.027475201252015791e-08
2.952186548399680112e-08
2.876020112851329658e-08
2.799184164997037380e-08
2.721873626914474112e-08
2.644253465477093161e-08
2.566499622661693898e-08
2.488818682316142863e-08
2.411407244215827568e-08
2.334433817759410819e-08
2.258056933583814815e-08
2.182461013426898271e-08
2.107808291099522236e-08
2.034240011837351900e-08
1.961884996981377766e-08
1.890877693123822516e-08
1.821329371256140764e-08
1.753325781985295842e-08
1.686950143908331257e-08
1.622268048481247904e-08
1.559326671237405291e-08
1.498152103272942348e-08
1.438764209288194168e-08
1.381164172946960780e-08
1.325335076257137656e-08
1.271254403255923146e-08
1.218885287373245804e-08
1.168182021302204357e-08
1.119094112234188713e-08
1.071564976706838704e-08
1.025537763954814146e-08
9.809552166559366905e-09
9.377627008746496836e-09
8.959113209822739042e-09
8.553584993439175704e-09
8.160692023814465821e-09
7.780177786736625027e-09
7.411875649914905975e-09
7.055708833267451709e-09
6.711689521188134049e-09
6.379904190881792022e-09
6.060492339679734803e-09
5.753634447857408534e-09
5.459515584175202765e-09
5.178295600716175496e-09
4.910074811741849953e-09
4.654856402308202710e-09
4.412529675228503435e-09
4.182853397405473287e-09
3.965448753470075822e-09
3.759819080133897365e-09
3.565364259018521804e-09
3.381411583787594902e-09
3.207248372859504690e-09
3.042163749898105952e-09
2.885495972979859479e-09
2.736658428052793443e-09
2.595166914472225943e-09
2.460653853076073937e-09
2.332853628866885504e-09
2.211567726918003273e-09
2.096641908576345174e-09
1.987933700001427011e-09
1.885270597007446070e-09
1.788420524969218826e-09
1.697107286901176357e-09
1.611007485863630809e-09
1.529758289274459341e-09
1.453007528505972319e-09
1.380431738470644641e-09
1.311776362136739572e-09
1.246827558430388818e-09
1.185405143038544382e-09
1.127354148936397850e-09
1.072505193062104267e-09
1.020694582933585134e-09
9.717339171791348220e-10
9.254266421846581363e-10
8.815960220127355594e-10
8.400942416466999904e-10
8.007786463518945297e-10
7.635219031342498466e-10
7.282034413308848521e-10
6.947086785662785387e-10
6.629177724684314535e-10
6.327196454657945365e-10
6.040200863967272568e-10
5.767249695842035639e-10
5.507439829718093565e-10
5.259982737400869963e-10
5.024116458981835342e-10
4.799120361968285179e-10
4.584354315142876823e-10
4.379192586359985935e-10
4.183061960218497972e-10
3.995448070973884585e-10
3.815863075393784130e-10
3.643860137509761466e-10
3.479024248221077841e-10
3.320976039572988773e-10
3.169367323104612470e-10
3.023875262536763985e-10
2.884204862701162494e-10
2.750084492618289190e-10
2.621264750863811963e-10
2.497515975236735197e-10
2.378627174617542719e-10
2.264403615683559964e-10
2.154665436402549660e-10
2.049246084062846722e-10
1.947991004408016657e-10
1.850756313897417462e-10
1.757407639479083078e-10
1.667818991095413142e-10
1.581871711326382308e-10
1.499453493840867966e-10
1.420457488244375180e-10
1.344781494801698362e-10
1.272327253814022004e-10
1.202999824739893448e-10
1.136707043674689507e-10
1.073359056012593981e-10
1.012867917110473325e-10
9.551472552912552606e-11
9.001119907949253046e-11
8.476781118241050667e-11
7.977625072694130353e-11
7.502828464044874108e-11
7.051575021085420101e-11
6.623055146555659875e-11
6.216465891534885928e-11
5.831011186751128602e-11
5.465902324786497427e-11
5.120358656582799677e-11
4.793608449480317603e-11
4.484889860984705818e-11
4.193451954923363399e-11
3.918555759967892823e-11
3.659475377653302569e-11
3.415499029491116046e-11
3.185930182980348993e-11
2.970088487519167906e-11
2.767310696963282656e-11
2.576951517157959270e-11
2.398384327027319311e-11
2.231001782537871124e-11
2.074216362845879940e-11
1.927460781405537455e-11
1.790188267183014330e-11
1.661872771085389453e-11
1.542009083805134623e-11
1.430112816809791392e-11
1.325720300139855462e-11
1.228388401722487772e-11
1.137694260627794186e-11
1.053234947756850218e-11
9.746270645002642656e-12
9.015062943608147453e-12
8.335269063839548874e-12
7.703612294579850006e-12
7.116990933388059816e-12
6.572472647478491443e-12
6.067288403525682044e-12
5.598826295692467228e-12
5.164625184004810951e-12
4.762368279099610762e-12
4.389876671330859013e-12
4.045102949101978604e-12
3.726124936260311426e-12
3.431139554858034970e-12
3.158456867103515836e-12
2.906494744716223877e-12
2.673772185652524693e-12
2.458904816704894596e-12
2.260599723355556181e-12
2.077650229099345018e-12
1.908930939149164852e-12
1.753392885021379663e-12
1.610058801222995645e-12
1.478018602768965085e-12
1.356425137203191730e-12
1.244490266254619886e-12
1.141481242075506550e-12
1.046717357348046817e-12
9.595667703928478165e-13
8.794437838355792863e-13
8.058049529377895911e-13
7.381466350995728723e-13
6.760024345178570191e-13
6.189403565673855153e-13
5.665604058467340967e-13
5.184924125489777601e-13
4.743940291154972503e-13
4.339488451898135991e-13
3.968648804081793689e-13
3.628721474079580880e-13
3.317212361426771232e-13
3.031822187142688622e-13
2.770429855272631033e-13
2.531079555276521612e-13
2.311968694101699229e-13
2.111441106076905813e-13
1.927963040602039008e-13
1.760125155372371290e-13
1.606630961736223954e-13
1.466287598029185881e-13
1.338000911606810562e-13
1.220761873365992812e-13
1.113641080190876037e-13
1.015787075459306534e-13
9.264181745627973942e-14
8.448197952535180307e-14
7.703271618618401418e-14
7.023348738191635866e-14
6.402893987611291106e-14
5.836827872598536117e-14
5.320444692377573199e-14
4.849467200242005647e-14
4.420017153844317457e-14
4.028447650500126931e-14
3.671473980216453407e-14
3.346116660240001935e-14
3.049569109789945800e-14
2.779332460827838062e-14
2.533090616230934490e-14
2.308712376519892119e-14
2.104300729454707712e-14
1.918045898267659190e-14
1.748384663784335222e-14
1.593798947801750908e-14
1.452993485074653352e-14
1.324704309194177740e-14
1.207855249749361156e-14
1.101403057978165150e-14
1.004436567183661053e-14
9.161161696191669494e-15
8.356610135661490532e-15
7.623873785774079899e-15
6.956538824611767081e-15
6.348738599477121053e-15
5.795207253814718596e-15
5.291224171426974495e-15
4.832341052840512751e-15
4.414542266851023981e-15
4.034195475070945402e-15
3.687989446348548548e-15
3.372905432761879584e-15
3.086191159028391135e-15
2.825337121241996414e-15
2.588055052030172781e-15
2.372258317811007942e-15
2.176044063923963564e-15
1.997712155459833215e-15
1.835689568226742186e-15
1.688492762340673611e-15
1.554832612845662664e-15
1.433556114920983034e-15
