# bin_4_4
6.460160664915762588e-05
6.466290232197286218e-05
6.471343872950766800e-05
6.475265350510867632e-05
6.478080482006226537e-05
6.479748577156854228e-05
6.480280829364511738e-05
6.479648877561203300e-05
6.477858156806655409e-05
6.474882003513429023e-05
6.470730622510506309e-05
6.465376090368725904e-05
6.458827797910259884e-05
6.451065313143521064e-05
6.442092263851647356e-05
6.431894353726122406e-05
6.420474243843502806e-05
6.407819736828285543e-05
6.393935035549274466e-05
6.378807490481925159e-05
6.362446358337548987e-05
6.344841976241725524e-05
6.325999146536923502e-05
6.305913844160231910e-05
6.284590243942780419e-05
6.262024579192486547e-05
6.238225219988592087e-05
6.213190344062936019e-05
6.186930050279694894e-05
6.159444829519238377e-05
6.130743769414198554e-05
6.100831519632448100e-05
6.069719514363374705e-05
6.037412939730637520e-05
6.003925380662832815e-05
5.969268065570528458e-05
5.933456265133979019e-05
5.896501190633513895e-05
5.858419738165369884e-05
5.819225356861657846e-05
5.778940178225610473e-05
5.737578077831602966e-05
5.695159398937908328e-05
5.651708400338161734e-05
5.607246074614408567e-05
5.561794892701951481e-05
5.515379479335357995e-05
5.468022322470517094e-05
5.419757674590255166e-05
5.370607213991455639e-05
5.320599219596971541e-05
5.269770350435283612e-05
5.218147204313227137e-05
5.165763874138235375e-05
5.112652414017058132e-05
5.058842116224330208e-05
5.004379266639123313e-05
4.949291168690773675e-05
4.893613082839449140e-05
4.837391258444488732e-05
4.780655231622465268e-05
4.723448834389888364e-05
4.665807788180088177e-05
4.607765926227155704e-05
4.549377745667002601e-05
4.490672368886081101e-05
4.431689740282550614e-05
4.372479898982052995e-05
4.313071938519326301e-05
4.253515036055983045e-05
4.193844201086768315e-05
4.134092767511169628e-05
4.074319025334493123e-05
4.014549131560354015e-05
3.954823278889565112e-05
3.895189356224880477e-05
3.835671797465799475e-05
3.776319984270379759e-05
3.717162789678175590e-05
3.658228384928496787e-05
3.599573503941207105e-05
3.541216379644853774e-05
3.483193563290928294e-05
3.425544527743431243e-05
3.368285933616478150e-05
3.311463099264286953e-05
3.255094187727571568e-05
3.199199232466353360e-05
3.143828693259187592e-05
3.088989680420643920e-05
3.034711737739862576e-05
2.981022267966615017e-05
2.927927535890395436e-05
2.875467174761976158e-05
2.823645980239603646e-05
2.772473989882129962e-05
2.721993357292338902e-05
2.672198050415547176e-05
2.623109423591829704e-05
2.574741678329078786e-05
2.527090126232093854e-05
2.480189322968128594e-05
2.434029527536719686e-05
2.388610822135220303e-05
2.343966764339284526e-05
2.300079031795227975e-05
2.256962404531816734e-05
2.214617560415002378e-05
2.173030263553315690e-05
2.132231497780667139e-05
2.092198103464540458e-05
2.052922787027121866e-05
2.014431062663559467e-05
1.976694035971610704e-05
1.939722476905578552e-05
1.903505824824510448e-05
1.868022017433778066e-05
1.833300440014558753e-05
1.799306692182695182e-05
1.766029990284366175e-05
1.733489376441177456e-05
1.701646631627255386e-05
1.670512436549825329e-05
1.640068015915086596e-05
1.610285070837509492e-05
1.581193970313944777e-05
1.552752262349896720e-05
1.524948742135038308e-05
1.497796819438743459e-05
1.471252607278363664e-05
1.445328997937332335e-05
1.420000796697742254e-05
1.395236580335007720e-05
1.371069014857495593e-05
1.347450119984705171e-05
1.324371909235083358e-05
1.301841588502306097e-05
1.279814478710702712e-05
1.258306664070761553e-05
1.237288511003977850e-05
1.216728055487316723e-05
1.196660723012181360e-05
1.177035262315000845e-05
1.157848605069792485e-05
1.139102678271915959e-05
1.120753981055642277e-05
1.102824190912320943e-05
1.085280010433099172e-05
1.068091267348514003e-05
1.051296003570959248e-05
1.034841326007489817e-05
1.018729777609507293e-05
1.002958925431800651e-05
9.874873029097291466e-06
9.723442737638851165e-06
9.574931653877883533e-06
9.429073272282158206e-06
9.286265495552304672e-06
9.145970891225349458e-06
9.008279951122367054e-06
8.873131143242983057e-06
8.740141815274194025e-06
8.609686720602085442e-06
8.481362202549390354e-06
8.354945733326026396e-06
8.230840734427010265e-06
8.108518420524061683e-06
7.988144253212692649e-06
7.869618715301159414e-06
7.752589640210990623e-06
7.637500084568246477e-06
7.523921194744044421e-06
7.411693908925032868e-06
7.301204011225558855e-06
7.191937249053837028e-06
7.084132379716599510e-06
6.977666080956440706e-06
6.872220833779543594e-06
6.768272839923615212e-06
6.665380665124907942e-06
6.563471073545365045e-06
6.462886678256823510e-06
6.363133752040388802e-06
6.264514288177003695e-06
6.166899360375071688e-06
6.070000808036434994e-06
5.974297618123865184e-06
5.879368662292457628e-06
5.785218723943607777e-06
5.692126370365376811e-06
5.599666740036994999e-06
5.508169892399436698e-06
5.417511352255199914e-06
5.327465952023835903e-06
5.238473965673842039e-06
5.150152181718054725e-06
5.062574025299816350e-06
4.975901946378060602e-06
4.889786530569049670e-06
4.804478998516752524e-06
4.719805732601590055e-06
4.635527710926752151e-06
4.551924105398315630e-06
4.468591890013499052e-06
4.385571556214292283e-06
4.302900284708511397e-06
4.220306714876076504e-06
4.138016679537802462e-06
4.055932654849178133e-06
3.973980857015249027e-06
3.892477818147275529e-06
3.811249959817688862e-06
3.730505209100786600e-06
3.650385149775985985e-06
3.570837438837285546e-06
3.492143940827946046e-06
3.414309312920885298e-06
3.337363956561517753e-06
3.261547902388339135e-06
3.186751556140343358e-06
3.113127408291934774e-06
3.040725977515467892e-06
2.969482260286736883e-06
2.899529065985970300e-06
2.830808136160645664e-06
2.763299298970050582e-06
2.697076527255696015e-06
2.632019161738278476e-06
2.568175611171599530e-06
2.505518203963303940e-06
2.443972281015218167e-06
2.383561800995082721e-06
