# bin_4_3
5.132065304240487105e-05
5.139816222337893390e-05
5.146753934710248199e-05
5.152829150788360604e-05
5.158065425138489091e-05
5.162426822294845566e-05
5.165921913617640981e-05
5.168526751615866362e-05
5.170245669191125137e-05
5.171054576690720366e-05
5.170961584874369436e-05
5.169941566468738345e-05
5.168002924721180967e-05
5.165125723363121638e-05
5.161312259350150092e-05
5.156549588129305745e-05
5.150837807418267406e-05
5.144163926803879780e-05
5.136533232553465184e-05
5.127931879794299494e-05
5.118363651958140158e-05
5.107818912251824536e-05
5.096300690009091102e-05
5.083802111460110568e-05
5.070324880158099393e-05
5.055863051953707327e-05
5.040420884435549935e-05
5.023993493898920847e-05
5.006587006185254381e-05
4.988197523441290489e-05
4.968830263032995783e-05
4.948485225471484851e-05
4.927167948968907995e-05
4.904879271899691926e-05
4.881627123539842780e-05
4.857415437572322985e-05
4.832253947887645007e-05
4.806146737188416097e-05
4.779104078038871997e-05
4.751132867377136538e-05
4.722246004604009758e-05
4.692451000760828212e-05
4.661760500568342102e-05
4.630188368793502471e-05
4.597748473996201391e-05
4.564453637828313034e-05
4.530320136367388688e-05
4.495361467404000776e-05
4.459600245410425982e-05
4.423050357322866376e-05
4.385730725768178503e-05
4.347665647066521039e-05
4.308873566004208465e-05
4.269377257184580471e-05
4.229199127897858483e-05
4.188359513783296837e-05
4.146891222449647206e-05
4.104813510963545878e-05
4.062152134558766174e-05
4.018940123011978459e-05
3.975199916232761543e-05
3.930963326783825279e-05
3.886257492247960685e-05
3.841107882772147906e-05
3.795555779933849590e-05
3.749623915704102168e-05
3.703343509906050922e-05
3.656752955341196896e-05
3.609876317676992088e-05
3.562751951234839935e-05
3.515408570442868428e-05
3.467873690575913300e-05
3.420193752854165729e-05
3.372391459737934653e-05
3.324500365008476225e-05
3.276559742644237814e-05
3.228591982854696205e-05
3.180637849538583083e-05
3.132723377620901661e-05
3.084873982682428099e-05
3.037136919058537485e-05
2.989530529940817474e-05
2.942087170775764280e-05
2.894841346639452596e-05
2.847810774304170277e-05
2.801034532133109132e-05
2.754531553123555737e-05
2.708322118190332995e-05
2.662449595766688370e-05
2.616924585148242813e-05
2.571774732874941580e-05
2.527025863000534496e-05
2.482688115266136044e-05
2.438796481914910625e-05
2.395359865869443793e-05
2.352390833941071194e-05
2.309926369519312286e-05
2.267966772719935960e-05
2.226533080680934530e-05
2.185640658431235931e-05
2.145290635876777991e-05
2.105513544797537004e-05
2.066306415907674511e-05
2.027673389829592209e-05
1.989644020347306624e-05
1.952208228922686873e-05
1.915380997536354546e-05
1.879166310574664970e-05
1.843556836822388327e-05
1.808579249595217357e-05
1.774219087093007125e-05
1.740473637165982374e-05
1.707365048038030810e-05
1.674873888005599210e-05
1.643010757847716309e-05
1.611769769177644806e-05
1.581136283137937366e-05
1.551134469291247551e-05
1.521739969744466037e-05
1.492946116091084554e-05
1.464768865479218512e-05
1.437180375079205080e-05
1.410189927561975754e-05
1.383784163998717354e-05
1.357942467073404540e-05
1.332688657288741464e-05
1.307991097489459397e-05
1.283841722036791551e-05
1.260251134934503932e-05
1.237186119672485811e-05
1.214656615113758824e-05
1.192643407065504953e-05
1.171122581848597758e-05
1.150118915098905149e-05
1.129595735456902575e-05
1.109546658780620250e-05
1.089976802273235110e-05
1.070851612069259944e-05
1.052182726653252899e-05
1.033946850904886181e-05
1.016119056861357785e-05
9.987257588536969724e-06
9.817272660165437753e-06
9.651204250187429739e-06
9.489058393056179960e-06
9.330494343881803846e-06
9.175667251507598027e-06
9.024311733191815098e-06
8.876188778762110677e-06
8.731581430677607880e-06
8.590077020922419937e-06
8.451683640492978108e-06
8.316371288472135042e-06
8.183812720608813274e-06
8.054222111197535027e-06
7.927305220584333496e-06
7.802847535762094414e-06
7.681147707617731364e-06
7.561783404327512601e-06
7.444811209482461248e-06
7.330171416281598856e-06
7.217560037939694037e-06
7.107258541556157569e-06
6.998940566647534670e-06
6.892422513009216668e-06
6.788012853047531247e-06
6.685291890136082815e-06
6.584375852675262372e-06
6.485174537832159508e-06
6.387404478822919163e-06
6.291409421914207528e-06
6.196838367397767155e-06
6.103554412021791306e-06
6.011860141115694672e-06
5.921340178918118718e-06
5.832173820971541859e-06
5.744251357524006605e-06
5.657311654114899335e-06
5.571736700617908936e-06
5.487158739763060741e-06
5.403508338420730989e-06
5.321062606793531653e-06
5.239412185333057400e-06
5.158796537671675199e-06
5.079100262019069779e-06
5.000078942844357855e-06
4.922129503618603237e-06
4.844891752195348374e-06
4.768358985358375968e-06
4.692761640079276317e-06
4.617732811170115103e-06
4.543542577197890154e-06
4.470072963306474367e-06
4.397121861760424044e-06
4.325064144638965923e-06
4.253563136373199673e-06
4.182677609136829046e-06
4.112558118507296638e-06
4.042912724851789743e-06
3.973986228621601058e-06
3.905655026755816661e-06
3.837745454589971621e-06
3.770550850532001235e-06
3.703748085616398631e-06
3.637396972343759561e-06
3.571546036873411826e-06
3.505941138287427195e-06
3.440762821009804694e-06
3.375872323175690114e-06
3.311138380074505271e-06
3.246785207402173999e-06
3.182574196257338586e-06
3.118620658047173237e-06
3.054991214776586565e-06
2.991577305136138969e-06
2.928606271109893409e-06
2.866049709165592792e-06
2.803919408446004405e-06
2.742449638661162638e-06
2.681540348544062716e-06
2.621354264116254968e-06
2.561964775424941616e-06
2.503331692796108486e-06
2.445622849286993519e-06
2.388805377385073698e-06
2.332886143125801716e-06
2.277977264128119817e-06
2.223978952902340066e-06
2.170966359377781450e-06
2.118933901461119865e-06
2.067819651723503516e-06
2.017677873939580468e-06
