# bin_3_2
2.598355641831680876e-05
2.606037568606016017e-05
2.613369210773381051e-05
2.620314659407948910e-05
2.626893470966682731e-05
2.633080769191882366e-05
2.638883493140764758e-05
2.644285571209242059e-05
2.649290707429771270e-05
2.653882441259433926e-05
2.658068281277469825e-05
2.661828246668569381e-05
2.665170410363719355e-05
2.668079956269426748e-05
2.670558669439563042e-05
2.672596375573245515e-05
2.674193783488313387e-05
2.675340379488746304e-05
2.676039284419745728e-05
2.676278331560429400e-05
2.676062175148026840e-05
2.675380252517186566e-05
2.674232659707892609e-05
2.672613228838190008e-05
2.670521816886281357e-05
2.667951294522361919e-05
2.664903744877028630e-05
2.661371029923565560e-05
2.657355810582060632e-05
2.652851565491060068e-05
2.647859118924474441e-05
2.642373984420329729e-05
2.636396863794806107e-05
2.629923291335271128e-05
2.622955382329887248e-05
2.615489170747317099e-05
2.607527499816289987e-05
2.599066961673380320e-05
2.590109664731738524e-05
2.580653937811023675e-05
2.570702440543593060e-05
2.560253575774002144e-05
2.549310639746434699e-05
2.537873531943631822e-05
2.525946267261647678e-05
2.513528800125446958e-05
2.500625037137632175e-05
2.487236372205207515e-05
2.473368482732008121e-05
2.459022579234623236e-05
2.444204128029242771e-05
2.428917579535930192e-05
2.413168854917241397e-05
2.396962142839732392e-05
2.380304096627007513e-05
2.363199380520687460e-05
2.345658311968608936e-05
2.327685517803071733e-05
2.309289359325408824e-05
2.290479450989802682e-05
2.271263965056689762e-05
2.251652316089954609e-05
2.231654391715252658e-05
2.211278466325245501e-05
2.190540189378059204e-05
2.169447307737745910e-05
2.148012393093832420e-05
2.126249712491712945e-05
2.104169936150346979e-05
2.081787904892324601e-05
2.059116601136661359e-05
2.036167673983421206e-05
2.012961942814619630e-05
1.989509975433825843e-05
1.965827988498833136e-05
1.941934109487679507e-05
1.917840892733068244e-05
1.893567771759587008e-05
1.869129516090603250e-05
1.844540027592715028e-05
1.819823825133109972e-05
1.794992682237834926e-05
1.770065410116515537e-05
1.745061267921096815e-05
1.719993618344590601e-05
1.694884329769605195e-05
1.669747719683259917e-05
1.644598279354931729e-05
1.619461468550147118e-05
1.594348123918547748e-05
1.569277262302707141e-05
1.544266631201582867e-05
1.519328081363137967e-05
1.494483697259726867e-05
1.469744951991542646e-05
1.445124342548794021e-05
1.420645935629267932e-05
1.396316959874265946e-05
1.372154416042010456e-05
1.348172220042316420e-05
1.324378542443534932e-05
1.300794035531593605e-05
1.277424878927548167e-05
1.254279780487267484e-05
1.231379343541615466e-05
1.208725719450862531e-05
1.186332649057302768e-05
1.164208285149225281e-05
1.142356058934632833e-05
1.120794033599312598e-05
1.099522004990072592e-05
1.078544392752462584e-05
1.057877118493400451e-05
1.037516653276039707e-05
1.017473227539518030e-05
9.977489296654348943e-06
9.783421381387493598e-06
9.592681288719428665e-06
9.405203477877978427e-06
9.220996035547946050e-06
9.040171496560830055e-06
8.862637189851560950e-06
8.688470245492682081e-06
8.517638841977456706e-06
8.350079549006216516e-06
8.185925537003375046e-06
8.025058480531339309e-06
7.867461688937663351e-06
7.713204716050881126e-06
7.562151617095082338e-06
7.414364467370336004e-06
7.269767172065413151e-06
7.128263763117731602e-06
6.989976025362725503e-06
6.854746264953262626e-06
6.722550404108097390e-06
6.593417596921155249e-06
6.467190912316771432e-06
6.343925555707198818e-06
6.223513165345348045e-06
6.105840044363028204e-06
5.991024062887850769e-06
5.878882063570847264e-06
5.769393943882288078e-06
5.662557210485943862e-06
5.558207127048358500e-06
5.456406439773434394e-06
5.357022682881208639e-06
5.259938644562574958e-06
5.165274146060216777e-06
5.072831613556975155e-06
4.982601858419309385e-06
4.894558720571919906e-06
4.808538473931277054e-06
4.724625808002259105e-06
4.642669630449682786e-06
4.562559381751684234e-06
4.484419907998370739e-06
4.408044977608002763e-06
4.333443171452343433e-06
4.260570718172656865e-06
4.189273103346758571e-06
4.119666606443582591e-06
4.051581283796528041e-06
3.984917292770860334e-06
3.919806474281254451e-06
3.856041121634949021e-06
3.793656252514340753e-06
3.732591301219951747e-06
3.672700135855665661e-06
3.614134845862851635e-06
3.556709586052904848e-06
3.500343084148513019e-06
3.445170935795551326e-06
3.390982575979122883e-06
3.337846216031573132e-06
3.285690186513229037e-06
3.234375597387284849e-06
3.184085115425968674e-06
3.134618018646660902e-06
3.085923840517977635e-06
3.038135641735176088e-06
2.991035547195528789e-06
2.944731092650269387e-06
2.899146167382125133e-06
2.854142933033299100e-06
2.809928502127327510e-06
2.766296144076516381e-06
2.723226765629808838e-06
2.680839993549432094e-06
2.638924684467078127e-06
2.597618201453795971e-06
2.556838698141640220e-06
2.516460618503380286e-06
2.476697497819684863e-06
2.437342324686887127e-06
2.398414903055449892e-06
2.360002365532205901e-06
2.321923456064543612e-06
2.284325485833903832e-06
2.247128006434878784e-06
2.210226613624966645e-06
2.173823708316790187e-06
2.137726280912860031e-06
2.101984246639558768e-06
2.066654089773382853e-06
2.031586869183729778e-06
1.996927341098587718e-06
1.962592023685175572e-06
1.928498089541640294e-06
1.894810350184852140e-06
1.861348689263505157e-06
1.828165943533599991e-06
1.795277010221967762e-06
1.762550743298288594e-06
1.730104594754655219e-06
1.697846664410976940e-06
1.665714963995052757e-06
1.633833076192582312e-06
1.602056334478966297e-06
1.570452638925486381e-06
1.539034638147204030e-06
1.507726953716717167e-06
1.476652346661082022e-06
1.445760141501228496e-06
1.415047954249723205e-06
1.384633304228542776e-06
1.354440420398090012e-06
1.324561559287957944e-06
1.295023964754366687e-06
1.265800668133413096e-06
1.236998393329815750e-06
