# bin_4_1
1.232079584816243723e-05
1.236056783717643440e-05
1.239881679088244306e-05
1.243528116124030487e-05
1.247013165402435314e-05
1.250319346833382883e-05
1.253454170471660649e-05
1.256407440457843416e-05
1.259183472730876866e-05
1.261771013768724711e-05
1.264178899135342811e-05
1.266392517381769060e-05
1.268420108372386954e-05
1.270251584858875718e-05
1.271890466447790814e-05
1.273330160714558985e-05
1.274573460801196939e-05
1.275614103381974051e-05
1.276454950105821851e-05
1.277087150600254339e-05
1.277517282787454701e-05
1.277738102308616965e-05
1.277752135800168711e-05
1.277555266648502224e-05
1.277148967397366326e-05
1.276528724915764237e-05
1.275698045678156349e-05
1.274651100044049180e-05
1.273391731724725251e-05
1.271915686643284415e-05
1.270225110207926555e-05
1.268317170407653517e-05
1.266193940943127781e-05
1.263852476774367708e-05
1.261295705206599386e-05
1.258520634098261405e-05
1.255530501205524080e-05
1.252323002815141211e-05
1.248900644542374238e-05
1.245261947526122033e-05
1.241409719459882186e-05
1.237342454398130267e-05
1.233063258905556589e-05
1.228571240112424570e-05
1.223869702441984504e-05
1.218957881760106884e-05
1.213838627006689450e-05
1.208512075910556587e-05
1.202981781876006262e-05
1.197247565374119006e-05
1.191312818679138954e-05
1.185178424730153515e-05
1.178847898770966537e-05
1.172321984610210563e-05
1.165604295724699539e-05
1.158695652956307314e-05
1.151600917061461172e-05
1.144320841785840470e-05
1.136859286822543173e-05
1.129218831990161717e-05
1.121403056170088834e-05
1.113414355841936567e-05
1.105256622029782327e-05
1.096931835842460666e-05
1.088445919939337867e-05
1.079800407561296922e-05
1.070999821831726725e-05
1.062048085896121724e-05
1.052948864668513387e-05
1.043706136058312036e-05
1.034324208064671950e-05
1.024805721286270346e-05
1.015158066112842584e-05
1.005383332963350386e-05
9.954869011892021093e-06
9.854738298955570557e-06
9.753479597767095356e-06
9.651148724094503410e-06
9.547792139914343959e-06
9.443443724290098492e-06
9.338191209986914927e-06
9.232060239549736623e-06
9.125114818251528403e-06
9.017413120451188617e-06
8.908997789375655812e-06
8.799939840123430394e-06
8.690287278922594484e-06
8.580081787156678566e-06
8.469422145211634502e-06
8.358337286380608354e-06
8.246900009738787333e-06
8.135172316017439989e-06
8.023199017299130359e-06
7.911064788996076982e-06
7.798815450783851610e-06
7.686497117774835708e-06
7.574215654188515310e-06
7.461997499502984485e-06
7.349920271006904249e-06
7.238043955087480167e-06
7.126410577247657830e-06
7.015114481586634145e-06
6.904191982545582215e-06
6.793687017153686168e-06
6.683704948632179450e-06
6.574263630826010742e-06
6.465440145762703413e-06
6.357282820535598453e-06
6.249824809935045987e-06
6.143162595719480641e-06
6.037315165699399813e-06
5.932318978878451898e-06
5.828268982706802503e-06
5.725167435600262153e-06
5.623084853122333162e-06
5.522050752275375606e-06
5.422082692096334369e-06
5.323271791603315502e-06
5.225613642697926066e-06
5.129133713238890767e-06
5.033909686873706837e-06
4.939921248461909850e-06
4.847229933227283500e-06
4.755843285074014222e-06
4.665757814161290256e-06
4.577056256323981112e-06
4.489709133538848021e-06
4.403729566341800420e-06
4.319173683014818433e-06
4.235999000730211380e-06
4.154257322515451058e-06
4.073932691201433090e-06
3.995002379724912104e-06
3.917539530465671829e-06
3.841491392226918952e-06
3.766862844737095471e-06
3.693685743460247157e-06
3.621902513252639551e-06
3.551555831733789709e-06
3.482609317193772907e-06
3.415025665059104846e-06
3.348869561929608329e-06
3.284070018472531211e-06
3.220627671616344612e-06
3.158553236510314808e-06
3.097779353319706840e-06
3.038345294745287741e-06
2.980197964434879941e-06
2.923292233193828369e-06
2.867686762512782449e-06
2.813298307332294968e-06
2.760127170409593937e-06
2.708167482233981160e-06
2.657347179586408208e-06
2.607708707212730171e-06
2.559186268725656670e-06
2.511733327303357549e-06
2.465404589626963793e-06
2.420109435373780762e-06
2.375851987096651109e-06
2.332614203225294115e-06
2.290325020858577195e-06
2.249034657703696571e-06
2.208667119081068222e-06
2.169178573729117501e-06
2.130621566748581109e-06
2.092903861655302206e-06
2.056037583577752227e-06
2.019994911343570961e-06
1.984708181672902622e-06
1.950237682550581667e-06
1.916500855879163892e-06
1.883461239716343757e-06
1.851168946442445715e-06
1.819532287776957514e-06
1.788574000759827979e-06
1.758260302249750159e-06
1.728528439200895234e-06
1.699447626471152923e-06
1.670930838051591311e-06
1.642953939586928266e-06
1.615563551306660932e-06
1.588668286862123554e-06
1.562304107723152502e-06
1.536435001811707263e-06
1.511001147819459533e-06
1.486080296818585708e-06
1.461584858104963300e-06
1.437502891983374129e-06
1.413875412775156999e-06
1.390615983960123209e-06
1.367771695964311414e-06
1.345303892272844128e-06
1.323157933532804334e-06
1.301414677176337996e-06
1.279984773091776609e-06
1.258868172548754195e-06
1.238090670683910164e-06
1.217572044494800668e-06
1.197360405377839596e-06
1.177411360746360609e-06
1.157672714690789317e-06
1.138222278846599149e-06
1.118973018739957140e-06
1.099939147394070290e-06
1.081141501603684614e-06
1.062517536056870291e-06
1.044130945070579662e-06
1.025947322617511502e-06
1.007935457722310624e-06
9.901794415415402713e-07
9.726075971650066142e-07
9.552513222074470627e-07
9.381278549120296973e-07
9.211869884072020746e-07
9.044951252536501345e-07
8.880145821882272052e-07
8.717204307126902905e-07
8.556814492792442751e-07
8.398269516263164116e-07
8.241870508999459471e-07
8.087632167043264940e-07
7.935073245545410326e-07
7.784750171916392421e-07
7.636207054427844824e-07
7.489218651921439723e-07
7.344265627928911458e-07
7.200679523587287209e-07
7.058726066307300980e-07
6.918312312125450117e-07
6.779026610061402675e-07
6.641336334028868292e-07
