# bin_3_1
1.075750958879859322e-05
1.079771329541513469e-05
1.083667167624204486e-05
1.087413495625733195e-05
1.091027464583302535e-05
1.094492112272520948e-05
1.097814088917227249e-05
1.100984226799536719e-05
1.104006916054787310e-05
1.106871008161137742e-05
1.109584490979637941e-05
1.112133760899670344e-05
1.114527188893762940e-05
1.116754194344802751e-05
1.118818127630796692e-05
1.120713257843209527e-05
1.122441136926388687e-05
1.123994886560655041e-05
1.125379911549008565e-05
1.126587084228630804e-05
1.127619892537347964e-05
1.128472162261897569e-05
1.129146797177477106e-05
1.129638912649324984e-05
1.129949979264224417e-05
1.130075383837247927e-05
1.130017696240077099e-05
1.129771337700710998e-05
1.129339678650541454e-05
1.128717606022637727e-05
1.127907336251768522e-05
1.126905534281819341e-05
1.125713352874798922e-05
1.124327819553311172e-05
1.122751151177452736e-05
1.120979683464361795e-05
1.119016214197242836e-05
1.116857485023545242e-05
1.114505678451306328e-05
1.111958739989291836e-05
1.109218269968786730e-05
1.106282567816408506e-05
1.103153804857453919e-05
1.099830234621448827e-05
1.096314483937005242e-05
1.092604881983571176e-05
1.088703903252147185e-05
1.084610430317607385e-05
1.080327009045812296e-05
1.075853079836403921e-05
1.071191044298794393e-05
1.066340903302731204e-05
1.061305288733440095e-05
1.056084115126176923e-05
1.050680093173097252e-05
1.045093477013564882e-05
1.039327795369706327e-05
1.033383228507745287e-05
1.027262951652939352e-05
1.020968295440027606e-05
1.014502402194146617e-05
1.007866595225403779e-05
1.001064160443377411e-05
9.940963394718678838e-06
9.869679393892557396e-06
9.796800952755682155e-06
9.722366034346249816e-06
9.646403276635173179e-06
9.568946281763121252e-06
9.490025337385515707e-06
9.409678076082283717e-06
9.327927171938950074e-06
9.244834643704175309e-06
9.160419404047395809e-06
9.074729046739614166e-06
8.987806108970417988e-06
8.899687410564230207e-06
8.810420137268757681e-06
8.720047547694759449e-06
8.628600949905922715e-06
8.536157589809358512e-06
8.442743030662742395e-06
8.348415639622066989e-06
8.253227981644940827e-06
8.157222001634969026e-06
8.060461216019112530e-06
7.962992241214035855e-06
7.864855640612093845e-06
7.766140475252093555e-06
7.666877149769502574e-06
7.567133888631214080e-06
7.466968497305660528e-06
7.366426929302716934e-06
7.265586116365962681e-06
7.164493113570414516e-06
7.063193424886125482e-06
6.961784037837909132e-06
6.860294777229906970e-06
6.758799269484568260e-06
6.657355239172431277e-06
6.556007048004369571e-06
6.454841135872739811e-06
6.353897243442302510e-06
6.253219908579414069e-06
6.152906488897447312e-06
6.052979887958605711e-06
5.953513691511477087e-06
5.854556136565450338e-06
5.756143965866108938e-06
5.658365739278095553e-06
5.561246129815341367e-06
5.464823135141294762e-06
5.369184903945217788e-06
5.274340655018170802e-06
5.180357608990993766e-06
5.087267325580268744e-06
4.995092382304966948e-06
4.903915935801996694e-06
4.813741519782490428e-06
4.724596673613797074e-06
4.636553651800643817e-06
4.549600996098936243e-06
4.463796820671000278e-06
4.379152521674167467e-06
4.295671016151665601e-06
4.213426903761102347e-06
4.132400580501591324e-06
4.052607283659604264e-06
3.974099183409933339e-06
3.896844023639811241e-06
3.820889648798352962e-06
3.746225603456153117e-06
3.672836338951406579e-06
3.600786667082392507e-06
3.530035085234621967e-06
3.460587918403353660e-06
3.392474804624955942e-06
3.325648596492949531e-06
3.260147465084115079e-06
3.195941574321646370e-06
3.133001001570331041e-06
3.071381889035985124e-06
3.011025285548645030e-06
2.951932152321952367e-06
2.894112430810021359e-06
2.837508882163736309e-06
2.782155310368263780e-06
2.728005928378304694e-06
2.675022507444762412e-06
2.623255118392092370e-06
2.572632715081287135e-06
2.523154628277723883e-06
2.474815318628714319e-06
2.427552184914520334e-06
2.381401035154041649e-06
2.336303867198497646e-06
2.292219962378295120e-06
2.249195721277418152e-06
2.207152358488998465e-06
2.166091667687442888e-06
2.125996782888407574e-06
2.086804977729568351e-06
2.048558930504993054e-06
2.011190669352135144e-06
1.974660755451497321e-06
1.939014100472026785e-06
1.904169267771920737e-06
1.870134838185101744e-06
1.836884836669027055e-06
1.804358574534354236e-06
1.772608433784989659e-06
1.741559639229421414e-06
1.711178458291184323e-06
1.681508492634100944e-06
1.652467445227329478e-06
1.624073726645264008e-06
1.596295708694276235e-06
1.569076146206171434e-06
1.542476678151482259e-06
1.516417492961058541e-06
1.490875512874585333e-06
1.465892217430089292e-06
1.441384097430752986e-06
1.417382411926597731e-06
1.393853202227466435e-06
1.370740922497948925e-06
1.348116271208141515e-06
1.325897699484902962e-06
1.304072810341285859e-06
1.282678386345603382e-06
1.261633513421659817e-06
1.240980124490202066e-06
1.220680979597963703e-06
1.200684392906580977e-06
1.181065638908831498e-06
1.161741918161311332e-06
1.142714397602139108e-06
1.124009995587475264e-06
1.105557208254934303e-06
1.087405263966188556e-06
1.069516506150594665e-06
1.051845435281546125e-06
1.034468102966881884e-06
1.017303052195655125e-06
1.000361999752223376e-06
9.836612023342284817e-07
9.671360012123620281e-07
9.508399765582625032e-07
9.347325803782974558e-07
9.187761862546241465e-07
9.030436370006447804e-07
8.874600706688415372e-07
8.720498924959500813e-07
8.568257471470867496e-07
8.417373730813655267e-07
8.268476159258317869e-07
8.121206927622930360e-07
7.975341807880528695e-07
7.831568324034983080e-07
7.689237035414706472e-07
7.548668987139796946e-07
7.409912471573268312e-07
7.272538038201211573e-07
7.137117533693350676e-07
7.003238942935785002e-07
6.870710519326262337e-07
6.740025674111542606e-07
6.610556876666336599e-07
6.482577519923615172e-07
6.356009084003554284e-07
6.230459575441271449e-07
6.106392420927824775e-07
