# bin_2_1
8.078135388787999665e-06
8.114993526248353277e-06
8.151041122748937489e-06
8.186047430134959829e-06
8.220172621956995803e-06
8.253267847070525841e-06
8.285395218113918018e-06
8.316470791805377925e-06
8.346534952875241890e-06
8.375493617264813558e-06
8.403421795700474493e-06
8.430189062661375723e-06
8.455876236193823574e-06
8.480392771001652857e-06
8.503765935407119183e-06
8.525941374254934391e-06
8.546938214580127136e-06
8.566694652372367698e-06
8.585249811554339800e-06
8.602522937567409471e-06
8.618565840824637944e-06
8.633308243470612709e-06
8.646761523362213553e-06
8.658892511981242622e-06
8.669711118055108037e-06
8.679172414127743517e-06
8.687302961073185205e-06
8.694043851236484864e-06
8.699424556510159279e-06
8.703398841098239621e-06
8.705979366814704305e-06
8.707133471319908257e-06
8.706870547729392363e-06
8.705155782966859313e-06
8.702006484495676994e-06
8.697384286857320063e-06
8.691308716644960503e-06
8.683746097613701843e-06
8.674709029505965567e-06
8.664172146021831806e-06
8.652146237955697576e-06
8.638606484196930063e-06
8.623567347813301698e-06
8.607004204885833337e-06
8.588933216606530060e-06
8.569331982507077573e-06
8.548213358519142388e-06
8.525561305840349732e-06
8.501388568986330553e-06
8.475678393945913758e-06
8.448446690705694529e-06
8.419680438104602235e-06
8.389396903552771137e-06
8.357583265236281532e-06
8.324254160055369504e-06
8.289402481691368401e-06
8.253046648011048094e-06
8.215180206271392016e-06
8.175820029670771588e-06
8.134965651762213667e-06
8.092636495782910185e-06
8.048831330925639997e-06
8.003569914722115743e-06
7.956853456701433634e-06
7.908710463026677860e-06
7.859141805462539903e-06
7.808171976333898732e-06
7.755812503894408841e-06
7.702086237767401968e-06
7.647005898339777756e-06
7.590597466273861556e-06
7.532871467756853011e-06
7.473869025503260713e-06
7.413600191973617789e-06
7.352097533005210664e-06
7.289386782491637140e-06
7.225495528923197705e-06
7.160453092542511028e-06
7.094291945718875904e-06
7.027032898634818506e-06
6.958731333455279383e-06
6.889406178127388482e-06
6.819101455698001258e-06
6.747854172791710264e-06
6.675699387783290213e-06
6.602682467639004557e-06
6.528841913039169305e-06
6.454209782570854558e-06
6.378853850384673360e-06
6.302800869960413079e-06
6.226105527497747713e-06
6.148813367298059246e-06
6.070965666559541231e-06
5.992621859401920319e-06
5.913824584892545990e-06
5.834613138096817580e-06
5.755065150862378821e-06
5.675210116109521524e-06
5.595110180477182036e-06
5.514814656456876790e-06
5.434366356858076079e-06
5.353835167511140842e-06
5.273261013887528647e-06
5.192685314184050248e-06
5.112188685169001159e-06
5.031797981560763790e-06
4.951577333681570983e-06
4.871571426818024164e-06
4.791819066089815069e-06
4.712393456213646230e-06
4.633324835814802235e-06
4.554650998462900228e-06
4.476446847588881270e-06
4.398729992543731068e-06
4.321560284868166185e-06
4.244970736713563163e-06
4.168989624158665229e-06
4.093686276483623687e-06
4.019075032563831973e-06
3.945185468542916094e-06
3.872080157961891960e-06
3.799760723121586876e-06
3.728279039913704008e-06
3.657652248180947137e-06
3.587892590438556815e-06
3.519061732210627021e-06
3.451155173172170042e-06
3.384191563233310278e-06
3.318216865874383568e-06
3.253215199345211466e-06
3.189228580810592546e-06
3.126255887633903152e-06
3.064293215948708335e-06
3.003392843702437957e-06
2.943531516575407098e-06
2.884718752758768658e-06
2.826981453389352832e-06
2.770290022586410214e-06
2.714676622947519995e-06
2.660123236451837615e-06
2.606612571309710955e-06
2.554188127712202943e-06
2.502811071685332263e-06
2.452484324890935211e-06
2.403217802366748448e-06
2.354971797804339923e-06
2.307772684682327993e-06
2.261588233006724661e-06
2.216392488289119379e-06
2.172222495194137096e-06
2.129028089128755364e-06
2.086808716313241609e-06
2.045560758920583046e-06
2.005238425271597123e-06
1.965867674813889335e-06
1.927405309960365587e-06
1.889821529166954593e-06
1.853149391393991455e-06
1.817331091267503562e-06
1.782366194475801120e-06
1.748241163444415926e-06
1.714908645357180880e-06
1.682398761431118630e-06
1.650659406507054941e-06
1.619660180397518813e-06
1.589432612370610489e-06
1.559915484719839659e-06
1.531112450861146737e-06
1.503002121085708316e-06
1.475537603841595449e-06
1.448756399719442175e-06
1.422600110452895092e-06
1.397041469196959410e-06
1.372111370454261350e-06
1.347746635142234730e-06
1.323958172092371316e-06
1.300719628253395773e-06
1.277985778049970452e-06
1.255802139666008810e-06
1.234105280613525083e-06
1.212875283675123886e-06
1.192142236101009623e-06
1.171840380946301283e-06
1.151991064473457036e-06
1.132565514104789850e-06
1.113518693462275594e-06
1.094904750406265975e-06
1.076657650926831609e-06
1.058765546133834687e-06
1.041256197019286004e-06
1.024064497054305539e-06
1.007222006972500616e-06
9.906974226748509114e-07
9.744483660627715430e-07
9.585352545975988917e-07
9.428902322688455467e-07
9.275127098656470837e-07
9.124238151814125756e-07
8.975643373114058474e-07
8.829733932702655530e-07
8.686186810437000560e-07
8.544620807257509755e-07
8.405671236786399468e-07
8.268664228049141640e-07
8.133696936053318657e-07
8.000914669705280585e-07
7.869782797003122567e-07
7.740758172271775985e-07
7.613493462516887280e-07
7.487661996836792851e-07
7.363875296627404170e-07
7.241471287615690636e-07
7.120619425498312564e-07
7.001387067786785390e-07
6.883293449076620563e-07
6.766833223327609980e-07
6.651640215781979609e-07
6.537468839137131906e-07
6.424882317297579202e-07
6.313277352091085244e-07
6.202903573343248330e-07
6.093785795980135738e-07
5.985537250489227528e-07
5.878670880550559313e-07
5.772825912670901550e-07
5.667845529922869138e-07
5.564201039545939077e-07
5.461357211594401165e-07
5.359585566087823182e-07
5.258843188827924429e-07
5.158802175530372651e-07
5.059914452801429064e-07
