# bin_4_2
2.956855886875428918e-05
2.964918153696960345e-05
2.972570134091237566e-05
2.979773768030871689e-05
2.986549161385499478e-05
2.992869765074912357e-05
2.998742673473194490e-05
3.004150503163715216e-05
3.009096936568562332e-05
3.013564372919444283e-05
3.017560311794642523e-05
3.021063743885590109e-05
3.024082726335847505e-05
3.026601615794141407e-05
3.028622076702435926e-05
3.030133282761044274e-05
3.031135795685880371e-05
3.031618550800131703e-05
3.031584617498608137e-05
3.031021393282271639e-05
3.029933540772033118e-05
3.028310161872872230e-05
3.026151315201511968e-05
3.023450638141947795e-05
3.020207963198876059e-05
3.016416012592278655e-05
3.012076971248352867e-05
3.007182719019782239e-05
3.001736099840682752e-05
2.995730656696757652e-05
2.989167415358425387e-05
2.982042121801786866e-05
2.974355791979254549e-05
2.966104233351254938e-05
2.957289984298511231e-05
2.947909664652958561e-05
2.937966646528173662e-05
2.927458086382489890e-05
2.916386696981901344e-05
2.904751522432217183e-05
2.892556092336823434e-05
2.879799528386355704e-05
2.866485946655213240e-05
2.852616485318871134e-05
2.838196051138141461e-05
2.823225748026596306e-05
2.807710563968261188e-05
2.791653079057206018e-05
2.775060581864349478e-05
2.757935447423762618e-05
2.740284467523638825e-05
2.722114096587347772e-05
2.703431535244316624e-05
2.684242857710413896e-05
2.664556333267396535e-05
2.644378289623052148e-05
2.623721494380083896e-05
2.602592165576589610e-05
2.581000547760923657e-05
2.558958952636253612e-05
2.536477173032292238e-05
2.513567232144630042e-05
2.490241051769117691e-05
2.466508996734505506e-05
2.442389867466426284e-05
2.417893295409092959e-05
2.393034244506172069e-05
2.367830097779165605e-05
2.342293361263181139e-05
2.316441999347257035e-05
2.290291222150560741e-05
2.263854954027226508e-05
2.237157593323011945e-05
2.210211621807417877e-05
2.183035863860108541e-05
2.155651617225927763e-05
2.128073188830545688e-05
2.100323289791490415e-05
2.072418721311087897e-05
2.044375481551159851e-05
2.016221683247817204e-05
1.987970643332207787e-05
1.959643645605820155e-05
1.931262670182560444e-05
1.902842428397380403e-05
1.874407815612307197e-05
1.845974564027091927e-05
1.817558756733336802e-05
1.789189019822978223e-05
1.760877024001627692e-05
1.732643762331819516e-05
1.704508894311254600e-05
1.676484910966344802e-05
1.648596429420620728e-05
1.620855435562331697e-05
1.593275271418161609e-05
1.565882509270931288e-05
1.538684279618773260e-05
1.511698894017697776e-05
1.484941223813023153e-05
1.458419260000635730e-05
1.432155663844837674e-05
1.406156105648957525e-05
1.380429358192322740e-05
1.354997823863209401e-05
1.329862656961945993e-05
1.305038325333935670e-05
1.280532973340099916e-05
1.256349127641447544e-05
1.232506448849550823e-05
1.209003302194432623e-05
1.185843581625618697e-05
1.163044392015094607e-05
1.140600465633605915e-05
1.118522388090797727e-05
1.096811482056979572e-05
1.075464667994183705e-05
1.054498605360471880e-05
1.033904597595824503e-05
1.013682638309534517e-05
9.938447301110737655e-06
9.743792858220871384e-06
9.552943080065371507e-06
9.365853487584820263e-06
9.182442338823285967e-06
9.002856809849924872e-06
8.826952639326954059e-06
8.654704650739744414e-06
8.486186779990035573e-06
8.321236864854667200e-06
8.159921154658504461e-06
8.002147589183837225e-06
7.847800520624130128e-06
7.697017263121168701e-06
7.549611666342792823e-06
7.405553317467180855e-06
7.264872861876725070e-06
7.127387228923421325e-06
6.993157995244755682e-06
6.862058940502576455e-06
6.733957047492758840e-06
6.608987793455436735e-06
6.486938492994637723e-06
6.367785937347535459e-06
6.251526874990463642e-06
6.137971751989113462e-06
6.027193312187571169e-06
5.919039819903819856e-06
5.813376402775041769e-06
5.710342595526114844e-06
5.609711076833398042e-06
5.511473078933072483e-06
5.415599899578919946e-06
5.321904747084645899e-06
5.230487192796079956e-06
5.141175492232389883e-06
5.053843826808574427e-06
4.968638433821362060e-06
4.885323281259632232e-06
4.803911283568090840e-06
4.724354553650424557e-06
4.646477662091321980e-06
4.570417054224621842e-06
4.495980230924782409e-06
4.423054635084230573e-06
4.351794600417710371e-06
4.281963133214940360e-06
4.213604143662545021e-06
4.146651115991283775e-06
4.080938615051846217e-06
4.016643685383802248e-06
3.953556294474924382e-06
3.891585912074578573e-06
3.830890479117754426e-06
3.771230437884197972e-06
3.712687640325555098e-06
3.655183275636880856e-06
3.598560624102826879e-06
3.543030240230036155e-06
3.488365980578933226e-06
3.434513009621511243e-06
3.381625059578996892e-06
3.329455512456884101e-06
3.278130028059422837e-06
3.227565073027366427e-06
3.177606029306767836e-06
3.128488946462106573e-06
3.079982215568579882e-06
3.032066999831145982e-06
2.984880260227737481e-06
2.938185197119450778e-06
2.892139480972602063e-06
2.846653782803374802e-06
2.801588769979109329e-06
2.757184713108304564e-06
2.713211116521443017e-06
2.669692076011658229e-06
2.626725145006707900e-06
2.584107975047397193e-06
2.542004828992285243e-06
2.500326780596711169e-06
2.458957758339375990e-06
2.418121099115657869e-06
2.377603564750652158e-06
2.337462289909478717e-06
2.297760566242801721e-06
2.258335998420335414e-06
2.219349148115786926e-06
2.180710585889611495e-06
2.142330719529091038e-06
2.104388832209063677e-06
2.066687919482098074e-06
2.029285796069536248e-06
1.992197595321703136e-06
1.955280738270122565e-06
1.918662023880800693e-06
1.882244102775946186e-06
1.845962832529843087e-06
1.809953354057020585e-06
1.774064609053278090e-06
1.738375207828206909e-06
1.702904043758522435e-06
1.667576737602956727e-06
1.632528739788358975e-06
1.597712700608223527e-06
1.563131932358094946e-06
1.528913879768208842e-06
1.494982770909035177e-06
1.461439169480155230e-06
1.428313891564217159e-06
1.395580468432329756e-06
1.363349107035817720e-06
