# bin_1_1
4.520390131837396088e-06
4.543082536176829915e-06
4.565410637805356270e-06
4.587181310513173283e-06
4.608542094024696541e-06
4.629375003509473534e-06
4.649726568726481899e-06
4.669548479752232308e-06
4.688872302284999287e-06
4.707621887296340326e-06
4.725874177895838737e-06
4.743521795412500765e-06
4.760638926206845194e-06
4.777155017357702397e-06
4.793091738700602337e-06
4.808423098205279416e-06
4.823159841586114775e-06
4.837254097338403294e-06
4.850751004924769328e-06
4.863580103727153898e-06
4.875790466102439222e-06
4.887332638632300576e-06
4.898224749947675554e-06
4.908432152870578813e-06
4.917966716768402174e-06
4.926804354195012723e-06
4.934964163035132273e-06
4.942404272101806304e-06
4.949153314047341341e-06
4.955171959976489267e-06
4.960477908644444789e-06
4.965046421811032823e-06
4.968888103192182161e-06
4.971974595874891289e-06
4.974327469032113956e-06
4.975912283643568707e-06
4.976749155714292552e-06
4.976812427439823357e-06
4.976113603129318209e-06
4.974631570303482318e-06
4.972375371310480506e-06
4.969329696417482368e-06
4.965505151866130031e-06
4.960880686550743195e-06
4.955469436007375025e-06
4.949254437070219864e-06
4.942243202488367538e-06
4.934424148331818025e-06
4.925803299353016782e-06
4.916369008069876273e-06
4.906129905850241381e-06
4.895072406880050296e-06
4.883209097391640470e-06
4.870526696981653227e-06
4.857032983100215159e-06
4.842719695215936863e-06
4.827594786985243832e-06
4.811650054938124042e-06
4.794893560332350285e-06
4.777319113684220686e-06
4.758935368251918453e-06
4.739736965590372500e-06
4.719730726470813699e-06
4.698912499399062361e-06
4.677293113158358731e-06
4.654867820827501901e-06
4.631646557107088738e-06
4.607627886313571049e-06
4.582821680221710302e-06
4.557226417933673166e-06
4.530852341950092205e-06
4.503698147246683863e-06
4.475780546198125178e-06
4.447097860724294932e-06
4.417662940226371141e-06
4.387480372208749023e-06
4.356561327393639860e-06
4.324912472696538288e-06
4.292546376050058452e-06
4.259466404937699502e-06
4.225695597329691544e-06
4.191237024919529907e-06
4.156108689762971253e-06
4.120321713552813994e-06
4.083890470499904797e-06
4.046830583011511632e-06
4.009158132696036449e-06
3.970882934083290968e-06
3.932035520475504707e-06
3.892624212814148545e-06
3.852673484535195577e-06
3.812200976196046884e-06
3.771225777963159267e-06
3.729773206615784756e-06
3.687863177662001168e-06
3.645512309730903614e-06
3.602758870333691732e-06
3.559615452255982165e-06
3.516113471901007946e-06
3.472276301071405820e-06
3.428126710314892078e-06
3.383699726700787584e-06
3.339017400953105337e-06
3.294101353072587839e-06
3.248995623920895961e-06
3.203715510323650510e-06
3.158297616187514181e-06
3.112767382506846859e-06
3.067149496462536116e-06
3.021485253579717367e-06
2.975795911418529615e-06
2.930105407022879987e-06
2.884459125523843646e-06
2.838871526984285199e-06
2.793380935237681462e-06
2.748010629929303676e-06
2.702783293627479513e-06
2.657741935127642524e-06
2.612902534787699227e-06
2.568287948760491537e-06
2.523939883287096345e-06
2.479867130482492998e-06
2.436106188920578128e-06
2.392674310272976022e-06
2.349587505288741475e-06
2.306886597974305864e-06
2.264578919033626959e-06
2.222682826717206172e-06
2.181232160885360505e-06
2.140227136218182169e-06
2.099699430264621813e-06
2.059656894362324766e-06
2.020106811209061470e-06
1.981084804786536913e-06
1.942587657546142125e-06
1.904628209104248888e-06
1.867229214046665566e-06
1.830382536269726257e-06
1.794113266495913179e-06
1.758418943293680057e-06
1.723298059626780379e-06
1.688779815547351396e-06
1.654850796684085038e-06
1.621518411153013574e-06
1.588794265883403259e-06
1.556662753925292808e-06
1.525143509001951968e-06
1.494224341531359775e-06
1.463896766482480761e-06
1.434184105382932806e-06
1.405064557361915549e-06
1.376541322026249387e-06
1.348616373700338157e-06
1.321268548360969866e-06
1.294514603936812071e-06
1.268334323546004943e-06
1.242714854059130597e-06
1.217674971081842603e-06
1.193186680015344882e-06
1.169251020624338627e-06
1.145862541565362382e-06
1.122997265071567312e-06
1.100671762927822693e-06
1.078859379129035395e-06
1.057545125892188209e-06
1.036744975323719209e-06
1.016427577215678201e-06
9.965942984094701057e-07
9.772339740514478672e-07
9.583215737365154859e-07
9.398757565919761131e-07
9.218654999846921199e-07
9.042762629808899224e-07
8.871223879472434519e-07
8.703706861001255723e-07
8.540250207807774137e-07
8.380706422289553209e-07
8.224827124559967275e-07
8.072828719368347436e-07
7.924367190727993355e-07
7.779323522728821861e-07
7.637824917775553981e-07
7.499516970728758862e-07
7.364477592016980039e-07
7.232534935804918880e-07
7.103435430008278501e-07
6.977434623238589295e-07
6.854172947528067624e-07
6.733571134510251907e-07
6.615748849993414314e-07
6.500361177948575829e-07
6.387545657766624706e-07
6.277123556434759682e-07
6.168863251274938343e-07
6.063066114980795887e-07
5.959367322618416325e-07
5.857747325769163605e-07
5.758297290917208683e-07
5.660698842291237774e-07
5.565132720275535143e-07
5.471407784985485887e-07
5.379306917897459041e-07
5.289155456609627713e-07
5.200579716128262309e-07
5.113609035816799061e-07
5.028301202030624595e-07
4.944356551512636073e-07
4.862002672872491103e-07
4.781029307065097187e-07
4.701243067012939206e-07
4.622978284396617285e-07
4.545859882283647424e-07
4.469966185251191142e-07
4.395324548756098012e-07
4.321658983207254593e-07
4.249244724806150097e-07
4.177856087959038553e-07
4.107337632737126794e-07
4.038016647378073113e-07
3.969528030949524143e-07
3.901997652488935720e-07
3.835423592954552427e-07
3.769560988256172433e-07
3.704712713529761649e-07
3.640636748112961297e-07
3.577217321868947883e-07
3.514747298959017310e-07
3.452881668708540097e-07
3.391776580969469161e-07
3.331393533290031737e-07
3.271513734754120834e-07
3.212432744642067731e-07
