# bin_3_3
4.232637411406587214e-05
4.240837677502483301e-05
4.248394959186724225e-05
4.255264811156931069e-05
4.261469056240745746e-05
4.266975449060054468e-05
4.271791602019883233e-05
4.275896425792007885e-05
4.279293694603115625e-05
4.281961648187256075e-05
4.283907828485199735e-05
4.285108961875902181e-05
4.285572888739314589e-05
4.285281040483358795e-05
4.284235256268037207e-05
4.282423444984071473e-05
4.279845260830422829e-05
4.276488270336782312e-05
4.272356951973114319e-05
4.267437498785752945e-05
4.261732692637888785e-05
4.255232684275532274e-05
4.247939474529303710e-05
4.239845478056881116e-05
4.230951220191474991e-05
4.221249944953272474e-05
4.210744321346046170e-05
4.199427886646656501e-05
4.187304891606322718e-05
4.174369761582210069e-05
4.160625608416526757e-05
4.146070223990205823e-05
4.130706467556996965e-05
4.114532846451617900e-05
4.097554465419620131e-05
4.079771537242700218e-05
4.061190768003048368e-05
4.041812742739283421e-05
4.021644041831292607e-05
4.000687975987447060e-05
3.978952669471812090e-05
3.956441905187639953e-05
3.933164212076942521e-05
3.909127554258206666e-05
3.884341739617325532e-05
3.858814161614440650e-05
3.832556022247782674e-05
3.805575871282339658e-05
3.777889422486603306e-05
3.749505723746792487e-05
3.720438189734935429e-05
3.690703445657105063e-05
3.660315006508782639e-05
3.629288547423588330e-05
3.597640462631439707e-05
3.565385230846550930e-05
3.532547180645039241e-05
3.499140214088237945e-05
3.465183744606829255e-05
3.430702208684902114e-05
3.395713012603729901e-05
3.360239949754875846e-05
3.324304090092548234e-05
3.287925008756424541e-05
3.251134894142724711e-05
3.213951579954471647e-05
3.176399918541701655e-05
3.138510055625037733e-05
3.100301831972363502e-05
3.061805725109226477e-05
3.023045400548537062e-05
2.984043475256003834e-05
2.944837760552798862e-05
2.905447507253638745e-05
2.865900832733141328e-05
2.826230247653091824e-05
2.786455554194785568e-05
2.746610732692272383e-05
2.706718722350866588e-05
2.666801843751889594e-05
2.626900010259156879e-05
2.587030298766276540e-05
2.547221128858752673e-05
2.507502510996193040e-05
2.467891611152597087e-05
2.428422248616417275e-05
2.389112675317234898e-05
2.349982099843561382e-05
2.311068230651895639e-05
2.272382762082311342e-05
2.233951060474209581e-05
2.195796894718795724e-05
2.157931885898307217e-05
2.120387102782302931e-05
2.083173162711960319e-05
2.046303387662486050e-05
2.009810651694347890e-05
1.973698520987888404e-05
1.937987125881707453e-05
1.902691896512251143e-05
1.867817077460027131e-05
1.833390053935385423e-05
1.799411667608854728e-05
1.765888175730786453e-05
1.732846153136388502e-05
1.700280400248921318e-05
1.668205694172620655e-05
1.636627830849000177e-05
1.605543647532205285e-05
1.574976831700570108e-05
1.544918314378900079e-05
1.515368160242508881e-05
1.486346267435717007e-05
1.457839168384684538e-05
1.429857325121415814e-05
1.402397820007112156e-05
1.375450785038494056e-05
1.349037078013848812e-05
1.323138840942649957e-05
1.297752110601972058e-05
1.272890983268318151e-05
1.248534384380820965e-05
1.224690858703674633e-05
1.201350678275115695e-05
1.178498326547057635e-05
1.156153599744633914e-05
1.134291989798014241e-05
1.112907636025968304e-05
1.092009578478766760e-05
1.071571665715417813e-05
1.051602215579702390e-05
1.032086098414411892e-05
1.013004464390514094e-05
9.943772532884389935e-06
9.761752938087673451e-06
9.583934742109960839e-06
9.410358535386668607e-06
9.240746320827915192e-06
9.075189157656960768e-06
8.913497749779328403e-06
8.755470591596777920e-06
8.601316119712598495e-06
8.450714153112121992e-06
8.303635285831034601e-06
8.160079937610314747e-06
8.019770358580219377e-06
7.882825061711164948e-06
7.749025252461300457e-06
7.618174731170834786e-06
7.490495260679875935e-06
7.365651426871699639e-06
7.243642861800014075e-06
7.124438661095150899e-06
7.007770137240020806e-06
6.893802117779055925e-06
6.782290491154094537e-06
6.673056892110304457e-06
6.566335957515848166e-06
6.461782560929993854e-06
6.359433764973006783e-06
6.259233579857993638e-06
6.160931248966901258e-06
6.064747595273945382e-06
5.970410498713510284e-06
5.877764642592996896e-06
5.787055126931365342e-06
5.697936960802777524e-06
5.610495645045220638e-06
5.524649660866820218e-06
5.440163449712978014e-06
5.357312983343829859e-06
5.275803437602426806e-06
5.195515605837476110e-06
5.116694051246027692e-06
5.038993669468169682e-06
4.962553977291893435e-06
4.887276900069128315e-06
4.812942529837094411e-06
4.739865021456011400e-06
4.667731934669731392e-06
4.596478747372005902e-06
4.526334367247338721e-06
4.456952731715185079e-06
4.388528436046595092e-06
4.320957965482201131e-06
4.254031261149337896e-06
4.188082944788991434e-06
4.122801724007009673e-06
4.058175104851012163e-06
3.994397223551565004e-06
3.931149651398613015e-06
3.868658334260825756e-06
3.806814655871014175e-06
3.745438901477770354e-06
3.684854311878165682e-06
3.624764015735130597e-06
3.565214308863854595e-06
3.506338687072410773e-06
3.447882947514235109e-06
3.390068287500217214e-06
3.332791966902900658e-06
3.275911021935817996e-06
3.219702739066919145e-06
3.163893437699212692e-06
3.108548287028213297e-06
3.053724600699006701e-06
2.999200255346583212e-06
2.945141958553539342e-06
2.891416679405157044e-06
2.837891527934814614e-06
2.784754661796056987e-06
2.731760714264360936e-06
2.678982711398368236e-06
2.626449935419082619e-06
2.574026308671116462e-06
2.521893622861090619e-06
2.469993999073237015e-06
2.418312966813900849e-06
2.367056198855470977e-06
2.316115106102906984e-06
2.265635596186539859e-06
2.215686623859171448e-06
2.166230710110482660e-06
2.117440042428179423e-06
2.069289420811034877e-06
2.021795610990117375e-06
1.975086339431876312e-06
1.929075933006110632e-06
1.883853065691824932e-06
1.839426913945603044e-06
1.795747344733584342e-06
1.752888318213703615e-06
