# bin_2_2
1.836626218975400817e-05
1.843187264550142599e-05
1.849521423349294335e-05
1.855597487754356403e-05
1.861433955102671862e-05
1.867009619408243297e-05
1.872331266342388561e-05
1.877385699865580850e-05
1.882176858321142959e-05
1.886690826617944209e-05
1.890935303527647638e-05
1.894892674859042771e-05
1.898571217492415835e-05
1.901958049476328315e-05
1.905055425084116474e-05
1.907854747852361885e-05
1.910357269667440212e-05
1.912553851649642785e-05
1.914447975421213800e-05
1.916028665780290205e-05
1.917300821589191967e-05
1.918254856389347134e-05
1.918891239538282793e-05
1.919204512557846031e-05
1.919194911272116159e-05
1.918855912474727780e-05
1.918189719313707659e-05
1.917188535766874640e-05
1.915854979907573104e-05
1.914182760780786544e-05
1.912172675367012777e-05
1.909820112939260287e-05
1.907125572010203967e-05
1.904084386344006015e-05
1.900698184029903616e-05
1.896962276260978560e-05
1.892878764967002712e-05
1.888443518882596908e-05
1.883657855588208700e-05
1.878518972987497281e-05
1.873028263004765994e-05
1.867183014736769180e-05
1.860985231648593744e-05
1.854432776970515312e-05
1.847528153440089994e-05
1.840269404257047266e-05
1.832658627540778906e-05
1.824695089617249627e-05
1.816381624851986406e-05
1.807717337765276318e-05
1.798705304511451710e-05
1.789346221240055215e-05
1.779643605778609170e-05
1.769598075684436196e-05
1.759213196832877543e-05
1.748490382791766077e-05
1.737435151901708046e-05
1.726048952805139317e-05
1.714336396071345731e-05
1.702301645136724889e-05
1.689949537433686595e-05
1.677284141042257947e-05
1.664311114900748147e-05
1.651034313859318873e-05
1.637462820956710554e-05
1.623600295089713745e-05
1.609454180059053256e-05
1.595032085188897709e-05
1.580340580575274797e-05
1.565387751013560755e-05
1.550181611480879552e-05
1.534728685769941593e-05
1.519041996792867716e-05
1.503127647478948254e-05
1.486995970339894233e-05
1.470657998720903786e-05
1.454122083312283532e-05
1.437400293122228991e-05
1.420502571260076536e-05
1.403437825899399015e-05
1.386222512045696801e-05
1.368864505626741727e-05
1.351376825722116671e-05
1.333772404520272980e-05
1.316061097285521722e-05
1.298257809807486159e-05
1.280373218690490604e-05
1.262417792663823927e-05
1.244409768172488948e-05
1.226357527798938847e-05
1.208275325023286396e-05
1.190176272940198143e-05
1.172070224005745503e-05
1.153973389317167309e-05
1.135895545759298119e-05
1.117846818258687841e-05
1.099845529359939540e-05
1.081898518247333124e-05
1.064019546165880248e-05
1.046220030432328941e-05
1.028508014795504414e-05
1.010899542306792794e-05
9.934014005978477184e-06
9.760217395957885688e-06
9.587770815986698976e-06
9.416712575658892071e-06
9.247161905256008445e-06
9.079197412387957785e-06
8.912869301103894688e-06
8.748322788718778425e-06
8.585583116647124452e-06
8.424703245081474205e-06
8.265816394136004359e-06
8.108921487330565726e-06
7.954112357948873028e-06
7.801424574732115943e-06
7.650871175497766567e-06
7.502575743339163594e-06
7.356516478699528567e-06
7.212717943361157027e-06
7.071277221727332599e-06
6.932149458990813962e-06
6.795406158302080622e-06
6.661041920985293995e-06
6.529031597114671991e-06
6.399480014037929307e-06
6.272323061828423394e-06
6.147562282698239320e-06
6.025259205291844220e-06
5.905332907513264766e-06
5.787838113211082690e-06
5.672732817310951568e-06
5.559962869222561304e-06
5.449619130434239095e-06
5.341603888246603844e-06
5.235907397083795030e-06
5.132557205308274546e-06
5.031451724332013013e-06
4.932634688590236748e-06
4.836036160120510592e-06
4.741583798500725583e-06
4.649360339632796427e-06
4.559245028656837393e-06
4.471225636579976053e-06
4.385302849223030371e-06
4.301364654636672228e-06
4.219454842254405805e-06
4.139482471889695850e-06
4.061368298726602409e-06
3.985192357625508943e-06
3.910820003668041049e-06
3.838242688946017006e-06
3.767441109729201841e-06
3.698300587717056093e-06
3.630876291601989185e-06
3.565061643137951868e-06
3.500779114195084235e-06
3.438109662634089988e-06
3.376910286816898963e-06
3.317181989460386095e-06
3.258891034122293478e-06
3.201927489313609584e-06
3.146366178106415696e-06
3.092086007019030465e-06
3.039015113166585247e-06
2.987238233101919295e-06
2.936610279494710111e-06
2.887148730842431243e-06
2.838806906511561836e-06
2.791480266155835922e-06
2.745268013989037289e-06
2.700037207507299423e-06
2.655727532842561214e-06
2.612426700897277719e-06
2.569987095332179055e-06
2.528448470147701021e-06
2.487755610302715434e-06
2.447808780775666366e-06
2.408729985472182906e-06
2.370374901763765909e-06
2.332703546831257034e-06
2.295803612967666192e-06
2.259520944743975172e-06
2.223923722971555552e-06
2.188952984420847733e-06
2.154508620921778745e-06
2.120733430337503891e-06
2.087476944535257623e-06
2.054720537375603480e-06
2.022545371716567909e-06
1.990798925161904290e-06
1.959573810858387762e-06
1.928806242870096858e-06
1.898402726424676321e-06
1.868516237712862201e-06
1.838993082357986181e-06
1.809842665179616186e-06
1.781126127609956255e-06
1.752707833217487253e-06
1.724692625367194514e-06
1.697015949732032932e-06
1.669596736080789460e-06
1.642585911114282939e-06
1.615835601973679751e-06
1.589379068127951383e-06
1.563258056592660720e-06
1.537357642410457098e-06
1.511789063202562320e-06
1.486486963436111337e-06
1.461388588030848303e-06
1.436628551666151661e-06
1.412070440114589290e-06
1.387759529610296893e-06
1.363714115384944312e-06
1.339834637071259016e-06
1.316220792617696266e-06
1.292798761879219975e-06
1.269516524946229709e-06
1.246473686458369650e-06
1.223544064571332175e-06
1.200771578336624477e-06
1.178153704593633923e-06
1.155611149033955958e-06
1.133232186718574980e-06
1.110954080505721348e-06
1.088755671178881377e-06
1.066724071955344807e-06
1.044778609052684548e-06
1.022986206293034786e-06
1.001361183720602657e-06
9.798724678551601236e-07
9.586146562330613612e-07
