# k_h
1.000000000000000048e-04
1.031394448759028024e-04
1.063774508930939272e-04
1.097171123242732889e-04
1.131616205851261982e-04
1.167142672840745061e-04
1.203784473677718881e-04
1.241576623653507566e-04
1.280555237345204532e-04
1.320757563127144673e-04
1.362222018765838611e-04
1.404988228132402265e-04
1.449097059067542517e-04
1.494590662435296843e-04
1.541512512402844854e-04
1.589907447984876621e-04
1.639821715892234781e-04
1.691303014725754753e-04
1.744400540557551962e-04
1.799165033943306855e-04
1.855648828410476770e-04
1.913905900468759649e-04
1.973991921190627495e-04
2.035964309411181922e-04
2.099882286598201190e-04
2.165806933444800993e-04
2.233801248238781413e-04
2.303930207064466633e-04
2.376260825894528595e-04
2.450862224631160076e-04
2.527805693157783064e-04
2.607164759464403831e-04
2.689015259911753039e-04
2.773435411701296411e-04
2.860505887620426869e-04
2.950309893134224156e-04
3.042933245897482767e-04
3.138464457762954376e-04
3.236994819364223479e-04
3.338618487353993110e-04
3.443432574381171491e-04
3.551537241892748788e-04
3.663035795849134348e-04
3.778034785444405255e-04
3.896644104925864435e-04
4.018977098610128167e-04
4.145150669196150973e-04
4.275285389478684201e-04
4.409505617568893897e-04
4.547939615732306479e-04
4.690719672957567804e-04
4.837982231373198923e-04
4.989868016633137310e-04
5.146522172395638943e-04
5.308094399024115145e-04
5.474739096642361165e-04
5.646615512680946969e-04
5.823887894055747435e-04
6.006725644124004003e-04
6.195303484567995199e-04
6.389801622360892931e-04
6.590405921974455466e-04
6.797308082993083712e-04
7.010705823303930344e-04
7.230803068038271037e-04
7.457810144444421098e-04
7.691943982878740984e-04
7.933428324106541266e-04
8.182493933111125795e-04
8.439378819615248701e-04
8.704328465525685817e-04
8.977596059518380038e-04
9.259442738988181735e-04
9.550137839594499819e-04
9.849959152641314230e-04
1.015919319053742954e-03
1.047813546059082369e-03
1.080709074739849519e-03
1.114637340410186287e-03
1.149630765278594410e-03
1.185722789430934199e-03
1.222947902786136482e-03
1.261341678055116636e-03
1.300940804734444442e-03
1.341783124167209972e-03
1.383907665704604481e-03
1.427354684002795195e-03
1.472165697490679468e-03
1.518383528045349302e-03
1.566052341913122883e-03
1.615217691915268525e-03
1.665926560978779570e-03
1.718227407033731495e-03
1.772170209320209598e-03
1.827806516148990481e-03
1.885189494161645636e-03
1.944373979137163167e-03
2.005416528393572269e-03
2.068375474834732199e-03
2.133310982693861421e-03
2.200285105027115218e-03
2.269361843012143720e-03
2.340607207108279502e-03
2.414089280136854591e-03
2.489878282341829660e-03
2.568046638493027157e-03
2.648669047095993101e-03
2.731822551774668994e-03
2.817586614895118725e-03
2.906043193500566779e-03
2.997276817630442191e-03
3.091374671098166653e-03
3.188426674804911883e-03
3.288525572668996033e-03
3.391767020252906082e-03
3.498249676172796724e-03
3.608075296377693739e-03
3.721348831388534163e-03
3.838178526590033980e-03
3.958676025671066349e-03
4.082956477312589191e-03
4.211138645224920922e-03
4.343345021639597424e-03
4.479701944364245653e-03
4.620339717512306731e-03
4.765392736023048303e-03
4.914999614090768444e-03
5.069303317625983504e-03
5.228451300875167941e-03
5.392595647329561509e-03
5.561893215057811882e-03
5.736505786601129968e-03
5.916600223574446440e-03
6.102348626121114651e-03
6.293928497373592681e-03
6.491522913077379768e-03
6.695320696540043789e-03
6.905516599072829970e-03
7.122311486097046389e-03
7.345912529093149082e-03
7.576533403576073480e-03
7.814394493285706234e-03
8.059723100787995545e-03
8.312753664687646052e-03
8.573727983660095822e-03
8.842895447516966115e-03
9.120513275525479399e-03
9.406846762209998200e-03
9.702169530870228056e-03
1.000676379505853648e-02
1.032092062826620894e-02
1.064494024207630722e-02
1.097913227304908763e-02
1.132381607861391616e-02
1.167932104225061912e-02
1.204598688825179315e-02
1.242416400636695006e-02
1.281421378663859592e-02
1.321650896475045148e-02
1.363143397821754352e-02
1.405938533375876778e-02
1.450077198620290143e-02
1.495601572929009665e-02
1.542555159874251132e-02
1.590982828798897727e-02
1.640930857694117978e-02
1.692446977423103793e-02
1.745580417333187154e-02
1.800381952299916558e-02
1.856903951248074780e-02
1.915200427195969113e-02
1.975327088870841574e-02
2.037341393944719359e-02
2.101302603941563457e-02
2.167271840868218932e-02
2.235312145623240265e-02
2.305488538239442234e-02
2.377868080017726468e-02
2.452519937611574025e-02
2.529515449123415083e-02
2.608928192276089783e-02
2.690834054724484947e-02
2.775311306574580403e-02
2.862440675179189764e-02
2.952305422281860381e-02
3.044991423582688733e-02
3.140587250802034935e-02
3.239184256320596506e-02
3.340876660476706922e-02
3.445761641604275227e-02
3.553939428897445046e-02
3.665513398190654859e-02
3.780590170745681822e-02
3.899279715140042263e-02
4.021695452354127204e-02
4.147954364157475232e-02
4.278177104897803312e-02
4.412488116799564292e-02
4.551015748882247802e-02
4.693892379612065596e-02
4.841254543404188704e-02
4.993243061096502844e-02
5.150003174519469235e-02
5.311684685290752467e-02
5.478442097967226726e-02
5.650434767691166205e-02
5.827827052471676317e-02
6.010788470246975629e-02
6.199493860877500900e-02
6.394123553224727308e-02
6.594863537475342818e-02
6.801905642875394342e-02
7.015447721044389129e-02
7.235693835044355871e-02
7.462854454384670877e-02
7.697146656148934341e-02
7.938794332436134582e-02
8.188028404314262598e-02
8.445087042490971585e-02
8.710215894911985113e-02
8.983668321504871546e-02
9.265705636292467795e-02
9.556597357107289581e-02
9.856621463145656681e-02
1.016606466060751834e-01
1.048522265667592573e-01
1.081440044209793783e-01
1.115391258263700169e-01
1.150408351967527748e-01
1.186524788025330041e-01
1.223775079684307904e-01
1.262194823716032144e-01
1.301820734433096760e-01
1.342690678773696966e-01
1.384843712487682232e-01
1.428320117458638794e-01
1.473161440197683081e-01
1.519410531545746512e-01
1.567111587622286861e-01
1.616310192059573769e-01
1.667053359562882808e-01
1.719389580838245335e-01
1.773368868930678133e-01
1.829042807017179639e-01
1.886464597700149015e-01
1.945689113848366736e-01
2.006772951034077879e-01
2.069774481616320772e-01
2.134753910522170228e-01
2.201773332779193015e-01
2.270896792854123769e-01
2.342190345854423539e-01
2.415722120651240257e-01
2.491562384984075951e-01
2.569783612609382595e-01
2.650460552557237781e-01
2.733670300562320854e-01
2.819492372737401609e-01
2.908008781559776046e-01
2.999304114243260821e-01
3.093465613570612893e-01
3.190583261263670312e-01
3.290749863970824918e-01
3.394061141954035632e-01
3.500615820560119551e-01
3.610515724563740370e-01
3.723865875472221476e-01
3.840774591885227074e-01
3.961353593005144669e-01
4.085718105397135869e-01
4.213986973100863342e-01
4.346282771199090345e-01
4.482731922951745940e-01
4.623464820607313674e-01
4.768615950007038529e-01
4.918324019101018019e-01
5.072732090498986990e-01
5.231987718182433689e-01
5.396243088508776431e-01
5.565655165642223734e-01
5.740385841550398327e-01
5.920602090710007648e-01
6.106476129669397013e-01
6.298185581620530105e-01
6.495913646137565500e-01
6.699849274244301656e-01
6.910187348977782085e-01
7.127128871620548312e-01
7.350881153779629251e-01
7.581658015495668090e-01
7.819679989571620693e-01
8.065174532316223832e-01
8.318376240903651020e-01
8.579527077557016490e-01
8.848876600770073653e-01
9.126682203787911396e-01
9.413209360574663620e-01
9.708731879503237350e-01
1.001353216500943333e+00
1.032790148746071113e+00
1.065214026149709614e+00
1.098655833311063423e+00
1.133147527573755919e+00
1.168722069564588351e+00
1.205413454691080188e+00
1.243256745627820736e+00
1.282288105822750657e+00
1.322544834055315421e+00
1.364065400079580881e+00
1.406889481386343732e+00
1.451058001119341245e+00
1.496613167181861437e+00
1.543598512571040526e+00
1.592058936978462347e+00
1.642040749696786817e+00
1.693591713873376703e+00
1.746761092153290784e+00
1.801599693755162823e+00
1.858159923025037852e+00
1.916495829514528682e+00
1.976663159631111499e+00
2.038719409910010771e+00
2.102723881958468599e+00
2.168737739124996011e+00
2.236824064947728008e+00
2.307047923437687942e+00
2.379476421254676843e+00
2.454178771835074269e+00
2.531226361532942448e+00
2.610692817837591662e+00
2.692654079732753836e+00
2.777188470264714049e+00
2.864376771388600140e+00
2.954302301164512645e+00
3.047050993377103278e+00
3.142711479654822782e+00
3.241375174167258510e+00
3.343136360981434407e+00
3.448092284160713117e+00
3.556343240692199981e+00
3.667992676331623070e+00
3.783147284457209825e+00
3.901917108026953684e+00
4.024415644736884623e+00
4.150759955480611829e+00
4.281070776213968365e+00
4.415472633331594565e+00
4.554093962665609396e+00
4.697067232220318189e+00
4.844529068759973356e+00
4.996620388370774712e+00
5.153486531121800773e+00
5.315277399953439286e+00
5.482147603926303070e+00
5.654256605967189486e+00
5.831768875253628082e+00
6.014854044382277998e+00
6.203687071471663650e+00
6.398448407354031531e+00
6.599324168015985315e+00
6.806506312452984986e+00
7.020192826107297890e+00
7.240587910065012345e+00
7.467902176192793284e+00
7.702352848400703778e+00
7.944163970223780957e+00
8.193566618920296918e+00
8.450799126291663299e+00
8.716107306434874857e+00
8.989744690644924319e+00
9.271972769692128580e+00
9.563061243705341496e+00
9.863288279900285005e+00
1.017294077839914657e+01
1.049231464639521327e+01
1.082171508092507750e+01
1.116145686051799224e+01
1.151186464600161408e+01
1.187327329075139026e+01
1.224602816067980804e+01
1.263048546427189578e+01
1.302701259298161496e+01
1.343598847231520210e+01
1.385780392393620630e+01
1.429286203913886411e+01
1.474157856404648115e+01
1.520438229690260812e+01
1.568171549783540542e+01
1.617403431148586890e+01
1.668180920290455660e+01
1.720552540713304168e+01
1.774568339289941576e+01
1.830279934087175064e+01
1.887740563692553764e+01
1.947005138089736320e+01
2.008130291131060829e+01
2.071174434657424968e+01
2.136197814317288390e+01
2.203262567138022376e+01
2.272432780904718896e+01
2.343774555403170012e+01
2.417356065585486036e+01
2.493247626718837751e+01
2.571521761579427690e+01
2.652253269756061016e+01
2.735519299129385118e+01
2.821399419595231706e+01
2.909975699102468383e+01
3.001332782077954420e+01
3.095557970313694796e+01
3.192741306393311973e+01
3.292975659737705740e+01
3.396356815352071123e+01
3.502983565359013340e+01
3.612957803405397783e+01
3.726384622032942673e+01
3.843372413105781504e+01
3.964032971390896876e+01
4.088481601390321885e+01
4.216837227527403087e+01
4.349222507792178760e+01
4.485763950954666512e+01
4.626592037458012641e+01
4.771841344106910299e+01
4.921650672670691051e+01
5.076163182523691830e+01
5.235526527449890466e+01
5.399892996742453732e+01
5.569419660732912547e+01
5.744268520889320939e+01
5.924606664626472252e+01
6.110606424976489848e+01
6.302445545272008331e+01
6.500307348999608337e+01
6.704380914985715378e+01
6.914861258082233064e+01
7.131949515524890160e+01
7.355853139142018904e+01
7.586786093597740432e+01
7.824969060858909131e+01
8.070629651081014799e+01
8.324002620114978868e+01
8.585330093842200938e+01
8.854861799552662660e+01
9.132855304587002365e+01
9.419576262470465622e+01
9.715298666774361891e+01
1.002030511294707225e+02
1.033488706836530469e+02
1.065934515086345158e+02
1.099398941600701534e+02
1.133913965338515624e+02
1.169512569220480600e+02
1.206228771647913476e+02
1.244097659011080310e+02
1.283155419218129225e+02
1.323439376276643031e+02
1.364988025960838627e+02
1.407841072598554319e+02
1.452039467013106275e+02
1.497625445656333909e+02
1.544642570970209761e+02
1.593135773015545738e+02
1.643151392407658307e+02
1.694737224599927856e+02
1.747942565557645764e+02
1.802818258865771099e+02
1.859416744315570611e+02
1.917792108016666361e+02
1.978000134082265902e+02
2.040098357937060030e+02
2.104146121298694254e+02
2.170204628885311422e+02
2.238337006903458928e+02
2.308608363372128167e+02
2.381085850340675449e+02
2.455838728060044787e+02
2.532938431168559816e+02
2.612458636955656743e+02
2.694475335768638047e+02
2.779066903629894227e+02
2.866314177133816656e+02
2.956300530695116322e+02
3.049111956222314461e+02
3.144837145292472655e+02
3.243567573905848462e+02
3.345397589901283482e+02
3.450424503116011579e+02
3.558748678375985151e+02
3.670473631405515107e+02
3.785706127748042604e+02
3.904556284792370775e+02
4.027137677002021405e+02
4.153567444448216861e+02
4.283966404750108836e+02
4.418459168529437875e+02
4.557174258489697536e+02
4.700244232233808930e+02
4.847805808937594634e+02
4.999999999999999432e+02
