# z
0.000000000000000000e+00
3.040404040404040206e-02
6.080808080808080412e-02
9.121212121212120272e-02
1.216161616161616082e-01
1.520202020202019999e-01
1.824242424242424054e-01
2.128282828282828110e-01
2.432323232323232165e-01
2.736363636363636220e-01
3.040404040404039998e-01
3.344444444444444331e-01
3.648484848484848109e-01
3.952525252525252442e-01
4.256565656565656219e-01
4.560606060606060552e-01
4.864646464646464330e-01
5.168686868686868108e-01
5.472727272727272441e-01
5.776767676767676774e-01
6.080808080808079996e-01
6.384848484848484329e-01
6.688888888888888662e-01
6.992929292929292995e-01
7.296969696969696217e-01
7.601010101010100550e-01
7.905050505050504883e-01
8.209090909090908106e-01
8.513131313131312439e-01
8.817171717171716772e-01
9.121212121212121104e-01
9.425252525252524327e-01
9.729292929292928660e-01
1.003333333333333188e+00
1.033737373737373622e+00
1.064141414141414055e+00
1.094545454545454488e+00
1.124949494949494921e+00
1.155353535353535355e+00
1.185757575757575788e+00
1.216161616161615999e+00
1.246565656565656433e+00
1.276969696969696866e+00
1.307373737373737299e+00
1.337777777777777732e+00
1.368181818181818166e+00
1.398585858585858599e+00
1.428989898989898810e+00
1.459393939393939243e+00
1.489797979797979677e+00
1.520202020202020110e+00
1.550606060606060543e+00
1.581010101010100977e+00
1.611414141414141410e+00
1.641818181818181621e+00
1.672222222222222054e+00
1.702626262626262488e+00
1.733030303030302921e+00
1.763434343434343354e+00
1.793838383838383788e+00
1.824242424242424221e+00
1.854646464646464432e+00
1.885050505050504865e+00
1.915454545454545299e+00
1.945858585858585732e+00
1.976262626262626165e+00
2.006666666666666377e+00
2.037070707070706810e+00
2.067474747474747243e+00
2.097878787878787676e+00
2.128282828282828110e+00
2.158686868686868543e+00
2.189090909090908976e+00
2.219494949494949410e+00
2.249898989898989843e+00
2.280303030303030276e+00
2.310707070707070709e+00
2.341111111111111143e+00
2.371515151515151576e+00
2.401919191919191565e+00
2.432323232323231998e+00
2.462727272727272432e+00
2.493131313131312865e+00
2.523535353535353298e+00
2.553939393939393732e+00
2.584343434343434165e+00
2.614747474747474598e+00
2.645151515151515031e+00
2.675555555555555465e+00
2.705959595959595898e+00
2.736363636363636331e+00
2.766767676767676765e+00
2.797171717171717198e+00
2.827575757575757187e+00
2.857979797979797620e+00
2.888383838383838054e+00
2.918787878787878487e+00
2.949191919191918920e+00
2.979595959595959354e+00
3.009999999999999787e+00
