# d_a
0.000000000000000000e+00
6.309240547890230033e+01
1.239512751905770216e+02
1.826688597695215890e+02
2.393324388709956452e+02
2.940246680074706092e+02
3.468238961545698089e+02
3.978044569290285608e+02
4.470369358426550548e+02
4.945884158728689499e+02
5.405227033577302791e+02
5.849005360173672443e+02
6.277797747210647685e+02
6.692155804570500095e+02
7.092605778176331341e+02
7.479650061837634212e+02
7.853768596782191480e+02
8.215420168540723580e+02
8.565043609931766468e+02
8.903058918071350263e+02
9.229868292592975649e+02
9.545857101599290218e+02
9.851394781269807481e+02
1.014683567451047907e+03
1.043251981354623695e+03
1.070877365091915863e+03
1.097591074295964063e+03
1.123423238943980095e+03
1.148402823279457834e+03
1.172557682000243858e+03
1.195914612995159359e+03
1.218499406887631267e+03
1.240336893622848720e+03
1.261450986315072669e+03
1.281864722553606725e+03
1.301600303349461228e+03
1.320679129889758087e+03
1.339121838253262695e+03
1.356948332227981155e+03
1.374177814360422190e+03
1.390828815355752113e+03
1.406919221938659575e+03
1.422466303276070903e+03
1.437486736055017900e+03
1.451996628301729743e+03
1.466011542021441528e+03
1.479546514732376636e+03
1.492616079961855803e+03
1.505234286767409458e+03
1.517414718341166463e+03
1.529170509751514373e+03
1.540514364872163014e+03
1.551458572545150446e+03
1.562015022021045297e+03
1.572195217716599018e+03
1.582010293327317413e+03
1.591471025329866734e+03
1.600587845906898565e+03
1.609370855324688137e+03
1.617829833792019144e+03
1.625974252826881411e+03
1.633813286155859259e+03
1.641355820169536173e+03
1.648610463955766363e+03
1.655585558931337346e+03
1.662289188091307778e+03
1.668729184894149057e+03
1.674913141799753475e+03
1.680848418476382676e+03
1.686542149691706754e+03
1.692001252902240140e+03
1.697232435554669109e+03
1.702242202111834331e+03
1.707036860815441059e+03
1.711622530196922753e+03
1.716005145347272673e+03
1.720190463956121903e+03
1.724184072129777860e+03
1.727991389997478109e+03
1.731617677114633125e+03
1.735068037671400589e+03
1.738347425514535416e+03
1.741460648990063419e+03
1.744412375613976792e+03
1.747207136577809706e+03
1.749849331095625530e+03
1.752343230598655055e+03
1.754692982783537218e+03
1.756902615519838264e+03
1.758976040622288792e+03
1.760917057492918730e+03
1.762729356638055151e+03
1.764416523064927105e+03
1.765982039562420596e+03
1.767429289870330649e+03
1.768761561741272772e+03
1.769982049899246476e+03
1.771093858898668941e+03
1.772100005887544739e+03
1.773003423278290938e+03
1.773806961329578826e+03
1.774513390642436207e+03
1.775125404573706419e+03
1.775645621569851983e+03
1.776076587423958017e+03
1.776420777458686416e+03
1.776680598637823778e+03
1.776858391608953525e+03
1.776956432679703084e+03
1.776976935729894876e+03
1.776922054061868948e+03
1.776793882191136845e+03
1.776594457579456275e+03
1.776325762312327925e+03
1.775989724722851633e+03
1.775588220963789581e+03
1.775123076529633636e+03
1.774596067730394452e+03
1.774008923118763732e+03
1.773363324872256271e+03
1.772660910131857236e+03
1.771903272298663296e+03
1.771091962289937328e+03
1.770228489755953433e+03
1.769314324258954684e+03
1.768350896415500983e+03
1.767339599003430976e+03
1.766281788034630154e+03
1.765178783794741548e+03
1.764031871850921334e+03
1.762842304028706394e+03
1.761611299359006352e+03
1.760340044996221422e+03
1.759029697108426490e+03
1.757681381740547749e+03
1.756296195651412745e+03
1.754875207125535781e+03
1.753419456760454523e+03
1.751929958230419970e+03
1.750407699027210128e+03
1.748853641178799990e+03
1.747268721946612231e+03
1.745653854502035301e+03
1.744009928582876910e+03
1.742337811130396403e+03
1.740638346907536288e+03
1.738912359098957495e+03
1.737160649893455229e+03
1.735384001049312474e+03
1.733583174443139796e+03
1.731758912602715100e+03
1.729911939224336720e+03
1.728042959675168049e+03
1.726152661481053428e+03
1.724241714800256887e+03
1.722310772883560958e+03
1.720360472521155998e+03
1.718391434476726545e+03
1.716404263909136034e+03
1.714399550782088909e+03
1.712377870262146416e+03
1.710339783105449442e+03
1.708285836033501710e+03
1.706216562098343047e+03
1.704132481037438993e+03
1.702034099618605978e+03
1.699921911975262674e+03
1.697796399932317627e+03
1.695658033322960819e+03
1.693507270296648585e+03
1.691344557618534282e+03
1.689170330960613455e+03
1.686985015184822259e+03
1.684789024618340363e+03
1.682582763321319590e+03
1.680366625347274294e+03
1.678140994996344944e+03
1.675906247061649992e+03
1.673662747068928411e+03
1.671410851509672511e+03
1.669150908067939554e+03
1.666883255841033815e+03
1.664608225554232149e+03
1.662326139769731753e+03
1.660037313089985901e+03
1.657742052355593842e+03
1.655440656837901088e+03
1.653133418426461731e+03
1.650820621811514229e+03
1.648502544661615048e+03
1.646179457796565430e+03
1.643851625355768647e+03
1.641519304962150500e+03
1.639182747881766318e+03
1.636842199179219051e+03
1.634497897869008057e+03
1.632150077062922946e+03
1.629798964113595048e+03
1.627444780754314479e+03
1.625087743235219023e+03
1.622728062455955069e+03
1.620365944094911583e+03
1.618001588735121004e+03
1.615635191986922109e+03
1.613266944607473306e+03
1.610897032617205241e+03
1.608525637413293680e+03
1.606152935880244286e+03
1.603779100497657510e+03
1.601404299445258403e+03
1.599028696705266157e+03
1.596652452162172722e+03
1.594275721700005079e+03
1.591898657297137333e+03
1.589521407118720390e+03
1.587144115606794458e+03
1.584766923568145558e+03
1.582389968259969464e+03
1.580013383473398108e+03
1.577637299614951189e+03
1.575261843785965993e+03
1.572887139860057459e+03
1.570513308558666040e+03
1.568140467524741325e+03
1.565768731394610086e+03
1.563398211868079898e+03
1.561029017776823821e+03
1.558661255151090245e+03
1.556295027284784055e+03
1.553930434798961642e+03
1.551567575703780676e+03
1.549206545458944220e+03
1.546847437032683501e+03
1.544490340959309606e+03
1.542135345395377726e+03
1.539782536174499228e+03
1.537431996860833578e+03
1.535083808801295390e+03
1.532738051176512954e+03
1.530394801050567139e+03
1.528054133419539539e+03
1.525716121258909652e+03
1.523380835569821102e+03
1.521048345424247145e+03
1.518718718009092072e+03
1.516392018669243498e+03
1.514068310949610350e+03
1.511747656636170404e+03
1.509430115796050586e+03
1.507115746816666388e+03
1.504804606443944067e+03
1.502496749819646539e+03
1.500192230517828648e+03
1.497891100580441389e+03
1.495593410552106207e+03
1.493299209514082349e+03
1.491008545117444100e+03
1.488721463615490848e+03
1.486438009895406367e+03
1.484158227509186418e+03
1.481882158703855339e+03
1.479609844450983928e+03
1.477341324475532929e+03
1.475076637284029403e+03
1.472815820192103274e+03
1.470558909351389275e+03
1.468305939775817706e+03
1.466056945367302887e+03
1.463811958940850218e+03
1.461571012249088199e+03
1.459334136006248400e+03
1.457101359911596546e+03
1.454872712672338366e+03
1.452648222026004532e+03
1.450427914762331966e+03
1.448211816744651287e+03
1.445999952930794052e+03
1.443792347393528644e+03
1.441589023340540280e+03
1.439390003133960363e+03
1.437195308309459733e+03
1.435004959594918319e+03
1.432818976928673464e+03
1.430637379477365812e+03
1.428460185653384087e+03
1.426287413131926769e+03
1.424119078867680400e+03
1.421955199111132742e+03
1.419795789424520763e+03
1.417640864697428697e+03
1.415490439162040957e+03
1.413344526408058073e+03
1.411203139397285440e+03
1.409066290477899202e+03
1.406933991398400167e+03
1.404806253321261693e+03
1.402683086836276971e+03
1.400564501973614597e+03
1.398450508216590606e+03
1.396341114514156970e+03
1.394236329293122708e+03
1.392136160470105779e+03
1.390040615463223730e+03
1.387949701203534005e+03
1.385863424146220495e+03
1.383781790281542044e+03
1.381704805145541286e+03
1.379632473830520439e+03
1.377564800995292899e+03
1.375501790875212237e+03
1.373443447291983148e+03
1.371389773676519781e+03
1.369340773059509047e+03
1.367296448057240696e+03
1.365256800930788586e+03
1.363221833573558342e+03
1.361191547519896631e+03
1.359165943953518990e+03
1.357145023715753723e+03
1.355128787313612520e+03
1.353117234927685558e+03
1.351110366419869706e+03
1.349108181340928923e+03
1.347110678937897319e+03
1.345117858161319191e+03
1.343129717672338984e+03
1.341146255849637555e+03
1.339167470796222233e+03
1.337193360346070222e+03
1.335223922070633307e+03
1.333259153285203183e+03
1.331299051055139898e+03
1.329343612201971837e+03
1.327392833309361322e+03
1.325446710728949483e+03
1.323505240586071068e+03
1.321568418785353288e+03
1.319636241016193480e+03
1.317708702758120808e+03
1.315785799286045858e+03
1.313867525675398383e+03
1.311953876807156121e+03
1.310044847372768118e+03
1.308140431878973232e+03
1.306240624652518136e+03
1.304345419844774369e+03
1.302454811436258751e+03
1.300568793241058302e+03
1.298687358911161482e+03
1.296810501940698714e+03
1.294938215670093086e+03
1.293070493290123977e+03
1.291207327845904501e+03
1.289348712240774603e+03
1.287494639240115248e+03
1.285645101475077354e+03
1.283800091446236820e+03
1.281959601527169298e+03
1.280123623967951289e+03
1.278292150898588034e+03
1.276465174332367269e+03
1.274642686169143417e+03
1.272824678198554011e+03
1.271011142103164730e+03
1.269202069461552810e+03
1.267397451751321569e+03
1.265597280352053303e+03
1.263801546548200122e+03
1.262010241531912243e+03
1.260223356405808772e+03
1.258440882185688452e+03
1.256662809803183563e+03
1.254889130108359041e+03
1.253119833872254503e+03
1.251354911789373773e+03
1.249594354480122774e+03
1.247838152493194002e+03
1.246086296307901875e+03
1.244338776336467845e+03
1.242595582926258203e+03
1.240856706361972556e+03
1.239122136867789095e+03
1.237391864609460299e+03
1.235665879696367938e+03
1.233944172183531464e+03
1.232226732073575931e+03
1.230513549318656487e+03
1.228804613822343754e+03
1.227099915441465100e+03
1.225399443987912946e+03
1.223703189230407816e+03
1.222011140896228881e+03
1.220323288672904027e+03
1.218639622209865138e+03
1.216960131120069036e+03
1.215284804981581374e+03
1.213613633339128000e+03
1.211946605705612001e+03
1.210283711563599127e+03
1.208624940366771170e+03
1.206970281541346367e+03
