# bin_4_3
-1.392581606866500485e-11
-1.396972768951384347e-11
-1.401515925499779396e-11
-1.406218756255224818e-11
-1.411084458427904301e-11
-1.416113207396892689e-11
-1.421304315998239866e-11
-1.426656544527383820e-11
-1.432174009039588538e-11
-1.437866483810770634e-11
-1.443745133245188152e-11
-1.449819375748548955e-11
-1.456089237528808334e-11
-1.462550638969941335e-11
-1.469200871190734830e-11
-1.476048953541067867e-11
-1.483110382641390236e-11
-1.490396289951520582e-11
-1.497903576267174492e-11
-1.505627607505671750e-11
-1.513578064390842339e-11
-1.521775596080545596e-11
-1.530224742135069470e-11
-1.538910477569303100e-11
-1.547827707484048267e-11
-1.556997345660629747e-11
-1.566433629783587879e-11
-1.576127711707958935e-11
-1.586081856018071263e-11
-1.596313845012633214e-11
-1.606819815569117495e-11
-1.617586053061641096e-11
-1.628626613204300188e-11
-1.639941999623604792e-11
-1.651518048333461267e-11
-1.663365550259939433e-11
-1.675479220894840836e-11
-1.687853565737449652e-11
-1.700496301036289447e-11
-1.713403267010867321e-11
-1.726582381336156335e-11
-1.740034399603619335e-11
-1.753767575735095298e-11
-1.767793526210497985e-11
-1.782132240010889099e-11
-1.796797069581919838e-11
-1.811797101790921269e-11
-1.827143592542939359e-11
-1.842852700886413926e-11
-1.858947973490389155e-11
-1.875419682083426187e-11
-1.892239628841677795e-11
-1.909407198720152914e-11
-1.926924726246870905e-11
-1.944790072067156134e-11
-1.962999482814924502e-11
-1.981544422167178574e-11
-2.000410290494538533e-11
-2.019577518452004776e-11
-2.039025587092005122e-11
-2.058720744955574143e-11
-2.078634235836655082e-11
-2.098777447187731453e-11
-2.119156858756154048e-11
-2.139738050072526144e-11
-2.160555782855723270e-11
-2.181651845568092169e-11
-2.203039694249608423e-11
-2.224752305084260366e-11
-2.246832087244324797e-11
-2.269314795374949432e-11
-2.292244645791311216e-11
-2.315569536422230648e-11
-2.339232687372264831e-11
-2.363219755477864867e-11
-2.387478516176467837e-11
-2.411934839091608517e-11
-2.436573351971986445e-11
-2.461412842407767156e-11
-2.486413507950726384e-11
-2.511631278838267849e-11
-2.537152985527027601e-11
-2.563025009417087622e-11
-2.589284774746358131e-11
-2.615890499768830605e-11
-2.642832693774925297e-11
-2.670117675539929349e-11
-2.697769665829026919e-11
-2.725726828744084695e-11
-2.753941108739891666e-11
-2.782408964981506802e-11
-2.811126792275684900e-11
-2.840051532645330097e-11
-2.869245120766081659e-11
-2.898851371114045855e-11
-2.928886013075506724e-11
-2.959356271413467138e-11
-2.990268978311209641e-11
-3.021506866603981568e-11
-3.053040816357939912e-11
-3.084870513181252073e-11
-3.116979970701350099e-11
-3.149493846076729230e-11
-3.182447465967235484e-11
-3.215901397204459250e-11
-3.249817081313405284e-11
-3.284151628238977660e-11
-3.318855902847542675e-11
-3.353933012846150681e-11
-3.389384536436650232e-11
-3.425253776107204281e-11
-3.461580527259233109e-11
-3.498367836647179343e-11
-3.535580493286716181e-11
-3.573143347625086847e-11
-3.610994048285011586e-11
-3.649145875067498440e-11
-3.687590565451508101e-11
-3.726302774989421188e-11
-3.765162215406583979e-11
-3.804089364215711526e-11
-3.843017226942907440e-11
-3.882003664653635722e-11
-3.921049027683373565e-11
-3.960094649939538065e-11
-3.999002887267948086e-11
-4.037643462218905902e-11
-4.075887179837492433e-11
-4.113603899637014478e-11
-4.150657415753959183e-11
-4.186884237144047512e-11
-4.222121500160829846e-11
-4.256224055139522964e-11
-4.289041040001325209e-11
-4.320402457404940563e-11
-4.350107269520547426e-11
-4.377959102007648715e-11
-4.403765886066924184e-11
-4.427314775705237604e-11
-4.448374594184883647e-11
-4.466710900138193216e-11
-4.482089141907716718e-11
-4.494266876326166298e-11
-4.502986021563885948e-11
-4.507990381377680657e-11
-4.509027182765339560e-11
-4.505837768718542901e-11
-4.498166235034130989e-11
-4.485766243935523921e-11
-4.468404812333118669e-11
-4.445858927811741904e-11
-4.417928911590834678e-11
-4.384441397577454483e-11
-4.345249977799159113e-11
-4.300245444452169281e-11
-4.249359392559693312e-11
-4.192568460882476441e-11
-4.129900165514738275e-11
-4.061438219279525577e-11
-3.987324697095027703e-11
-3.907767346444000977e-11
-3.823040175656666473e-11
-3.733487320522748810e-11
-3.639526008295280178e-11
-3.541645316608196309e-11
-3.440405926359300195e-11
-3.336439206869805802e-11
-3.230433532893750430e-11
-3.123129681924030888e-11
-3.015304415621722691e-11
-2.907755032063614569e-11
-2.801269474167670691e-11
-2.696621187289998869e-11
-2.594562261093763289e-11
-2.495828539611402427e-11
-2.401085363615960723e-11
-2.310886963266128630e-11
-2.225620233523901303e-11
-2.145466995482502880e-11
-2.070407355727695451e-11
-2.000195249476212579e-11
-1.934391985869737172e-11
-1.872406474634341256e-11
-1.813547128530607145e-11
-1.757019303610164392e-11
-1.701918085845073591e-11
-1.647218187816866646e-11
-1.591885156093190857e-11
-1.534984760791808291e-11
-1.475797600384133044e-11
-1.413893487907759552e-11
-1.349230022791624535e-11
-1.282238616664797277e-11
-1.213756767949283495e-11
-1.144941880785692215e-11
-1.077161980041966005e-11
-1.011847912044171280e-11
-9.503362131169369103e-12
-8.937118822890386029e-12
-8.426611074065183714e-12
-7.973560015522620358e-12
-7.574008359197280485e-12
-7.218660383728449480e-12
-6.894204453488858387e-12
-6.585605801158693281e-12
-6.279119121851632960e-12
-5.965307217608054106e-12
-5.641064289830766611e-12
-5.309977883527045410e-12
-4.980912095795781864e-12
-4.665144696522255166e-12
-4.372808248946865818e-12
-4.109717290773288212e-12
-3.875751953270837573e-12
-3.665482261299094846e-12
-3.470666484239565213e-12
-3.283569264713646685e-12
-3.099762972783225239e-12
-2.919198376089489957e-12
-2.745058363414525596e-12
-2.581222310669874106e-12
-2.429910017066740267e-12
-2.290764802695029731e-12
-2.161594590674523810e-12
-2.040021198722142381e-12
-1.924726941130621591e-12
-1.815548005666212975e-12
-1.712761317764766718e-12
-1.616399160252001764e-12
-1.526147564227946091e-12
-1.441615911697926150e-12
-1.362446029483493245e-12
-1.288216594740875324e-12
-1.218457224932083598e-12
-1.152837032702597683e-12
-1.091236256054354986e-12
-1.033530327882479194e-12
-9.794243219010075720e-13
-9.285642271059017226e-13
-8.807236215945828219e-13
-8.357739072335362421e-13
-7.935444629554810877e-13
-7.538119426932531468e-13
-7.163926095224905155e-13
-6.811503723234724412e-13
-6.479421872190548645e-13
-6.166180068865869833e-13
-5.870491390279339736e-13
-5.591195170360913325e-13
-5.327131560908019254e-13
-5.077240598177658936e-13
-4.840573818641429945e-13
-4.616238078454821436e-13
-4.403408680076555505e-13
-4.201328709933554106e-13
-4.009292815091523721e-13
-3.826642298863959673e-13
-3.652764537141519766e-13
-3.487092391413672088e-13
-3.329103498417689339e-13
-3.178318472753815442e-13
-3.034297678436568986e-13
-2.896637690731630714e-13
-2.764968114170226293e-13
-2.638948693705891575e-13
-2.518266818109417494e-13
-2.402635082500036550e-13
-2.291789063766504835e-13
-2.185485407489528213e-13
-2.083500250487223265e-13
-1.985627820259493390e-13
-1.891679042957567664e-13
-1.801479964371933801e-13
-1.714870180303322229e-13
-1.631701457846863980e-13
-1.551836613996282176e-13
-1.475148519613998413e-13
-1.401519115029774649e-13
-1.330838389232521352e-13
-1.263003430654752503e-13
-1.197917628984860005e-13
-1.135490012445143949e-13
-1.075634657893237826e-13
-1.018270095285516834e-13
-9.633187368902934777e-14
-9.107063663586719803e-14
-8.603617289948846137e-14
-8.122161990796226523e-14
-7.662033159957537477e-14
-7.222585626989742446e-14
-6.803190530774018564e-14
-6.403233400863263957e-14
-6.022112921017648848e-14
-5.659239441099231578e-14
-5.314032934603980500e-14
-4.985920929873051652e-14
-4.674337157743373472e-14
-4.378721395087225326e-14
-4.098519884665961788e-14
-3.833185754925805509e-14
-3.582177590788430939e-14
-3.344959094058255160e-14
-3.120998510333792275e-14
-2.909768899659292541e-14
-2.710749012792458249e-14
-2.523424283467501838e-14
-2.347287563880684760e-14
-2.181839724973063102e-14
-2.026589698962074128e-14
-1.881054991991327220e-14
-1.744762757344495273e-14
-1.617250517521362024e-14
-1.498067171471624615e-14
-1.386773893910395833e-14
-1.282944818532247981e-14
-1.186166941065543793e-14
-1.096041223932411950e-14
-1.012182745956901955e-14
-9.342211751650803939e-15
-8.618011582671878493e-15
-7.945818631273150953e-15
-7.322377542372212151e-15
-6.744582697677258960e-15
-6.209480144652007472e-15
-5.714257851435616684e-15
-5.256251660378849526e-15
-4.832940566106256619e-15
-4.441941930803821851e-15
-4.081004967148261263e-15
-3.748011788271202264e-15
-3.440971994815135591e-15
-3.158012459285198308e-15
-2.897379620547205029e-15
-2.657431184696739047e-15
-2.436628582255294729e-15
-2.233538067702133335e-15
-2.046818839768981107e-15
-1.875223144898126853e-15
-1.717589036648465423e-15
-1.572835209554675012e-15
-1.439958280751077965e-15
-1.318025519925629802e-15
-1.206173238335458764e-15
-1.103600368545371807e-15
-1.009565424499205449e-15
-9.233832295516304321e-16
-8.444190075324138057e-16
-7.720878764983867369e-16
-7.058490974056092294e-16
-6.452037363804691430e-16
-5.896922624545269121e-16
-5.388913574939990546e-16
-4.924105165841524609e-16
-4.498907626417956379e-16
-4.110018727273716342e-16
-3.754402271672397360e-16
-3.429267913581475733e-16
-3.132052204141459977e-16
-2.860400909452938895e-16
-2.612152507945087054e-16
-2.385322879907047977e-16
-2.178091279697506133e-16
-1.988787604322269141e-16
-1.815880811526444163e-16
-1.657968445303208237e-16
-1.513768919837873938e-16
-1.382105067813949128e-16
-1.261903823313851631e-16
-1.152183569832753764e-16
-1.052044169242634461e-16
-9.606629236422508504e-17
-8.772850197161221042e-17
-8.012175330628440287e-17
-7.318258196055968517e-17
-6.685284537318891547e-17
-6.107922564495008513e-17
-5.581300381068972223e-17
-5.100967661372221635e-17
-4.662866328203939656e-17
-4.263286189865982265e-17
-3.898845245514138253e-17
-3.566463400779164009e-17
-3.263323067423567842e-17
-2.986859732018087494e-17
-2.734727099240641528e-17
-2.504788452143824080e-17
-2.295093812941176873e-17
-2.103863933160412425e-17
-1.929475475841475165e-17
-1.770447468641794321e-17
-1.625430931505994149e-17
-1.493192681421020419e-17
-1.372611128014424642e-17
-1.262660507902435781e-17
-1.162406787781676703e-17
-1.070998384995939782e-17
-9.876607160929285529e-18
-9.116860972633198174e-18
-8.424302260157009382e-18
-7.793031180308684811e-18
