# bin_2_1
-1.731913320220590119e-10
-1.738508714218703500e-10
-1.745335007424729184e-10
-1.752401687192048503e-10
-1.759718719615055563e-10
-1.767295065066925918e-10
-1.775136957839024808e-10
-1.783248247358988835e-10
-1.791633630956778757e-10
-1.800302888921116887e-10
-1.809270144032474314e-10
-1.818549658007524126e-10
-1.828150522794596436e-10
-1.838074641579843556e-10
-1.848324652372862885e-10
-1.858911111959547369e-10
-1.869848195950176459e-10
-1.881146687150602519e-10
-1.892810643337886108e-10
-1.904850949737069771e-10
-1.917285092296671675e-10
-1.930127175066773599e-10
-1.943380117074170026e-10
-1.957053270911807773e-10
-1.971162459898584600e-10
-1.985720366317346406e-10
-2.000732755183832822e-10
-2.016213789720724426e-10
-2.032176923568063567e-10
-2.048628437627031993e-10
-2.065581698489908369e-10
-2.083048706945308284e-10
-2.101036993027446918e-10
-2.119558095351600214e-10
-2.138619706914815153e-10
-2.158232415974048707e-10
-2.178411450240679081e-10
-2.199171616960550994e-10
-2.220526002409867671e-10
-2.242488597131735092e-10
-2.265075178754878145e-10
-2.288304883997064646e-10
-2.312202493305835451e-10
-2.336801672358800260e-10
-2.362121445017034991e-10
-2.388159306218192980e-10
-2.414929383972017265e-10
-2.442450871328507615e-10
-2.470743879607972024e-10
-2.499818163303827226e-10
-2.529672404596238537e-10
-2.560306359466714839e-10
-2.591718457159816312e-10
-2.623909195854820358e-10
-2.656875349586106426e-10
-2.690610779792740217e-10
-2.725121214944812298e-10
-2.760437625534507776e-10
-2.796545648051338546e-10
-2.833421111378024590e-10
-2.871082589433883931e-10
-2.909550610180923090e-10
-2.948837136362390333e-10
-2.988979406884714677e-10
-3.030013208430555268e-10
-3.071978260862441335e-10
-3.114926950432589482e-10
-3.158848970686867793e-10
-3.203722559187754760e-10
-3.249549086210706388e-10
-3.296302725178775466e-10
-3.343923902521507245e-10
-3.392376767455018898e-10
-3.441642444740272475e-10
-3.491638691493440895e-10
-3.542355754468819940e-10
-3.593841177944994521e-10
-3.646125566021179483e-10
-3.699254259958596688e-10
-3.753214433127161366e-10
-3.807966714467321928e-10
-3.863483689838302712e-10
-3.919745548511247222e-10
-3.976682943629195928e-10
-4.034189025538688556e-10
-4.092221021409700280e-10
-4.150741628839662575e-10
-4.209660555840435365e-10
-4.268875814955261954e-10
-4.328388881208052364e-10
-4.388180966239367293e-10
-4.448189047652875041e-10
-4.508400424000472165e-10
-4.568714716338474337e-10
-4.628932988866844908e-10
-4.688932970434848905e-10
-4.748534380736752205e-10
-4.807651726868692377e-10
-4.866232868055954563e-10
-4.924174211465426663e-10
-4.981400230281490777e-10
-5.037758987009136002e-10
-5.093089611857836651e-10
-5.147175829609326358e-10
-5.199846451360457847e-10
-5.250929998191117489e-10
-5.300279375263440926e-10
-5.347764342384984885e-10
-5.393212264376274271e-10
-5.436415005706626596e-10
-5.477139228098582521e-10
-5.515156730123298012e-10
-5.550280238063466190e-10
-5.582333222825939900e-10
-5.611132387632511413e-10
-5.636459037451301703e-10
-5.658065055650769333e-10
-5.675722706043205937e-10
-5.689249147778454587e-10
-5.698477597323476195e-10
-5.703220433518073313e-10
-5.703280445891336114e-10
-5.698463037516121257e-10
-5.688595986461677756e-10
-5.673546749805198464e-10
-5.653185748319101049e-10
-5.627372159232266876e-10
-5.595983072620340647e-10
-5.558930407774726698e-10
-5.516158960373326902e-10
-5.467627941700998488e-10
-5.413305181601919864e-10
-5.353197960341986753e-10
-5.287359286777558661e-10
-5.215870492416670211e-10
-5.138842535745958746e-10
-5.056429612577135173e-10
-4.968835520132985079e-10
-4.876308459052514087e-10
-4.779131214775961391e-10
-4.677634671223379060e-10
-4.572196865251327542e-10
-4.463229460963197515e-10
-4.351181736690554137e-10
-4.236538244587389770e-10
-4.119813004695695566e-10
-4.001536323522348940e-10
-3.882250123866460896e-10
-3.762494755348962982e-10
-3.642795869192227713e-10
-3.523664275447969512e-10
-3.405589129959977874e-10
-3.289025738516239308e-10
-3.174392902219112408e-10
-3.062072672225451639e-10
-2.952397908157795834e-10
-2.845639780812343640e-10
-2.741997696406209432e-10
-2.641594689963682822e-10
-2.544482249569825115e-10
-2.450649051878652404e-10
-2.360024732833653354e-10
-2.272472977673553700e-10
-2.187792621237851424e-10
-2.105743807357597821e-10
-2.026052741278042233e-10
-1.948404255571412743e-10
-1.872476413200010511e-10
-1.797980172401617074e-10
-1.724684405007606455e-10
-1.652435834989342490e-10
-1.581163127901305301e-10
-1.510874856577983805e-10
-1.441659752847237752e-10
-1.373666828553725794e-10
-1.307098359891896695e-10
-1.242192374418536760e-10
-1.179207220524968447e-10
-1.118416298321565968e-10
-1.060073825788422310e-10
-1.004391836911322957e-10
-9.515075280128188180e-11
-9.014638131287270927e-11
-8.542090853199731562e-11
-8.096112307601441465e-11
-7.674865295660353088e-11
-7.276389284339309447e-11
-6.898962538621425568e-11
-6.541242411764847718e-11
-6.202156766128191769e-11
-5.880682360147400040e-11
-5.575636541997918940e-11
-5.285599842017652088e-11
-5.009085177843790781e-11
-4.744898937182889063e-11
-4.492455253217416522e-11
-4.251858227478347463e-11
-4.023703150030830927e-11
-3.808662855215808354e-11
-3.607056285661815391e-11
-3.418584219788483225e-11
-3.242305661091870960e-11
-3.076852196707052202e-11
-2.920786662581631790e-11
-2.772969405400502785e-11
-2.632786508806021632e-11
-2.500101972207334520e-11
-2.374967213560308476e-11
-2.257283203612700905e-11
-2.146650703299491739e-11
-2.042510493839274710e-11
-1.944360278971231763e-11
-1.851810866542525414e-11
-1.764503197982982754e-11
-1.682057822613845254e-11
-1.604136874183160803e-11
-1.530491245074099092e-11
-1.460900810439381002e-11
-1.395112128808663662e-11
-1.332849180624745375e-11
-1.273854614837027514e-11
-1.217907940138964919e-11
-1.164814241452789453e-11
-1.114391191438620991e-11
-1.066461500524070798e-11
-1.020855857862227586e-11
-9.774183531570677970e-12
-9.360058236695018156e-12
-8.964861286912977391e-12
-8.587369851793862232e-12
-8.226449357355195473e-12
-7.881045573043446128e-12
-7.550191852748942531e-12
-7.233007662780281303e-12
-6.928679216638502812e-12
-6.636452716395825614e-12
-6.355643427135167353e-12
-6.085624446707013588e-12
-5.825820064159453904e-12
-5.575707386389917948e-12
-5.334808703786693521e-12
-5.102688400261417978e-12
-4.878949477205209013e-12
-4.663229537743273746e-12
-4.455197734775377473e-12
-4.254551926226544646e-12
-4.061016200014885439e-12
-3.874338425996896959e-12
-3.694287828673473517e-12
-3.520652576293058811e-12
-3.353237547680957710e-12
-3.191862300640691580e-12
-3.036359212026814469e-12
-2.886571767035457648e-12
-2.742352949040206754e-12
-2.603563773037598839e-12
-2.470072012727041031e-12
-2.341751075143038034e-12
-2.218478992470953478e-12
-2.100137494792175620e-12
-1.986611136777674632e-12
-1.877786551437248778e-12
-1.773551842216874155e-12
-1.673796057631720740e-12
-1.578408676896175218e-12
-1.487279254069340339e-12
-1.400297082943576707e-12
-1.317351012272392262e-12
-1.238329336963159436e-12
-1.163119695584007467e-12
-1.091608995254295450e-12
-1.023683392353661648e-12
-9.592283624349863574e-13
-8.981288559978344922e-13
-8.402694739769372356e-13
-7.855346433889083400e-13
-7.338088022867969393e-13
-6.849766098104342934e-13
-6.389231986473614833e-13
-5.955344461835669054e-13
-5.546972436193607703e-13
-5.162997633033001097e-13
-4.802317120829964059e-13
-4.463845801837255995e-13
-4.146518989518172068e-13
-3.849294273946266607e-13
-3.571153624326270840e-13
-3.311105616063860520e-13
-3.068186957290356765e-13
-2.841463999209299323e-13
-2.630033971839151861e-13
-2.433025952138464608e-13
-2.249601622177323411e-13
-2.078955802423860488e-13
-1.920316797770536871e-13
-1.772946543453889795e-13
-1.636140817957316062e-13
-1.509228192381306074e-13
-1.391570417318136462e-13
-1.282561686193614135e-13
-1.181627948481763414e-13
-1.088226137891003278e-13
-1.001843307724328440e-13
-9.219956973538915801e-14
-8.482280082723270192e-14
-7.801115629518288438e-14
-7.172440099287898960e-14
-6.592479950006896101e-14
-6.057700213604088308e-14
-5.564793326268877047e-14
-5.110670342065925395e-14
-4.692443230977698815e-14
-4.307419999688558434e-14
-3.953092935843271612e-14
-3.627127774039730190e-14
-3.327356074857538437e-14
-3.051758366615773001e-14
-2.798461716274055925e-14
-2.565728856957023677e-14
-2.351951306848468782e-14
-2.155635682621155828e-14
-1.975400433584468418e-14
-1.809968574120838625e-14
-1.658160349761766733e-14
-1.518882436214619684e-14
-1.391127265451506004e-14
-1.273966629870602009e-14
-1.166540229543706934e-14
-1.068057587571612127e-14
-9.777904620811033167e-15
-8.950655266452383098e-15
-8.192659113152037568e-15
-7.498210906566156173e-15
-6.862077016765598714e-15
-6.279440049103638775e-15
-5.745866053171117049e-15
-5.257288158586258130e-15
-4.809959695385568214e-15
-4.400446556518258041e-15
-4.025591669058185767e-15
-3.682493195773435347e-15
-3.368498899302101078e-15
-3.081158749184195931e-15
-2.818237357521284552e-15
-2.577681596617833630e-15
-2.357603575117649175e-15
-2.156276743636730223e-15
-1.972121432423738375e-15
-1.803683143847777121e-15
-1.649631462017518351e-15
-1.508747727180860333e-15
-1.379915224402958334e-15
-1.262110792502102677e-15
-1.154397117486278661e-15
-1.055915652973881370e-15
-9.658801071295416586e-16
-8.835704322654272787e-16
-8.083272982729319850e-16
-7.395470163770889448e-16
-6.766769114053340554e-16
-6.192129630576776409e-16
-5.666907596585171080e-16
-5.186865129071798156e-16
-4.748156564911179838e-16
-4.347212526427106205e-16
-3.980824297394877167e-16
-3.646011763281484892e-16
-3.340086250427013161e-16
-3.060574826968649200e-16
-2.805213547179718462e-16
-2.571939718652571921e-16
-2.358866694284948582e-16
-2.164268485641262751e-16
-1.986565740534180497e-16
-1.824312986770204573e-16
-1.676187332207253190e-16
-1.540994007198860275e-16
-1.417614329879189486e-16
-1.305055912204986775e-16
-1.202394062814427787e-16
-1.108802031216216806e-16
-1.023524939917309517e-16
-9.458674263021238312e-17
-8.751989639981498711e-17
-8.109481438379596992e-17
-7.525778833119280168e-17
-6.996038499186451354e-17
-6.515829072858795815e-17
-6.081158439017918196e-17
-5.688426065155210542e-17
-5.334468751333503576e-17
-5.016377539332339364e-17
-4.731492870833350586e-17
-4.477060822881689901e-17
-4.250650142087481637e-17
-4.049993265755185315e-17
-3.873337721861333833e-17
-3.719259145661162167e-17
-3.586062919422950003e-17
-3.472165295939391697e-17
