# bin_3_2
-2.402602365645190572e-11
-2.412355108646194322e-11
-2.422458547354649149e-11
-2.432920076043009220e-11
-2.443747816277726983e-11
-2.454954285821645414e-11
-2.466555859129908642e-11
-2.478569942805593857e-11
-2.491012216176080762e-11
-2.503893964579656069e-11
-2.517222641441259911e-11
-2.531009159075361251e-11
-2.545269738553748016e-11
-2.560020225366571510e-11
-2.575274457006100493e-11
-2.591039684751437935e-11
-2.607330722234843591e-11
-2.624170991153994787e-11
-2.641582324518027573e-11
-2.659577168222316086e-11
-2.678165423227594641e-11
-2.697368612631516480e-11
-2.717208768195344407e-11
-2.737697663859859927e-11
-2.758852585626492925e-11
-2.780696398123900812e-11
-2.803247732010122335e-11
-2.826521414394669031e-11
-2.850540299952280989e-11
-2.875323649444953243e-11
-2.900888089618679956e-11
-2.927254214610345104e-11
-2.954437710380674871e-11
-2.982456582618877650e-11
-3.011333888965735203e-11
-3.041093634528096124e-11
-3.071758860643124745e-11
-3.103350785116096322e-11
-3.135892931814000091e-11
-3.169408859679811704e-11
-3.203928217822554235e-11
-3.239487179850718326e-11
-3.276132253667374658e-11
-3.313886937045868047e-11
-3.352758661011163895e-11
-3.392777166587248189e-11
-3.433977293044578079e-11
-3.476397371379626217e-11
-3.520059768615032554e-11
-3.564976210504470572e-11
-3.611159521069947317e-11
-3.658620359159343998e-11
-3.707370428733687002e-11
-3.757414706453444922e-11
-3.808757848754343132e-11
-3.861422605701514236e-11
-3.915459883368987779e-11
-3.970867370246864742e-11
-4.027636665614187749e-11
-4.085803439610408700e-11
-4.145404376496511201e-11
-4.206468371259018709e-11
-4.269051679853128701e-11
-4.333207714554131479e-11
-4.399004042453912598e-11
-4.466524833655269724e-11
-4.535789569135376779e-11
-4.606802702599524999e-11
-4.679593255069140865e-11
-4.754160401338097117e-11
-4.830465125878364238e-11
-4.908497176840187594e-11
-4.988266789605308058e-11
-5.069702230361527053e-11
-5.152807063469133422e-11
-5.237664499090246055e-11
-5.324344498751812246e-11
-5.412939994396640479e-11
-5.503492121491578564e-11
-5.596001378191460845e-11
-5.690484258923977850e-11
-5.786968385633739867e-11
-5.885427897646225633e-11
-5.985776848011737148e-11
-6.088013133666982992e-11
-6.192156822377990299e-11
-6.298181615941410551e-11
-6.406020004754547122e-11
-6.515724346772612623e-11
-6.627339794394941892e-11
-6.740843329132871740e-11
-6.856291075479525845e-11
-6.973674685280578118e-11
-7.092844468363775166e-11
-7.213750431806667753e-11
-7.336260011996254773e-11
-7.460304300978448527e-11
-7.585908330163047094e-11
-7.713039567821704043e-11
-7.841708653141508600e-11
-7.971802400563836711e-11
-8.103217022627409580e-11
-8.235782225055990619e-11
-8.369386222634579040e-11
-8.503910271495459845e-11
-8.639253629147983818e-11
-8.775310302200983689e-11
-8.911953022263850371e-11
-9.048992830457481583e-11
-9.186083185940075935e-11
-9.323025544299214000e-11
-9.459735062535528675e-11
-9.595989005173276587e-11
-9.731760190170747682e-11
-9.866864593336362287e-11
-1.000110420917575615e-10
-1.013431979314634271e-10
-1.026631226714735719e-10
-1.039690882701268741e-10
-1.052585524771156686e-10
-1.065279964052796737e-10
-1.077744566923204266e-10
-1.089938608435825009e-10
-1.101826166900944889e-10
-1.113371723050524834e-10
-1.124535830455171032e-10
-1.135277174481609127e-10
-1.145554148153547784e-10
-1.155324198532925279e-10
-1.164542053003021440e-10
-1.173157470582381122e-10
-1.181118215501467401e-10
-1.188371556802602487e-10
-1.194861969815107178e-10
-1.200530852195560221e-10
-1.205317854343443059e-10
-1.209161680522602813e-10
-1.212000146308638479e-10
-1.213769085014017294e-10
-1.214403753735814019e-10
-1.213840352668519631e-10
-1.212015406564621043e-10
-1.208866806284731452e-10
-1.204335159609199086e-10
-1.198364924753950323e-10
-1.190904438708089127e-10
-1.181907832850645602e-10
-1.171336363718916071e-10
-1.159159431217641813e-10
-1.145356940949906122e-10
-1.129920827000099319e-10
-1.112857329210652916e-10
-1.094188554791787496e-10
-1.073954632589766758e-10
-1.052214820686155644e-10
-1.029049322630042651e-10
-1.004560318956913405e-10
-9.788721742946060652e-11
-9.521309698413861563e-11
-9.245031439462712771e-11
-8.961742934378864967e-11
-8.673440699588486538e-11
-8.382218514249555003e-11
-8.090284494995046191e-11
-7.799885968417481970e-11
-7.513264991168073183e-11
-7.232618812427399365e-11
-6.959991001331579562e-11
-6.697225762817612421e-11
-6.445871126845614472e-11
-6.207109374383251385e-11
-5.981685780667703622e-11
-5.769829229005775900e-11
-5.571285688822792619e-11
-5.385335267689523645e-11
-5.210636387635215954e-11
-5.045361047277338024e-11
-4.887337190867570904e-11
-4.733988310749980286e-11
-4.582666324685051264e-11
-4.430685060292215558e-11
-4.275620767979153286e-11
-4.115558372793766646e-11
-3.949291507675949161e-11
-3.776576463007630025e-11
-3.598119696143878591e-11
-3.415666212944818919e-11
-3.231854989148805078e-11
-3.049905542840494488e-11
-2.873273419684951350e-11
-2.705227695061909034e-11
-2.548435814460373138e-11
-2.404614086888582308e-11
-2.274293607565081321e-11
-2.156763593622358484e-11
-2.050230210169386030e-11
-1.952173402115427190e-11
-1.859820325576557561e-11
-1.770645099358394058e-11
-1.682807476520745396e-11
-1.595423606172872136e-11
-1.508587868150163596e-11
-1.423168371069682656e-11
-1.340450925830275166e-11
-1.261720066022774129e-11
-1.187912811698723734e-11
-1.119445597431067425e-11
-1.056196658579927802e-11
-9.976300195941568304e-12
-9.430080359294632262e-12
-8.915804210215801368e-12
-8.427374143734538059e-12
-7.961082724377867888e-12
-7.515847998981520325e-12
-7.092729572035330126e-12
-6.693627597120100674e-12
-6.319832178560465444e-12
-5.971038271470543701e-12
-5.645244334372866681e-12
-5.339735276383728694e-12
-5.052171422667399427e-12
-4.781048392083717146e-12
-4.525585051441351994e-12
-4.285300168534787055e-12
-4.059759588201841570e-12
-3.848338219703895675e-12
-3.650038423605369817e-12
-3.463685572912889248e-12
-3.288289008587316303e-12
-3.123214268936180077e-12
-2.967993734104982877e-12
-2.822071064572201048e-12
-2.684751440147586095e-12
-2.555349765582216605e-12
-2.433340264749858524e-12
-2.318294191979639626e-12
-2.209745017957498069e-12
-2.107208713808724057e-12
-2.010269164192863491e-12
-1.918559584036342764e-12
-1.831719577526466420e-12
-1.749404196450485191e-12
-1.671307560155947132e-12
-1.597143858886257129e-12
-1.526642716122606187e-12
-1.459559552220626167e-12
-1.395667750780071872e-12
-1.334756872435326988e-12
-1.276633869793220151e-12
-1.221120771896871104e-12
-1.168053346966456438e-12
-1.117280049438331732e-12
-1.068661208046047916e-12
-1.022068482879755669e-12
-9.773843540936218433e-13
-9.345014407656324475e-13
-8.933216924067079026e-13
-8.537555662355099348e-13
-8.157212336324298944e-13
-7.791438780386145228e-13
-7.439550694359906900e-13
-7.100921805581715645e-13
-6.774978586617572233e-13
-6.461195414701052638e-13
-6.159089981269505540e-13
-5.868219329369081587e-13
-5.588175954656730196e-13
-5.318584035026377417e-13
-5.059095951124404626e-13
-4.809388995208419377e-13
-4.569162479563934401e-13
-4.338135201075477864e-13
-4.116043019322036313e-13
-3.902636604176523644e-13
-3.697679397305895776e-13
-3.500945690566902252e-13
-3.312219088540645490e-13
-3.131291171847684409e-13
-2.957960154956174047e-13
-2.792029701947106318e-13
-2.633307797868531011e-13
-2.481605711612636963e-13
-2.336737208555290066e-13
-2.198517820283987270e-13
-2.066764230737035676e-13
-1.941293721012236160e-13
-1.821923854885841674e-13
-1.708472169357581860e-13
-1.600755946676756977e-13
-1.498592025664995038e-13
-1.401796724341299198e-13
-1.310185874524989853e-13
-1.223574967715176704e-13
-1.141779419230827080e-13
-1.064614866339121700e-13
-9.918975487375378484e-14
-9.234446413559483206e-14
-8.590746193020178855e-14
-7.986076968583932539e-14
-7.418662040863734536e-14
-6.886750314772887338e-14
-6.388621079671989770e-14
-5.922588420827937280e-14
-5.487005365715410894e-14
-5.080266762654849654e-14
-4.700812248334911555e-14
-4.347129129668338989e-14
-4.017754659385501856e-14
-3.711278056336116301e-14
-3.426342266394303884e-14
-3.161644591160494656e-14
-2.915937379582437430e-14
-2.688028601389998822e-14
-2.476781630880696945e-14
-2.281115100776767720e-14
-2.100001746606685674e-14
-1.932467757449188002e-14
-1.777591786883614847e-14
-1.634503675702423526e-14
-1.502382645063239120e-14
-1.380455756989641317e-14
-1.267996495556362549e-14
-1.164323098997382588e-14
-1.068795870371181742e-14
-9.808161482585942195e-15
-8.998243893826587690e-15
-8.252975816326249732e-15
-7.567479845247926048e-15
-6.937213779017240911e-15
-6.357944347906699343e-15
-5.825738860305671852e-15
-5.336941956064734976e-15
-4.888160320797739610e-15
-4.476248825449116191e-15
-4.098290226391292423e-15
-3.751586726407128752e-15
-3.433638833534169955e-15
-3.142138681289875199e-15
-2.874951461072657993e-15
-2.630107539767140196e-15
-2.405788987548256372e-15
-2.200318434993479387e-15
-2.012151439908032924e-15
-1.839863484587780385e-15
-1.682143477977313623e-15
-1.537785280355454757e-15
-1.405678963685352834e-15
-1.284803634663293486e-15
-1.174221294266691805e-15
-1.073070101965826863e-15
-9.805584576652921791e-16
-8.959595030544494665e-16
-8.186060292561761781e-16
-7.478857290941844406e-16
-6.832369182568914274e-16
-6.241444851319149991e-16
-5.701362634734795154e-16
-5.207796226972012465e-16
-4.756783160326970008e-16
-4.344695528632001093e-16
-3.968215538059495884e-16
-3.624299828135156659e-16
-3.310166985520484761e-16
-3.023269912064456813e-16
-2.761273558289127492e-16
-2.522040679721138688e-16
-2.303612929411024457e-16
-2.104194231754571762e-16
-1.922141258387609607e-16
-1.755949800115607815e-16
-1.604243131491539240e-16
-1.465762099026029180e-16
-1.339357044224381974e-16
-1.223977408985774939e-16
-1.118663329599459435e-16
-1.022538479954466504e-16
-9.348046657462539091e-17
-8.547298056673895368e-17
-7.816495864452598533e-17
-7.149546370671605901e-17
-6.540905048012844119e-17
-5.985508740344880904e-17
-5.478730693310106318e-17
-5.016340052666123649e-17
-4.594470165529469274e-17
-4.209595391366630694e-17
-3.858485661583591233e-17
-3.538203553826248003e-17
-3.246066008440213226e-17
-2.979611524362772371e-17
-2.736592175578616830e-17
-2.514946998529582312e-17
-2.312798036191186146e-17
-2.128431580398876490e-17
-1.960287762923064201e-17
-1.806944796019233306e-17
-1.667106599607809660e-17
-1.539593184378191157e-17
-1.423333924767582403e-17
-1.317352007525186795e-17
