# bin_3_1
-1.910502000726218706e-10
-1.918181136243928192e-10
-1.926132921294611408e-10
-1.934368461978185970e-10
-1.942899404902962892e-10
-1.951736425691873791e-10
-1.960887484714077424e-10
-1.970358177737454246e-10
-1.980155021521439049e-10
-1.990289756834196654e-10
-2.000778598507064375e-10
-2.011637955054897427e-10
-2.022879066193574547e-10
-2.034505963445830617e-10
-2.046523522227232651e-10
-2.058944755388441960e-10
-2.071786391378316563e-10
-2.085061765860669266e-10
-2.098777438820885506e-10
-2.112947009049137736e-10
-2.127590886125252411e-10
-2.142726131895296738e-10
-2.158358523578998394e-10
-2.174500504504106477e-10
-2.191171189730790575e-10
-2.208386571566772398e-10
-2.226155697798746160e-10
-2.244496308011007104e-10
-2.263425519252798869e-10
-2.282953240339614427e-10
-2.303096729679171692e-10
-2.323871955671931977e-10
-2.345290466739022827e-10
-2.367368032115267273e-10
-2.390116611033077560e-10
-2.413551226560595321e-10
-2.437691674060518144e-10
-2.462557439634531023e-10
-2.488166411877404206e-10
-2.514537505010076854e-10
-2.541691554429475890e-10
-2.569652873841438322e-10
-2.598451568197389936e-10
-2.628126761449824940e-10
-2.658703033202126874e-10
-2.690183497956138644e-10
-2.722588058649105437e-10
-2.755941822007448169e-10
-2.790270934669574795e-10
-2.825591293797177894e-10
-2.861907796212889344e-10
-2.899226517284083498e-10
-2.937552307683451957e-10
-2.976892185340089166e-10
-3.017249500936372014e-10
-3.058624750817684368e-10
-3.101030405517202575e-10
-3.144504335873186252e-10
-3.189038962411932832e-10
-3.234616905467951488e-10
-3.281263686539908147e-10
-3.329006735850129703e-10
-3.377864828942614471e-10
-3.427882146909358257e-10
-3.479101333776115521e-10
-3.531568818437374607e-10
-3.585343769084854303e-10
-3.640422218080606687e-10
-3.696788696069087192e-10
-3.754450764352965668e-10
-3.813388483422951494e-10
-3.873547757111070964e-10
-3.934898081453090042e-10
-3.997425676911452253e-10
-4.061052581349417957e-10
-4.125773158430847297e-10
-4.191638890655143517e-10
-4.258683650756114472e-10
-4.326955598936889755e-10
-4.396443939218067039e-10
-4.467110566739485997e-10
-4.538928748290119006e-10
-4.611878782981561294e-10
-4.685890228552243085e-10
-4.760853924032662489e-10
-4.836724034400345658e-10
-4.913458910564661416e-10
-4.990962323834070125e-10
-5.069125070467610793e-10
-5.147941160326102625e-10
-5.227382953511945740e-10
-5.307376886438288216e-10
-5.387898894787684569e-10
-5.468834627248271167e-10
-5.549967017126693199e-10
-5.631153516862507766e-10
-5.712193086916624309e-10
-5.792981016283802777e-10
-5.873441750015034499e-10
-5.953442227479915140e-10
-6.032880049711088530e-10
-6.111578801896586109e-10
-6.189348781130248089e-10
-6.265938703072900262e-10
-6.341138495524434680e-10
-6.414732679646239235e-10
-6.486530742772842097e-10
-6.556360848863740822e-10
-6.624002507743945830e-10
-6.689202218657664107e-10
-6.751675298996066551e-10
-6.811136666907517211e-10
-6.867348818718058013e-10
-6.920067382045504312e-10
-6.969044423924908520e-10
-7.013991324048321364e-10
-7.054581830582365692e-10
-7.090512565160923545e-10
-7.121522184018262908e-10
-7.147365864784337042e-10
-7.167776470449223414e-10
-7.182475529104822596e-10
-7.191186225415994399e-10
-7.193653062960556809e-10
-7.189660005014960479e-10
-7.178994042747073686e-10
-7.161431373889124743e-10
-7.136767480872825161e-10
-7.104834838650540457e-10
-7.065501979044961856e-10
-7.018655444982011007e-10
-6.964195060779836639e-10
-6.902065981799704107e-10
-6.832265935475318049e-10
-6.754829004532324430e-10
-6.669828031948617313e-10
-6.577389556363271356e-10
-6.477701485733023237e-10
-6.371009226048761895e-10
-6.257606674823011720e-10
-6.137850935057128799e-10
-6.012162280555533333e-10
-5.881011297312457457e-10
-5.744923677191044260e-10
-5.604478275006593182e-10
-5.460301474751924511e-10
-5.313053564928888347e-10
-5.163423024217234513e-10
-5.012111514581143036e-10
-4.859818934379434202e-10
-4.707242190060245018e-10
-4.555066496449717328e-10
-4.403949278477656464e-10
-4.254514915324459527e-10
-4.107352791508427858e-10
-3.963000267743564641e-10
-3.821923953682430439e-10
-3.684503797356327574e-10
-3.551023186076322996e-10
-3.421671319976230883e-10
-3.296550618536420049e-10
-3.175677879756214472e-10
-3.058973979117748372e-10
-2.946260602644791311e-10
-2.837291095872327664e-10
-2.731753455577878185e-10
-2.629256507662292402e-10
-2.529372639545380809e-10
-2.431685750616020629e-10
-2.335826856005972329e-10
-2.241504666111227882e-10
-2.148517290436068128e-10
-2.056756890595310451e-10
-1.966219966866459132e-10
-1.876987464625736111e-10
-1.789226152881392980e-10
-1.703170091197937553e-10
-1.619104876025405787e-10
-1.537373911026768212e-10
-1.458328216507057861e-10
-1.382306920736930386e-10
-1.309588463970632881e-10
-1.240356920766271557e-10
-1.174690859730861649e-10
-1.112565529183918142e-10
-1.053875225385903265e-10
-9.984688838961683793e-11
-9.461857850524903820e-11
-8.968688054014617212e-11
-8.503519636115428389e-11
-8.064390104781372965e-11
-7.648883072400706838e-11
-7.254173117649676796e-11
-6.877391957898640673e-11
-6.516232390303445876e-11
-6.169472970406233147e-11
-5.837163560624809760e-11
-5.520378893774100115e-11
-5.220602373848645394e-11
-4.938997690745019583e-11
-4.675851626054030051e-11
-4.430353738795721133e-11
-4.200779272194854065e-11
-3.984988574887392640e-11
-3.781042827951245027e-11
-3.587678930337586084e-11
-3.404395619926298419e-11
-3.231153210649436801e-11
-3.067915980123485524e-11
-2.914361816283199338e-11
-2.769951960353108143e-11
-2.634121602149674111e-11
-2.506325841043863064e-11
-2.385974226848333822e-11
-2.272432327990306352e-11
-2.165166379559752347e-11
-2.063831361556817082e-11
-1.968168271408940185e-11
-1.877875360756542598e-11
-1.792584533038144130e-11
-1.711916222806714209e-11
-1.635534420540683988e-11
-1.563153355315778801e-11
-1.494522443831927771e-11
-1.429402456689414449e-11
-1.367557191715107417e-11
-1.308760962783560179e-11
-1.252804853203190245e-11
-1.199500135423427016e-11
-1.148674612712591586e-11
-1.100166630784931535e-11
-1.053823195208795607e-11
-1.009504436248803765e-11
-9.670839664502859753e-12
-9.264443098230854364e-12
-8.874759587375362911e-12
-8.500796746933952499e-12
-8.141643629436759419e-12
-7.796461624339121677e-12
-7.464489701755934462e-12
-7.145030672801264151e-12
-6.837449186126252979e-12
-6.541166531029720655e-12
-6.255654446153433296e-12
-5.980431195960612193e-12
-5.715057029363149513e-12
-5.459130736698936975e-12
-5.212286434204613576e-12
-4.974190357899151195e-12
-4.744537572104165187e-12
-4.523048846506245911e-12
-4.309467725263226514e-12
-4.103557801648837005e-12
-3.905100204392809392e-12
-3.713891238960561399e-12
-3.529740253381071275e-12
-3.352467772640492425e-12
-3.181903826698603058e-12
-3.017886439770357681e-12
-2.860260229059961481e-12
-2.708875088031978569e-12
-2.563585050429521566e-12
-2.424247331726387945e-12
-2.290721471885676102e-12
-2.162868514135178553e-12
-2.040550363262205365e-12
-1.923629210778618872e-12
-1.811967164894601622e-12
-1.705425983426810435e-12
-1.603866821390606783e-12
-1.507150015633066227e-12
-1.415134945070247583e-12
-1.327680021465423787e-12
-1.244642802321255638e-12
-1.165880136233807772e-12
-1.091248320476194529e-12
-1.020603273528556747e-12
-9.538007483011887866e-13
-8.906966134900599621e-13
-8.311471636472147170e-13
-7.750094364963525660e-13
-7.221415416658553107e-13
-6.724029774034693400e-13
-6.256549564140287424e-13
-5.817607467730736821e-13
-5.405859346071767313e-13
-5.019987148360408947e-13
-4.658701923902121332e-13
-4.320746152402678507e-13
-4.004896115007950232e-13
-3.709963940698444217e-13
-3.434799298517769653e-13
-3.178290811692977821e-13
-2.939367145081881140e-13
-2.716997870497235691e-13
-2.510194083014910565e-13
-2.318009014924727768e-13
-2.139537310084193578e-13
-1.973915654931628898e-13
-1.820322206285933358e-13
-1.677976007082691635e-13
-1.546136254598333143e-13
-1.424101422754630925e-13
-1.311208264761653189e-13
-1.206830978954973183e-13
-1.110379213357154485e-13
-1.021297583688604497e-13
-9.390641239028411433e-14
-8.631889032256638803e-14
-7.932126452392084323e-14
-7.287055712021302744e-14
-6.692653340334343023e-14
-6.145162286663542532e-14
-5.641077078321970703e-14
-5.177129882349419269e-14
-4.750279801730181553e-14
-4.357692912707070509e-14
-3.996736820773748813e-14
-3.664966779724685986e-14
-3.360115904873868839e-14
-3.080078621082560368e-14
-2.822904692084488385e-14
-2.586789315895980977e-14
-2.370063242578109682e-14
-2.171179507923510311e-14
-1.988710474275936759e-14
-1.821339222737569200e-14
-1.667845961643250368e-14
-1.527108006173294008e-14
-1.398090282851268079e-14
-1.279836209081758923e-14
-1.171467611943297978e-14
-1.072172990101668709e-14
-9.812069021192424285e-15
-8.978830218319651293e-15
-8.215695636249673768e-15
-7.516864491331413022e-15
-6.876994702736752237e-15
-6.291184937393241976e-15
-5.754929171105257205e-15
-5.264085748801888991e-15
-4.814863497007196294e-15
-4.403766075705203077e-15
-4.027597568307773307e-15
-3.683423142941785016e-15
-3.368545721795622016e-15
-3.080496454014099104e-15
-2.817014878614826814e-15
-2.576022070898547300e-15
-2.355615136094508508e-15
-2.154050630801380770e-15
-1.969730862790802926e-15
-1.801191937154685638e-15
-1.647092770788004993e-15
-1.506204986331114613e-15
-1.377403604202912261e-15
-1.259658434415247316e-15
-1.152026146140638842e-15
-1.053642965576139787e-15
-9.637180166546698387e-16
-8.815291770221170357e-16
-8.064121966674960766e-16
-7.377603439769731488e-16
-6.750217104975343356e-16
-6.176860653459192572e-16
-5.652925449395028455e-16
-5.174149762190135946e-16
-4.736675005427507192e-16
-4.336958600782157883e-16
-3.971759061731719238e-16
-3.638120827033549395e-16
-3.333341411456767728e-16
-3.054949352634177243e-16
-2.800684095067902816e-16
-2.568477665962368005e-16
-2.356438308495049026e-16
-2.162852464624141139e-16
-1.986125741229203525e-16
-1.824833193901404131e-16
-1.677653759898277638e-16
-1.543400022742757684e-16
-1.420987888440348358e-16
-1.309420964044075226e-16
-1.207794351461771982e-16
-1.115286769582690771e-16
-1.031131704904676580e-16
-9.546361590778337980e-17
-8.851666905052303537e-17
-8.221513968021007011e-17
-7.650736221702149621e-17
-7.134763997509602771e-17
-6.669410869795862893e-17
-6.250861807728528607e-17
-5.875266690996463871e-17
-5.539215098602345037e-17
-5.239548476297033307e-17
-4.973775969646626548e-17
-4.739859104635453876e-17
-4.535482001090294618e-17
-4.358509434481513602e-17
