# bin_2_2
-1.930743922993371223e-11
-1.937559347889904368e-11
-1.944611195240661832e-11
-1.951902533930648250e-11
-1.959436987905428377e-11
-1.967222338480490127e-11
-1.975269994479130751e-11
-1.983592215377277016e-11
-1.992199393579089487e-11
-2.001097418864772229e-11
-2.010288188155559127e-11
-2.019776753322626763e-11
-2.029573154102328098e-11
-2.039686855103606843e-11
-2.050125166508281518e-11
-2.060888712107963908e-11
-2.071985302432935902e-11
-2.083430957407826358e-11
-2.095239891589392452e-11
-2.107416837170630365e-11
-2.119963718175471802e-11
-2.132893565608549032e-11
-2.146219639672548671e-11
-2.159944860075265683e-11
-2.174077222624311972e-11
-2.188629875981350826e-11
-2.203611490848741461e-11
-2.219026654893550594e-11
-2.234887476623710365e-11
-2.251202183782394732e-11
-2.267976024595134029e-11
-2.285217724011474144e-11
-2.302930808942751526e-11
-2.321120655560352830e-11
-2.339797249203005395e-11
-2.358971115386599572e-11
-2.378651346126755195e-11
-2.398844786902185184e-11
-2.419560083320417491e-11
-2.440805473619810647e-11
-2.462594754829796754e-11
-2.484947756765446154e-11
-2.507894099434165965e-11
-2.531439922232661366e-11
-2.555574815243412736e-11
-2.580310076218739057e-11
-2.605661540264480284e-11
-2.631647942285843125e-11
-2.658271506229166360e-11
-2.685523275550371167e-11
-2.713394781859516745e-11
-2.741874796727346676e-11
-2.770952533686064260e-11
-2.800609900685289634e-11
-2.830827885448004934e-11
-2.861604899612808797e-11
-2.892966791510570684e-11
-2.924885766568912871e-11
-2.957327339026183247e-11
-2.990300373531040187e-11
-3.023814188554752025e-11
-3.057869705918545464e-11
-3.092494494531656934e-11
-3.127712869085884734e-11
-3.163562632951465613e-11
-3.200097603567715339e-11
-3.237306698675630867e-11
-3.275163241440792444e-11
-3.313664597254361757e-11
-3.352777985811256321e-11
-3.392432257422533491e-11
-3.432584555139102077e-11
-3.473212147022812761e-11
-3.514210654629455763e-11
-3.555550638653206677e-11
-3.597281910536777702e-11
-3.639441226829166693e-11
-3.682088295756979737e-11
-3.725231391487829922e-11
-3.768838583132710686e-11
-3.812894271948091328e-11
-3.857394361302197882e-11
-3.902282428282889692e-11
-3.947443254533670640e-11
-3.992845960801264076e-11
-4.038482839556452424e-11
-4.084301219051456333e-11
-4.130209012381889537e-11
-4.176234850148294259e-11
-4.222402400579357981e-11
-4.268670015304308755e-11
-4.315076932009122422e-11
-4.361600791743106685e-11
-4.408081752547452113e-11
-4.454461639785169363e-11
-4.500604048035295496e-11
-4.546439694636015073e-11
-4.591996822735311403e-11
-4.637250978106642240e-11
-4.682224691141559749e-11
-4.726823463971370766e-11
-4.770967575007677058e-11
-4.814515975514379261e-11
-4.857391446029858231e-11
-4.899518738142380413e-11
-4.940851457945706248e-11
-4.981349880239734133e-11
-5.020959617723876822e-11
-5.059580287404593097e-11
-5.097016708641957069e-11
-5.133177674363183873e-11
-5.168056090604296168e-11
-5.201597503597707186e-11
-5.233839448357086590e-11
-5.264730686734846056e-11
-5.294182052243632513e-11
-5.322112000872234664e-11
-5.348449470862397092e-11
-5.373147630958116261e-11
-5.396121945084748354e-11
-5.417259985843246529e-11
-5.436453752459512244e-11
-5.453595958433692834e-11
-5.468620644380191614e-11
-5.481461780861345684e-11
-5.492018130245363811e-11
-5.500175002787340773e-11
-5.505828930135642076e-11
-5.508884078061260241e-11
-5.509234835756909102e-11
-5.506743386064071605e-11
-5.501267218766265665e-11
-5.492676920396017299e-11
-5.480830945315143618e-11
-5.465570067819330070e-11
-5.446729530015819150e-11
-5.424147255227064003e-11
-5.397661137369338113e-11
-5.367095073922968358e-11
-5.332272641940978668e-11
-5.293027533178933190e-11
-5.249193167110420128e-11
-5.200609180808330833e-11
-5.147128469474843654e-11
-5.088622471376400097e-11
-5.024975280621906093e-11
-4.956093551975349478e-11
-4.881912760861968044e-11
-4.802397562041305995e-11
-4.717554109996837990e-11
-4.627437396397387098e-11
-4.532159619912374643e-11
-4.431897197842814711e-11
-4.326900046606419582e-11
-4.217493128094236761e-11
-4.104085229004875760e-11
-3.987170804308989718e-11
-3.867327710126609254e-11
-3.745210475776529274e-11
-3.621540543883034842e-11
-3.497096804552009124e-11
-3.372685692698376347e-11
-3.249118833014722431e-11
-3.127225838574421156e-11
-3.007816699812729172e-11
-2.891660857907495332e-11
-2.779471282079653715e-11
-2.671854742529833433e-11
-2.569291078880795943e-11
-2.472100621687024734e-11
-2.380426249125942442e-11
-2.294220938732111724e-11
-2.213236225081699323e-11
-2.137055141903110718e-11
-2.065133496084779624e-11
-1.996714856839928549e-11
-1.930909587921915248e-11
-1.866768823138106611e-11
-1.803256468464969468e-11
-1.739408472683677640e-11
-1.674363294596788579e-11
-1.607488030887930125e-11
-1.538470006110727797e-11
-1.467369538035393391e-11
-1.394653193528428147e-11
-1.321151866040733429e-11
-1.247994148169123955e-11
-1.176485109961209160e-11
-1.107951167648223543e-11
-1.043574181781063075e-11
-9.842312436364067041e-12
-9.303693599748746282e-12
-8.819370180790394254e-12
-8.383852934470351795e-12
-7.987531619361774299e-12
-7.618413493060287925e-12
-7.264461301094669608e-12
-6.915924749035080280e-12
-6.567116870171400428e-12
-6.217259807203489027e-12
-5.870076312500527344e-12
-5.532113230768948419e-12
-5.210423233599987782e-12
-4.910393827557763854e-12
-4.634265354011977376e-12
-4.380854554207944576e-12
-4.146574787525957343e-12
-3.927033443478981066e-12
-3.718554097058692848e-12
-3.519101271124203789e-12
-3.328216604240824325e-12
-3.146397790403172454e-12
-2.974355143409674232e-12
-2.812462966794463658e-12
-2.660640758271102829e-12
-2.518413852295991020e-12
-2.385022821240603344e-12
-2.259586159428253763e-12
-2.141270408238119570e-12
-2.029516592283459940e-12
-1.924102688268311633e-12
-1.824913134035711392e-12
-1.731689849952417505e-12
-1.643989072229746902e-12
-1.561368420330744913e-12
-1.483505501676427554e-12
-1.410131245085380187e-12
-1.340965847175721972e-12
-1.275736474231736780e-12
-1.214196041608881511e-12
-1.156105821105362481e-12
-1.101240262388357084e-12
-1.049390296745508777e-12
-1.000354106673382199e-12
-9.539460262543130902e-13
-9.099989057617713196e-13
-8.683504416886091502e-13
-8.288469707634956572e-13
-7.913489611231023976e-13
-7.557258252249973322e-13
-7.218554532645883605e-13
-6.896240709858387722e-13
-6.589274481146091509e-13
-6.296690261499583868e-13
-6.017591344122846792e-13
-5.751155219515778375e-13
-5.496620319842061617e-13
-5.253280380423969509e-13
-5.020481868649864393e-13
-4.797619563078961662e-13
-4.584134019688546541e-13
-4.379509423626456048e-13
-4.183271083749540310e-13
-3.994982633231462096e-13
-3.814243158042786969e-13
-3.640684110737179507e-13
-3.473966276893247552e-13
-3.313777043432210428e-13
-3.159827884074796110e-13
-3.011852222148016157e-13
-2.869603572430423663e-13
-2.732853714707634322e-13
-2.601391018542363901e-13
-2.475018908231812327e-13
-2.353554321656981337e-13
-2.236826479136587472e-13
-2.124675609666681968e-13
-2.016951710915247086e-13
-1.913513468538829711e-13
-1.814227261021542559e-13
-1.718966312593475132e-13
-1.627610005248107343e-13
-1.540043142851549343e-13
-1.456155225646992258e-13
-1.375839823246958129e-13
-1.298993987229176131e-13
-1.225517851802398164e-13
-1.155314318227496019e-13
-1.088288636734711139e-13
-1.024348016475679012e-13
-9.634012507205762764e-14
-9.053583771078625289e-14
-8.501304926285789053e-14
-7.976295906798142926e-14
-7.477684247353772561e-14
-7.004603003104518271e-14
-6.556190648911662987e-14
-6.131590018797409696e-14
-5.729947981186135518e-14
-5.350415272292835522e-14
-4.992146878434727444e-14
-4.654303003373710714e-14
-4.336050260360443362e-14
-4.036563152251615080e-14
-3.755025457325577243e-14
-3.490631778756528651e-14
-3.242588615438236641e-14
-3.010115942031090775e-14
-2.792449240863607512e-14
-2.588840953594599000e-14
-2.398562017328964958e-14
-2.220903247400910772e-14
-2.055176503959139763e-14
-1.900715899633329206e-14
-1.756878162105701325e-14
-1.623043504264423771e-14
-1.498616382519719298e-14
-1.383025716650858106e-14
-1.275725085050934404e-14
-1.176192949392487478e-14
-1.083932143750287670e-14
-9.984697261346685372e-15
-9.193569268742689183e-15
-8.461685361239750618e-15
-7.785025704827368238e-15
-7.159791587945562485e-15
-6.582401375738901929e-15
-6.049484694910829316e-15
-5.557875153278528390e-15
-5.104599003937114394e-15
-4.686867493748140092e-15
-4.302071412948651479e-15
-3.947773881120589483e-15
-3.621693600464061656e-15
-3.321705042001229476e-15
-3.045830022521511477e-15
-2.792222827677069813e-15
-2.559168568932734295e-15
-2.345076654594127561e-15
-2.148465544356061911e-15
-1.967965110566461690e-15
-1.802303969310669867e-15
-1.650304443615168489e-15
-1.510878597104092667e-15
-1.383017591882970136e-15
-1.265792469324313965e-15
-1.158341967507477262e-15
-1.059874250575308988e-15
-9.696564782551523916e-16
-8.870145371319611477e-16
-8.113268836515566481e-16
-7.420203178252970668e-16
-6.785688208684196135e-16
-6.204867253730115467e-16
-5.673279228018871783e-16
-5.186827727798960070e-16
-4.741744376587888862e-16
-4.334564376126202947e-16
-3.962109184600244592e-16
-3.621460496672359374e-16
-3.309939551426619529e-16
-3.025088069526638756e-16
-2.764650787024070182e-16
-2.526559016656359665e-16
-2.308916482763808693e-16
-2.109985167623557882e-16
-1.928173173823182826e-16
-1.762022941910689100e-16
-1.610200283785743546e-16
-1.471484186022168920e-16
-1.344760117533921574e-16
-1.229001356394740795e-16
-1.123271946509578480e-16
-1.026714036192948752e-16
-9.385394863301925239e-17
-8.580280277252099488e-17
-7.845197582730929515e-17
-7.174087467900015784e-17
-6.561422155082331725e-17
-6.002147995808071231e-17
-5.491639974278723802e-17
-5.025668031855933512e-17
-4.600376568970889358e-17
-4.212238816103468155e-17
-3.858028009310114994e-17
-3.534797375723318149e-17
-3.239873028019731762e-17
-2.970781275243092215e-17
-2.725300721247165078e-17
-2.501375572838016966e-17
-2.297145747384099622e-17
-2.110911192267022567e-17
-1.941115218279460467e-17
-1.786329830529342637e-17
-1.645247169571327687e-17
-1.516676844590626008e-17
-1.399521493577202484e-17
-1.292789370319919972e-17
-1.195573520139183816e-17
-1.107035029750747868e-17
-1.026407277783366875e-17
-9.529826732730306725e-18
-8.861184086867924209e-18
-8.252283366520687261e-18
-7.697813534353326576e-18
-7.192945227389885527e-18
-6.733285619890809567e-18
-6.314850931395332646e-18
-5.934057141339716191e-18
-5.587634647332739736e-18
