# bin_3_4
-1.008474331090381283e-11
-1.013650240709810676e-11
-1.019014334221968249e-11
-1.024578664778467884e-11
-1.030354536956244566e-11
-1.036344815339989687e-11
-1.042549018869989611e-11
-1.048965342043020698e-11
-1.055593516144983200e-11
-1.062445577686843514e-11
-1.069539054200241156e-11
-1.076892623712738067e-11
-1.084514508133052922e-11
-1.092399343228714145e-11
-1.100539675558927362e-11
-1.108940856734988562e-11
-1.117626902957363291e-11
-1.126621935212174458e-11
-1.135928383461634563e-11
-1.145531737445513092e-11
-1.155430626976215841e-11
-1.165654704084603196e-11
-1.176229580017689919e-11
-1.187145890251140976e-11
-1.198386714014704124e-11
-1.209976965627679194e-11
-1.221947472652766742e-11
-1.234286410028401549e-11
-1.246980961320415480e-11
-1.260065189923731879e-11
-1.273550940110910560e-11
-1.287413941558824123e-11
-1.301679534078526025e-11
-1.316364430472514636e-11
-1.331446253200298098e-11
-1.346947707397540353e-11
-1.362874067097604736e-11
-1.379216284138347251e-11
-1.395991635306880096e-11
-1.413190233234254557e-11
-1.430821229151207253e-11
-1.448880522429889739e-11
-1.467370047508699032e-11
-1.486287288326604424e-11
-1.505629410919897603e-11
-1.525393112346256452e-11
-1.545573045123624069e-11
-1.566161985975900616e-11
-1.587153264576304543e-11
-1.608535854204076516e-11
-1.630299352723729071e-11
-1.652430188984871034e-11
-1.674913918536207072e-11
-1.697732949853843530e-11
-1.720869087191668341e-11
-1.744300464217194815e-11
-1.768003930343228322e-11
-1.791953824176001569e-11
-1.816121475729093494e-11
-1.840476482855516652e-11
-1.864985234743923491e-11
-1.889611723831897230e-11
-1.914317362949243768e-11
-1.939060422308947714e-11
-1.963796324765212368e-11
-1.988478088119556796e-11
-2.013056890143364101e-11
-2.037479851635635028e-11
-2.061690944814518332e-11
-2.085634369055745753e-11
-2.109249302914784756e-11
-2.132474917752778268e-11
-2.155247213476774021e-11
-2.177501981371745490e-11
-2.199172976691977738e-11
-2.220193792563697251e-11
-2.240497497066004671e-11
-2.260017337082965802e-11
-2.278687255910842387e-11
-2.296442426531148839e-11
-2.313219670112208993e-11
-2.328958773139969750e-11
-2.343602554769936849e-11
-2.357093129107993020e-11
-2.369383812901291091e-11
-2.380432016904140263e-11
-2.390191647788853892e-11
-2.398638727169175777e-11
-2.405741092823407213e-11
-2.411480169122380189e-11
-2.415847247530078190e-11
-2.418829275827749389e-11
-2.420434571257591351e-11
-2.420660973337956885e-11
-2.419528762277202843e-11
-2.417048432528356774e-11
-2.413248814958333204e-11
-2.408164001831254361e-11
-2.401819225116697408e-11
-2.394237946159523900e-11
-2.385477524175156086e-11
-2.375536379432863933e-11
-2.364476226073974108e-11
-2.352300776792455097e-11
-2.339049614870534596e-11
-2.324744916327483658e-11
-2.309413529465288853e-11
-2.293084672130934498e-11
-2.275793905658078573e-11
-2.257567033449441649e-11
-2.238456063140517255e-11
-2.218492720646768852e-11
-2.197728771196109571e-11
-2.176222953798037463e-11
-2.154021118676317780e-11
-2.131176145705726839e-11
-2.107742814476446687e-11
-2.083762694238433328e-11
-2.059267033121232949e-11
-2.034284060975799697e-11
-2.008835727630975112e-11
-1.982938827471416144e-11
-1.956607735775504670e-11
-1.929864972060784120e-11
-1.902734167781427094e-11
-1.875242211369860428e-11
-1.847423061521307737e-11
-1.819302880876958245e-11
-1.790909677280092000e-11
-1.762263520764877976e-11
-1.733380276706019895e-11
-1.704276567846865065e-11
-1.674972517400872824e-11
-1.645493195928102540e-11
-1.615870309055500940e-11
-1.586133516976664474e-11
-1.556312450695817849e-11
-1.526433494380714824e-11
-1.496521477752713263e-11
-1.466603585804099730e-11
-1.436707554397848508e-11
-1.406858983150860505e-11
-1.377081160337474148e-11
-1.347391188863553295e-11
-1.317804631257264434e-11
-1.288334858575759374e-11
-1.258992731792654869e-11
-1.229786257391170833e-11
-1.200718803140585017e-11
-1.171795154974112746e-11
-1.143018484399595763e-11
-1.114391866434606970e-11
-1.085918643488289370e-11
-1.057602000876342485e-11
-1.029446506285004385e-11
-1.001456235025708660e-11
-9.736352078929237353e-12
-9.459858274814666565e-12
-9.185110644765942981e-12
-8.912126884028709229e-12
-8.640937866496211434e-12
-8.371581465974522680e-12
-8.104114977834770105e-12
-7.838620719989526297e-12
-7.575234469885250641e-12
-7.314153976904318164e-12
-7.055648348686427885e-12
-6.800069106361566199e-12
-6.547847346247880366e-12
-6.299504861755146423e-12
-6.055624878194313018e-12
-5.816830637012359590e-12
-5.583765816695037340e-12
-5.357057988350536999e-12
-5.137295859406706770e-12
-4.925008806059804350e-12
-4.720622687124496019e-12
-4.524426997587393471e-12
-4.336555816839157513e-12
-4.156972621090253799e-12
-3.985490172066777072e-12
-3.821773413616250482e-12
-3.665377123831332568e-12
-3.515790388052001017e-12
-3.372488352585769582e-12
-3.234980212819076173e-12
-3.102831814376488152e-12
-2.975590879584495818e-12
-2.852808531064578256e-12
-2.734018266272126865e-12
-2.618627418879125847e-12
-2.506043934125819153e-12
-2.395669191354916478e-12
-2.287019129061549686e-12
-2.179829300132090012e-12
-2.074116665330159029e-12
-1.970185012223281890e-12
-1.868573400109820270e-12
-1.769999896704959224e-12
-1.675272092864087733e-12
-1.585181657029117363e-12
-1.500395598305814181e-12
-1.421358353024143613e-12
-1.348211639641303533e-12
-1.280745221525608016e-12
-1.218394877568342698e-12
-1.160301934839967410e-12
-1.105437140563132351e-12
-1.052777147798613951e-12
-1.001499543339894175e-12
-9.511430060047543203e-13
-9.016794795175086321e-13
-8.534620963989027075e-13
-8.070641400428448488e-13
-7.630783206397726216e-13
-7.219335545414416503e-13
-6.837656639829101140e-13
-6.483877143934700587e-13
-6.153683383946353959e-13
-5.841769811753617071e-13
-5.543564607626951880e-13
-5.256543901033204490e-13
-4.980444357603605161e-13
-4.716568521744668183e-13
-4.466584336521314793e-13
-4.231388285503743811e-13
-4.010636016917826333e-13
-3.802908147729364724e-13
-3.606344386783127606e-13
-3.419415866695559647e-13
-3.241378963553396006e-13
-3.072228098160105900e-13
-2.912171581871878973e-13
-2.761049414583586475e-13
-2.618219313823552021e-13
-2.482870992899598927e-13
-2.354414284712773438e-13
-2.232559459534097843e-13
-2.117112245979191758e-13
-2.007787124759220140e-13
-1.904195736632201828e-13
-1.805953597370540661e-13
-1.712761251355171531e-13
-1.624389569951008252e-13
-1.540594750537061066e-13
-1.461103636924270766e-13
-1.385671710230938032e-13
-1.314093817901631912e-13
-1.246165442231772010e-13
-1.181685758142187829e-13
-1.120470718541161514e-13
-1.062348105127149806e-13
-1.007154238680214904e-13
-9.547340706339096392e-14
-9.049427583169438139e-14
-8.576437270161589364e-14
-8.127082679903394819e-14
-7.700158209166723307e-14
-7.294526634983344584e-14
-6.909110803265308735e-14
-6.542889709755180960e-14
-6.194896972857925340e-14
-5.864219542975126966e-14
-5.549995827767067498e-14
-5.251412767542217396e-14
-4.967702431171428032e-14
-4.698138774492998780e-14
-4.442034708739699312e-14
-4.198739474236966718e-14
-3.967636211429153713e-14
-3.748139696246636668e-14
-3.539694354342595725e-14
-3.341772579885311334e-14
-3.153873210705841345e-14
-2.975520132941921079e-14
-2.806260853189699090e-14
-2.645665051066590943e-14
-2.493323295961539178e-14
-2.348845857914233083e-14
-2.211861609770560238e-14
-2.082017047579362401e-14
-1.958975305929407234e-14
-1.842415231633667096e-14
-1.732030540602295385e-14
-1.627529005992964015e-14
-1.528631736272277624e-14
-1.435072517392307201e-14
-1.346597141523863705e-14
-1.262962799403691330e-14
-1.183937483165119203e-14
-1.109299404613617081e-14
-1.038836490541701767e-14
-9.723459272094443619e-15
-9.096337347560165531e-15
-8.505143848582686830e-15
-7.948103855198370130e-15
-7.423518717784620436e-15
-6.929762549989389380e-15
-6.465279030766061434e-15
-6.028578679940638293e-15
-5.618236409951006426e-15
-5.232888715796363714e-15
-4.871230967813525171e-15
-4.532014917163701850e-15
-4.214046215816745367e-15
-3.916182389934268194e-15
-3.637330961039944391e-15
-3.376447607440013741e-15
-3.132534587313600850e-15
-2.904639077032812482e-15
-2.691851386242361948e-15
-2.493303245344637862e-15
-2.308166126858118969e-15
-2.135649864774752530e-15
-1.975001569108944589e-15
-1.825504571031053182e-15
-1.686477303907014121e-15
-1.557272015323997590e-15
-1.437273414959249180e-15
-1.325897432230906705e-15
-1.222590171665543310e-15
-1.126826988885665301e-15
-1.038111556702675738e-15
-9.559748450922645272e-16
-8.799740453971165637e-16
-8.096914833923203857e-16
-7.447336041126080170e-16
-6.847300059145773138e-16
-6.293324825317008284e-16
-5.782140646017619525e-16
-5.310680530284044011e-16
-4.876070532933725855e-16
-4.475620421778019377e-16
-4.106814836183902219e-16
-3.767303473307168066e-16
-3.454897892863300204e-16
-3.167553038033351829e-16
-2.903362904892241973e-16
-2.660563710460724952e-16
-2.437496764936086053e-16
-2.232646691141624026e-16
-2.044577393412984925e-16
-1.871986346202191520e-16
-1.713640918181814460e-16
-1.568416497058125671e-16
-1.435267743932524675e-16
-1.313218339377836765e-16
-1.201388235809136115e-16
-1.098941137585248951e-16
-1.005113387919414401e-16
-9.192079203356712175e-17
-8.405758055414691306e-17
-7.686148610021822478e-17
-7.027753493067276406e-17
-6.425510375100383970e-17
-5.874759234593841871e-17
-5.371212018022179620e-17
-4.910925306565336266e-17
-4.490270718776799021e-17
-4.105917753093017808e-17
-3.754803952692278040e-17
-3.434117324464042494e-17
-3.141276001145954588e-17
-2.873910141939118508e-17
-2.629848319968498623e-17
-2.407134638500911900e-17
-2.203896912663916228e-17
-2.018478558832769014e-17
-1.849352069881565970e-17
-1.695101850447006144e-17
-1.554448092925057909e-17
-1.426222076310157425e-17
-1.309335881524095669e-17
-1.202810426734812810e-17
-1.105748400389956595e-17
-1.017328014181770974e-17
-9.367910779077891947e-18
-8.634519730729170164e-18
-7.966768529935889902e-18
-7.358868432614856831e-18
-6.805526753581948659e-18
-6.302013714787464671e-18
-5.843822840903960135e-18
-5.427030793428119897e-18
-5.047935102218697689e-18
-4.703208778388955126e-18
-4.389815926263779342e-18
-4.104979381936530181e-18
-3.846161484592802258e-18
-3.611059538957074320e-18
-3.397577255449368572e-18
-3.203782176665097136e-18
-3.027924303008673705e-18
-2.868415284858132481e-18
-2.723813035210871515e-18
-2.592812185022269081e-18
-2.474227463990926305e-18
-2.366984581234374649e-18
-2.270059147899473904e-18
-2.182502413468182988e-18
