# bin_4_1
-1.993136160360071474e-10
-2.001317790091656627e-10
-2.009791440754433540e-10
-2.018568968960836780e-10
-2.027662800421730404e-10
-2.037084406870853146e-10
-2.046842551554368192e-10
-2.056943644020783835e-10
-2.067395048570016882e-10
-2.078209416646027413e-10
-2.089403932890430836e-10
-2.100996001736306441e-10
-2.112997861798139457e-10
-2.125414537756002684e-10
-2.138251947916192435e-10
-2.151524245088987852e-10
-2.165249342354066429e-10
-2.179441763060221425e-10
-2.194109236186422712e-10
-2.209266623814423247e-10
-2.224935692654790270e-10
-2.241134879824122137e-10
-2.257871298416690623e-10
-2.275158831462872417e-10
-2.293018124075498827e-10
-2.311466710348317957e-10
-2.330515172085006986e-10
-2.350182913450049445e-10
-2.370488757726369190e-10
-2.391444308969565533e-10
-2.413068638969092209e-10
-2.435379566639755021e-10
-2.458390517388725706e-10
-2.482119233612929173e-10
-2.506579667840687012e-10
-2.531788914061418142e-10
-2.557768900922382597e-10
-2.584541300863457808e-10
-2.612126247172220830e-10
-2.640544956377861331e-10
-2.669820629383017876e-10
-2.699980002287236922e-10
-2.731055671606195865e-10
-2.763089316262499990e-10
-2.796108118242215944e-10
-2.830117827248855077e-10
-2.865141054365482510e-10
-2.901205680057313217e-10
-2.938340682958543849e-10
-2.976564844154301585e-10
-3.015885980876181443e-10
-3.056313139709622169e-10
-3.097854192066122388e-10
-3.140519224504935493e-10
-3.184314685999680054e-10
-3.229244201314547677e-10
-3.275323420840866576e-10
-3.322593468923287586e-10
-3.371049972803338492e-10
-3.420678766616986102e-10
-3.471508657631016832e-10
-3.523570345473333581e-10
-3.576885839034351854e-10
-3.631502611887717113e-10
-3.687466565574079358e-10
-3.744827323410289720e-10
-3.803647281050763989e-10
-3.863925504897771900e-10
-3.925649539373430748e-10
-3.988829914370141979e-10
-4.053449524610957882e-10
-4.119456926417620078e-10
-4.186824207718104056e-10
-4.255540066430593514e-10
-4.325528655253197771e-10
-4.396786374390609896e-10
-4.469366656737772705e-10
-4.543305022925120692e-10
-4.618651073487444417e-10
-4.695395094636249710e-10
-4.773499715860771362e-10
-4.852938667264234814e-10
-4.933692443199731336e-10
-5.015690249536392722e-10
-5.098822019679710166e-10
-5.183040658925430517e-10
-5.268302665573732345e-10
-5.354509230021449241e-10
-5.441547978986151802e-10
-5.529409610412821396e-10
-5.618062534301581379e-10
-5.707428463266676211e-10
-5.797478207960661070e-10
-5.888091096566666121e-10
-5.979041838600426524e-10
-6.070178637887455122e-10
-6.161290981671803933e-10
-6.252265360977926389e-10
-6.343015479595083311e-10
-6.433394731643896593e-10
-6.523288342431328840e-10
-6.612508648384216341e-10
-6.700852668373848714e-10
-6.788052977995098432e-10
-6.873881533467579425e-10
-6.958102474682092937e-10
-7.040505159206787836e-10
-7.120898473667136600e-10
-7.199039690597733380e-10
-7.274654278425507136e-10
-7.347433670155048535e-10
-7.417066242688606146e-10
-7.483291373601024315e-10
-7.545832969229656811e-10
-7.604413262518602270e-10
-7.658711235484777403e-10
-7.708363948399554057e-10
-7.753032624929674205e-10
-7.792418811419274773e-10
-7.826240939918849760e-10
-7.854194462540610972e-10
-7.875962613456211658e-10
-7.891229788858623672e-10
-7.899701143237925756e-10
-7.901121117599499666e-10
-7.895237131377856417e-10
-7.881785936813993559e-10
-7.860524125478079722e-10
-7.831246192302049234e-10
-7.793784088670231236e-10
-7.747989363109077326e-10
-7.693728937450378403e-10
-7.630917718632294212e-10
-7.559526289599981110e-10
-7.479565256715241416e-10
-7.391088168128139158e-10
-7.294207075656370381e-10
-7.189100829455720633e-10
-7.076011841494987073e-10
-6.955237475987715571e-10
-6.827145343708740860e-10
-6.692173717123532657e-10
-6.550819011727891442e-10
-6.403640984557987736e-10
-6.251261006281846237e-10
-6.094356544105718754e-10
-5.933647373648820806e-10
-5.769889420516384163e-10
-5.603858954834991447e-10
-5.436336834808509477e-10
-5.268106792146370827e-10
-5.099945881509119686e-10
-4.932606583246787979e-10
-4.766810342045906825e-10
-4.603244820169963473e-10
-4.442544733144044049e-10
-4.285270209626492523e-10
-4.131888126224328956e-10
-3.982759684679525570e-10
-3.838141572376132462e-10
-3.698192660459536039e-10
-3.562973850939759210e-10
-3.432436133661857554e-10
-3.306415142653085557e-10
-3.184664117856849057e-10
-3.066855978666704872e-10
-2.952566412390308369e-10
-2.841320379085816845e-10
-2.732643598915639935e-10
-2.626103051188616147e-10
-2.521342397427879860e-10
-2.418097295683731261e-10
-2.316203318170499904e-10
-2.215611101219528820e-10
-2.116366591335057578e-10
-2.018616626622159098e-10
-1.922590008997117456e-10
-1.828581656134399305e-10
-1.736964720357851105e-10
-1.648132645307520595e-10
-1.562482218153681670e-10
-1.480357306203744126e-10
-1.402008766761570067e-10
-1.327578302889223909e-10
-1.257094725144043169e-10
-1.190493084607544967e-10
-1.127648029013963814e-10
-1.068408694324027396e-10
-1.012611100576123046e-10
-9.600645915304715845e-11
-9.105305272836041034e-11
-8.637097098569031142e-11
-8.192525856609734810e-11
-7.768052015723873667e-11
-7.360812706422006960e-11
-6.969250148091162497e-11
-6.593352569957748035e-11
-6.234392841930455452e-11
-5.894223276159061967e-11
-5.574410488461261897e-11
-5.275538527324867117e-11
-4.996889381473306669e-11
-4.736601651270114964e-11
-4.492227143094583907e-11
-4.261458105426326480e-11
-4.042717084351360161e-11
-3.835310443397360420e-11
-3.639132110914307278e-11
-3.454158718611927888e-11
-3.280098922054307081e-11
-3.116430284201923183e-11
-2.962571982572600508e-11
-2.817918208798784096e-11
-2.681774860432315295e-11
-2.553383796765852429e-11
-2.432110116165933095e-11
-2.317555573614590354e-11
-2.209439985994442667e-11
-2.107441335370191231e-11
-2.011152161142081005e-11
-1.920136933271763411e-11
-1.834003608558298473e-11
-1.752420711430452162e-11
-1.675103875495662513e-11
-1.601784857337241192e-11
-1.532196507632745320e-11
-1.466079985910023297e-11
-1.403194357206877617e-11
-1.343323419190772933e-11
-1.286271216383294124e-11
-1.231853254629128269e-11
-1.179893702999024180e-11
-1.130231815114823614e-11
-1.082722762457262504e-11
-1.037231786910407950e-11
-9.936330058481678527e-12
-9.518123642845629988e-12
-9.116650852292281075e-12
-8.730946704597791937e-12
-8.360135520005256270e-12
-8.003414232949248236e-12
-7.660051265270464739e-12
-7.329380262977806024e-12
-7.010792870360082120e-12
-6.703734579371963736e-12
-6.407699255394258255e-12
-6.122225180874804628e-12
-5.846891509672188165e-12
-5.581314695902025734e-12
-5.325144775055313257e-12
-5.078061831763798633e-12
-4.839772645930406288e-12
-4.610007551218034218e-12
-4.388517537043245807e-12
-4.175071529865169777e-12
-3.969453936994316042e-12
-3.771462496063477753e-12
-3.580906340869259552e-12
-3.397604249495474769e-12
-3.221383014994590808e-12
-3.052075915303699727e-12
-2.889521389797077313e-12
-2.733561912071437048e-12
-2.584042973170806463e-12
-2.440812112241728994e-12
-2.303718135701484315e-12
-2.172610425425139545e-12
-2.047338477840769623e-12
-1.927751559274770521e-12
-1.813698380450063549e-12
-1.705026812139992291e-12
-1.601583685425813550e-12
-1.503214742314314679e-12
-1.409764725782286217e-12
-1.321077508672794279e-12
-1.236996240723730176e-12
-1.157363512774575532e-12
-1.082021569219203829e-12
-1.010812601148085188e-12
-9.435790731210349799e-13
-8.801640617790925883e-13
-8.204116119502948185e-13
-7.641670813308156020e-13
-7.112775013214864045e-13
-6.615919564119525426e-13
-6.149618823722037994e-13
-5.712413947426134980e-13
-5.302876263671269957e-13
-4.919609975597100873e-13
-4.561254935189611645e-13
-4.226489073981085110e-13
-3.914030443625877962e-13
-3.622638946618173747e-13
-3.351117689128107773e-13
-3.098314095549188608e-13
-2.863120751875963285e-13
-2.644476216366851352e-13
-2.441364456778259286e-13
-2.252815605449741910e-13
-2.077905472736717008e-13
-1.915755018685215925e-13
-1.765529647196567623e-13
-1.626438329366416829e-13
-1.497732582944552031e-13
-1.378705592513376011e-13
-1.268690147102651982e-13
-1.167058074960476960e-13
-1.073218594505138468e-13
-9.866168207014303101e-14
-9.067322631771536402e-14
-8.330775415345537101e-14
-7.651961825433081744e-14
-7.026616902390762431e-14
-6.450759178404392420e-14
-5.920675288194049545e-14
-5.432907821708151047e-14
-4.984233907135292389e-14
-4.571658349214663687e-14
-4.192398332307371320e-14
-3.843872262870230120e-14
-3.523681865431804787e-14
-3.229604933242614013e-14
-2.959584176652870022e-14
-2.711716134353865213e-14
-2.484236739357412315e-14
-2.275517273720852461e-14
-2.084054710394936776e-14
-1.908457107551516780e-14
-1.747442665945509122e-14
-1.599829326782049494e-14
-1.464524794675547018e-14
-1.340525681376886049e-14
-1.226904994995325847e-14
-1.122810845043240269e-14
-1.027458828225043783e-14
-9.401268353590521040e-15
-8.601516459449868163e-15
-7.869225431114686799e-15
-7.198790243703151650e-15
-6.585057846472895756e-15
-6.023291853942128616e-15
-5.509154701576463514e-15
-5.038648066218758834e-15
-4.608115160276464694e-15
-4.214198074123685261e-15
-3.853811429102037205e-15
-3.524130145735529480e-15
-3.222567032784043533e-15
-2.946743476954973634e-15
-2.694481812578045187e-15
-2.463786706639827200e-15
-2.252829594984214933e-15
-2.059935020396118823e-15
-1.883568075029310037e-15
-1.722322843480796119e-15
-1.574911755558638423e-15
-1.440155733310783838e-15
-1.316975108493550833e-15
-1.204381252687163788e-15
-1.101468942491246722e-15
-1.007411354313684393e-15
-9.214483077393460424e-16
-8.428852460914354513e-16
-7.710899154144341786e-16
-7.054784883296095682e-16
-6.455228765750730724e-16
-5.907353683907715347e-16
-5.406739216619162957e-16
-4.949329124510620337e-16
-4.531412502114877662e-16
-4.149605020377564019e-16
-3.800812424621633008e-16
-3.482205280326562085e-16
-3.191195930896503254e-16
-2.925417499933966891e-16
-2.682705090645634884e-16
-2.461096014178278821e-16
-2.258767507172536122e-16
-2.074086893026311244e-16
-1.905542806717558139e-16
-1.751774619743188030e-16
-1.611540124592274608e-16
-1.483698367623332711e-16
-1.367212675967800192e-16
-1.261141739943817425e-16
-1.164608884415400879e-16
-1.076820896881404194e-16
-9.970529386348891343e-17
-9.246501427170389026e-17
-8.590205973995126245e-17
-7.996396902676552244e-17
-7.460273371279255714e-17
-6.977464562324357606e-17
-6.543594449218700064e-17
-6.154782514644524176e-17
-5.807442626162188516e-17
-5.498728173138854121e-17
-5.226303851558020665e-17
-4.987555572199419705e-17
-4.780083631369667733e-17
