# bin_1_4
-8.352003253214805354e-12
-8.393981374473536426e-12
-8.437553127752032236e-12
-8.482747686644709238e-12
-8.529563051364222780e-12
-8.577987453890245796e-12
-8.628009805339562323e-12
-8.679694992277223095e-12
-8.733170127067103860e-12
-8.788576711192207882e-12
-8.846019078059357157e-12
-8.905482520661318517e-12
-8.966908257836972067e-12
-9.030269972119521269e-12
-9.095701475792559136e-12
-9.163403428566235598e-12
-9.233499388485798387e-12
-9.305918578482882722e-12
-9.380554914647707472e-12
-9.457502885219663880e-12
-9.537019799516883279e-12
-9.619217117350682261e-12
-9.703944329782849603e-12
-9.791148836708566346e-12
-9.881090832350851512e-12
-9.973928793977601898e-12
-1.006949198665613530e-11
-1.016778488350401659e-11
-1.026907246503099758e-11
-1.037335112836147164e-11
-1.048046580656204285e-11
-1.059064404373634537e-11
-1.070394390712021840e-11
-1.082021440534150640e-11
-1.093963445305318226e-11
-1.106218636703583203e-11
-1.118783333517383474e-11
-1.131667606192358229e-11
-1.144862457874997803e-11
-1.158374107201413556e-11
-1.172196833179233284e-11
-1.186330950718618244e-11
-1.200772532041609169e-11
-1.215517309080984605e-11
-1.230560420084320521e-11
-1.245895879714318612e-11
-1.261515118766539280e-11
-1.277410611663706604e-11
-1.293571016470562633e-11
-1.309985266349232481e-11
-1.326639635927994099e-11
-1.343519646577189829e-11
-1.360608199644900134e-11
-1.377887055290205872e-11
-1.395335796004982667e-11
-1.412931752579097854e-11
-1.430650844357326638e-11
-1.448466126640691471e-11
-1.466348870196632324e-11
-1.484267999559940552e-11
-1.502189934286388021e-11
-1.520079073358134930e-11
-1.537896972372249557e-11
-1.555602828383647455e-11
-1.573153332154369287e-11
-1.590503797429125716e-11
-1.607606401846438092e-11
-1.624409971071880838e-11
-1.640863305784361967e-11
-1.656911736290200460e-11
-1.672499306636315112e-11
-1.687568351472365682e-11
-1.702060129073112573e-11
-1.715914535414861267e-11
-1.729071186161843489e-11
-1.741469178051267673e-11
-1.753047790979904108e-11
-1.763746919207714405e-11
-1.773507504649021810e-11
-1.782272204187303347e-11
-1.789985592320976880e-11
-1.796595791710512240e-11
-1.802053675645044248e-11
-1.806310546799878891e-11
-1.809329421549075102e-11
-1.811074941090337361e-11
-1.811512698720270092e-11
-1.810627580782958910e-11
-1.808395159215085774e-11
-1.804811270437883352e-11
-1.799870611507466744e-11
-1.793576657043059418e-11
-1.785941658018054523e-11
-1.776978696455409284e-11
-1.766713882205321825e-11
-1.755171586095322223e-11
-1.742385771901039118e-11
-1.728405468102803299e-11
-1.713254555682649621e-11
-1.696980392183840876e-11
-1.679636722267289402e-11
-1.661236741852042643e-11
-1.641854353193119036e-11
-1.621496061291892513e-11
-1.600224402850559000e-11
-1.578055955071189646e-11
-1.555047743087729023e-11
-1.531222345062717974e-11
-1.506638593335924458e-11
-1.481329349407256568e-11
-1.455350901340296305e-11
-1.428761183072232904e-11
-1.401611279563380685e-11
-1.373968206087408871e-11
-1.345900506345470537e-11
-1.317466227021993531e-11
-1.288725692060230801e-11
-1.259736903986662424e-11
-1.230548642288972035e-11
-1.201200691139565296e-11
-1.171728039120937529e-11
-1.142163770529245148e-11
-1.112540183358462143e-11
-1.082891572762815781e-11
-1.053256297799994195e-11
-1.023676120308114234e-11
-9.941936341870205455e-12
-9.648502448189813916e-12
-9.356849288249355814e-12
-9.067312244337452873e-12
-8.780195484286611235e-12
-8.495808610215503179e-12
-8.214482643683515826e-12
-7.936574280509754358e-12
-7.662486245550732663e-12
-7.392586490008412787e-12
-7.127229340702280437e-12
-6.866727739086099105e-12
-6.611368765760213661e-12
-6.361437921209953770e-12
-6.117222284446402353e-12
-5.878966842083569466e-12
-5.646885187033756126e-12
-5.421121477171527904e-12
-5.201791271829740355e-12
-4.988982526087713684e-12
-4.782735710448402072e-12
-4.583071690442495447e-12
-4.389947835782767246e-12
-4.203321278457337317e-12
-4.023133494345481023e-12
-3.849303602860769640e-12
-3.681745564679723909e-12
-3.520361805314321189e-12
-3.365051903717068127e-12
-3.215698401478147930e-12
-3.072178090388335822e-12
-2.934346300924229131e-12
-2.802046587157652855e-12
-2.675106154292189406e-12
-2.553337049979355237e-12
-2.436540129459998836e-12
-2.324509628857359628e-12
-2.217039712222036464e-12
-2.113936336239619169e-12
-2.015027533346226867e-12
-1.920158416245951282e-12
-1.829201684300768804e-12
-1.742052532168936148e-12
-1.658629251857274267e-12
-1.578863835574859700e-12
-1.502694885144185906e-12
-1.430068060947199102e-12
-1.360926960219439021e-12
-1.295211514289960236e-12
-1.232849445343219759e-12
-1.173748239643164296e-12
-1.117790680367631956e-12
-1.064829394132902300e-12
-1.014693097203416817e-12
-9.671922973563385943e-13
-9.221353379785131611e-13
-8.793412022771087267e-13
-8.386535654373444092e-13
-7.999466411980320136e-13
-7.631258726061657044e-13
-7.281210568506365579e-13
-6.948755528292787117e-13
-6.633317927806934481e-13
-6.334187627107371186e-13
-6.050440876350278965e-13
-5.780979618503241131e-13
-5.524632692706794181e-13
-5.280313891867957685e-13
-5.047147218690607752e-13
-4.824503942158196677e-13
-4.611939948388569173e-13
-4.409085456432640560e-13
-4.215560264910568199e-13
-4.030945426808177630e-13
-3.854800154859318733e-13
-3.686690938757721610e-13
-3.526204925954708877e-13
-3.372947967727626291e-13
-3.226543177243095836e-13
-3.086631867068699984e-13
-2.952864155407194113e-13
-2.824878329060879859e-13
-2.702289190220628362e-13
-2.584709115426046598e-13
-2.471793686745619279e-13
-2.363275787653031538e-13
-2.258961793716370317e-13
-2.158702975192875538e-13
-2.062375411063931729e-13
-1.969873969832881492e-13
-1.881097885275813442e-13
-1.795923360977203566e-13
-1.714187287889447062e-13
-1.635699774285920694e-13
-1.560273586407701817e-13
-1.487748763129363620e-13
-1.418003599550984133e-13
-1.350953094970503310e-13
-1.286534931269948504e-13
-1.224688455084134388e-13
-1.165338932460104348e-13
-1.108394163669750279e-13
-1.053753611986728744e-13
-1.001323208574087752e-13
-9.510255910767025540e-14
-9.027992218464046433e-14
-8.565881715122141971e-14
-8.123321447037440765e-14
-7.699648557537301381e-14
-7.294193516859036851e-14
-6.906337768597658270e-14
-6.535520665235383023e-14
-6.181204770703032630e-14
-5.842847483311321918e-14
-5.519902447658950793e-14
-5.211836849858108216e-14
-4.918139338515987925e-14
-4.638314076281219095e-14
-4.371871279916744909e-14
-4.118327395221494474e-14
-3.877210559022951714e-14
-3.648061218561566706e-14
-3.430428564690575890e-14
-3.223870534066759056e-14
-3.027955070514402964e-14
-2.842260048741307021e-14
-2.666372799789761100e-14
-2.499890102812519458e-14
-2.342418557411006483e-14
-2.193574495188630847e-14
-2.052984054009980256e-14
-1.920283346786262146e-14
-1.795118411181776745e-14
-1.677145178960667679e-14
-1.566029473925660612e-14
-1.461447051464714657e-14
-1.363083647514976315e-14
-1.270635007471736717e-14
-1.183806871005303091e-14
-1.102314935523107489e-14
-1.025884807449170240e-14
-9.542519452164017827e-15
-8.871615835908211953e-15
-8.243686455240827697e-15
-7.656376391474268855e-15
-7.107425425586858515e-15
-6.594666771733079407e-15
-6.116025757034162333e-15
-5.669518356058898421e-15
-5.253249519264070089e-15
-4.865411293416686027e-15
-4.504280903642654108e-15
-4.168218763866522783e-15
-3.855666373878941540e-15
-3.565144062767936452e-15
-3.295248668497294025e-15
-3.044651154488818598e-15
-2.812094161378678740e-15
-2.596389481902828415e-15
-2.396415517899833377e-15
-2.211114729804248985e-15
-2.039491055831918256e-15
-1.880607323480019349e-15
-1.733582676476467935e-15
-1.597590031258122099e-15
-1.471853556101700456e-15
-1.355646179447745249e-15
-1.248287162778319923e-15
-1.149139732724500368e-15
-1.057608761866499204e-15
-9.731385027915804891e-16
-8.952104040038090269e-16
-8.233410093941771094e-16
-7.570799298082033415e-16
-6.960078856162307554e-16
-6.397348315937761772e-16
-5.878981669897338850e-16
-5.401610256040175798e-16
-4.962106409874749930e-16
-4.557567960855133498e-16
-4.185303525772991533e-16
-3.842818560363723900e-16
-3.527802171544102884e-16
-3.238114703591930335e-16
-2.971776029986589629e-16
-2.726954479459312910e-16
-2.501956378879994608e-16
-2.295216287848215853e-16
-2.105287895838944721e-16
-1.930835501681096861e-16
-1.770626017139721769e-16
-1.623521475979661935e-16
-1.488472030774168998e-16
-1.364509420390284708e-16
-1.250740896001244668e-16
-1.146343596968207909e-16
-1.050559325133605234e-16
-9.626896658302072314e-17
-8.820914375612958623e-17
-8.081724710561476132e-17
-7.403877061739868724e-17
-6.782355717901729103e-17
-6.212546263789667208e-17
-5.690204488014740052e-17
-5.211427606574732198e-17
-4.772627569017280351e-17
-4.370506354548289283e-17
-4.002035852666828676e-17
-3.664428476172184685e-17
-3.355173858224276807e-17
-3.071905143129842415e-17
-2.812478305888280338e-17
-2.574947366533209378e-17
-2.357456091328034494e-17
-2.158398831570910900e-17
-1.976201146034026745e-17
-1.809486231689660293e-17
-1.656988122953574041e-17
-1.517443797700386477e-17
-1.389931339312776542e-17
-1.273312886591310741e-17
-1.166697221219943217e-17
-1.069356324326954785e-17
-9.804188232836539651e-18
-8.991921246416634695e-18
-8.250408464437654386e-18
-7.574291447634008076e-18
-6.957609753892249062e-18
-6.395386900333529118e-18
-5.883085187366735013e-18
-5.416527118338599362e-18
-4.991865483495085716e-18
-4.605556858479180766e-18
-4.254337831958207076e-18
-3.935203541614784234e-18
-3.645393810385756390e-18
-3.382687558648835104e-18
-3.144422412191612797e-18
-2.928439649507168368e-18
-2.732987395957493005e-18
-2.556189413345806292e-18
-2.396298638860528587e-18
-2.251964574548763045e-18
-2.121657918691456822e-18
-2.004096109143208782e-18
-1.898257935295930110e-18
-1.802928107759576453e-18
-1.717159633469487885e-18
-1.640078616629444773e-18
-1.570883802527225407e-18
-1.508842275781851197e-18
-1.453283655032774852e-18
-1.403594113974633437e-18
-1.359272568201804743e-18
-1.319749733453364191e-18
-1.284595025241501723e-18
-1.253357744114557837e-18
-1.225696661185661076e-18
-1.201232481120198440e-18
-1.179652700935337804e-18
-1.160668665576069097e-18
-1.144013125296210514e-18
-1.129459249053607364e-18
-1.116768566816350799e-18
-1.105755131053109292e-18
-1.096230086847473709e-18
-1.088032166666192439e-18
-1.081012694672466962e-18
-1.075040015506932115e-18
-1.069998455695843279e-18
-1.065791951045812878e-18
-1.062320412695692156e-18
-1.059487067799694561e-18
-1.057193077489446181e-18
