# bin_4_4
-1.053645824390760064e-11
-1.059095736303029753e-11
-1.064744391835993401e-11
-1.070604283648651464e-11
-1.076687163074782915e-11
-1.082996293357878394e-11
-1.089531581657687039e-11
-1.096291615430103717e-11
-1.103276546282965516e-11
-1.110498939525006596e-11
-1.117976908896011435e-11
-1.125729743400179123e-11
-1.133766210381385271e-11
-1.142081403515501848e-11
-1.150668330027373124e-11
-1.159532925213203137e-11
-1.168699957737517112e-11
-1.178194319936603796e-11
-1.188019053750733234e-11
-1.198160144275986964e-11
-1.208616852117434090e-11
-1.219419744750737849e-11
-1.230595332657651738e-11
-1.242134872183767059e-11
-1.254022029623029624e-11
-1.266282704819612102e-11
-1.278948778187784785e-11
-1.292009117409209900e-11
-1.305451632394677764e-11
-1.319311577113362030e-11
-1.333601790465226688e-11
-1.348298694719965308e-11
-1.363428841547031748e-11
-1.379010083861358590e-11
-1.395020845995577955e-11
-1.411485128338108940e-11
-1.428409332237084023e-11
-1.445785454875194282e-11
-1.463632121266152749e-11
-1.481940533387338483e-11
-1.500721195804284486e-11
-1.519971239854002161e-11
-1.539693956456368009e-11
-1.559888166634785682e-11
-1.580552428481279547e-11
-1.601684857181071865e-11
-1.623281559294204121e-11
-1.645336785250149693e-11
-1.667845394952813722e-11
-1.690797893799244369e-11
-1.714185467498766699e-11
-1.737996150274183499e-11
-1.762217143131685385e-11
-1.786832520162652275e-11
-1.811825793615779687e-11
-1.837176820171327195e-11
-1.862864210403797190e-11
-1.888864087590820259e-11
-1.915149588363980918e-11
-1.941692147440801986e-11
-1.968460009253414205e-11
-1.995419045967538307e-11
-2.022532572859974762e-11
-2.049760776899615819e-11
-2.077061010812378900e-11
-2.104388247247637738e-11
-2.131695654942690248e-11
-2.158932326502138202e-11
-2.186044200002587448e-11
-2.212977516697275730e-11
-2.239673431301933825e-11
-2.266073150495033808e-11
-2.292114673850871451e-11
-2.317735830354730381e-11
-2.342872389671250009e-11
-2.367459976429588946e-11
-2.391433686344506058e-11
-2.414728790754380337e-11
-2.437281254216330267e-11
-2.459028262365218675e-11
-2.479908638134196249e-11
-2.499864159146803458e-11
-2.518839623060378335e-11
-2.536779078041704481e-11
-2.553637803066585959e-11
-2.569375132718196716e-11
-2.583946841096300093e-11
-2.597330874336831916e-11
-2.609496887492198369e-11
-2.620428134271904504e-11
-2.630117702816681485e-11
-2.638554204733625128e-11
-2.645747611436422261e-11
-2.651697216302671926e-11
-2.656424759225583439e-11
-2.659942005932020605e-11
-2.662279095294890660e-11
-2.663471344339529368e-11
-2.663545011720337121e-11
-2.662524325424541565e-11
-2.660467402604867425e-11
-2.657372954339369724e-11
-2.653303049935590011e-11
-2.648261038977021517e-11
-2.642285917455138163e-11
-2.635398898438056205e-11
-2.627625653490646221e-11
-2.618993838382975202e-11
-2.609537146973042667e-11
-2.599278813096674303e-11
-2.588268052442701671e-11
-2.576532965637159680e-11
-2.564121167443224765e-11
-2.551087129222277989e-11
-2.537471754238793155e-11
-2.523322039855530727e-11
-2.508686234124281065e-11
-2.493598578847946732e-11
-2.478081902595760137e-11
-2.462154922637650588e-11
-2.445828549553976561e-11
-2.429105963601146495e-11
-2.411983824943925732e-11
-2.394473495960763327e-11
-2.376582376048928383e-11
-2.358319850679903272e-11
-2.339722558643134842e-11
-2.320806977469742431e-11
-2.301593504317725855e-11
-2.282078495880433036e-11
-2.262249431412657165e-11
-2.242095766723545238e-11
-2.221612102025879888e-11
-2.200799414781206263e-11
-2.179664264111593868e-11
-2.158210078104233136e-11
-2.136439625717638391e-11
-2.114350867357575764e-11
-2.091939171194260907e-11
-2.069200448973258072e-11
-2.046130032041293762e-11
-2.022719648168669428e-11
-1.998957693675005615e-11
-1.974825394275507867e-11
-1.950301634072035038e-11
-1.925362476227299671e-11
-1.899980903279487939e-11
-1.874126543187394597e-11
-1.847764188270109380e-11
-1.820860094273980943e-11
-1.793379298723715424e-11
-1.765287559508264157e-11
-1.736552194652916834e-11
-1.707142103689536870e-11
-1.677029976912572842e-11
-1.646190941539581609e-11
-1.614603590046863315e-11
-1.582249212707368361e-11
-1.549114735629228009e-11
-1.515191795432343189e-11
-1.480480313245356887e-11
-1.444988682409276959e-11
-1.408735841151308766e-11
-1.371752706923516540e-11
-1.334085979430734913e-11
-1.295799565131090621e-11
-1.256976386445798877e-11
-1.217719601256541187e-11
-1.178152572181317334e-11
-1.138419751973136445e-11
-1.098682882137179487e-11
-1.059117518590307064e-11
-1.019909086243666495e-11
-9.812461588157958444e-12
-9.433144215749653696e-12
-9.062945069607958811e-12
-8.703517909602842781e-12
-8.356321572992063675e-12
-8.022639239294749888e-12
-7.703485321212517339e-12
-7.399567385915081001e-12
-7.111139905141479101e-12
-6.837987054375239716e-12
-6.579458885769432823e-12
-6.334563132158956394e-12
-6.102074973471028645e-12
-5.880639285594662428e-12
-5.668657637433206024e-12
-5.464399891570014125e-12
-5.266003158439797883e-12
-5.071135818022843565e-12
-4.877426483922076850e-12
-4.682579608562742467e-12
-4.484861478769756471e-12
-4.283395942218929465e-12
-4.078305406244082297e-12
-3.870787034991668714e-12
-3.663005694381941247e-12
-3.457877271472703399e-12
-3.258717476722052538e-12
-3.068845333986716278e-12
-2.891190718316094224e-12
-2.727934405632703531e-12
-2.580188601207615975e-12
-2.447757453361139574e-12
-2.329053625943553504e-12
-2.221253853059585033e-12
-2.120726742351318697e-12
-2.023688430527755746e-12
-1.926967990772240743e-12
-1.828704756827431634e-12
-1.728760229742459021e-12
-1.628651974258814729e-12
-1.530993578727584585e-12
-1.438646601978732136e-12
-1.353838255812110272e-12
-1.277477673195221146e-12
-1.208925017519897138e-12
-1.146319670727039734e-12
-1.087320038566380684e-12
-1.029994658193719746e-12
-9.734945150038113984e-13
-9.181709611069808598e-13
-8.651476529671563923e-13
-8.155710210700155469e-13
-7.699424458265158052e-13
-7.279258618361501412e-13
-6.886532472845885527e-13
-6.512880942711669572e-13
-6.154642655116762798e-13
-5.813134174791644469e-13
-5.491500465892492502e-13
-5.191029782760268847e-13
-4.909874305026114614e-13
-4.644860451243780675e-13
-4.393891741807819976e-13
-4.156606391671710463e-13
-3.933156026504206943e-13
-3.722986837560587107e-13
-3.524958149683428629e-13
-3.338074179970816097e-13
-3.161720841825359089e-13
-2.995385715487532693e-13
-2.838492830640089375e-13
-2.690428599084001452e-13
-2.550624130257174099e-13
-2.418587701403218692e-13
-2.293866748269496094e-13
-2.176005082357593348e-13
-2.064579377954256137e-13
-1.959203162754399670e-13
-1.859507807461843292e-13
-1.765148206766623801e-13
-1.675798546878879891e-13
-1.591154851292608106e-13
-1.510935635600667175e-13
-1.434880570478610294e-13
-1.362748105038164945e-13
-1.294311195267923173e-13
-1.229355553509923158e-13
-1.167679319626807046e-13
-1.109093305596956495e-13
-1.053420959631878599e-13
-1.000497886610006516e-13
-9.501710200399342822e-14
-9.022977010858043184e-14
-8.567448355374715706e-14
-8.133881448762777618e-14
-7.721114832540988331e-14
-7.328061933126224538e-14
-6.953705071152455458e-14
-6.597090368213640899e-14
-6.257323649365131029e-14
-5.933566814462411643e-14
-5.625034435886570761e-14
-5.330990124848667381e-14
-5.050742598390661938e-14
-4.783642065669657108e-14
-4.529077003523940955e-14
-4.286471442236878512e-14
-4.055282694212055954e-14
-3.834998950482500844e-14
-3.625136784535814838e-14
-3.425238813722897300e-14
-3.234871616320123532e-14
-3.053624125149325842e-14
-2.881106275355945904e-14
-2.716947467502358383e-14
-2.560795002069762827e-14
-2.412312530952481508e-14
-2.271178730303332667e-14
-2.137086349670840263e-14
-2.009741390979200992e-14
-1.888862222642339226e-14
-1.774178708146528275e-14
-1.665431300297777961e-14
-1.562370286280026661e-14
-1.464755254082074181e-14
-1.372354565859598961e-14
-1.284944862067478691e-14
-1.202310626714586468e-14
-1.124243753395341840e-14
-1.050543227042077800e-14
-9.810148452220237730e-15
-9.154708122549488356e-15
-8.537293829154824317e-15
-7.956145886737595980e-15
-7.409560961041769977e-15
-6.895892031928296085e-15
-6.413547610378029141e-15
-5.960989389103646509e-15
-5.536729447289650281e-15
-5.139327988360644683e-15
-4.767392850497492592e-15
-4.419580238172070322e-15
-4.094595165422606195e-15
-3.791191017017747432e-15
-3.508168190088477751e-15
-3.244372747422441759e-15
-2.998695795444593686e-15
-2.770073483551775455e-15
-2.557487110753910224e-15
-2.359962898451778100e-15
-2.176571289519559993e-15
-2.006426044801158209e-15
-1.848683339510099713e-15
-1.702540991780095863e-15
-1.567237696808692615e-15
-1.442052128167485824e-15
-1.326301886467418084e-15
-1.219342310840367199e-15
-1.120565216775786499e-15
-1.029397656721156791e-15
-9.453006916797904240e-16
-8.677680045595210365e-16
-7.963251034663459894e-16
-7.305269173287039062e-16
-6.699567900781068244e-16
-6.142262410440436131e-16
-5.629706749496660711e-16
-5.158526554113006432e-16
-4.725548671844717783e-16
-4.327849552538606152e-16
-3.962685143141062976e-16
-3.627523465967224617e-16
-3.320010147142912307e-16
-3.037952618011215407e-16
-2.779342103132133701e-16
-2.542295325005860514e-16
-2.325078495165068041e-16
-2.126096425524035939e-16
-1.943869374077618702e-16
-1.777027244859824109e-16
-1.624311079716449532e-16
-1.484559989466156733e-16
-1.356704081985089870e-16
-1.239757896419542911e-16
-1.132814359693751097e-16
-1.035038660717476336e-16
-9.456635261313924935e-17
-8.639833832314128708e-17
-7.893499450210062394e-17
-7.211676915522059455e-17
-6.588897496182986458e-17
-6.020143779457113617e-17
-5.500847431352277203e-17
-5.026737650798550745e-17
-4.593959555836371693e-17
-4.198972069648730883e-17
-3.838516891993450023e-17
-3.509629866616063380e-17
-3.209602990135277131e-17
-2.935940455665066816e-17
-2.686374627628937280e-17
-2.458826738440804828e-17
-2.251390589235460025e-17
-2.062311990048749745e-17
-1.889991304052288228e-17
-1.732956567137352174e-17
-1.589861960485848072e-17
-1.459477602571809321e-17
-1.340691583202664161e-17
-1.232469903084187843e-17
-1.133888966851854689e-17
-1.044093674238726713e-17
-9.623094242517584369e-18
-8.878297060498112498e-18
-8.200093894122318541e-18
-7.582596767342894044e-18
-7.020448737706108646e-18
-6.508768893680981167e-18
-6.043084607954927409e-18
-5.619330354833413662e-18
-5.233806993172012396e-18
-4.883148329965133392e-18
-4.564295404273974335e-18
-4.274464600367461932e-18
-4.011125106808921878e-18
-3.771921036165663781e-18
-3.554688254147863768e-18
