# bin_2_3
-1.169893277918571575e-11
-1.172923250236782301e-11
-1.176052393575403731e-11
-1.179286290456977419e-11
-1.182626075204650074e-11
-1.186069857298762802e-11
-1.189614825656727461e-11
-1.193257547666235903e-11
-1.196999729033995554e-11
-1.200848512367562030e-11
-1.204812307980767179e-11
-1.208897733816918278e-11
-1.213102159804324717e-11
-1.217418849387628114e-11
-1.221842296766469405e-11
-1.226378311899081746e-11
-1.231038917871213612e-11
-1.235831780385579876e-11
-1.240750606042737463e-11
-1.245787533238188777e-11
-1.250948518395016358e-11
-1.256250012416471995e-11
-1.261692506730882824e-11
-1.267257327792830324e-11
-1.272935404407623287e-11
-1.278742860864495563e-11
-1.284689193408803255e-11
-1.290761353002100751e-11
-1.296956891933131251e-11
-1.303288120802700912e-11
-1.309746150996241170e-11
-1.316312372327182975e-11
-1.322994893807979785e-11
-1.329788527849220478e-11
-1.336673649999714006e-11
-1.343654579943737878e-11
-1.350719919300163276e-11
-1.357857819037471137e-11
-1.365069071693741391e-11
-1.372342879800892531e-11
-1.379679852795445761e-11
-1.387073559553008339e-11
-1.394524596352984579e-11
-1.402036814171842089e-11
-1.409622071216721560e-11
-1.417285422786067182e-11
-1.425027400407267293e-11
-1.432850450716262312e-11
-1.440761601265384275e-11
-1.448775011117909233e-11
-1.456871377961121787e-11
-1.465012739255003498e-11
-1.473188338200522091e-11
-1.481390095881898596e-11
-1.489605161299953454e-11
-1.497818784009497946e-11
-1.506011156697871796e-11
-1.514156138225528470e-11
-1.522222315812505178e-11
-1.530176994670772474e-11
-1.537974023078614836e-11
-1.545571924017551758e-11
-1.552968848286700357e-11
-1.560157790911798549e-11
-1.567090870035770429e-11
-1.573788734734495924e-11
-1.580278720505196314e-11
-1.586559762330187899e-11
-1.592649977404971802e-11
-1.598576433170261018e-11
-1.604359439693613676e-11
-1.610027343732432548e-11
-1.615512524657881101e-11
-1.620742317546677325e-11
-1.625685970118619042e-11
-1.630274937457467672e-11
-1.634418829265774079e-11
-1.638085474451701709e-11
-1.641276599283711538e-11
-1.643936011170979412e-11
-1.646102538469505634e-11
-1.647845581189002786e-11
-1.649194424417935190e-11
-1.650169445255613863e-11
-1.650712446263762560e-11
-1.650797508054827002e-11
-1.650414639525526015e-11
-1.649571784126327584e-11
-1.648192359536507738e-11
-1.646213700540979660e-11
-1.643617664840211165e-11
-1.640386649846774046e-11
-1.636465083012953865e-11
-1.631902391464874533e-11
-1.626829920908820714e-11
-1.621253653522183062e-11
-1.615171595831947306e-11
-1.608581956563067138e-11
-1.601361981622920331e-11
-1.593477516167605714e-11
-1.584924703790712558e-11
-1.575686439798627897e-11
-1.565886298380190721e-11
-1.555562213751400303e-11
-1.544778609124017400e-11
-1.533504835992940663e-11
-1.521708331296677979e-11
-1.509353584527223341e-11
-1.496460500369062294e-11
-1.483052641055990943e-11
-1.469195083666749956e-11
-1.454953497952335776e-11
-1.440368026451060750e-11
-1.425434134586456505e-11
-1.410115917902601849e-11
-1.394410004407705477e-11
-1.378376500615038218e-11
-1.362084026909413410e-11
-1.345573380189900861e-11
-1.328843913106133534e-11
-1.311879276250576730e-11
-1.294677052237462615e-11
-1.277279354538828731e-11
-1.259733798034461201e-11
-1.242051559271778740e-11
-1.224223814227156499e-11
-1.206239591253429855e-11
-1.188104987073297556e-11
-1.169855455299435653e-11
-1.151511018389941315e-11
-1.133058332684508399e-11
-1.114489672244276147e-11
-1.095819958026330223e-11
-1.077070061576531696e-11
-1.058249944425189030e-11
-1.039349495008195106e-11
-1.020371505263439742e-11
-1.001333498258208103e-11
-9.822412465556822684e-12
-9.630896881115111909e-12
-9.438769645961779352e-12
-9.246074450378376308e-12
-9.052831062539637740e-12
-8.858941697867089331e-12
-8.664359881599530844e-12
-8.469090660812894654e-12
-8.273069229810988631e-12
-8.076238348183176326e-12
-7.878576741379298423e-12
-7.680101251981659665e-12
-7.480811439153834473e-12
-7.280769275255574848e-12
-7.080095282285398689e-12
-6.878927584862234797e-12
-6.677467716464749895e-12
-6.475973142146194049e-12
-6.274739239098486895e-12
-6.074101462253001137e-12
-5.874438334382891039e-12
-5.676141833768046566e-12
-5.479630418693559652e-12
-5.285325872786943802e-12
-5.093649542537880458e-12
-4.905022851911007000e-12
-4.719856651775332885e-12
-4.538553521551939519e-12
-4.361509694318318405e-12
-4.189094306731459645e-12
-4.021655989622706361e-12
-3.859516533749186790e-12
-3.702964325944076701e-12
-3.552235601136851207e-12
-3.407510940745411653e-12
-3.268899196387179500e-12
-3.136420006583854096e-12
-3.009948640454545093e-12
-2.889246227712743135e-12
-2.773963885656714690e-12
-2.663604470041027427e-12
-2.557639520469369543e-12
-2.455485793576419568e-12
-2.356540372160499173e-12
-2.260236180351640341e-12
-2.166075830778741929e-12
-2.073649525022279636e-12
-1.982664465795481610e-12
-1.892994918432380221e-12
-1.804700159414491983e-12
-1.718008828152329168e-12
-1.633277559890846661e-12
-1.550937638269616337e-12
-1.471437525607190175e-12
-1.395194926263470979e-12
-1.322539826273837380e-12
-1.253683998765044440e-12
-1.188719579927332918e-12
-1.127628041091572974e-12
-1.070292376658270173e-12
-1.016508610009994388e-12
-9.659956464651747538e-13
-9.184049142679792208e-13
-8.733386501600876413e-13
-8.303869983187445439e-13
-7.891763857435213598e-13
-7.494221206049102789e-13
-7.109832374782233158e-13
-6.738884883091315806e-13
-6.382999395012351344e-13
-6.044376622902742334e-13
-5.724927587241008400e-13
-5.425433367549542587e-13
-5.145169013306463749e-13
-4.882126952945609119e-13
-4.633661430681602001e-13
-4.397385773281837816e-13
-4.171848490500124684e-13
-3.956695506492430890e-13
-3.752285465294978328e-13
-3.559007756471775701e-13
-3.376734776614835100e-13
-3.204713041822733820e-13
-3.041880622662257854e-13
-2.887360864787674331e-13
-2.740715833229098354e-13
-2.601816899313753053e-13
-2.470501704375399211e-13
-2.346339030479225717e-13
-2.228709199949724690e-13
-2.117060706024664038e-13
-2.011085303099792328e-13
-1.910649584114351375e-13
-1.815569872537321289e-13
-1.725481730940672593e-13
-1.639968514424836944e-13
-1.558747402470895887e-13
-1.481657494127793224e-13
-1.408514602867137960e-13
-1.339076183498564481e-13
-1.273103481964381064e-13
-1.210403682482154919e-13
-1.150813378043248567e-13
-1.094168817383968568e-13
-1.040301956325716524e-13
-9.890582181886577223e-14
-9.403006730029990757e-14
-8.938990172476079152e-14
-8.497264543610899091e-14
-8.076653877540991595e-14
-7.676068219871018358e-14
-7.294472893799948675e-14
-6.930899012087320802e-14
-6.584442911497025864e-14
-6.254249048966303872e-14
-5.939510252642527468e-14
-5.639468128107356684e-14
-5.353408453268850891e-14
-5.080658269380195776e-14
-4.820583508496304195e-14
-4.572586480286608727e-14
-4.336103657626941728e-14
-4.110603524270450089e-14
-3.895584295194464096e-14
-3.690571816852894799e-14
-3.495117782297532270e-14
-3.308797331492148992e-14
-3.131208009363451940e-14
-2.961968030024827827e-14
-2.800714885823759416e-14
-2.647104134886243108e-14
-2.500808244340484382e-14
-2.361515440506675849e-14
-2.228928642127773812e-14
-2.102764415788720753e-14
-1.982752084544606912e-14
-1.868632957843325139e-14
-1.760159573880696332e-14
-1.657094989129784345e-14
-1.559212103087089104e-14
-1.466293004380053009e-14
-1.378128446981312177e-14
-1.294517370046496783e-14
-1.215266405144677150e-14
-1.140189452900469296e-14
-1.069107255213345137e-14
-1.001847025568011921e-14
-9.382421556250895589e-15
-8.781319127740277006e-15
-8.213615091944256204e-15
-7.677806870614862434e-15
-7.172446672030874114e-15
-6.696135737361018839e-15
-6.247522798833012512e-15
-5.825302400791517568e-15
-5.428213151707955774e-15
-5.055036175550288162e-15
-4.704593990690003483e-15
-4.375749811746477491e-15
-4.067407033118965216e-15
-3.778508433779013146e-15
-3.508037861711295777e-15
-3.255011826086061963e-15
-3.018484668566278477e-15
-2.797548065502122020e-15
-2.591329756809137597e-15
-2.398993061245931449e-15
-2.219736239281860811e-15
-2.052791837689343221e-15
-1.897427697754308018e-15
-1.752943205120894962e-15
-1.618668321237656928e-15
-1.493966792515590537e-15
-1.378233469340435843e-15
-1.270893567355116798e-15
-1.171402559753423179e-15
-1.079245829038873662e-15
-9.939321248229701197e-16
-9.149999322549126416e-16
-8.420137769124741073e-16
-7.745637967547373805e-16
-7.122656925067321605e-16
-6.547536777904621037e-16
-6.016868840628462508e-16
-5.527456466385536889e-16
-5.076332413425376592e-16
-4.660666778002181800e-16
-4.277839299416006309e-16
-3.925413753865719815e-16
-3.601117182811833999e-16
-3.302804675377635399e-16
-3.028501406523793947e-16
-2.776383977916473038e-16
-2.544718432378495944e-16
-2.331924345650216572e-16
-2.136535491633010485e-16
-1.957168071446656034e-16
-1.792574229274247558e-16
-1.641568070862456817e-16
-1.503070174688067048e-16
-1.376079391396837612e-16
-1.259664006880852914e-16
-1.152975796531891476e-16
-1.055218078653027318e-16
-9.656683269502547188e-17
-8.836524118243392848e-17
-8.085505241715237308e-17
-7.397991499309491474e-17
-6.768657717617975618e-17
-6.192747065416741889e-17
-5.665803261517665229e-17
-5.183720836374157804e-17
-4.742772327370435245e-17
-4.339543175486690252e-17
-3.970831770799310924e-17
-3.633740428418491018e-17
-3.325608933618952736e-17
-3.043995862594591218e-17
-2.786661229972252981e-17
-2.551550331517362482e-17
-2.336778807863128486e-17
-2.140618779056501845e-17
-1.961486055619500611e-17
-1.797928468082804633e-17
-1.648615159338334400e-17
-1.512326757224059370e-17
-1.387947730452804401e-17
-1.274477828258967478e-17
-1.170955823287807030e-17
-1.076533765459592372e-17
-9.904337866050072145e-18
-9.119270294153512417e-18
-8.403626096344409857e-18
-7.751379274761174336e-18
-7.156957135964077343e-18
-6.615344209248701463e-18
-6.121973714901577246e-18
-5.672589029811558332e-18
-5.263337780803530000e-18
-4.890706465385806156e-18
-4.551524566283672780e-18
-4.242827710386581005e-18
-3.961933977208335542e-18
-3.706440209815952201e-18
-3.474082356121244864e-18
-3.262844616534875047e-18
-3.070826099171202156e-18
-2.896323756785026260e-18
-2.737775966880076981e-18
-2.593753814271557737e-18
-2.462951192076486174e-18
-2.344175453123197411e-18
-2.236355213390483970e-18
-2.138491330688415303e-18
-2.049699967097257949e-18
-1.969153396955225544e-18
-1.896110436963081234e-18
-1.829898581576725342e-18
-1.769921580601007123e-18
-1.715626623161997469e-18
-1.666518432070496787e-18
-1.622127874036373749e-18
