# bin_4_2
-2.680156932704095919e-11
-2.691645647597260585e-11
-2.703552686319238917e-11
-2.715888020188958062e-11
-2.728662449271696236e-11
-2.741891300998463874e-11
-2.755593887554133031e-11
-2.769790661857285302e-11
-2.784500441272683401e-11
-2.799737728601536958e-11
-2.815513297873860627e-11
-2.831841548011174619e-11
-2.848742361286342336e-11
-2.866235368026253623e-11
-2.884338292673186851e-11
-2.903062357018559335e-11
-2.922426548902368209e-11
-2.942458679356604551e-11
-2.963185108965677633e-11
-2.984622898685240357e-11
-3.006786726014379423e-11
-3.029703162310555882e-11
-3.053399459514198993e-11
-3.077892700652967034e-11
-3.103205723737221410e-11
-3.129367185783733692e-11
-3.156401673843154226e-11
-3.184330152741654546e-11
-3.213181896088733315e-11
-3.242982772089936971e-11
-3.273756230872883615e-11
-3.305529970582658041e-11
-3.338326977505145651e-11
-3.372172834161120456e-11
-3.407098441975309040e-11
-3.443135903863228168e-11
-3.480316642223096138e-11
-3.518670521536792493e-11
-3.558230016260110753e-11
-3.599027914978067225e-11
-3.641103416411536315e-11
-3.684502549246671914e-11
-3.729282007127222158e-11
-3.775475774505544437e-11
-3.823102077838758132e-11
-3.872201817090850861e-11
-3.922821338403578825e-11
-3.975010843448174401e-11
-4.028804916376056034e-11
-4.084227845649277311e-11
-4.141305396875424212e-11
-4.200061545239252482e-11
-4.260521691880802272e-11
-4.322704882929381115e-11
-4.386630228324436528e-11
-4.452335348239973450e-11
-4.519886458902045707e-11
-4.589296871718498796e-11
-4.660574200168062303e-11
-4.733770572621156211e-11
-4.808939505854936745e-11
-4.886127122618240881e-11
-4.965407348529306504e-11
-5.046851574365691318e-11
-5.130545765987627967e-11
-5.216592878688756015e-11
-5.305031398746887353e-11
-5.395885159716645702e-11
-5.489202915892825858e-11
-5.585003826341467313e-11
-5.683269052868028219e-11
-5.784008834893259938e-11
-5.887254157771519166e-11
-5.992953988323727805e-11
-6.101132831023367066e-11
-6.211895082187078751e-11
-6.325331870247380739e-11
-6.441557359778890704e-11
-6.560633807168057613e-11
-6.682582676737720993e-11
-6.807441300590702463e-11
-6.935257971536151739e-11
-7.066026967460129207e-11
-7.199681861875783477e-11
-7.336239777458335101e-11
-7.475739464764666051e-11
-7.618172562648407739e-11
-7.763488561350091610e-11
-7.911756271332762362e-11
-8.063036112965756767e-11
-8.217318850092186806e-11
-8.374673350745448679e-11
-8.535102427946438303e-11
-8.698465494204564399e-11
-8.864720373062250766e-11
-9.033739945705744486e-11
-9.205458705102729830e-11
-9.379902946469342461e-11
-9.557038672586686144e-11
-9.736872732669381076e-11
-9.919284442462719213e-11
-1.010415935363273683e-10
-1.029131341004067851e-10
-1.048061779096633227e-10
-1.067193171393991078e-10
-1.086512638634319513e-10
-1.106006117239492300e-10
-1.125657002182286420e-10
-1.145441664197226230e-10
-1.165317578162228574e-10
-1.185258936896284941e-10
-1.205252541505526196e-10
-1.225266689689672324e-10
-1.245294092080875162e-10
-1.265307987509795294e-10
-1.285281260374177590e-10
-1.305192318867062686e-10
-1.325013144906637424e-10
-1.344719228782382453e-10
-1.364276191684899082e-10
-1.383635559830049655e-10
-1.402760754116430667e-10
-1.421593853106814162e-10
-1.440080860566264541e-10
-1.458168099191428889e-10
-1.475797387475085016e-10
-1.492909141505676608e-10
-1.509442850990930930e-10
-1.525336004190781062e-10
-1.540522347384911450e-10
-1.554929547260215774e-10
-1.568482393688689459e-10
-1.581103917454410124e-10
-1.592713272019786678e-10
-1.603225632128237051e-10
-1.612553581390041764e-10
-1.620607872719449605e-10
-1.627297716263704668e-10
-1.632529863379174812e-10
-1.636210002187120680e-10
-1.638244551218363396e-10
-1.638540265456104444e-10
-1.637005477773168985e-10
-1.633551820866695186e-10
-1.628095717103171260e-10
-1.620558740137616650e-10
-1.610870104203469524e-10
-1.598968376280405391e-10
-1.584803090319577052e-10
-1.568337780771227913e-10
-1.549551961717721899e-10
-1.528444293237537644e-10
-1.505034664106693453e-10
-1.479367112604467111e-10
-1.451511582355575613e-10
-1.421566337258573642e-10
-1.389659601464676110e-10
-1.355950149933871307e-10
-1.320627116445797962e-10
-1.283908584711263269e-10
-1.246040428040394419e-10
-1.207290259196057988e-10
-1.167942139534319102e-10
-1.128298444246253998e-10
-1.088670419329876361e-10
-1.049372400628354162e-10
-1.010716396537399561e-10
-9.729979631977056473e-11
-9.364901179227916003e-11
-9.014301374440111954e-11
-8.680097989825228401e-11
-8.363649438906950665e-11
-8.065633318517756857e-11
-7.786083382834227065e-11
-7.524367910717129182e-11
-7.278983076584618497e-11
-7.047705071120414088e-11
-6.827762504505146278e-11
-6.615764465253730208e-11
-6.408125074574867276e-11
-6.201100098079143516e-11
-5.991178114640497497e-11
-5.775403465542617102e-11
-5.551648452391540943e-11
-5.319001903441369647e-11
-5.077753331271857310e-11
-4.829634363617324132e-11
-4.577717326631305259e-11
-4.326040818453761380e-11
-4.079209019701979773e-11
-3.841842237709752278e-11
-3.618007745078034393e-11
-3.410703090227025620e-11
-3.221456161812294008e-11
-3.050143101613714688e-11
-2.895083650595062328e-11
-2.753406653109893356e-11
-2.621598475422388940e-11
-2.496133264151590789e-11
-2.374082798362725869e-11
-2.253571543355018291e-11
-2.133957710198480592e-11
-2.015732718004503321e-11
-1.900192157726739332e-11
-1.788961469806883663e-11
-1.683530845158923812e-11
-1.584927045771545227e-11
-1.493530515575370489e-11
-1.409074365422711697e-11
-1.330810645461260901e-11
-1.257726656834239789e-11
-1.188790114268665762e-11
-1.123182987711969893e-11
-1.060461378065195967e-11
-1.000588722703132890e-11
-9.438011251458738669e-12
-8.903916105953369179e-12
-8.404982604135032548e-12
-7.939932889090670868e-12
-7.505512432206801576e-12
-7.097902936694119245e-12
-6.713925707116210364e-12
-6.351667166646108033e-12
-6.010317078636995325e-12
-5.689696600280295014e-12
-5.389442998456222705e-12
-5.108342237499761398e-12
-4.844558557233248635e-12
-4.596393267719784145e-12
-4.362825874319264628e-12
-4.143299502100245139e-12
-3.937156049488683938e-12
-3.743408077182436276e-12
-3.560998138175508493e-12
-3.389139189764948322e-12
-3.227245416387434025e-12
-3.074670743013842061e-12
-2.930706887365423571e-12
-2.794743757827728083e-12
-2.666258782411643797e-12
-2.544735415835413259e-12
-2.429673378397082965e-12
-2.320631511599751675e-12
-2.217196842974375478e-12
-2.118977294273501705e-12
-2.025619450109716230e-12
-1.936794671933499845e-12
-1.852197339345879994e-12
-1.771547708167308278e-12
-1.694587932090061254e-12
-1.621080460634326500e-12
-1.550806255925782351e-12
-1.483563158376362676e-12
-1.419165124392578732e-12
-1.357441614001625477e-12
-1.298236755941120213e-12
-1.241408297792421034e-12
-1.186826474831155683e-12
-1.134372874783678523e-12
-1.083939406348455278e-12
-1.035427367639242504e-12
-9.887465862017489665e-13
-9.438146458247212949e-13
-9.005561796517208213e-13
-8.589022064391067629e-13
-8.187895479369674574e-13
-7.801602634061954753e-13
-7.429611100394988955e-13
-7.071430426497510265e-13
-6.726607377073386014e-13
-6.394721677059670432e-13
-6.075382148269234163e-13
-5.768223087052608579e-13
-5.472900975523378734e-13
-5.189091516779702758e-13
-4.916486855712965093e-13
-4.654793250341016777e-13
-4.403728967538700186e-13
-4.163022270871580606e-13
-3.932409684311991215e-13
-3.711634367845817885e-13
-3.500444632084874063e-13
-3.298592716497875612e-13
-3.105833638299346151e-13
-2.921924233627528170e-13
-2.746622344461488825e-13
-2.579686286391661853e-13
-2.420874376007513624e-13
-2.269944526749752715e-13
-2.126653920093394953e-13
-1.990758838803792071e-13
-1.862014639355621993e-13
-1.740175879676834911e-13
-1.624996585199704210e-13
-1.516230567444575978e-13
-1.413631902740973165e-13
-1.316955394011178331e-13
-1.225957061640190817e-13
-1.140394713808712966e-13
-1.060028410903433068e-13
-9.846210313369379633e-14
-9.139389286096436552e-14
-8.477525707687226892e-14
-7.858371525686270152e-14
-7.279730505033302602e-14
-6.739462430649882012e-14
-6.235487223320460135e-14
-5.765788495743585450e-14
-5.328416828270433680e-14
-4.921492692974644171e-14
-4.543207992022269827e-14
-4.191827437471776003e-14
-3.865689659949169560e-14
-3.563207387920097313e-14
-3.282867582147126895e-14
-3.023230427060088899e-14
-2.782928694317582029e-14
-2.560666646241415563e-14
-2.355218542550510907e-14
-2.165426527952111410e-14
-1.990198714968147010e-14
-1.828507322315132315e-14
-1.679386512938766424e-14
-1.541929151469799354e-14
-1.415285181705654468e-14
-1.298659088031515477e-14
-1.191306665438601767e-14
-1.092533118365658976e-14
-1.001690661066703349e-14
-9.181752288300582330e-15
-8.414249873979974283e-15
-7.709173564902092052e-15
-7.061668463784742131e-15
-6.467230606169331541e-15
-5.921680668071972171e-15
-5.421149724518544182e-15
-4.962052447678171524e-15
-4.541075050647071961e-15
-4.155151550024185883e-15
-3.801451030171169490e-15
-3.477359496230276958e-15
-3.180464278360164497e-15
-2.908542198454968313e-15
-2.659542565489319921e-15
-2.431576968039751367e-15
-2.222907301704617342e-15
-2.031933723356438267e-15
-1.857184375207794578e-15
-1.697306345407042594e-15
-1.551056218428156676e-15
-1.417291635990648668e-15
-1.294963441992653195e-15
-1.183108387012414052e-15
-1.080842327835366861e-15
-9.873540462779083424e-16
-9.018994429628692874e-16
-8.237962961572958979e-16
-7.524193589925666663e-16
-6.871958325048933684e-16
-6.276011661404568707e-16
-5.731554357437645499e-16
-5.234186708600233337e-16
-4.779885958577739788e-16
-4.364968946477215015e-16
-3.986060725069495685e-16
-3.640071994963127890e-16
-3.324172435194277303e-16
-3.035766945664499825e-16
-2.772479943527513466e-16
-2.532136235625815534e-16
-2.312744532707592060e-16
-2.112483150447642461e-16
-1.929687980226622111e-16
-1.762838364277780895e-16
-1.610545123451756196e-16
-1.471540016021045687e-16
-1.344667182312222588e-16
-1.228868012686069560e-16
-1.123180294806092504e-16
-1.026722692833993803e-16
-9.386925959374528168e-17
-8.583572002658151820e-17
-7.850471070473677446e-17
-7.181505339473923224e-17
-6.571085778225391938e-17
-6.014114923639504815e-17
-5.505927622853499835e-17
-5.042277124867567054e-17
-4.619285303412222159e-17
-4.233399307731042886e-17
-3.881375037024276818e-17
-3.560241751741855193e-17
-3.267291226058521013e-17
-3.000051900335239838e-17
-2.756272418975274961e-17
-2.533899955698229205e-17
-2.331062556373743017e-17
-2.146054838382642601e-17
-1.977327208165939340e-17
-1.823465816023929675e-17
