# bin_1_2
-1.526341244827412773e-11
-1.530744788439967432e-11
-1.535292042535176403e-11
-1.539982787258000376e-11
-1.544817210608588483e-11
-1.549799327706354477e-11
-1.554936492952699623e-11
-1.560236777787561324e-11
-1.565706390490434957e-11
-1.571347147823345682e-11
-1.577156846501340882e-11
-1.583136005964068031e-11
-1.589289667825474767e-11
-1.595622206804913025e-11
-1.602135925597895303e-11
-1.608826677648093262e-11
-1.615696948582472629e-11
-1.622756830102174932e-11
-1.630014560090598053e-11
-1.637469224027315416e-11
-1.645116956789732262e-11
-1.652964138286234589e-11
-1.661017229687036923e-11
-1.669272805789844291e-11
-1.677731958700419409e-11
-1.686400426526410931e-11
-1.695279520961375306e-11
-1.704366445523102299e-11
-1.713665257165771127e-11
-1.723176135143664031e-11
-1.732896139867409865e-11
-1.742825269922182108e-11
-1.752958403436131731e-11
-1.763291846723878432e-11
-1.773826201193259079e-11
-1.784562429609827236e-11
-1.795499730923804617e-11
-1.806634892995214963e-11
-1.817966127228858075e-11
-1.829491077017263946e-11
-1.841212554163025545e-11
-1.853139159153998603e-11
-1.865288915808387175e-11
-1.877656252966561608e-11
-1.890218930768322941e-11
-1.902975970357457510e-11
-1.915930638593423173e-11
-1.929088748064137315e-11
-1.942439412148438077e-11
-1.955960427274173233e-11
-1.969629759138444441e-11
-1.983422365467852502e-11
-1.997313397727252405e-11
-2.011270552072116198e-11
-2.025260409369238462e-11
-2.039266585297930364e-11
-2.053299608729820874e-11
-2.067316738651177095e-11
-2.081268393888507110e-11
-2.095147840288228478e-11
-2.108948776899833045e-11
-2.122656353072271981e-11
-2.136281878649259595e-11
-2.149833795028100097e-11
-2.163333656355312736e-11
-2.176818838343934073e-11
-2.190262707231655043e-11
-2.203622815702332668e-11
-2.216880570194866452e-11
-2.229987659960805185e-11
-2.242858102587584000e-11
-2.255433932690971993e-11
-2.267677258422191837e-11
-2.279470430865936716e-11
-2.290770441800635953e-11
-2.301612993193570865e-11
-2.312021791190026600e-11
-2.322043721822359220e-11
-2.331675377515116820e-11
-2.340874234824638601e-11
-2.349614615943793329e-11
-2.357882674839696007e-11
-2.365614579415160075e-11
-2.372690132208334072e-11
-2.379073235301387183e-11
-2.384751906315080617e-11
-2.389670967335316184e-11
-2.393738371793386905e-11
-2.396982042107213729e-11
-2.399427755137184837e-11
-2.401040075176506124e-11
-2.401864684132334455e-11
-2.401888617660925309e-11
-2.400966805183216013e-11
-2.399054953737138668e-11
-2.396036048204250201e-11
-2.391862375244236573e-11
-2.386585446389463770e-11
-2.380209021238164909e-11
-2.372784692344322868e-11
-2.364255128746634409e-11
-2.354580683566537359e-11
-2.343663261930561028e-11
-2.331470329466386664e-11
-2.317980258872072686e-11
-2.303210441569091192e-11
-2.287194519669697992e-11
-2.269950887915187944e-11
-2.251463251737971776e-11
-2.231683647341766209e-11
-2.210588645124433208e-11
-2.188199540573515462e-11
-2.164569814466352252e-11
-2.139758869226594767e-11
-2.113794941149477934e-11
-2.086670622400110741e-11
-2.058386550030037990e-11
-2.028995664379782662e-11
-1.998583418108432726e-11
-1.967215222231805994e-11
-1.934938123498146283e-11
-1.901794468055237506e-11
-1.867837004484196801e-11
-1.833156133373022438e-11
-1.797846093744532798e-11
-1.761971247322899264e-11
-1.725589231183023131e-11
-1.688775002562067811e-11
-1.651617825629148465e-11
-1.614203689194535623e-11
-1.576592232654071604e-11
-1.538843937073416440e-11
-1.501036536410377612e-11
-1.463240027016840481e-11
-1.425509900717341119e-11
-1.387898461449769423e-11
-1.350462050325417715e-11
-1.313257138175696664e-11
-1.276324450581517202e-11
-1.239701429149844523e-11
-1.203429678603732525e-11
-1.167541776783232881e-11
-1.132064950814272187e-11
-1.097023969620249594e-11
-1.062443215772532310e-11
-1.028336861115694428e-11
-9.947140666660473256e-12
-9.615808011511570526e-12
-9.289347525718550129e-12
-8.967710994366264432e-12
-8.650850728258869928e-12
-8.338730349250038952e-12
-8.031346426350205601e-12
-7.728768745490536518e-12
-7.431125823246160689e-12
-7.138652033086430869e-12
-6.851686967328085339e-12
-6.570674324004549913e-12
-6.296145201488113716e-12
-6.028699275624411841e-12
-5.768969791883465218e-12
-5.517562708628506875e-12
-5.275011871198654769e-12
-5.041756767602422679e-12
-4.818087115796202933e-12
-4.604118003018392992e-12
-4.399802055837199785e-12
-4.204926614064064445e-12
-4.019142816058540068e-12
-3.842019240585251394e-12
-3.673072110737494024e-12
-3.511775903087507235e-12
-3.357550008625539702e-12
-3.209792230817450853e-12
-3.067911115695571813e-12
-2.931241808598808401e-12
-2.799171024524856897e-12
-2.671219486585175107e-12
-2.547031976614116376e-12
-2.426431850425957272e-12
-2.309383181471036977e-12
-2.195964281909689577e-12
-2.086340198714204978e-12
-1.980744250285222951e-12
-1.879478013734565902e-12
-1.782892606152806055e-12
-1.691351621103817137e-12
-1.605157470675401969e-12
-1.524460355040010209e-12
-1.449183865616388113e-12
-1.378995939609107966e-12
-1.313342537041236854e-12
-1.251532175773758056e-12
-1.192839347043505860e-12
-1.136611181551269252e-12
-1.082374096952194171e-12
-1.029914175502201815e-12
-9.792889845616343219e-13
-9.307610621379935448e-13
-8.846777054856718979e-13
-8.413231355349788249e-13
-8.007837267093923399e-13
-7.628926262645402388e-13
-7.272826630253776562e-13
-6.935076456322794665e-13
-6.611891646891920097e-13
-6.301364628159121671e-13
-6.003635035602014916e-13
-5.720034825679213401e-13
-5.451799271921271362e-13
-5.198965463978878994e-13
-4.960179940264961197e-13
-4.733395586329728743e-13
-4.516838647892826350e-13
-4.309651671362724759e-13
-4.111796139908757719e-13
-3.923438382126528687e-13
-3.744391692532003034e-13
-3.573980968187625567e-13
-3.411396461485586129e-13
-3.256080247117074968e-13
-3.107728185984195658e-13
-2.966055861924886342e-13
-2.830686431399351627e-13
-2.701262680074973558e-13
-2.577510587302673324e-13
-2.459159218000963770e-13
-2.345908268679639421e-13
-2.237491168145802077e-13
-2.133688259804019945e-13
-2.034284874151289244e-13
-1.939073286528129237e-13
-1.847865708475054937e-13
-1.760480143502199195e-13
-1.676745164813268021e-13
-1.596508455023475073e-13
-1.519624421034338948e-13
-1.445952421677114202e-13
-1.375362063913763129e-13
-1.307731278788619635e-13
-1.242944857642279851e-13
-1.180893895725751948e-13
-1.121475822659251630e-13
-1.064593034843923908e-13
-1.010152147219447993e-13
-9.580640412502185833e-14
-9.082433276804320756e-14
-8.606081124690373243e-14
-8.150798600517879701e-14
-7.715830826054356420e-14
-7.300450516517321846e-14
-6.903955208704678115e-14
-6.525664827783849132e-14
-6.164919891620706228e-14
-5.821080226653238948e-14
-5.493523766914452578e-14
-5.181645417996394407e-14
-4.884856138622423093e-14
-4.602582181198009786e-14
-4.334264616428124738e-14
-4.079359038862247316e-14
-3.837335166949861493e-14
-3.607676494025413433e-14
-3.389880189317520832e-14
-3.183456411075795214e-14
-2.987928847389190986e-14
-2.802834479134626816e-14
-2.627723466362408258e-14
-2.462159090515187154e-14
-2.305717697945234617e-14
-2.157988655854000417e-14
-2.018574353391880999e-14
-1.887090057539050087e-14
-1.763163726302322263e-14
-1.646435871939907200e-14
-1.536559413900161105e-14
-1.433199604674641508e-14
-1.336033918427785210e-14
-1.244751732839700827e-14
-1.159054011488163376e-14
-1.078653022936980005e-14
-1.003272111788817365e-14
-9.326455673588284188e-15
-8.665184243227992150e-15
-8.046464957956927657e-15
-7.467949971051584914e-15
-6.927393133282782504e-15
-6.422644223876270601e-15
-5.951646924330254081e-15
-5.512436704406532739e-15
-5.103138436675100985e-15
-4.721963934670423378e-15
-4.367209429344977556e-15
-4.037253242311263142e-15
-3.730553530338944344e-15
-3.445647814620684802e-15
-3.181146911153973535e-15
-2.935732837566346319e-15
-2.708159883587975496e-15
-2.497250245474628869e-15
-2.301891569509663124e-15
-2.121034526535634156e-15
-1.953690346475869551e-15
-1.798930330251188070e-15
-1.655878608721430468e-15
-1.523711719326343502e-15
-1.401658376069786184e-15
-1.288995605095955900e-15
-1.185046403341169537e-15
-1.089179175130088519e-15
-1.000801586400778853e-15
-9.193592832150483193e-16
-8.443365898374098040e-16
-7.752528356722173754e-16
-7.116623312004612959e-16
-6.531474990534745238e-16
-5.993197889437319939e-16
-5.498193159342370773e-16
-5.043134828026602604e-16
-4.624920522856358966e-16
-4.240660843992795324e-16
-3.887693140237894414e-16
-3.563579138659570481e-16
-3.266009011014353122e-16
-2.992871599444171037e-16
-2.742239724799709414e-16
-2.512291545556411072e-16
-2.301360434586627723e-16
-2.107935171048307075e-16
-1.930573006113763409e-16
-1.767982522475136559e-16
-1.618957724783290540e-16
-1.482384277878440103e-16
-1.357253866888143616e-16
-1.242611084734658147e-16
-1.137608668218775055e-16
-1.041434719289850237e-16
-9.533721553121576145e-17
-8.727383374977199319e-17
-7.989205406308157780e-17
-7.313521707341026635e-17
-6.695055754429717163e-17
-6.129119979234916637e-17
-5.611252751964201003e-17
-5.137414952041596491e-17
-4.703947190796557164e-17
-4.307456081551280033e-17
-3.944801497172933784e-17
-3.613135943641723705e-17
-3.309847745868115536e-17
-3.032541844149030209e-17
-2.779022286760835680e-17
-2.547276803265612281e-17
-2.335459137863427440e-17
-2.141881223423174381e-17
-1.964994802828495306e-17
-1.803382666500712684e-17
-1.655747059006750174e-17
-1.520899486044856208e-17
-1.397752507550607720e-17
-1.285338591854372863e-17
-1.182715055340368467e-17
-1.089059717546148047e-17
-1.003617355789848507e-17
-9.256789155936306716e-18
-8.546128571308482440e-18
-7.898401805379412783e-18
-7.308158364336610700e-18
-6.770556674384328746e-18
-6.281175485436587457e-18
-5.835914598161184650e-18
-5.430983315203295734e-18
-5.062982466680221752e-18
-4.728754126090480870e-18
-4.425359004796653662e-18
-4.150108791365906752e-18
-3.900683763157302620e-18
-3.674701324440667449e-18
-3.470285699934418374e-18
-3.285501210942508322e-18
-3.118714100287293230e-18
-2.968415599968838554e-18
-2.833190913920133806e-18
-2.711696408051728509e-18
-2.602674501492677129e-18
-2.505002870553738909e-18
-2.417581809059180425e-18
-2.339479952807617281e-18
-2.269834508037801754e-18
-2.207785863060516699e-18
-2.152547262580122350e-18
-2.103355922556371514e-18
-2.059541737286227439e-18
-2.020502227030016161e-18
-1.985715658509513980e-18
-1.954719755574477955e-18
-1.927104585687210957e-18
-1.902511533526604127e-18
-1.880639140881632201e-18
-1.861211909600536643e-18
