# bin_1_1
-1.353135231785030628e-10
-1.357464648572054050e-10
-1.361938067761917360e-10
-1.366561596716445065e-10
-1.371341691615548022e-10
-1.376283754450663829e-10
-1.381390485117506344e-10
-1.386662196838637320e-10
-1.392099895174660095e-10
-1.397709314905950054e-10
-1.403500209511188388e-10
-1.409482375941843830e-10
-1.415660506869056600e-10
-1.422032234349945515e-10
-1.428595677373222511e-10
-1.435356305535345580e-10
-1.442322999590235005e-10
-1.449501327286147009e-10
-1.456890363145672250e-10
-1.464495473170413191e-10
-1.472328094231050333e-10
-1.480396271094526530e-10
-1.488697249920806132e-10
-1.497234124086387575e-10
-1.506015965414068161e-10
-1.515048752052782042e-10
-1.524331730388346048e-10
-1.533871791514856243e-10
-1.543674970891202859e-10
-1.553740348855603492e-10
-1.564073434707439407e-10
-1.574678267969939474e-10
-1.585554391661083136e-10
-1.596704861079731381e-10
-1.608128909148287084e-10
-1.619828302046438482e-10
-1.631809188396050711e-10
-1.644077108096899952e-10
-1.656635659004330484e-10
-1.669489130021659614e-10
-1.682643349458641024e-10
-1.696107302692773694e-10
-1.709895335843292034e-10
-1.724030438792687696e-10
-1.738520830463049178e-10
-1.753353173616133688e-10
-1.768530462732620906e-10
-1.784060506930170244e-10
-1.799951833752477870e-10
-1.816202458978153952e-10
-1.832799276139444132e-10
-1.849730103045192801e-10
-1.866981288413714040e-10
-1.884541116260306383e-10
-1.902394134002228584e-10
-1.920521956764353783e-10
-1.938917894897044232e-10
-1.957600169347194824e-10
-1.976542155035380495e-10
-1.995707527682986233e-10
-2.015102358887249154e-10
-2.034734916995881082e-10
-2.054605267223155793e-10
-2.074738456744831216e-10
-2.095158405258423795e-10
-2.115893450435972970e-10
-2.136984434096451027e-10
-2.158410838318376518e-10
-2.180140834897826008e-10
-2.202165999159244240e-10
-2.224451575157732012e-10
-2.246930201205447594e-10
-2.269558511510670129e-10
-2.292310712588271376e-10
-2.315099891776386624e-10
-2.337911885921393761e-10
-2.360790101261600984e-10
-2.383762696904356566e-10
-2.406873563560642601e-10
-2.430110379675905605e-10
-2.453436122424344306e-10
-2.476826977921141168e-10
-2.500267871083881654e-10
-2.523697135912543933e-10
-2.547018539282781231e-10
-2.570201341487622241e-10
-2.593223121686465456e-10
-2.616012207335914981e-10
-2.638488098628436802e-10
-2.660673399124518061e-10
-2.682573495012719690e-10
-2.704153463270019931e-10
-2.725429662850709859e-10
-2.746336918909858133e-10
-2.766721321562590730e-10
-2.786509354824540152e-10
-2.805570047487067771e-10
-2.823862036482275888e-10
-2.841386588510168572e-10
-2.858106470928320358e-10
-2.874005259126624104e-10
-2.888985093484310576e-10
-2.902948664705761659e-10
-2.915756636779119679e-10
-2.927321779525256074e-10
-2.937565703416932661e-10
-2.946432863429795584e-10
-2.953882369269187324e-10
-2.959842737499908835e-10
-2.964206434090745063e-10
-2.966851927466811033e-10
-2.967671971995009749e-10
-2.966597456058846613e-10
-2.963587993256698828e-10
-2.958596240270954797e-10
-2.951544171266557437e-10
-2.942330096534432673e-10
-2.930871790908312291e-10
-2.917133837703707929e-10
-2.901097778438119715e-10
-2.882726271349883550e-10
-2.861973537686607069e-10
-2.838796253468259641e-10
-2.813172546242998289e-10
-2.785117662674335421e-10
-2.754646605332321329e-10
-2.721758842904888347e-10
-2.686465487685283326e-10
-2.648804396764978464e-10
-2.608836299904981472e-10
-2.566625225141196510e-10
-2.522230719521208203e-10
-2.475736057781833295e-10
-2.427252452805497947e-10
-2.376899608863895399e-10
-2.324804869052974469e-10
-2.271114456150575943e-10
-2.215997625594996357e-10
-2.159639478906374957e-10
-2.102230207201873697e-10
-2.043977086885622622e-10
-1.985102795812806325e-10
-1.925831794491235575e-10
-1.866394020528238494e-10
-1.807023091665357964e-10
-1.747951839772889988e-10
-1.689401876490311618e-10
-1.631583062805058636e-10
-1.574686257016435481e-10
-1.518875738405513083e-10
-1.464292246662880088e-10
-1.411051318057294459e-10
-1.359240140191996743e-10
-1.308920485296517009e-10
-1.260131639450240293e-10
-1.212887420384622825e-10
-1.167175856066699587e-10
-1.122959154527799943e-10
-1.080176843503294327e-10
-1.038752000293438080e-10
-9.985981805821707789e-11
-9.596238324278937123e-11
-9.217293863044849253e-11
-8.848105682004835428e-11
-8.487699411440726499e-11
-8.135187003824783873e-11
-7.789747131223320762e-11
-7.450757672514878184e-11
-7.117923588367418989e-11
-6.791317004615479996e-11
-6.471379670130500635e-11
-6.158860219723692431e-11
-5.854722124869055787e-11
-5.560039686691463047e-11
-5.275867778271010267e-11
-5.003149050450656236e-11
-4.742646476144869764e-11
-4.494907646134133012e-11
-4.260250962137068425e-11
-4.038731006366113856e-11
-3.830097624883379741e-11
-3.633764607965174036e-11
-3.448827498666846061e-11
-3.274149101066407328e-11
-3.108495428032063450e-11
-2.950709270947164006e-11
-2.799899283584875449e-11
-2.655574920617015199e-11
-2.517644607111467286e-11
-2.386276339217954160e-11
-2.261692883331982982e-11
-2.143973424266008311e-11
-2.032937761818192927e-11
-1.928179192229573966e-11
-1.829215259171017124e-11
-1.735638603888329827e-11
-1.647182671626628724e-11
-1.563687461908246787e-11
-1.485004959936810378e-11
-1.410923453162563778e-11
-1.341154618943908257e-11
-1.275368523449644382e-11
-1.213243345124378581e-11
-1.154501970221242444e-11
-1.098932055555851254e-11
-1.046393496627481758e-11
-9.967944292573565688e-12
-9.500332290675048244e-12
-9.059437753188683449e-12
-8.642972524059787782e-12
-8.248717271051266803e-12
-7.875164574942390541e-12
-7.521387109005959277e-12
-7.186417761080961470e-12
-6.868976889428834838e-12
-6.567762117642229553e-12
-6.281714657046374557e-12
-6.009912788533531256e-12
-5.751425717771964356e-12
-5.505359128462121822e-12
-5.270914153007053737e-12
-5.047355632594459013e-12
-4.833986082294372517e-12
-4.630155785866283681e-12
-4.435264023341105565e-12
-4.248756672167871172e-12
-4.070123963928806171e-12
-3.898894020597592573e-12
-3.734630561276444104e-12
-3.576932764682489557e-12
-3.425433056458276872e-12
-3.279794591033162971e-12
-3.139708368600843165e-12
-3.004891415125202814e-12
-2.875084667605662642e-12
-2.750050423648769594e-12
-2.629571357582112427e-12
-2.513448887089675323e-12
-2.401501296704259761e-12
-2.293562384564022116e-12
-2.189479907671785565e-12
-2.089114223872973874e-12
-1.992337034803821633e-12
-1.899030197471472801e-12
-1.809084630327276442e-12
-1.722399304750255931e-12
-1.638880301435004429e-12
-1.558439919953974029e-12
-1.480995837715198701e-12
-1.406470324172629909e-12
-1.334789545620264200e-12
-1.265882962404854992e-12
-1.199682793181658449e-12
-1.136123526121137524e-12
-1.075141455219395797e-12
-1.016674257764635336e-12
-9.606606440332379065e-13
-9.070400726537263084e-13
-8.557525161434787688e-13
-8.067382559591235903e-13
-7.599376915245790816e-13
-7.152911913132649135e-13
-6.727389985818836050e-13
-6.322211807294404391e-13
-5.936775473743702568e-13
-5.570476829409529698e-13
-5.222709354600088202e-13
-4.892864638506753795e-13
-4.580333099808926433e-13
-4.284504706645769027e-13
-4.004769768905963104e-13
-3.740519893919359817e-13
-3.491149159014937268e-13
-3.256055479247779417e-13
-3.034641955771098978e-13
-2.826318131996519849e-13
-2.630501223500147217e-13
-2.446617367854231681e-13
-2.274102898537401628e-13
-2.112405582512563681e-13
-1.960985734134572381e-13
-1.819317204629016926e-13
-1.686888260022858114e-13
-1.563202367133131148e-13
-1.447779044809511655e-13
-1.340154099918965929e-13
-1.239880094819363149e-13
-1.146526996766995724e-13
-1.059682217926876634e-13
-9.789507240391722626e-14
-9.039550381866268849e-14
-8.343351529553709101e-14
-7.697483596757962112e-14
-7.098690035925919509e-14
-6.543881716789773611e-14
-6.030133191188001418e-14
-5.554681136029121628e-14
-5.114911565102762855e-14
-4.708362545265425374e-14
-4.332716878085126785e-14
-3.985796281695064003e-14
-3.665555713423566725e-14
-3.370077588457506200e-14
-3.097565985480551478e-14
-2.846343516421596237e-14
-2.614837624871255198e-14
-2.401582658114721065e-14
-2.205212066250787220e-14
-2.024452708693827439e-14
-1.858119561924318329e-14
-1.705112885670805115e-14
-1.564406654504274289e-14
-1.435049702614992700e-14
-1.316160041574561304e-14
-1.206920009310340695e-14
-1.106574477315950128e-14
-1.014419822782281309e-14
-9.298069798163220287e-15
-8.521360165433408125e-15
-7.808544439477738247e-15
-7.154486435084413515e-15
-6.554453242433650139e-15
-6.004088416965359772e-15
-5.499382535107132214e-15
-5.036607705369860621e-15
-4.612349168852837138e-15
-4.223478739358623721e-15
-3.867076839685805669e-15
-3.540483239552806293e-15
-3.241253104145014599e-15
-2.967113870575010872e-15
-2.716006658202295195e-15
-2.486012580724886129e-15
-2.275383697447073776e-15
-2.082510763501892252e-15
-1.905911416938370856e-15
-1.744232964726586927e-15
-1.596224283770815623e-15
-1.460744515409090765e-15
-1.336743590131815352e-15
-1.223255064338218259e-15
-1.119403348783598173e-15
-1.024370002952287008e-15
-9.374164594835173844e-16
-8.578629779197744402e-16
-7.850816684836911336e-16
-7.185012663967694537e-16
-6.576011614989214737e-16
-6.018980531341013191e-16
-5.509515919063060617e-16
-5.043588051385261379e-16
-4.617504216269247241e-16
-4.227880901264961751e-16
-3.871618347821640274e-16
-3.545877282880443101e-16
-3.248057578423565818e-16
-2.975778603526024210e-16
-2.726861149020387193e-16
-2.499310796399754233e-16
-2.291302651044796368e-16
-2.101184171612420888e-16
-1.927415032850954530e-16
-1.768596654840834982e-16
-1.623477541404836340e-16
-1.490866014626169894e-16
-1.369721284222343054e-16
-1.259050015752221043e-16
-1.157975283945579666e-16
-1.065681590399929457e-16
-9.814201932502686666e-17
-9.045122012556610654e-17
-8.343356513988893202e-17
-7.703204377693404654e-17
-7.119437199886042472e-17
-6.587257878783622446e-17
-6.102265790587973901e-17
-5.660553456745888780e-17
-5.258329426584849734e-17
-4.892369259227480046e-17
-4.559580781956921120e-17
-4.257279437401435828e-17
-3.983009866557293724e-17
-3.734479892166246743e-17
-3.509626241589076362e-17
-3.306589640356267724e-17
-3.123553726667656329e-17
-2.958898643318567525e-17
-2.811130922660651294e-17
-2.678912944933378026e-17
-2.561041624104500572e-17
-2.456483239724974310e-17
-2.364260086862049363e-17
-2.283454970511611144e-17
-2.213017976376323906e-17
-2.152027354859672300e-17
-2.099596170323881809e-17
-2.055060637745816496e-17
-2.017864819888818103e-17
-1.987284491896251851e-17
-1.962616287149484122e-17
