# bin_3_3
-1.284296586632356664e-11
-1.288016218792065079e-11
-1.291861700159524409e-11
-1.295839681018888440e-11
-1.299952324215495423e-11
-1.304198754037930105e-11
-1.308577198343466520e-11
-1.313085294647074387e-11
-1.317725953074313485e-11
-1.322507656995700259e-11
-1.327440224048645981e-11
-1.332531692213775258e-11
-1.337780730283734984e-11
-1.343181879869753519e-11
-1.348730989226066368e-11
-1.354435487884059002e-11
-1.360309179526386086e-11
-1.366361480588403834e-11
-1.372587633299983089e-11
-1.378981308731742326e-11
-1.385550315997671734e-11
-1.392313261806601328e-11
-1.399272659379065599e-11
-1.406411547501637828e-11
-1.413722765039729044e-11
-1.421224882271451156e-11
-1.428929774371507365e-11
-1.436826358772145101e-11
-1.444914475698808470e-11
-1.453209217302129408e-11
-1.461704126373128218e-11
-1.470382893615425364e-11
-1.479256622436406501e-11
-1.488322898825518965e-11
-1.497564666921787303e-11
-1.506989476121318449e-11
-1.516588861522428433e-11
-1.526354027610056054e-11
-1.536289168560903599e-11
-1.546386637541502571e-11
-1.556650610382474446e-11
-1.567078083117060265e-11
-1.577673352090314243e-11
-1.588443985848300863e-11
-1.599405755670395879e-11
-1.610567684951593485e-11
-1.621934390531117734e-11
-1.633512516809139371e-11
-1.645313447516827587e-11
-1.657355808334317349e-11
-1.669624824316350276e-11
-1.682087122299578772e-11
-1.694736725094065374e-11
-1.707570448754098886e-11
-1.720580469653463622e-11
-1.733757186465875588e-11
-1.747086053224145295e-11
-1.760546298193957368e-11
-1.774112006216665093e-11
-1.787756127833248687e-11
-1.801438227487627988e-11
-1.815122680578177656e-11
-1.828813761395628489e-11
-1.842510672902010077e-11
-1.856171636863369299e-11
-1.869823771083104598e-11
-1.883501028880671303e-11
-1.897208922985084576e-11
-1.910972295999464156e-11
-1.924825188768692260e-11
-1.938794868522421373e-11
-1.952916846910033947e-11
-1.967130336537241449e-11
-1.981369674377448727e-11
-1.995611391656877391e-11
-2.009794087074492314e-11
-2.023834400563817924e-11
-2.037707501975806498e-11
-2.051422583381332300e-11
-2.064930398619222942e-11
-2.078277169411897413e-11
-2.091539874385187549e-11
-2.104755105483601544e-11
-2.117950478355468322e-11
-2.131074569671684521e-11
-2.144108231099494637e-11
-2.157048167212239753e-11
-2.169909024620773225e-11
-2.182619908152092438e-11
-2.195123814180178853e-11
-2.207408339543254729e-11
-2.219461297050636493e-11
-2.231231606593981819e-11
-2.242773303639554660e-11
-2.254222454794161623e-11
-2.265588033962148844e-11
-2.276870872962546746e-11
-2.288071833786481666e-11
-2.299068912084941363e-11
-2.309828704444728966e-11
-2.320347405927829934e-11
-2.330606638205333980e-11
-2.340729066821119351e-11
-2.350749558891871373e-11
-2.360729056877928554e-11
-2.370631118289358633e-11
-2.380416279932200616e-11
-2.390040471993605171e-11
-2.399513542761760342e-11
-2.408846162401023383e-11
-2.418091391196574113e-11
-2.427300854171817457e-11
-2.436493921557199666e-11
-2.445650425769360554e-11
-2.454714024711952173e-11
-2.463649182333518109e-11
-2.472493121605407605e-11
-2.481274502154018463e-11
-2.490003092239195466e-11
-2.498620472110390318e-11
-2.507088222752963299e-11
-2.515382138994083181e-11
-2.523552655015433627e-11
-2.531616221884761146e-11
-2.539536379629363624e-11
-2.547235711508831788e-11
-2.554638761805783138e-11
-2.561685918391413276e-11
-2.568341430333660301e-11
-2.574554641381963807e-11
-2.580241558424719757e-11
-2.585320913912217365e-11
-2.589731529502696135e-11
-2.593412787259244263e-11
-2.596289438147666703e-11
-2.598261363154647475e-11
-2.599237643572815441e-11
-2.599137940983005963e-11
-2.597866727471174134e-11
-2.595314599332814702e-11
-2.591372842570893295e-11
-2.585936688786604693e-11
-2.578897083455070994e-11
-2.570131951258601659e-11
-2.559523743237077746e-11
-2.546960282960012552e-11
-2.532324001580276442e-11
-2.515500325552110707e-11
-2.496382408962380206e-11
-2.474873159112606113e-11
-2.450880716970453354e-11
-2.424329153065540584e-11
-2.395159623836571852e-11
-2.363328570275850528e-11
-2.328814965792836873e-11
-2.291621551980492984e-11
-2.251775754117402464e-11
-2.209332293358131009e-11
-2.164375620963088254e-11
-2.117018952272679299e-11
-2.067407957060145907e-11
-2.015719216326154789e-11
-1.962161197826243907e-11
-1.906975125278803035e-11
-1.850432697805191361e-11
-1.792835430640890784e-11
-1.734513684938615357e-11
-1.675817226287395346e-11
-1.617113038855339452e-11
-1.558776158480272914e-11
-1.501181949779456388e-11
-1.444690815491275291e-11
-1.389648466627267024e-11
-1.336382811770936432e-11
-1.285201779959448878e-11
-1.236358634157829540e-11
-1.190033484762941024e-11
-1.146311784535761855e-11
-1.105166619271466707e-11
-1.066480242522924146e-11
-1.030038931081281399e-11
-9.955528375718512951e-12
-9.626785527086299613e-12
-9.310442681089360345e-12
-9.002442809438262620e-12
-8.698357322116290639e-12
-8.393515518403296619e-12
-8.083671418417078623e-12
-7.765556250304597687e-12
-7.437282982410535102e-12
-7.098609459580613727e-12
-6.751142576898955181e-12
-6.398400032100200000e-12
-6.045374168885682562e-12
-5.697974957145305113e-12
-5.362421020497381954e-12
-5.044585863502561532e-12
-4.749366777470505099e-12
-4.480090291354603000e-12
-4.237995492335587735e-12
-4.021910064175804722e-12
-3.828264475589026353e-12
-3.651544010301607481e-12
-3.485161180930583217e-12
-3.322665900805428826e-12
-3.159108353652625731e-12
-2.992162012747857719e-12
-2.822556058461531574e-12
-2.653660643764065697e-12
-2.490355468601420421e-12
-2.337473668260963827e-12
-2.198277522005561334e-12
-2.073471226187504960e-12
-1.961133168460197754e-12
-1.857632654297331668e-12
-1.759122600329654261e-12
-1.662992572031065046e-12
-1.568659687694940907e-12
-1.477345266726104173e-12
-1.390987310458062427e-12
-1.310955345693698581e-12
-1.237311848659005087e-12
-1.168993506456306493e-12
-1.104641581807520067e-12
-1.043427879027985995e-12
-9.852964587443084356e-13
-9.305630078810650077e-13
-8.793577616586280923e-13
-8.314239384513971059e-13
-7.863553977224679058e-13
-7.439048757842443426e-13
-7.040026738759704568e-13
-6.665590114256585622e-13
-6.313760762895189763e-13
-5.982538201401131516e-13
-5.670844595298575532e-13
-5.377923422203421224e-13
-5.102557352312999047e-13
-4.843272793433591519e-13
-4.598956960633963022e-13
-4.368816819483901599e-13
-4.151988426118892703e-13
-3.947494566678671676e-13
-3.754482294436209814e-13
-3.572239631401121639e-13
-3.400066265217392451e-13
-3.237271667659606570e-13
-3.083233553075494787e-13
-2.937378420820136559e-13
-2.799155667128622080e-13
-2.668060820483000849e-13
-2.543636757193354151e-13
-2.425456911206329994e-13
-2.313125066110543750e-13
-2.206273555324463939e-13
-2.104559152976911685e-13
-2.007662071294894040e-13
-1.915285690184835453e-13
-1.827155866813917739e-13
-1.743019970486828023e-13
-1.662645518003172206e-13
-1.585818485982189600e-13
-1.512341680956438283e-13
-1.442033324676022744e-13
-1.374725712293855715e-13
-1.310264088486888872e-13
-1.248505499308604514e-13
-1.189317775961638764e-13
-1.132578681045887381e-13
-1.078175193192142567e-13
-1.026002824800678286e-13
-9.759649066973122984e-14
-9.279717926620179671e-14
-8.819401221173778751e-14
-8.377922136525719504e-14
-7.954555782194080683e-14
-7.548624681877565558e-14
-7.159493992252427421e-14
-6.786566474369661479e-14
-6.429278139341695652e-14
-6.087094825333524862e-14
-5.759509367880605763e-14
-5.446038983378301389e-14
-5.146222362787405260e-14
-4.859616905265824307e-14
-4.585796461922796091e-14
-4.324349629046506878e-14
-4.074878562576610388e-14
-3.836996275053600287e-14
-3.610326197891120323e-14
-3.394500570714913373e-14
-3.189159708784179480e-14
-2.993951546163218974e-14
-2.808530957464894712e-14
-2.632558746968984902e-14
-2.465700696595031948e-14
-2.307627121143881795e-14
-2.158013043048729654e-14
-2.016538514412084073e-14
-1.882888908692373901e-14
-1.756753725312282382e-14
-1.637826740233906238e-14
-1.525805920349526461e-14
-1.420393740802003791e-14
-1.321297756686110513e-14
-1.228231061163844643e-14
-1.140912510555002948e-14
-1.059067023053849828e-14
-9.824254642349952142e-15
-9.107249556009674815e-15
-8.437096633684875379e-15
-7.811310054847369915e-15
-7.227480044454148923e-15
-6.683276192856418696e-15
-6.176449947300060857e-15
-5.704830524444840671e-15
-5.266333475200611953e-15
-4.858959027142064769e-15
-4.480793340221236213e-15
-4.130009537246005638e-15
-3.804861136821654027e-15
-3.503688613366290163e-15
-3.224915515189259929e-15
-2.967049857537362020e-15
-2.728674151081504897e-15
-2.508451574208369482e-15
-2.305121991603644480e-15
-2.117498296491456424e-15
-1.944461243975641848e-15
-1.784961970987210670e-15
-1.638018239037160025e-15
-1.502706129189840071e-15
-1.378164381522395539e-15
-1.263588304558230397e-15
-1.158224493421262229e-15
-1.061374167389492388e-15
-9.723836006115908223e-16
-8.906465179627973026e-16
-8.155991810073272849e-16
-7.467175182336798742e-16
-6.835166512131602184e-16
-6.255458227152251585e-16
-5.723888929658314567e-16
-5.236599939578903035e-16
-4.790024744385530421e-16
-4.380875435598292855e-16
-4.006102194942715539e-16
-3.662905497833979072e-16
-3.348695436276232579e-16
-3.061084102232061703e-16
-2.797876482265989106e-16
-2.557052746661798316e-16
-2.336747638487507804e-16
-2.135249983400259099e-16
-1.950986700947348217e-16
-1.782512269176355045e-16
-1.628498889601236717e-16
-1.487727304586143710e-16
-1.359078257328134677e-16
-1.241524530701042128e-16
-1.134123587241620416e-16
-1.036010867671065313e-16
-9.463937225779575043e-17
-8.645458702106166871e-17
-7.898024133749053853e-17
-7.215571237016206739e-17
-6.592507808939635763e-17
-6.023752330740744027e-17
-5.504653346765603613e-17
-5.030934125841705300e-17
-4.598692948496159030e-17
-4.204345774298381558e-17
-3.844600281501554153e-17
-3.516447793383809367e-17
-3.217135660696366711e-17
-2.944137547699241563e-17
-2.695148809126675699e-17
-2.468065477725357743e-17
-2.260971315016626978e-17
-2.072110348161749525e-17
-1.899883019747322558e-17
-1.742834829922692178e-17
-1.599631135670348583e-17
-1.469059802868501212e-17
-1.350008282631339464e-17
-1.241465025845964180e-17
-1.142506352707175518e-17
-1.052289130425183771e-17
-9.700438853784289791e-18
-8.950684878049549769e-18
-8.267242659614370264e-18
-7.644260742742232123e-18
-7.076432447060352653e-18
-6.558891721021924570e-18
-6.087215235714915496e-18
-5.657371919671072318e-18
-5.265705089526737424e-18
-4.908868500436829512e-18
-4.583820895536978163e-18
-4.287766990374677023e-18
