# bin_2_4
-9.494618494743522197e-12
-9.542927218800744199e-12
-9.592986545117921388e-12
-9.644911230696577043e-12
-9.698808548315102482e-12
-9.754702662349834759e-12
-9.812584705382959085e-12
-9.872432644970519818e-12
-9.934239378088731514e-12
-9.998118541108865599e-12
-1.006423756004398135e-11
-1.013277501045624867e-11
-1.020380665502109255e-11
-1.027727466159813782e-11
-1.035310048623714427e-11
-1.043133103374730566e-11
-1.051219620049274015e-11
-1.059592676459090722e-11
-1.068254057492496665e-11
-1.077188907714556224e-11
-1.086395227696951509e-11
-1.095901410886935820e-11
-1.105731879999833927e-11
-1.115876761681583661e-11
-1.126318739703429407e-11
-1.137081444251489296e-11
-1.148194299691978211e-11
-1.159644952038354585e-11
-1.171420018129887495e-11
-1.183551958878960709e-11
-1.196051513279802634e-11
-1.208894050879579220e-11
-1.222103392723622212e-11
-1.235694946351726359e-11
-1.249645862595893241e-11
-1.263977281371299451e-11
-1.278693352931027009e-11
-1.293784149672450431e-11
-1.309265422132530180e-11
-1.325126414331430038e-11
-1.341374856234048243e-11
-1.358005568048369262e-11
-1.375019179409684194e-11
-1.392411978803455509e-11
-1.410179876170538725e-11
-1.428318320311402841e-11
-1.446820703036849356e-11
-1.465678567167502244e-11
-1.484883952126426545e-11
-1.504424613900111918e-11
-1.524288883136221446e-11
-1.544461962315125846e-11
-1.564928171044435835e-11
-1.585668720604930547e-11
-1.606664207113870825e-11
-1.627891610347708808e-11
-1.649326628061881044e-11
-1.670942484667472311e-11
-1.692709438538615452e-11
-1.714596040654717131e-11
-1.736567687263452536e-11
-1.758587419984868458e-11
-1.780615749316260533e-11
-1.802610112724424636e-11
-1.824525174244462178e-11
-1.846313240968253245e-11
-1.867924803370241995e-11
-1.889306444889951578e-11
-1.910401719349768468e-11
-1.931154339228680400e-11
-1.951503249151994078e-11
-1.971387353449318829e-11
-1.990742566862164266e-11
-2.009504609687091171e-11
-2.027607319748096512e-11
-2.044984434857786339e-11
-2.061569275880735927e-11
-2.077295444620591721e-11
-2.092097335778667619e-11
-2.105910675112221193e-11
-2.118672934365545742e-11
-2.130324636268015377e-11
-2.140809416460919575e-11
-2.150070350754231912e-11
-2.158061692708173050e-11
-2.164741911901157402e-11
-2.170066131410941084e-11
-2.174011473075948881e-11
-2.176547122491421076e-11
-2.177655801414199827e-11
-2.177330126187913799e-11
-2.175558595425579324e-11
-2.172350986729679141e-11
-2.167706929942621236e-11
-2.161648334268827865e-11
-2.154187602965004470e-11
-2.145355226981136794e-11
-2.135186967126441377e-11
-2.123709950364477282e-11
-2.110949857470645191e-11
-2.096965976306520992e-11
-2.081759370106365983e-11
-2.065393831093292024e-11
-2.047876338081594344e-11
-2.029249748648648845e-11
-2.009539893944080560e-11
-1.988777248795113090e-11
-1.966994964284338198e-11
-1.944232598011860869e-11
-1.920520813439397320e-11
-1.895916185697127547e-11
-1.870455989714907957e-11
-1.844197733169313497e-11
-1.817205254049715945e-11
-1.789530056239769639e-11
-1.761231583589348019e-11
-1.732371433744377149e-11
-1.702998534569373121e-11
-1.673152322125177284e-11
-1.642869777765522431e-11
-1.612182497940624502e-11
-1.581118379322907741e-11
-1.549704547900551175e-11
-1.517970964361429002e-11
-1.485952358090976414e-11
-1.453687922668632855e-11
-1.421218612615080819e-11
-1.388584441796279917e-11
-1.355824404104856050e-11
-1.322972613702948428e-11
-1.290060184350886538e-11
-1.257120142836667155e-11
-1.224189196946557240e-11
-1.191307941228626512e-11
-1.158523534361679076e-11
-1.125881145909558330e-11
-1.093425942663744640e-11
-1.061200211320119190e-11
-1.029244668355131596e-11
-9.976025190335831111e-12
-9.663174687965534453e-12
-9.354312061324042733e-12
-9.049829482685223314e-12
-8.750055670385624152e-12
-8.455301312497052038e-12
-8.165851275713211759e-12
-7.881960252751980031e-12
-7.603848945167835789e-12
-7.331684213688113810e-12
-7.065636839382364962e-12
-6.805849798349708853e-12
-6.552450081773564797e-12
-6.305550468742635340e-12
-6.065243121431947037e-12
-5.831611461816641442e-12
-5.604709428880991612e-12
-5.384563995870691478e-12
-5.171157500361780165e-12
-4.964445450880094034e-12
-4.764335581310967358e-12
-4.570708396893622875e-12
-4.383409076308756916e-12
-4.202258224638382823e-12
-4.027055500598684323e-12
-3.857605220630352810e-12
-3.693722797418081065e-12
-3.535242125143946597e-12
-3.382029945474791178e-12
-3.233984888364766352e-12
-3.091051014827386168e-12
-2.953200450809879527e-12
-2.820425305307354431e-12
-2.692732741374772829e-12
-2.570129786696444475e-12
-2.452618264493967648e-12
-2.340171681659939963e-12
-2.232722494420480200e-12
-2.130145498895942077e-12
-2.032247536606061046e-12
-1.938781818175925330e-12
-1.849463363787491275e-12
-1.763995334478861441e-12
-1.682100975581394303e-12
-1.603557515273298964e-12
-1.528216005615113880e-12
-1.456009079960320460e-12
-1.386938306445633644e-12
-1.321043009557808545e-12
-1.258362952724968802e-12
-1.198896034421088161e-12
-1.142558781730169090e-12
-1.089184580225145464e-12
-1.038534220200008063e-12
-9.903362983014002465e-13
-9.443301913295281504e-13
-9.002997713718006287e-13
-8.580867809952035234e-13
-8.175872959823060240e-13
-7.787452759696854825e-13
-7.415431101818523525e-13
-7.059903938076357972e-13
-6.721109917684537227e-13
-6.399286171552645332e-13
-6.094508357223086618e-13
-5.806551871952500020e-13
-5.534802036960599651e-13
-5.278219009500975643e-13
-5.035367707362980873e-13
-4.804567061840181810e-13
-4.584169419911055741e-13
-4.372861793419511189e-13
-4.169843622682422085e-13
-3.974797890934732975e-13
-3.787718008553722947e-13
-3.608750366039657760e-13
-3.438094182517368668e-13
-3.275882285989613216e-13
-3.122023617557153886e-13
-2.976087877650510421e-13
-2.837335260347380289e-13
-2.704905158877907836e-13
-2.578057488293109886e-13
-2.456337336948734296e-13
-2.339600142434091081e-13
-2.227894886706241297e-13
-2.121280688191741114e-13
-2.019684892544746230e-13
-1.922854318928066732e-13
-1.830412231634913431e-13
-1.741984534214905016e-13
-1.657315200076227900e-13
-1.576291315258677223e-13
-1.498860912901249249e-13
-1.424929195649244660e-13
-1.354328466638229323e-13
-1.286862611538171383e-13
-1.222367135404151554e-13
-1.160726216453467659e-13
-1.101844731529639410e-13
-1.045617785702178754e-13
-9.919275035253281461e-14
-9.406595074743879769e-14
-8.917138723705842892e-14
-8.450013944273057556e-14
-8.004332729757462136e-14
-7.579198394908457651e-14
-7.173763981096835469e-14
-6.787244841303898071e-14
-6.418880586901275419e-14
-6.067930887484529069e-14
-5.733687864149760392e-14
-5.415474923280967642e-14
-5.112639684602563281e-14
-4.824552209444363405e-14
-4.550607245000606344e-14
-4.290221414498912977e-14
-4.042832393228952191e-14
-3.807899208703542003e-14
-3.584900316647188702e-14
-3.373332021533915459e-14
-3.172707507895111527e-14
-2.982556318749505389e-14
-2.802423999540043958e-14
-2.631871728662120848e-14
-2.470475825874911573e-14
-2.317827202759974148e-14
-2.173530851386401864e-14
-2.037205393062275230e-14
-1.908482684534098070e-14
-1.787007433878667168e-14
-1.672436822674799148e-14
-1.564440165058059656e-14
-1.462698636474139771e-14
-1.366905044224972149e-14
-1.276763610536269856e-14
-1.191989723918252789e-14
-1.112309682926004079e-14
-1.037460460356499827e-14
-9.671894818319921305e-15
-9.012544069086961708e-15
-8.394229079898505251e-15
-7.814724319241657083e-15
-7.271899614843846327e-15
-6.763717737839399712e-15
-6.288232023525161088e-15
-5.843584017544823721e-15
-5.428001059896424588e-15
-5.039793719902727846e-15
-4.677353281213241614e-15
-4.339149169779428639e-15
-4.023726391783414400e-15
-3.729702988831443869e-15
-3.455767527114878694e-15
-3.200676607976354836e-15
-2.963252397850151042e-15
-2.742380086207928852e-15
-2.537005369289252325e-15
-2.346131999217604755e-15
-2.168819392856417335e-15
-2.004180283238388112e-15
-1.851378415038959089e-15
-1.709626239132561273e-15
-1.578182667936087487e-15
-1.456350887375426169e-15
-1.343476221785074078e-15
-1.238944054108530213e-15
-1.142177788369052322e-15
-1.052636868142662748e-15
-9.698149007169447761e-16
-8.932378546734455922e-16
-8.224623061356241776e-16
-7.570737169147483492e-16
-6.966847604035316822e-16
-6.409337354543458798e-16
-5.894830861450064616e-16
-5.420180028756936695e-16
-4.982450853320138628e-16
-4.578910390291671674e-16
-4.207014161837747366e-16
-3.864394199349727460e-16
-3.548847949250334975e-16
-3.258327945011505448e-16
-2.990932049795559394e-16
-2.744894102573260890e-16
-2.518574999943816052e-16
-2.310454236326924026e-16
-2.119122008197218334e-16
-1.943271821486326593e-16
-1.781693558724845855e-16
-1.633266942583595068e-16
-1.496955367110324868e-16
-1.371800076526499999e-16
-1.256914727938314670e-16
-1.151480585123851971e-16
-1.054740866988898546e-16
-9.660017200863387597e-17
-8.846182025523705957e-17
-8.099942895262003440e-17
-7.415902512672499136e-17
-6.788901875909706646e-17
-6.214438979048469023e-17
-5.688077190598238473e-17
-5.206020896364347778e-17
-4.764526291492692405e-17
-4.360314922559605145e-17
-3.990326351263815976e-17
-3.651652154458684600e-17
-3.341836728627827887e-17
-3.058393061346877346e-17
-2.799117203024237638e-17
-2.562057439294067746e-17
-2.345360557546484946e-17
-2.147284155355707574e-17
-1.966276641175467115e-17
-1.800912584093234639e-17
-1.649882242345044709e-17
-1.511982110885080175e-17
-1.386107044468758080e-17
-1.271238991370736581e-17
-1.166446780972990823e-17
-1.070872612781745951e-17
-9.837294855587062992e-18
-9.042949533679644005e-18
-8.319060103702200305e-18
-7.659573839556074220e-18
-7.059284618826912910e-18
-6.512660300716654698e-18
-6.015199667880414750e-18
-5.562680346449280166e-18
-5.151070551942052531e-18
-4.776828617717445630e-18
-4.436733376962246177e-18
-4.127661588374516729e-18
-3.846914469824175807e-18
-3.592015262345211425e-18
-3.360699211937870523e-18
-3.150844508565125901e-18
-2.960592608682691246e-18
-2.788184825046278146e-18
-2.632021347691519502e-18
-2.490637551920084039e-18
-2.362790319177811242e-18
-2.247168917819166798e-18
-2.142749926373933865e-18
-2.048485821964903761e-18
-1.963466864796519628e-18
-1.886861735444730270e-18
-1.817904623120352103e-18
-1.755892787120227482e-18
-1.700195718565071180e-18
-1.650241588890521060e-18
-1.605490726119508439e-18
-1.565461918010058953e-18
-1.529722710109835371e-18
-1.497883941484849379e-18
-1.469598601769803907e-18
-1.444554048808820742e-18
-1.422469848406876629e-18
-1.403052993574159680e-18
-1.386024476645944078e-18
