# bin_1_3
-1.069532302038694766e-11
-1.072043674369576862e-11
-1.074625704374662706e-11
-1.077279774134895561e-11
-1.080010056218653279e-11
-1.082821460175295384e-11
-1.085719251296207361e-11
-1.088704883404692674e-11
-1.091775111597867721e-11
-1.094925560054935135e-11
-1.098152800388587845e-11
-1.101460649615111493e-11
-1.104856319833165199e-11
-1.108346046005153486e-11
-1.111927592526049800e-11
-1.115593264363238103e-11
-1.119338769043015333e-11
-1.123172993774233020e-11
-1.127108285371885873e-11
-1.131146058787251187e-11
-1.135271467162321354e-11
-1.139475061175817978e-11
-1.143765276887423261e-11
-1.148149767492372628e-11
-1.152619321629658172e-11
-1.157167242655594318e-11
-1.161806223554711135e-11
-1.166539896076703537e-11
-1.171350643031005504e-11
-1.176235988035077077e-11
-1.181201329131563245e-11
-1.186231951307998044e-11
-1.191320064582890636e-11
-1.196467675308369864e-11
-1.201658951145978758e-11
-1.206886974877774725e-11
-1.212147962561603746e-11
-1.217429710770652741e-11
-1.222728753974257013e-11
-1.228034032426671119e-11
-1.233341363700295910e-11
-1.238647943765276429e-11
-1.243960696245932760e-11
-1.249285180589369282e-11
-1.254621813314825729e-11
-1.259971720104526908e-11
-1.265340834008304408e-11
-1.270739204433426276e-11
-1.276177944347384007e-11
-1.281626072331823657e-11
-1.287055169404340950e-11
-1.292454514411312271e-11
-1.297813214877164101e-11
-1.303115058571375496e-11
-1.308341396160755709e-11
-1.313470546381880467e-11
-1.318478973225989105e-11
-1.323342016628851514e-11
-1.328029751618580215e-11
-1.332498963200169245e-11
-1.336713849251231008e-11
-1.340676047821600914e-11
-1.344353634695037592e-11
-1.347705231971718551e-11
-1.350753630700077355e-11
-1.353519044218893192e-11
-1.356000751832715003e-11
-1.358221897126756122e-11
-1.360200045133861235e-11
-1.361957943040994304e-11
-1.363522151758282594e-11
-1.364824922350074896e-11
-1.365814641644916731e-11
-1.366461986612989502e-11
-1.366695878105661590e-11
-1.366431594728517522e-11
-1.365642698084955883e-11
-1.364313921162714504e-11
-1.362391191333095275e-11
-1.359915606692356051e-11
-1.356954226783382543e-11
-1.353542232979014701e-11
-1.349702893654407293e-11
-1.345384526592756884e-11
-1.340564405078292456e-11
-1.335234978130063111e-11
-1.329400999599091226e-11
-1.322986436869028652e-11
-1.315946798480983408e-11
-1.308272126252409662e-11
-1.299947492992846503e-11
-1.290913602192511944e-11
-1.281217217348986382e-11
-1.270979963176212276e-11
-1.260213321208317567e-11
-1.248935824282849414e-11
-1.237155964999343955e-11
-1.224757533734992118e-11
-1.211714186513889040e-11
-1.198016669023362022e-11
-1.183651920975719640e-11
-1.168738994766466023e-11
-1.153320716695393852e-11
-1.137471769716918893e-11
-1.121174418768092803e-11
-1.104407525262275386e-11
-1.087138388218619810e-11
-1.069391707455583881e-11
-1.051197863809151151e-11
-1.032623539990867854e-11
-1.013738830197596617e-11
-9.945970186950150252e-12
-9.752043816702662652e-12
-9.555372630795027651e-12
-9.356016181930370159e-12
-9.154558055313011574e-12
-8.951787256847324971e-12
-8.748238839059256888e-12
-8.544088138226024191e-12
-8.339261294929491588e-12
-8.133818724300777363e-12
-7.928251790551939103e-12
-7.723175989621061051e-12
-7.518874608661327495e-12
-7.315424915112359514e-12
-7.112854363975357022e-12
-6.911330125279020650e-12
-6.711316390348508377e-12
-6.513169455016274751e-12
-6.316916586711217608e-12
-6.122599950708729555e-12
-5.930474634390385461e-12
-5.740873939420703895e-12
-5.554042074622009981e-12
-5.370020238302330367e-12
-5.188949008017044439e-12
-5.011123476646367849e-12
-4.836739789443738857e-12
-4.665881859113786490e-12
-4.498648131685018195e-12
-4.335193251635846280e-12
-4.175651330249024667e-12
-4.020030938955845878e-12
-3.868363552481113624e-12
-3.720721871618983453e-12
-3.577096325242132561e-12
-3.437455202761678419e-12
-3.301774374679845234e-12
-3.170039478246732160e-12
-3.042184327636673686e-12
-2.918160806550134507e-12
-2.797941525303483765e-12
-2.681475790768433334e-12
-2.568729541962096807e-12
-2.459681505602978494e-12
-2.354307820138094739e-12
-2.252584211143980051e-12
-2.154495777202321269e-12
-2.060009842224142913e-12
-1.969090965356908356e-12
-1.881687543238830885e-12
-1.797732188601229735e-12
-1.717137237966183840e-12
-1.639798323915390908e-12
-1.565598070734052283e-12
-1.494409330619680607e-12
-1.426107070467863688e-12
-1.360569565909251024e-12
-1.297690077451869500e-12
-1.237378751218404538e-12
-1.179564082307778219e-12
-1.124189642112957945e-12
-1.071206145228741281e-12
-1.020569832921176120e-12
-9.722351450501452898e-13
-9.261489298314390038e-13
-8.822531907417039824e-13
-8.404832003291096381e-13
-8.007678347596611908e-13
-7.630313049935261577e-13
-7.271919936114273496e-13
-6.931599260588635866e-13
-6.608394617696174239e-13
-6.301318829392648112e-13
-6.009404500615587361e-13
-5.731743013140408534e-13
-5.467507726019076916e-13
-5.215959811796670513e-13
-4.976418264484691159e-13
-4.748210672905204888e-13
-4.530639359481898759e-13
-4.322988057375489920e-13
-4.124576792751549226e-13
-3.934809234701655901e-13
-3.753227802232446973e-13
-3.579551871030766663e-13
-3.413670794729788254e-13
-3.255589333749416373e-13
-3.105341060022963511e-13
-2.962895411948359393e-13
-2.828078529212829000e-13
-2.700525255883623908e-13
-2.579681338786967254e-13
-2.464855376835461390e-13
-2.355312521420192057e-13
-2.250396016050527885e-13
-2.149631614100922623e-13
-2.052760320046703769e-13
-1.959698966236958637e-13
-1.870463097343227705e-13
-1.785088920600569892e-13
-1.703578465049325379e-13
-1.625860765983196103e-13
-1.551769713013723030e-13
-1.481057223553782909e-13
-1.413436137491775728e-13
-1.348634244185542304e-13
-1.286439514455740817e-13
-1.226720485207109591e-13
-1.169415116842886871e-13
-1.114491125213147943e-13
-1.061900360862419153e-13
-1.011556931855932042e-13
-9.633457307220313393e-14
-9.171491202065763588e-14
-8.728673366299041157e-14
-8.304208852531915801e-14
-7.897429133785253504e-14
-7.507708400098273298e-14
-7.134433461973553060e-14
-6.777020265293016168e-14
-6.434901932765524967e-14
-6.107484364912651876e-14
-5.794160576376605193e-14
-5.494390083522002230e-14
-5.207725376380186113e-14
-4.933738665480573099e-14
-4.671965643650131414e-14
-4.421931384866572892e-14
-4.183203762303672880e-14
-3.955393196879832801e-14
-3.738113133409653320e-14
-3.530969690870869387e-14
-3.333584885043080102e-14
-3.145602426713469659e-14
-2.966673238622578447e-14
-2.796452655320374624e-14
-2.634607837834225795e-14
-2.480816408856087281e-14
-2.334762462000835688e-14
-2.196138660425752481e-14
-2.064646750619726057e-14
-1.939995900367498029e-14
-1.821902948985764201e-14
-1.710092551864128333e-14
-1.604296755389625116e-14
-1.504254866644622432e-14
-1.409713457448033820e-14
-1.320426368162024994e-14
-1.236154733485190592e-14
-1.156666985741464869e-14
-1.081738812757197763e-14
-1.011153114201911733e-14
-9.447000960810572428e-15
-8.821766970652800862e-15
-8.233871011242823967e-15
-7.681424658611779182e-15
-7.162608487045602433e-15
-6.675671389574712870e-15
-6.218929797915748531e-15
-5.790766756263682413e-15
-5.389630933894759926e-15
-5.014035475294675587e-15
-4.662556788257524159e-15
-4.333833272807270257e-15
-4.026564006576119403e-15
-3.739507385652378871e-15
-3.471479648035193828e-15
-3.221353283731587370e-15
-2.988055433741955707e-15
-2.770566292086852492e-15
-2.567917476641736872e-15
-2.379190381034379113e-15
-2.203514465754573628e-15
-2.040065520838686596e-15
-1.888063956322834378e-15
-1.746775246477191374e-15
-1.615502921716987303e-15
-1.493589311103956607e-15
-1.380416121595938545e-15
-1.275401164697432167e-15
-1.177996720394894314e-15
-1.087687936952537736e-15
-1.003991255552799546e-15
-9.264528513828027378e-16
-8.546471128961379626e-16
-7.881751792184614006e-16
-7.266635390025950490e-16
-6.697643988822536723e-16
-6.171507705278499446e-16
-5.685153512412667825e-16
-5.235728740362372142e-16
-4.820570391507360431e-16
-4.437193944576892388e-16
-4.083282743221368884e-16
-3.756677892586099851e-16
-3.455377920417359516e-16
-3.177523897641451337e-16
-2.921348894520109516e-16
-2.685233008446387161e-16
-2.467670237576889857e-16
-2.267261121410652293e-16
-2.082707632981677046e-16
-1.912830047120685557e-16
-1.756477442988538860e-16
-1.612611512219671584e-16
-1.480269598838167546e-16
-1.358560879681924894e-16
-1.246685122658610632e-16
-1.143847297176207883e-16
-1.049339434961179155e-16
-9.625065833089971310e-17
-8.827662780422779989e-17
-8.095375591578374711e-17
-7.422989184677938362e-17
-6.805790281850231785e-17
-6.239495790513325782e-17
-5.719826059915345578e-17
-5.243045798745360227e-17
-4.805900930829239156e-17
-4.404956871748433025e-17
-4.037333697334079351e-17
-3.700431728100939885e-17
-3.391572884983511456e-17
-3.108618120372257256e-17
-2.849350939082353753e-17
-2.611844029279969349e-17
-2.394347256427500073e-17
-2.195137748702959172e-17
-2.012792924314687312e-17
-1.845829606332504983e-17
-1.693042693969919928e-17
-1.553209960386126983e-17
-1.425258201963753078e-17
-1.308235814679198248e-17
-1.201164564907663529e-17
-1.103279393704806024e-17
-1.013781144363681880e-17
-9.319496886427093337e-18
-8.571658778403661153e-18
-7.888531961118288426e-18
-7.264394172998725970e-18
-6.694328078627447458e-18
-6.173818217612331179e-18
-5.698718932924064271e-18
-5.265224442903136587e-18
-4.869840928357623293e-18
-4.509360599829627338e-18
-4.180837727136801636e-18
-3.881566644848131470e-18
-3.609061596900958652e-18
-3.361038410670052601e-18
-3.135398081703434161e-18
-2.930212348179459865e-18
-2.743931283561368312e-18
-2.574717394872307973e-18
-2.421138398361247991e-18
-2.281935662655685501e-18
-2.155735470996946822e-18
-2.041492167021662918e-18
-1.938126807052957648e-18
-1.844643189552459494e-18
-1.760188466140403519e-18
-1.683997929624653287e-18
-1.615282737230171319e-18
-1.553373957994599062e-18
-1.497656164337564365e-18
-1.447592036006985713e-18
-1.402650293357830172e-18
-1.362349209774523451e-18
-1.326288089475280630e-18
-1.294060797440948538e-18
-1.265320897540928009e-18
-1.239716730246980659e-18
-1.216946492845244865e-18
-1.196727225678579300e-18
-1.178797281152607905e-18
-1.162917006682485382e-18
-1.148867851545386878e-18
-1.136461322657918818e-18
-1.125515138862767505e-18
-1.115876870953298106e-18
-1.107397900050848943e-18
-1.099950767012137182e-18
-1.093420025160975255e-18
-1.087707091274420966e-18
-1.082722018996231350e-18
-1.078390939236606670e-18
-1.074638964407205392e-18
-1.071397511610119502e-18
