# bin_2
0.000000000000000000e+00
0.000000000000000000e+00
0.000000000000000000e+00
0.000000000000000000e+00
0.000000000000000000e+00
0.000000000000000000e+00
7.458987921740380111e-02
1.867705720936523386e-02
8.427923256068602445e-03
2.032427641733983506e-02
1.446498645566587742e-02
2.959744431402484485e-02
2.735090563513978973e-02
6.881476134088808372e-02
5.835420524461586156e-02
8.605644388850412774e-03
1.285782906870757900e-02
2.382973833397025731e-02
3.637308726165978251e-02
7.624893724141419693e-02
2.000277550664407086e-02
3.635079384636299982e-02
1.040142537524952338e-01
6.810980077823237944e-02
8.730575331630634206e-02
1.133806399524239783e-01
1.136133430234514408e-01
2.145346091501211527e-01
3.561754993798378899e-01
6.385049730210103913e-01
1.297520859887367539e+00
2.258008599708613229e+00
1.367425092947315513e+00
3.386063543388863728e+00
3.620071195388082863e+00
3.176883512712315838e+00
2.572208903971453520e+00
3.197948109285988050e+00
2.655916636361502103e+00
2.035205198826339767e+00
2.249885336891070953e+00
2.746199650513358570e+00
2.870110374398511244e+00
2.078074848665954821e+00
1.997936151106876057e+00
2.116525660728567626e+00
1.628934029877125544e+00
1.485581036772840147e+00
1.249795954420800825e+00
8.442482453247139862e-01
4.727912408243313824e-01
2.965785689530360814e-01
1.838393888076406690e-01
7.077512016239023707e-02
1.472245094938384735e-01
1.627518801505414558e-01
7.859473496394393799e-02
9.860596030605621454e-02
6.898065416780280179e-02
4.811627241309834185e-02
4.103874234006686661e-02
2.081717355416477441e-02
4.205656341614537330e-02
2.656216567814805030e-02
4.372067461139966804e-03
0.000000000000000000e+00
0.000000000000000000e+00
0.000000000000000000e+00
1.043072784013824097e-02
3.998205599570207186e-03
0.000000000000000000e+00
3.895016358079220198e-02
6.957861978529868326e-03
1.058140541292730552e-02
2.930960622667138499e-02
2.479119034054537429e-02
1.113875208319046496e-02
4.836908193988998655e-02
4.737734776518321388e-03
3.507435563574579519e-03
2.017096909544378522e-02
2.286449066235634112e-02
2.784055346723801269e-02
1.854108636448217884e-02
2.216126507861653980e-02
2.083512516389411651e-02
2.263443971566300381e-02
1.688840691094957089e-02
1.246328570415525770e-02
3.655837961560802485e-02
2.286663335716359810e-02
4.381014966218669399e-02
2.161021283105795179e-02
2.365166283732137928e-02
3.071384364903472289e-02
4.334253557271213267e-03
1.370564044725872122e-02
2.111463017184748645e-02
2.436142236992704102e-02
3.383113395017686015e-02
5.324304465020782487e-03
9.290515373150929485e-03
0.000000000000000000e+00
5.063652025313390356e-03
1.628773958533771826e-02
1.760689661762754148e-03
1.968948316496960463e-02
1.330173309694891205e-02
1.398117439046151801e-02
0.000000000000000000e+00
0.000000000000000000e+00
4.583599961136871313e-03
0.000000000000000000e+00
0.000000000000000000e+00
5.533016716351961233e-03
0.000000000000000000e+00
0.000000000000000000e+00
0.000000000000000000e+00
1.084428931138207292e-02
5.867925039924779158e-03
0.000000000000000000e+00
0.000000000000000000e+00
1.054858126717141652e-02
0.000000000000000000e+00
0.000000000000000000e+00
0.000000000000000000e+00
0.000000000000000000e+00
1.019732532973298932e-02
0.000000000000000000e+00
0.000000000000000000e+00
0.000000000000000000e+00
1.009890644479753035e-03
0.000000000000000000e+00
0.000000000000000000e+00
0.000000000000000000e+00
1.757582809073591698e-02
2.936628907537960301e-03
6.616861258933516045e-03
4.831742757209899798e-03
0.000000000000000000e+00
1.669626327044454808e-02
5.194262182760612905e-03
7.010828327181693395e-03
6.272872276513215620e-03
1.841149910530078329e-02
0.000000000000000000e+00
0.000000000000000000e+00
5.422373377069633626e-03
5.022042737286583347e-03
2.134169856276240881e-03
1.007576110407133047e-02
0.000000000000000000e+00
1.213292006483920014e-02
0.000000000000000000e+00
7.891791937939375903e-03
0.000000000000000000e+00
1.310501953905166689e-02
6.602593873363497325e-03
0.000000000000000000e+00
0.000000000000000000e+00
4.855334016703146890e-03
5.716742459851631084e-03
8.549125579282782633e-03
9.948075311274758373e-03
2.025016943852243900e-03
0.000000000000000000e+00
0.000000000000000000e+00
0.000000000000000000e+00
0.000000000000000000e+00
0.000000000000000000e+00
5.907477333104543468e-03
0.000000000000000000e+00
0.000000000000000000e+00
0.000000000000000000e+00
1.146893799630648546e-02
8.572580969740428367e-03
0.000000000000000000e+00
0.000000000000000000e+00
0.000000000000000000e+00
0.000000000000000000e+00
0.000000000000000000e+00
0.000000000000000000e+00
0.000000000000000000e+00
0.000000000000000000e+00
0.000000000000000000e+00
0.000000000000000000e+00
2.546947457068217836e-03
0.000000000000000000e+00
2.669761159688910628e-03
0.000000000000000000e+00
0.000000000000000000e+00
0.000000000000000000e+00
0.000000000000000000e+00
0.000000000000000000e+00
0.000000000000000000e+00
0.000000000000000000e+00
0.000000000000000000e+00
0.000000000000000000e+00
0.000000000000000000e+00
0.000000000000000000e+00
0.000000000000000000e+00
0.000000000000000000e+00
0.000000000000000000e+00
0.000000000000000000e+00
0.000000000000000000e+00
0.000000000000000000e+00
2.403241014679053950e-03
0.000000000000000000e+00
0.000000000000000000e+00
0.000000000000000000e+00
0.000000000000000000e+00
0.000000000000000000e+00
0.000000000000000000e+00
0.000000000000000000e+00
0.000000000000000000e+00
5.565863456118320084e-03
0.000000000000000000e+00
0.000000000000000000e+00
0.000000000000000000e+00
0.000000000000000000e+00
0.000000000000000000e+00
0.000000000000000000e+00
0.000000000000000000e+00
0.000000000000000000e+00
0.000000000000000000e+00
0.000000000000000000e+00
0.000000000000000000e+00
0.000000000000000000e+00
0.000000000000000000e+00
0.000000000000000000e+00
0.000000000000000000e+00
0.000000000000000000e+00
0.000000000000000000e+00
0.000000000000000000e+00
0.000000000000000000e+00
0.000000000000000000e+00
0.000000000000000000e+00
0.000000000000000000e+00
0.000000000000000000e+00
0.000000000000000000e+00
0.000000000000000000e+00
0.000000000000000000e+00
0.000000000000000000e+00
0.000000000000000000e+00
0.000000000000000000e+00
0.000000000000000000e+00
0.000000000000000000e+00
0.000000000000000000e+00
0.000000000000000000e+00
0.000000000000000000e+00
0.000000000000000000e+00
0.000000000000000000e+00
0.000000000000000000e+00
0.000000000000000000e+00
0.000000000000000000e+00
0.000000000000000000e+00
0.000000000000000000e+00
0.000000000000000000e+00
0.000000000000000000e+00
0.000000000000000000e+00
0.000000000000000000e+00
0.000000000000000000e+00
0.000000000000000000e+00
0.000000000000000000e+00
0.000000000000000000e+00
0.000000000000000000e+00
0.000000000000000000e+00
0.000000000000000000e+00
0.000000000000000000e+00
0.000000000000000000e+00
0.000000000000000000e+00
0.000000000000000000e+00
0.000000000000000000e+00
0.000000000000000000e+00
0.000000000000000000e+00
0.000000000000000000e+00
0.000000000000000000e+00
0.000000000000000000e+00
0.000000000000000000e+00
0.000000000000000000e+00
0.000000000000000000e+00
0.000000000000000000e+00
0.000000000000000000e+00
0.000000000000000000e+00
0.000000000000000000e+00
0.000000000000000000e+00
0.000000000000000000e+00
0.000000000000000000e+00
0.000000000000000000e+00
0.000000000000000000e+00
0.000000000000000000e+00
0.000000000000000000e+00
0.000000000000000000e+00
0.000000000000000000e+00
0.000000000000000000e+00
0.000000000000000000e+00
0.000000000000000000e+00
0.000000000000000000e+00
0.000000000000000000e+00
0.000000000000000000e+00
