# bin_4_3
1.612713781339926747e-08
1.619463288247888612e-08
1.626449503486901609e-08
1.633676363209392954e-08
1.641146045706196436e-08
1.648863313817828637e-08
1.656841534347917219e-08
1.665096865908874834e-08
1.673648095206961456e-08
1.682512987473841711e-08
1.691697334356111608e-08
1.701203592488848846e-08
1.711033055482153753e-08
1.721190586352312863e-08
1.731682136948054079e-08
1.742510698706763982e-08
1.753678041220918546e-08
1.765198540511264139e-08
1.777103873373400186e-08
1.789430085142712353e-08
1.802196275173033748e-08
1.815399709785009708e-08
1.829029610091119280e-08
1.843076418500647691e-08
1.857537515284151649e-08
1.872441115878095298e-08
1.887842491299745934e-08
1.903787645875325102e-08
1.920268518211177476e-08
1.937243421464083128e-08
1.954684230246474738e-08
1.972622808574155923e-08
1.991143905455867565e-08
2.010287899300147222e-08
2.029991960736371796e-08
2.050184598159178477e-08
2.070913821905442775e-08
2.092296678571416812e-08
2.114320265763394272e-08
2.136860688763923801e-08
2.159942681359912797e-08
2.183717534260984043e-08
2.208141664255459591e-08
2.233099745970146863e-08
2.258724912987047199e-08
2.285064249870158200e-08
2.311936606743841833e-08
2.339427165229625237e-08
2.367638080586000422e-08
2.396400510585715873e-08
2.425813092703035157e-08
2.455862848046563430e-08
2.486466376858468950e-08
2.517732237461630979e-08
2.549550065514649206e-08
2.582006995042719632e-08
2.615047906006952494e-08
2.648718905840246336e-08
2.682990863128203187e-08
2.717891681716404866e-08
2.753402550138794631e-08
2.789545828241380747e-08
2.826315950721455606e-08
2.863729970143396542e-08
2.901800075528141743e-08
2.940516416464577486e-08
2.979897682717026947e-08
3.019913320168314784e-08
3.060467146371523399e-08
3.101529413271180981e-08
3.143064503663891439e-08
3.185000014218812933e-08
3.227276442836838894e-08
3.269834644711995047e-08
3.312612031016066835e-08
3.355548571309498644e-08
3.398596600548130883e-08
3.441715593193187634e-08
3.484932846516562155e-08
3.528242091896133021e-08
3.571597256414382631e-08
3.615031958897630170e-08
3.658548978089910297e-08
3.702110765147822123e-08
3.745659343080658359e-08
3.789107426791683427e-08
3.832356472619495526e-08
3.875278006751792168e-08
3.917664446332723360e-08
3.959459189155123559e-08
4.000613431104502094e-08
4.041069199388348056e-08
4.080787135746599495e-08
4.119730803228121358e-08
4.157737982803671873e-08
4.194769023139011788e-08
4.230787723537001598e-08
4.265745778169778168e-08
4.299633696823383081e-08
4.332304754097708872e-08
4.363681116841603560e-08
4.393607952078601748e-08
4.421936840445898533e-08
4.448409209691762170e-08
4.472952517560262385e-08
4.495603027183463621e-08
4.516346723770034016e-08
4.535103585280636500e-08
4.551887974953085563e-08
4.566625678671286801e-08
4.579068151464355086e-08
4.589101642011720030e-08
4.596577904685495278e-08
4.601354663019697804e-08
4.603520939043282791e-08
4.602972641983707624e-08
4.599736560910679759e-08
4.593740161788578093e-08
4.584904280918022536e-08
4.573159087265038389e-08
4.558359632367355355e-08
4.540436552340021476e-08
4.519381073887060510e-08
4.495223777429746431e-08
4.468025953389651359e-08
4.437750728428551274e-08
4.404345333022422001e-08
4.367759557167141244e-08
4.327969352355316161e-08
4.285048081960073047e-08
4.239104344392087134e-08
4.190189002027885378e-08
4.138319842352263874e-08
4.083528823726511915e-08
4.025871827015298547e-08
3.965456314128231269e-08
3.902430958075889089e-08
3.836919582909511575e-08
3.769006959625010344e-08
3.698795605226518129e-08
3.626432167635966578e-08
3.552104544813878373e-08
3.475992426942265548e-08
3.398241161192737368e-08
3.319006997544768186e-08
3.238487904069622035e-08
3.156894300753521305e-08
3.074429286066792875e-08
2.991276180754921233e-08
2.907628580877417297e-08
2.823707897651052769e-08
2.739729268652754004e-08
2.655882462649338746e-08
2.572360163331599088e-08
2.489366764280340480e-08
2.407094234764238464e-08
2.325715240457532458e-08
2.245394879184050579e-08
2.166297422571404278e-08
2.088567901594601012e-08
2.012330831750865238e-08
1.937701640274887073e-08
1.864782032486631968e-08
1.793649810143724706e-08
1.724366940767960693e-08
1.656981111253866824e-08
1.591520211531829354e-08
1.527994016756312406e-08
1.466399650357685837e-08
1.406717301106418264e-08
1.348915415571371821e-08
1.292951121082437168e-08
1.238772880277981098e-08
1.186323541370607241e-08
1.135541643668410706e-08
1.086364828031365986e-08
1.038733079895110210e-08
9.925899221066652356e-09
9.478849374341214754e-09
9.045760858348920306e-09
8.626301410602919287e-09
8.220236062013575949e-09
7.827433827786788965e-09
7.447861505367267724e-09
7.081572476631913966e-09
6.728699314334124659e-09
6.389424388026099690e-09
6.063953037719398355e-09
5.752478526388918881e-09
5.455139132029182295e-09
5.171989648367315804e-09
4.902971007331169404e-09
4.647886005490209206e-09
4.406396916491772685e-09
4.178023871981407021e-09
3.962164033010058817e-09
3.758118553467033443e-09
3.565128394147043672e-09
3.382419576209134423e-09
3.209245340478417051e-09
3.044928302087733582e-09
2.888887847507558068e-09
2.740656346687968827e-09
2.599875905865153764e-09
2.466280092669645682e-09
2.339662921360627264e-09
2.219842210009267917e-09
2.106622089611806118e-09
1.999765286063022625e-09
1.898979914252944367e-09
1.803924925207852114e-09
1.714229086625775457e-09
1.629517706818424834e-09
1.549440372042346333e-09
1.473689964614198262e-09
1.402007736773404450e-09
1.334174874248080269e-09
1.269995522044651774e-09
1.209279956319368681e-09
1.151834434040120126e-09
1.097460657653450002e-09
1.045962631758214067e-09
9.971551426333707971e-10
9.508689710946021156e-10
9.069504170529454865e-10
8.652573098633488104e-10
8.256551939785434259e-10
7.880163409293686089e-10
7.522206355316942748e-10
7.181560583141352444e-10
6.857179490421152904e-10
6.548083775890853832e-10
6.253361719580724082e-10
5.972170314140340681e-10
5.703728066711139599e-10
5.447303877484324879e-10
5.202214036698861736e-10
4.967827305501325721e-10
4.743562947260791831e-10
4.528881265118266281e-10
4.323278365531247795e-10
4.126288234116815354e-10
3.937481816321874792e-10
3.756460917002823067e-10
3.582855010226933562e-10
3.416321221838501041e-10
3.256542042604097739e-10
3.103222139207980955e-10
2.956086815327914612e-10
2.814880569809377633e-10
2.679365127339853884e-10
2.549317736402181757e-10
2.424529806776194963e-10
2.304805556421434170e-10
2.189960720535515701e-10
2.079821453805240515e-10
1.974223317967162581e-10
1.873010326396890276e-10
1.776034063483885451e-10
1.683152879196642325e-10
1.594231166186785135e-10
1.509138706655190414e-10
1.427750090618963272e-10
1.349944198124417942e-10
1.275603745307777522e-10
1.204614892738802409e-10
1.136866904391801201e-10
1.072251854507191677e-10
1.010664375319551970e-10
9.520014448740828924e-11
8.961622122222167673e-11
8.430478549444792062e-11
7.925614691341729759e-11
7.446079841756060762e-11
6.990941001574040966e-11
6.559282469102897613e-11
6.150205595242864131e-11
5.762828697356135487e-11
5.396287104019297418e-11
5.049733298131675442e-11
4.722337153737679960e-11
4.413286239832391720e-11
4.121786054252153939e-11
3.847060495041354437e-11
3.588352199389538820e-11
3.344922928773272657e-11
3.116053939149260258e-11
2.901046327389016781e-11
2.699221354754207338e-11
2.509920737574685820e-11
2.332506891522550182e-11
2.166363125634561607e-11
2.010893788682535518e-11
1.865524366343446254e-11
1.729701515556622614e-11
1.602893042945787088e-11
1.484587831847699625e-11
1.374295714499793726e-11
1.271547291039333517e-11
1.175893692713576521e-11
1.086906287218922390e-11
1.004176338079958395e-11
9.273146255483717311e-12
8.559510288001075471e-12
7.897340762428134633e-12
7.283304554854509027e-12
6.714244946301627725e-12
6.187176158340732016e-12
5.699277699149909767e-12
5.247888558789646774e-12
4.830501269935898099e-12
4.444755894937224291e-12
4.088433957644219627e-12
3.759452351028818654e-12
3.455857852457794069e-12
3.175819465940095317e-12
2.917623668020679680e-12
2.679668555577447440e-12
2.460457853527830972e-12
2.258595300718524100e-12
2.072779169959954103e-12
1.901796960241483603e-12
1.744520257563156158e-12
1.599899779091348754e-12
1.466960617198262279e-12
1.344797668291254389e-12
1.232571266833495013e-12
1.129503015124182335e-12
1.034872312120810728e-12
9.480113332928647727e-13
8.683021449700539132e-13
7.951736931002378604e-13
7.280982879844141308e-13
6.665885858872559789e-13
6.101947511579037829e-13
5.585017837937738618e-13
5.111270130731331265e-13
4.677181808201808286e-13
4.279502454074582536e-13
3.915236427780217998e-13
3.581629828078994297e-13
3.276148818311985807e-13
2.996462923490340966e-13
2.740429479425576085e-13
2.506085690655150909e-13
2.291616308296171470e-13
2.095358198592206443e-13
1.915785400458771088e-13
1.751497131170599011e-13
1.601211900382200242e-13
1.463749443003957889e-13
1.338024104700549788e-13
1.223043836787375573e-13
1.117899950860733615e-13
1.021764380080602247e-13
9.338658874333271545e-14
8.535043948596084779e-14
7.800411476691629663e-14
7.128906050778063639e-14
6.515096162356555586e-14
5.954060078338384750e-14
5.441351364433972922e-14
4.972767563702270827e-14
4.544540730923166201e-14
4.153262654037843038e-14
3.795702912476804725e-14
3.469003957813768007e-14
3.170509704203764403e-14
2.897771734439534120e-14
2.648622374795961680e-14
2.420970910913566607e-14
2.213030341865447001e-14
2.023037891790097108e-14
1.849506946395489212e-14
1.690962118136914011e-14
1.546161058163854131e-14
1.413880764523005818e-14
1.293058866947870138e-14
1.182711259465254319e-14
1.081916689935630529e-14
9.898719838208537191e-15
9.058174352204323722e-15
8.290557735150457839e-15
7.589609076478520235e-15
6.949713464808624755e-15
6.365536141909948606e-15
5.832254942141108871e-15
5.345500252643811060e-15
4.901277129681100182e-15
4.495932955226088255e-15
4.126127915013311472e-15
3.788807992194798487e-15
3.481180335428636484e-15
3.200690779730525319e-15
2.945003315860753078e-15
2.712029155455262837e-15
2.499826812510019340e-15
2.306553982858150396e-15
2.130612331476086646e-15
1.970570368341848222e-15
