# bin_4_4
1.668270495009787761e-08
1.675360344372249902e-08
1.682704924999139638e-08
1.690308204942977120e-08
1.698175741002389863e-08
1.706317984897850201e-08
1.714745549243871148e-08
1.723464734464481722e-08
1.732479900687888037e-08
1.741792189216477065e-08
1.751404219628094708e-08
1.761333168776245690e-08
1.771602724628200599e-08
1.782240514800693973e-08
1.793264106455860847e-08
1.804675523253802699e-08
1.816474474578713082e-08
1.828663866830868501e-08
1.841250433671854076e-08
1.854236062600294269e-08
1.867621973177778783e-08
1.881434180302836317e-08
1.895717330541151443e-08
1.910512664391915992e-08
1.925822505189751517e-08
1.941633761267872503e-08
1.957928491693381583e-08
1.974699322484370718e-08
1.991975064716560256e-08
2.009823772253114956e-08
2.028295608166588379e-08
2.047369450230973853e-08
2.066987006733090777e-08
2.087124655140093667e-08
2.107849877302032185e-08
2.129258705194679178e-08
2.151337197259773136e-08
2.173981429081546308e-08
2.197175445337003816e-08
2.221053189948466400e-08
2.245673146158239315e-08
2.270903755349470536e-08
2.296712695560476049e-08
2.323274159024208847e-08
2.350594654943503649e-08
2.378529092558692906e-08
2.407180513344920982e-08
2.436616535268178924e-08
2.466644533266295230e-08
2.497367856921929182e-08
2.528867133977232792e-08
2.560954182709391240e-08
2.593773430791083449e-08
2.627256611998080121e-08
2.661382665351910868e-08
2.696229545650118884e-08
2.731705340917107339e-08
2.767907056833343362e-08
2.804756435961525995e-08
2.842317645347445633e-08
2.880540734022254864e-08
2.919464703560218213e-08
2.959077063588944084e-08
2.999395765946939260e-08
3.040442170207464432e-08
3.082224397339838237e-08
3.124741259178232224e-08
3.167991722522502154e-08
3.211977568767313156e-08
3.256592559682536487e-08
3.301794136635775991e-08
3.347550947431687803e-08
3.393789034648345985e-08
3.440438035888382668e-08
3.487437256501169752e-08
3.534723456746325176e-08
3.582233636532876048e-08
3.629916224068786463e-08
3.677732358261042976e-08
3.725694135777656419e-08
3.773828948307411927e-08
3.822069949663928140e-08
3.870448251211626729e-08
3.918975725458947770e-08
3.967605739296302149e-08
4.016285602182231576e-08
4.064914521241266783e-08
4.113388142874734683e-08
4.161589640476962957e-08
4.209295906198789796e-08
4.256433950022939757e-08
4.302960418668686394e-08
4.348814071720821769e-08
4.393937971939001768e-08
4.438306472462175908e-08
4.481743792465882567e-08
4.524189450404861584e-08
4.565617413149840865e-08
4.605967892522560274e-08
4.645249987307321653e-08
4.683301472284653953e-08
4.720024546308700194e-08
4.755254701951677754e-08
4.788834210908497423e-08
4.820498726332627069e-08
4.850150284045053499e-08
4.877817084227940136e-08
4.903502197129589546e-08
4.927101635669291623e-08
4.948612471542512734e-08
4.967982478107856368e-08
4.984934959809615862e-08
4.999321725090792369e-08
5.011012648556844356e-08
5.019827102372808046e-08
5.025848309440692822e-08
5.028982706610487661e-08
5.029215081208297103e-08
5.026498944228571813e-08
5.020707523509659676e-08
5.011794360470187434e-08
4.999570493944973900e-08
4.983973539980673087e-08
4.964958416641737474e-08
4.942567614276931368e-08
4.916849212435552612e-08
4.887754746448429466e-08
4.855225487738604055e-08
4.819190296938685073e-08
4.779611688842921149e-08
4.736558792113388372e-08
4.690133833993981158e-08
4.640379882490780969e-08
4.587309072417960502e-08
4.530945835927316646e-08
4.471338579702134775e-08
4.408588000107988426e-08
4.342841833620246891e-08
4.274226531538249556e-08
4.202825143639728527e-08
4.128737173548536545e-08
4.052110100114643770e-08
3.973136587393975030e-08
3.892004068718215994e-08
3.808864858438364559e-08
3.723880459674761919e-08
3.637258285707526726e-08
3.549221816783781275e-08
3.459989239308709039e-08
3.369758720525784038e-08
3.278739034319837397e-08
3.187171340955486955e-08
3.095291860952919658e-08
3.003313335285054743e-08
2.911450970044935812e-08
2.819934359571488043e-08
2.728983031338094543e-08
2.638797720186399572e-08
2.549571178544036680e-08
2.461497268272029159e-08
2.374751770797066482e-08
2.289488950715119515e-08
2.205854047419452250e-08
2.123978170454347332e-08
2.043968612663905442e-08
1.965913936887351017e-08
1.889888159283398348e-08
1.815943015512316429e-08
1.744109970353780597e-08
1.674404432781822642e-08
1.606822843752040175e-08
1.541345553070613388e-08
1.477938633233089050e-08
1.416555935048895167e-08
1.357141308232919921e-08
1.299631322171008470e-08
1.243957850427647466e-08
1.190051618613203558e-08
1.137844722151427918e-08
1.087272862161705538e-08
1.038278863489660253e-08
9.908140698280905571e-09
9.448395806844276094e-09
9.003275090416215572e-09
8.572613082794776423e-09
8.156346891092808435e-09
7.754515562538407908e-09
7.367245389336430449e-09
6.994721474638018392e-09
6.637171434059271092e-09
6.294823494760704445e-09
5.967868627812154313e-09
5.656419476570242368e-09
5.360465835935464711e-09
5.079852026427116734e-09
4.814261094182206954e-09
4.563211892406959042e-09
4.326077365610039667e-09
4.102104112794969709e-09
3.890454564905388228e-09
3.690248908833194801e-09
3.500618964567873916e-09
3.320756377067285341e-09
3.149954868125318233e-09
2.987638079731143101e-09
2.833367927412834839e-09
2.686834826412616247e-09
2.547826089980637392e-09
2.416183596292074948e-09
2.291754344527395207e-09
2.174346651843372213e-09
2.063699655099869684e-09
1.959471801781767524e-09
1.861253550882016745e-09
1.768599271891518589e-09
1.681070007309568495e-09
1.598272812062063463e-09
1.519884906250600678e-09
1.445656950251140522e-09
1.375394945320005726e-09
1.308929594513659058e-09
1.246086092204899905e-09
1.186666064533299264e-09
1.130448745767579616e-09
1.077207698101788760e-09
1.026732150973422105e-09
9.788406845656823613e-10
9.333811792872393737e-10
8.902197014494649275e-10
8.492272744916494675e-10
8.102730710770862079e-10
7.732271552249180284e-10
7.379677831915060170e-10
7.043859980161236761e-10
6.723842830019718754e-10
6.418720330188166592e-10
6.127626089589038700e-10
5.849739632063032817e-10
5.584303018646775791e-10
5.330622827619834043e-10
5.088057381446992027e-10
4.856007322033510749e-10
4.633915215758599114e-10
4.421265798278306976e-10
4.217582214677423830e-10
4.022421861143164191e-10
3.835374198424637994e-10
3.656058596470938406e-10
3.484121529369802991e-10
3.319234416814659672e-10
3.161091776715399541e-10
3.009409030502822491e-10
2.863920676232538279e-10
2.724378674263196156e-10
2.590550722773475398e-10
2.462218702993774054e-10
2.339177322969541833e-10
2.221232896786665986e-10
2.108202265254605549e-10
1.999911804233319171e-10
1.896196485275939577e-10
1.796898995734270382e-10
1.701868925216328105e-10
1.610962031807448093e-10
1.524039596359364059e-10
1.440967856157690394e-10
1.361617509782424947e-10
1.285863281689577328e-10
1.213583541769855038e-10
1.144659978569663551e-10
1.078977318451156968e-10
1.016423085372688895e-10
9.568873981611674580e-11
9.002628021412159156e-11
8.464441347011862665e-11
7.953284208833092898e-11
7.468147927504989837e-11
7.008044296439383840e-11
6.572005173062992397e-11
6.159082246520062524e-11
5.768346967709840393e-11
5.398890587345534528e-11
5.049824149991194037e-11
4.720278770457766854e-11
4.409405821604357814e-11
4.116377209581722512e-11
3.840385663059758005e-11
3.580645027967745163e-11
3.336390550582686459e-11
3.106879144181264482e-11
2.891389646251320600e-11
2.689223033850616081e-11
2.499702602217382666e-11
2.322174100814491643e-11
2.156005819107888526e-11
2.000588621993064617e-11
1.855335931842835985e-11
1.719683662085332878e-11
1.593090096522602829e-11
1.475035716375075499e-11
1.365022975211232479e-11
1.262576015680291046e-11
1.167240338605287353e-11
1.078582429395130865e-11
9.961893452190588779e-12
9.196682726385545201e-12
8.486460438175037965e-12
7.827686220523485915e-12
7.217005520097676541e-12
6.651243841227870007e-12
6.127400824894927458e-12
5.642644195420000183e-12
5.194303630353807631e-12
4.779864544107063123e-12
4.396961773795518088e-12
4.043374004547710420e-12
3.717015085889334591e-12
3.415930006069828682e-12
3.138288033866091392e-12
2.882376538213294345e-12
2.646594988956351217e-12
2.429449075417994583e-12
2.229544967367948864e-12
2.045583747020270057e-12
1.876356016307069703e-12
1.720736694926845273e-12
1.577680009977281901e-12
1.446214678048507330e-12
1.325439294851392451e-12
1.214518508188064894e-12
1.112677274720913283e-12
1.019197951290001461e-12
9.334166394477372606e-13
8.547193231981571077e-13
7.825384668424956988e-13
7.163498043724817240e-13
6.556693152573118370e-13
6.000503736586672308e-13
5.490815418142911433e-13
5.023829538967610406e-13
4.596043947705940517e-13
4.204236778143848373e-13
3.845442114449807611e-13
3.516930789110100994e-13
3.216192470730013268e-13
2.940925716902114986e-13
2.689002995174328238e-13
2.458473656936592740e-13
2.247547275786721255e-13
2.054579814778029465e-13
1.878066112266181750e-13
1.716620751517483976e-13
1.568968885721625036e-13
1.433945096074775975e-13
1.310481291945720090e-13
1.197604254717226448e-13
1.094408151021330738e-13
1.000070072546574999e-13
9.138384211846210652e-14
8.350252926634364053e-14
7.629923620786203311e-14
6.971604497118896073e-14
6.370067406413968114e-14
5.820375855460026526e-14
5.318093191181902942e-14
4.859214417201620385e-14
4.439944798642979742e-14
4.056914891621518376e-14
3.707012251828162439e-14
3.387351711349403965e-14
3.095388592958556651e-14
2.828667772675195552e-14
2.585074721223953307e-14
2.362555322655493724e-14
2.159343370899757358e-14
1.973716423287177304e-14
1.804212721125860399e-14
1.649388749789783551e-14
1.508004255191887332e-14
1.378891598963404424e-14
1.260976066568856108e-14
1.153317102002903109e-14
1.055012432683397731e-14
9.652498792884327888e-15
8.832950922698638645e-15
8.084901246764043521e-15
7.402020194863771895e-15
6.778698628413623335e-15
6.209810058273098097e-15
5.690668848083172173e-15
5.216992037801216699e-15
4.784864488854197869e-15
4.390707074495512843e-15
4.031247641331137905e-15
3.703494516588565227e-15
3.404712293748469058e-15
3.132400833374381736e-15
2.884386413045580711e-15
2.658469622966086293e-15
2.452736480315296203e-15
