# bin_2_2
1.192750857790847891e-04
1.175345309003331660e-04
1.158028825882012402e-04
1.140802050431424911e-04
1.123670403395986490e-04
1.106635526607032739e-04
1.089701623294757706e-04
1.072871020459707585e-04
1.056147619988589043e-04
1.039533556971785380e-04
1.023033053735197107e-04
1.006647802772717875e-04
9.903819500477049247e-05
9.742376051815809855e-05
9.582182184760708863e-05
9.423261975527651927e-05
9.265648166855939628e-05
9.109362964237640822e-05
8.954440332928795894e-05
8.800899511017853244e-05
8.648774525778143160e-05
8.498085059667732455e-05
8.348859195281532189e-05
8.201119053034480874e-05
8.054891321118073596e-05
7.910195408272078707e-05
7.767058464177262298e-05
7.625497060308278840e-05
7.485536924649821924e-05
7.347194498027887085e-05
7.210491844640666895e-05
7.075445087383865149e-05
6.942074115451324617e-05
6.810392850860715400e-05
6.680420236908418349e-05
6.552168063461935609e-05
6.425653545155496458e-05
6.300886856505698514e-05
6.177882075665556874e-05
6.056648275012275004e-05
5.937197245514369131e-05
5.819535615690531980e-05
5.703673228087070748e-05
5.589614704001978287e-05
5.477367797652347921e-05
5.366934664402323648e-05
5.258319828980236466e-05
5.151523784930438357e-05
5.046549014490322652e-05
4.943392972357624226e-05
4.842055369417240100e-05
4.742532283215553345e-05
4.644821007973001965e-05
4.548914570078783101e-05
4.454807216994210875e-05
4.362489602528198064e-05
4.271954927041045444e-05
4.183191007535708823e-05
4.096186969497315225e-05
4.010930273757455677e-05
3.927407454795175235e-05
3.845602852831764675e-05
3.765500879247488396e-05
3.687082569389160062e-05
3.610332907186198699e-05
3.535230277384418025e-05
3.461755076770853734e-05
3.389886939040303871e-05
3.319603040848603055e-05
3.250880848467122046e-05
3.183696642159583042e-05
3.118023822953271568e-05
3.053841445110633962e-05
2.991120914471936406e-05
2.929836430996178193e-05
2.869962482712214808e-05
2.811469850751922286e-05
2.754332293448788057e-05
2.698520990467065774e-05
2.644004974433901322e-05
2.590760748227812895e-05
2.538756040078066385e-05
2.487962840314701993e-05
2.438353355186119432e-05
2.389896109771929702e-05
2.342564704357274366e-05
2.296328691023382870e-05
2.251156787938624090e-05
2.207026172152622663e-05
2.163904553408463473e-05
2.121765257811992618e-05
2.080581366842014184e-05
2.040322625208372634e-05
2.000965800938457717e-05
1.962482049879313555e-05
1.924842675715119600e-05
1.888028475115123916e-05
1.852009664313853535e-05
1.816763544244440510e-05
1.782266493950227320e-05
1.748491712694087293e-05
1.715421630904318237e-05
1.683030687786322217e-05
1.651294635195585891e-05
1.620199365507082171e-05
1.589719183443063139e-05
1.559836937318014293e-05
1.530533112314900427e-05
1.501785517850603153e-05
1.473583109362489648e-05
1.445904247397151395e-05
1.418730001227636582e-05
1.392051434925168422e-05
1.365847229558414415e-05
1.340106097848006187e-05
1.314812664911522184e-05
1.289949261751926563e-05
1.265511062856425204e-05
1.241480045303462160e-05
1.217842592304947208e-05
1.194594330976512881e-05
1.171717464827776472e-05
1.149206275255137783e-05
1.127049061532712102e-05
1.105231718298457406e-05
1.083754924191334483e-05
1.062603642151897145e-05
1.041768922213843090e-05
1.021249709967467933e-05
1.001031070065137168e-05
9.811119476894999465e-06
9.614831713752214375e-06
9.421334890373292550e-06
9.230678869022499619e-06
9.042734174464542014e-06
8.857452577863476111e-06
8.674840311585589185e-06
8.494773789667466269e-06
8.317277312045541406e-06
8.142274667286552583e-06
7.969674852530009637e-06
7.799558439284709317e-06
7.631809306813343074e-06
7.466411385774172339e-06
7.303377025775153959e-06
7.142600764096464174e-06
6.984135898595771806e-06
6.827911814066072132e-06
6.673854135576417700e-06
6.522063661307973546e-06
6.372431094755131247e-06
6.224963367442112554e-06
6.079670644075856272e-06
5.936458422687060599e-06
5.795406409390280895e-06
5.656441683092832557e-06
5.519502342164545968e-06
5.384700721631874565e-06
5.251927561627886875e-06
5.121206829981075364e-06
4.992540627150018159e-06
4.865841926387226094e-06
4.741215367268462827e-06
4.618577473500029853e-06
4.497873317018408822e-06
4.379220494076139315e-06
4.262507258067894055e-06
4.147773854001160158e-06
4.035008688867053924e-06
3.924125481413981258e-06
3.815251519454685300e-06
3.708288924153189068e-06
3.603189811113371617e-06
3.500070887893173070e-06
3.398811663708454151e-06
3.299469132779422955e-06
3.202018159051758286e-06
3.106368697719980414e-06
3.012664889031878911e-06
2.920790490189816769e-06
2.830710060072152728e-06
2.742533867387656626e-06
2.656125161656362838e-06
2.571560573461355229e-06
2.488804419158644865e-06
2.407756005906626396e-06
2.328571712013220400e-06
2.251120161167221779e-06
2.175378404714470990e-06
2.101442050910423385e-06
2.029164992738705529e-06
1.958639108544380625e-06
1.889815842487666060e-06
1.822590992366901495e-06
1.757122406416121499e-06
1.693265327243208210e-06
1.631016784301618305e-06
1.570444005118152303e-06
1.511407037315774999e-06
1.454002239279051556e-06
1.398171897954876366e-06
1.343816535129837130e-06
1.291084168622763580e-06
1.239827165281762484e-06
1.190060495581718722e-06
1.141825683440647409e-06
1.094995636044239839e-06
1.049668627364246082e-06
1.005780178024692342e-06
9.632456198130588157e-07
9.221921380849786874e-07
8.824776863476104318e-07
8.441261604980723359e-07
8.071504248215194952e-07
7.714317636535341560e-07
7.370509456549707005e-07
7.039247486318868277e-07
6.719702261700854604e-07
6.412663295221696023e-07
6.116641410341907486e-07
5.831700267740661296e-07
5.557553350974514715e-07
5.292995734266965474e-07
5.038502277307970824e-07
4.793099119745000403e-07
4.556058821052257175e-07
4.327830839591239421e-07
4.107181196593698534e-07
3.894273467142229670e-07
3.688876294696824609e-07
3.490220506003725685e-07
3.298854247865900212e-07
