# bin_4_3
2.620333360001912693e-04
2.577609070382641575e-04
2.535245005345106834e-04
2.493244890094207253e-04
2.451619272487519353e-04
2.410372878561482227e-04
2.369514374721115710e-04
2.329049195854913912e-04
2.288985221632273731e-04
2.249327357758202966e-04
2.210083399285960634e-04
2.171257669591287532e-04
2.132857459084666271e-04
2.094887122820376295e-04
2.057352801274885828e-04
2.020258966995588077e-04
1.983611014879723571e-04
1.947412782589992141e-04
1.911669599472392038e-04
1.876384644218263625e-04
1.841562448454910398e-04
1.807205964186574265e-04
1.773319003444794723e-04
1.739904125561242789e-04
1.706964335611052238e-04
1.674501550020673110e-04
1.642518306771394295e-04
1.611015898432851645e-04
1.579996312550501067e-04
1.549460202146343726e-04
1.519408681239608593e-04
1.489842002248206189e-04
1.460760538011722325e-04
1.432163812158622550e-04
1.404051626250915293e-04
1.376423019019760692e-04
1.349277199311835066e-04
1.322612431311019751e-04
1.296427159051098687e-04
1.270719109223973305e-04
1.245486195400244943e-04
1.220725418764015847e-04
1.196433841927497095e-04
1.172608306207724790e-04
1.149245271788825785e-04
1.126340704803533170e-04
1.103890534817456601e-04
1.081890024888117863e-04
1.060335008180399315e-04
1.039220135981672145e-04
1.018540131059772724e-04
9.982900002150277416e-05
9.784638551068634642e-05
9.590559086491497632e-05
9.400600744200823962e-05
9.214697140176109427e-05
9.032792337099966097e-05
8.854814895138787877e-05
8.680696327071079103e-05
8.510374340710265631e-05
8.343774038134241027e-05
8.180827742264704290e-05
8.021462105301733732e-05
7.865599521573246806e-05
7.713177944067200272e-05
7.564116331942340437e-05
7.418339807348701975e-05
7.275781342324162714e-05
7.136358787906869558e-05
7.000003630165430339e-05
6.866638521967882432e-05
6.736183326507180476e-05
6.608578473432025126e-05
6.483741760694394199e-05
6.361600825480637970e-05
6.242091408648901189e-05
6.125132692330913014e-05
6.010663054436388413e-05
5.898608531745778413e-05
5.788893755998647344e-05
5.681468479012631898e-05
5.576255872461950057e-05
5.473193195478983779e-05
5.372223522385489167e-05
5.273274101154681035e-05
5.176295664257267708e-05
5.081222175020807429e-05
4.987988640651560586e-05
4.896557569325363034e-05
4.806861692869760237e-05
4.718851499379851769e-05
4.632480021405266005e-05
4.547685621396717462e-05
4.464434528417162410e-05
4.382670744665263394e-05
4.302341575522040994e-05
4.223423749611505512e-05
4.145860398532756727e-05
4.069616156060468877e-05
3.994654572721835901e-05
3.920925478442889627e-05
3.848411665209183486e-05
3.777066301713167455e-05
3.706848706515918551e-05
3.637748766769514691e-05
3.569719431623697049e-05
3.502739285922883345e-05
3.436780313816070417e-05
3.371802735590955494e-05
3.307804654019801658e-05
3.244746553092070013e-05
3.182598912891166520e-05
3.121362101325606518e-05
3.060996826965425247e-05
3.001494049736114713e-05
2.942832304344001392e-05
2.884979758854714987e-05
2.827947369468252021e-05
2.771700521432836798e-05
2.716219729353160802e-05
2.661513025440551299e-05
2.607545474313891371e-05
2.554319072797196565e-05
2.501817048142044046e-05
2.450012478299624856e-05
2.398926871152933939e-05
2.348528709820339871e-05
2.298806826412928120e-05
2.249773385355881438e-05
2.201396435640267304e-05
2.153686765276857692e-05
2.106629606273280263e-05
2.060201427678375193e-05
2.014431460592665650e-05
1.969289339433812319e-05
1.924771411293092215e-05
1.880889887834658300e-05
1.837615934027662807e-05
1.794966633215796541e-05
1.752927305952714230e-05
1.711476707035495699e-05
1.670649045632550476e-05
1.630413784158219183e-05
1.590773112365477393e-05
1.551737127858923007e-05
1.513278797459836862e-05
1.475420866655573917e-05
1.438146825989236152e-05
1.401437202115107432e-05
1.365328938995297109e-05
1.329790326947682712e-05
1.294827785193243292e-05
1.260447930333737086e-05
1.226624160410285279e-05
1.193384909451048091e-05
1.160710339387996742e-05
1.128582430441245727e-05
1.097038869934462447e-05
1.066045650058986189e-05
1.035612711544656852e-05
1.005742327478305399e-05
9.764079255588970871e-06
9.476432746584569211e-06
9.194237109746962604e-06
8.917321751195401996e-06
8.646053916857281428e-06
8.380071717949088802e-06
8.119512847967241801e-06
7.864348712304584493e-06
7.614303958349370015e-06
7.369756894147480990e-06
7.130412373224800262e-06
6.896120841719332175e-06
6.667220160914533591e-06
6.443322683711307789e-06
6.224603607881467948e-06
6.010991222767833937e-06
5.802202266454653057e-06
5.598629485595567689e-06
5.399932980217830991e-06
5.206005598306850372e-06
5.017137258727925766e-06
4.832915632596852328e-06
4.653550962918110445e-06
4.478943800916141595e-06
4.308801849671208787e-06
4.143510012154552716e-06
3.982709812946829118e-06
3.826337928847676319e-06
3.674617595792209080e-06
3.527153833045668214e-06
3.384170802490979576e-06
3.245548398714207706e-06
3.111021376617036803e-06
2.980939253326251363e-06
2.854948182344166904e-06
2.733043949354668787e-06
2.615358385482820327e-06
2.501556599572030267e-06
2.391831234609053244e-06
2.286040427870014660e-06
2.183937282092930837e-06
2.085771246033995338e-06
1.991172982572503772e-06
1.900114072509308034e-06
1.812583779021795791e-06
1.728234159450520688e-06
1.647140979507889394e-06
1.569076068853238677e-06
1.493767983067220327e-06
1.421319305998647495e-06
1.351362326197312744e-06
1.283854201008523578e-06
1.218731187438104948e-06
1.155732660738096570e-06
1.094941789441453416e-06
1.036209254957860676e-06
9.794058205897153867e-07
9.246557703350550833e-07
8.717576386064745583e-07
8.207695200938729717e-07
7.716936747636532309e-07
7.244120864702077979e-07
6.790308240812236677e-07
6.354740346650693400e-07
5.936964851830701676e-07
5.537793055701201882e-07
5.155938148401444432e-07
4.791829135555464229e-07
4.445262230039923123e-07
4.115372530909994286e-07
3.802513973527835238e-07
