# bin_4_1
8.189573721607474092e-05
8.074199293937650481e-05
7.959424793032978741e-05
7.845247016370042600e-05
7.731704242968275161e-05
7.618801787807782575e-05
7.506567900203074911e-05
7.395014213396136095e-05
7.284165660375505307e-05
7.174031650205531870e-05
7.064641135966413343e-05
6.955999685969424041e-05
6.848134475719425249e-05
6.741055040372065420e-05
6.634783080056277905e-05
6.529330580052749178e-05
6.424717927066155812e-05
6.320956505862861498e-05
6.218066057299892002e-05
6.116054167023458974e-05
6.014943114686688205e-05
5.914741612195343815e-05
5.815466901870697600e-05
5.717129691943360513e-05
5.619745349715097557e-05
5.523322940765453248e-05
5.427878878300086137e-05
5.333419898209617547e-05
5.239961496826477214e-05
5.147510971734858701e-05
5.056080976211150098e-05
4.965678959230081767e-05
4.876316395928312195e-05
4.787999336113280522e-05
4.700738897851945773e-05
4.614539871775230910e-05
4.529412422610679491e-05
4.445360842713830447e-05
4.362393294979499973e-05
4.280513554068381403e-05
4.199728843784416373e-05
4.120041600710409570e-05
4.041458018003970870e-05
3.963979847998498287e-05
3.887612222209442287e-05
3.812355739260138150e-05
3.738213697456694499e-05
3.665186189185850056e-05
3.593275960605639408e-05
3.522481505338473563e-05
3.452804011615547952e-05
3.384241676644800484e-05
3.316794558605008981e-05
3.250459383480150145e-05
3.185234946026127177e-05
3.121116638037522615e-05
3.058103176069059184e-05
2.996188692859709071e-05
2.935369488707843233e-05
2.875640173331936097e-05
2.816995590060432516e-05
2.759428821503038767e-05
2.702933735638592781e-05
2.647501597976147948e-05
2.593127044581814114e-05
2.539799860029223375e-05
2.487511890313413924e-05
2.436254045585194828e-05
2.386016256542999490e-05
2.336788194644316496e-05
2.288559303455528582e-05
2.241316616545641180e-05
2.195051497436939324e-05
2.149749658285565076e-05
2.105399232918530789e-05
2.061987842661295033e-05
2.019501228094483503e-05
1.977926414686970616e-05
1.937249150000417894e-05
1.897453166558984088e-05
1.858527440122686460e-05
1.820454522866907481e-05
1.783220083056735365e-05
1.746809261966272207e-05
1.711205064251919173e-05
1.676393158602147455e-05
1.642356803436454568e-05
1.609077979699415848e-05
1.576544561924264981e-05
1.544737443220851845e-05
1.513641422187349199e-05
1.483240529049486967e-05
1.453516693668002738e-05
1.424455967052526925e-05
1.396040718533512891e-05
1.368252884563422968e-05
1.341080894409816671e-05
1.314505513190615809e-05
1.288512377411493278e-05
1.263085984931134644e-05
1.238208823483141947e-05
1.213869119450215285e-05
1.190049817585851413e-05
1.166734280676351945e-05
1.143912890579554988e-05
1.121567741427366920e-05
1.099686857289017534e-05
1.078256275827273244e-05
1.057260360949419975e-05
1.036690686407981266e-05
1.016531792110782560e-05
9.967697121986293123e-06
9.773974585020596837e-06
9.583993080379592252e-06
9.397665537950940663e-06
9.214874273312193286e-06
9.035487905490735945e-06
8.859459608166254420e-06
8.686654994559798348e-06
8.516967118838730634e-06
8.350353900231124565e-06
8.186679910654305080e-06
8.025893987477521595e-06
7.867902258341970940e-06
7.712596568308655319e-06
7.559966933268802356e-06
7.409899010384806638e-06
7.262317862551717144e-06
7.117204438123973883e-06
6.974443830146337276e-06
6.834017770486977032e-06
6.695851262714634226e-06
6.559857004770301890e-06
6.426055744834382250e-06
6.294348991718044624e-06
6.164691865230789436e-06
6.037078569365467455e-06
5.911414100723276102e-06
5.787706047156448782e-06
5.665892691517173008e-06
5.545903668589012194e-06
5.427782320034028880e-06
5.311441455317763362e-06
5.196860478420953514e-06
5.084039955043180189e-06
4.972899722076168496e-06
4.863468863882313906e-06
4.755692330371727157e-06
4.649513359233142414e-06
4.544990109156740179e-06
4.442042403350694264e-06
4.340667669646774174e-06
4.240867181314504797e-06
4.142570545574579011e-06
4.045825171791441557e-06
3.950577159859432418e-06
3.856780578347316253e-06
3.764501418209104882e-06
3.673662269968729037e-06
3.584273934067194942e-06
3.496334146086719524e-06
3.409779761362836420e-06
3.324673407897416481e-06
3.240957272522586277e-06
3.158592993074590165e-06
3.077648934151606011e-06
2.998049208562265256e-06
2.919815869623516887e-06
2.842939451092262626e-06
2.767360547694156310e-06
2.693153552947687956e-06
2.620254875676355838e-06
2.548633558247086302e-06
2.478355461755801111e-06
2.409343677098295101e-06
2.341629778040367446e-06
2.275197010031071919e-06
2.209987836206687835e-06
2.146083756485975866e-06
2.083413901964236640e-06
2.021956816790829266e-06
1.961772361902023608e-06
1.902779605108132695e-06
1.845019750316909734e-06
1.788470694452302785e-06
1.733073246220324826e-06
1.678913713552907122e-06
1.625916430962486566e-06
1.574068451009328696e-06
1.523420360816688258e-06
1.473891046595575448e-06
1.425529008964882688e-06
1.378305715375229540e-06
1.332162462790917778e-06
1.287184605458466633e-06
1.243289397530887847e-06
1.200471278668102299e-06
1.158760003400250694e-06
1.118072742927470107e-06
1.078451793569311667e-06
1.039853750994181557e-06
1.002212187704626768e-06
9.655981713428473322e-07
9.299185753425148425e-07
8.951702977789754978e-07
8.613661847413082711e-07
8.284286384004983499e-07
7.964062303652943456e-07
7.652571726253902296e-07
7.349304893209682106e-07
7.054999703977700152e-07
6.768858254531737085e-07
6.491035996295353092e-07
6.221652596054781290e-07
5.960088151284810188e-07
5.706912709098081320e-07
5.461728022478830004e-07
5.224152972883530722e-07
4.994829824532108423e-07
4.773014677242488448e-07
4.558902213769445861e-07
4.352488603931290909e-07
4.153195461062657726e-07
3.961503172954598047e-07
3.776925624228239897e-07
3.599098839128229993e-07
3.428425844243156703e-07
3.264146679249621602e-07
3.106368268650428877e-07
2.954901698771504596e-07
2.809152796030704424e-07
2.669421220265776720e-07
