# bin_4_4
3.106626648850055743e-04
3.054856404613950525e-04
3.003572018999608995e-04
2.952777753876281676e-04
2.902485500245878904e-04
2.852700533311149263e-04
2.803432701955931223e-04
2.754687831306295307e-04
2.706474607565405592e-04
2.658798274595913043e-04
2.611667323594264799e-04
2.565086176140231474e-04
2.519062462502435411e-04
2.473600623006932671e-04
2.428706947792812914e-04
2.384385666788815502e-04
2.340642192699593678e-04
2.297480113787912705e-04
2.254904170506233493e-04
2.212917020128272159e-04
2.171523026788772120e-04
2.130724322993955493e-04
2.090523923120672081e-04
2.050923582740737190e-04
2.011925342223718730e-04
1.973529989107452752e-04
1.935739004613853042e-04
1.898552403665313163e-04
1.861970860918193624e-04
1.825993645487598090e-04
1.790620315795358217e-04
1.755849523684598155e-04
1.721680064581481394e-04
1.688109623087170376e-04
1.655136172490223470e-04
1.622757004783627333e-04
1.590969317014904636e-04
1.559769423570754555e-04
1.529153693025513442e-04
1.499117670693905042e-04
1.469657298196342917e-04
1.440767255370893455e-04
1.412442320782755203e-04
1.384677294795657297e-04
1.357466221533263457e-04
1.330802844531765554e-04
1.304680715943016525e-04
1.279092727960697755e-04
1.254032614283227885e-04
1.229492528760902574e-04
1.205464806717917921e-04
1.181942395057345406e-04
1.158916932592732221e-04
1.136380470636322190e-04
1.114324630674785947e-04
1.092740403258264567e-04
1.071620333446835426e-04
1.050954925818982128e-04
1.030735117954422288e-04
1.010952933690963297e-04
9.915985667923486529e-05
9.726634686279323524e-05
9.541382764920987118e-05
9.360131863432123972e-05
9.182805613464328212e-05
9.009302646272643919e-05
8.839530345484619494e-05
8.673408217416291423e-05
8.510834708928474842e-05
8.351728423736940658e-05
8.195995802881063960e-05
8.043540328174825812e-05
7.894293476817596780e-05
7.748156772493725096e-05
7.605045175639667363e-05
7.464885141140292205e-05
7.327580710119919343e-05
7.193062493458068473e-05
7.061244296944373978e-05
6.932038531997810726e-05
6.805391038471392457e-05
6.681212438540176895e-05
6.559432078789308434e-05
6.439987382165232935e-05
6.322794253622843717e-05
6.207800315258479884e-05
6.094930523522902821e-05
5.984111257709843259e-05
5.875305279037082087e-05
5.768435744124728070e-05
5.663449133720312851e-05
5.560295401231421606e-05
5.458904480837424393e-05
5.359243482272988307e-05
5.261249462395482161e-05
5.164863973336752809e-05
5.070067011373843071e-05
4.976794051846373509e-05
4.885008641033141997e-05
4.794672818378217121e-05
4.705729997003905643e-05
4.618167146867917195e-05
4.531931577095931157e-05
4.446978681439576564e-05
4.363303763135021202e-05
4.280853212854493679e-05
4.199606870742380639e-05
4.119535787072732959e-05
4.040594968672595776e-05
3.962789369602047246e-05
3.886073852474595315e-05
3.810416370889022764e-05
3.735823902265543190e-05
3.662250959916215368e-05
3.589691624231980448e-05
3.518123494935223780e-05
3.447510072298792452e-05
3.377871168733233124e-05
3.309166171990291091e-05
3.241374315160872841e-05
3.174510724809267851e-05
3.108533862294147294e-05
3.043450519149198599e-05
2.979242704054530565e-05
2.915878703484813198e-05
2.853390438331654299e-05
2.791739752089903489e-05
2.730915188242975141e-05
2.670935746704168292e-05
2.611762348602795410e-05
2.553411939580875064e-05
2.495867777960505466e-05
2.439101262833960810e-05
2.383153025912501633e-05
2.327985114371443332e-05
2.273594661683911910e-05
2.219999508677720801e-05
2.167163523576525125e-05
2.115110861234200155e-05
2.063823907077304005e-05
2.013276037344035877e-05
1.963513274647907955e-05
1.914496456262318550e-05
1.866229477948813390e-05
1.818726542018728729e-05
1.771953011485731264e-05
1.725939626351611917e-05
1.680665698381018688e-05
1.636106204103755129e-05
1.592309734974341252e-05
1.549234925371687250e-05
1.506890632586410216e-05
1.465285918640560501e-05
1.424386126441201821e-05
1.384228548650515064e-05
1.344787753143421148e-05
1.306040261722433159e-05
1.268034631718781658e-05
1.230726267898875704e-05
1.194128247779562333e-05
1.158243602122410921e-05
1.123037464536156735e-05
1.088552918112137228e-05
1.054758283509669233e-05
1.021631428163931458e-05
9.892185508232726826e-06
9.574724500350402637e-06
9.264106829587043015e-06
8.960295379873598300e-06
8.662932222204733677e-06
8.372486123800329717e-06
8.088582346391868846e-06
7.811030080523702793e-06
7.540241916693550830e-06
7.275721652789227020e-06
7.017685345136590254e-06
6.766041244910107469e-06
6.520429192460782835e-06
6.281320316258394926e-06
6.048291866432229164e-06
5.821208972496815523e-06
5.600412461109196927e-06
5.385389870742665811e-06
5.176390289643910140e-06
4.973289082996611645e-06
4.775726498267582001e-06
4.584149077245383662e-06
4.398123769933109718e-06
4.217573923542411553e-06
4.042753995259567052e-06
3.873194622198851791e-06
3.709157849935560895e-06
3.550506956878913537e-06
3.396935971878746892e-06
3.248844976084974151e-06
3.105825859731350559e-06
2.967873288426484558e-06
2.835119594448885006e-06
2.707158674533033503e-06
2.584165559955506390e-06
2.465925315687131766e-06
2.352087766569995770e-06
2.242838310576936370e-06
2.137671752496295139e-06
2.036467078041103239e-06
1.939123395136778929e-06
1.845191636126137684e-06
1.754702250554520937e-06
1.667385962480517788e-06
1.582950371766738875e-06
1.501519270220217939e-06
1.422736379239452284e-06
1.346607108353659870e-06
1.273114528290252684e-06
1.202040899728270578e-06
1.133517944390797399e-06
1.067437403177322308e-06
1.003703652405552950e-06
9.424634181806292939e-07
8.835298465168003659e-07
8.269728476417703452e-07
7.727945445727014677e-07
7.208754481200682291e-07
6.713031850797549766e-07
6.239929878330132288e-07
5.788864850768953173e-07
5.360331863950664694e-07
4.952901734241077843e-07
4.566744279314595177e-07
4.201411854719288661e-07
3.855886828476481948e-07
3.530126499128485023e-07
