# bin_3_2
1.559975708442817063e-04
1.536297670953900186e-04
1.512764259886639599e-04
1.489376982879683016e-04
1.466142655876267770e-04
1.443063836454673338e-04
1.420145976957939667e-04
1.397392336034809584e-04
1.374807965865118596e-04
1.352395896882175512e-04
1.330161439212968518e-04
1.308107127428694743e-04
1.286238120197824065e-04
1.264557338403458659e-04
1.243069141752154252e-04
1.221776702780047637e-04
1.200684115596309826e-04
1.179794297979166475e-04
1.159111396961685144e-04
1.138637962033138144e-04
1.118378066277915452e-04
1.098334231719102230e-04
1.078509826138194865e-04
1.058907539410681504e-04
1.039530494984570763e-04
1.020381011229285948e-04
1.001462171501943372e-04
9.827759238051120196e-05
9.643251111959139478e-05
9.461115622498232462e-05
9.281376291177964263e-05
9.104050181431932824e-05
8.929157559281070144e-05
8.756712062881255912e-05
8.586731970771827624e-05
8.419228006058138429e-05
8.254215692866037082e-05
8.091702825721018187e-05
7.931700472546495990e-05
7.774214345433033951e-05
7.619252354831061258e-05
7.466816398574408918e-05
7.316911028877929289e-05
7.169535673644486539e-05
7.024691718191256311e-05
6.882374625550782962e-05
6.742581452996184279e-05
6.605304816383953379e-05
6.470539435956334053e-05
6.338273638182865340e-05
6.208497541835661078e-05
6.081198457342019324e-05
5.956362995868994106e-05
5.833974016704414941e-05
5.714014615230592037e-05
5.596463790472552412e-05
5.481304232069131565e-05
5.368511192657046124e-05
5.258061166788150745e-05
5.149930407050789090e-05
5.044091722077690153e-05
4.940517298871543951e-05
4.839178070335857333e-05
4.740041267638823335e-05
4.643080154705740681e-05
4.548258757186804830e-05
4.455543762450432557e-05
4.364902685620521578e-05
4.276297887421122266e-05
4.189694546974595139e-05
4.105055002410310807e-05
4.022338626560721143e-05
3.941513402189462375e-05
3.862536517399223148e-05
3.785369284327760083e-05
3.709974918198230526e-05
3.636310173949094758e-05
3.564338135285474187e-05
3.494017246601207395e-05
3.425303934321101347e-05
3.358165804182796667e-05
3.292557969640382248e-05
3.228441857581510632e-05
3.165780340107527275e-05
3.104530069881813862e-05
3.044656708836086489e-05
2.986119217291639526e-05
2.928876201371874812e-05
2.872898779606233646e-05
2.818144418545416187e-05
2.764578801628578321e-05
2.712168047339046152e-05
2.660872623980034606e-05
2.610664508157733808e-05
2.561506626908242659e-05
2.513362828681870109e-05
2.466210738796526897e-05
2.420012638245221814e-05
2.374741013733338844e-05
2.330367499564320823e-05
2.286858392158888558e-05
2.244194352381158528e-05
2.202343527823007467e-05
2.161276503154933293e-05
2.120978411952618902e-05
2.081417511102752322e-05
2.042574286075766080e-05
2.004426055366539101e-05
1.966945585535855492e-05
1.930122561553095775e-05
1.893930373491800105e-05
1.858346757435575081e-05
1.823363717950584012e-05
1.788955152728581075e-05
1.755109334792610102e-05
1.721808742214033118e-05
1.689031882824290279e-05
1.656776546661001522e-05
1.625020468498959147e-05
1.593748133456908558e-05
1.562957187611809786e-05
1.532625619524051049e-05
1.502748808610852598e-05
1.473313486812020952e-05
1.444302347885706126e-05
1.415720097115627671e-05
1.387547788967896055e-05
1.359775657041403846e-05
1.332405117443430022e-05
1.305417303309926993e-05
1.278813379798171722e-05
1.252582726134695072e-05
1.226711234300857645e-05
1.201208869274990093e-05
1.176058795204334524e-05
1.151256301386500030e-05
1.126804321913411890e-05
1.102686855885684150e-05
1.078909300020392888e-05
1.055462417251133742e-05
1.032334434512770816e-05
1.009538952885110386e-05
9.870603030117657293e-06
9.648976782719256460e-06
9.430541567761955554e-06
9.215156702570769068e-06
9.002911965957294523e-06
8.793716280141811054e-06
8.587469804948552908e-06
8.384331535519843674e-06
8.184148627098341818e-06
7.986940672424891921e-06
7.792729831901032411e-06
7.601385867759695649e-06
7.413032512322684184e-06
7.227570143729486647e-06
7.044912300030258799e-06
6.865229973147384713e-06
6.688365783908017901e-06
6.514360371922667243e-06
6.343220452190680421e-06
6.174822203124982163e-06
6.009322206837302744e-06
5.846601781058876901e-06
5.686581471241734017e-06
5.529436124894029844e-06
5.375001255327802804e-06
5.223338983452279266e-06
5.074433963661553617e-06
4.928160124715338248e-06
4.784703512777434094e-06
4.643922303478965612e-06
4.505745969963715235e-06
4.370344566362099375e-06
4.237538953037793591e-06
4.107413920427079455e-06
3.979933603775942985e-06
3.854965034205348256e-06
3.732714282761944034e-06
3.613012719269740231e-06
3.495808002544439816e-06
3.381257062771387420e-06
3.269158387690861570e-06
3.159622592327157580e-06
3.052598739888125040e-06
2.947940097146980386e-06
2.845864414779304211e-06
2.746183618225584077e-06
2.648864341084637532e-06
2.554038327209198329e-06
2.461495446433030622e-06
2.371363571681841998e-06
2.283574607408876716e-06
2.197980907153473317e-06
2.114794863684841978e-06
2.033814112619999172e-06
1.955034084136855426e-06
1.878542874940015124e-06
1.804146408150062910e-06
1.731973102987191006e-06
1.661945258561408970e-06
1.593927851331166820e-06
1.528112946164331786e-06
1.464301690856572966e-06
1.402513901085523057e-06
1.342799952888871416e-06
1.284989392367955174e-06
1.229203626322164369e-06
1.175353826514744683e-06
1.123322022318342463e-06
1.073254663543502217e-06
1.024954052407865327e-06
9.784335363053063780e-07
9.336866507234455619e-07
8.905416529562336949e-07
8.490729141904882350e-07
8.091556826699418441e-07
7.706675736649782390e-07
7.336830244084599340e-07
6.980056963390569582e-07
6.636345766324663167e-07
6.305289181948075338e-07
5.985444579912491800e-07
5.677378948482194392e-07
5.380032960554801999e-07
5.092673068164120991e-07
4.815907353777894322e-07
4.548441734873403651e-07
4.290605537668541844e-07
4.042260020198902560e-07
3.802658079933865159e-07
3.572472350794649003e-07
