# bin_3_3
2.261653132283673840e-04
2.225452794870984134e-04
2.189532652329549049e-04
2.153895816380079333e-04
2.118551644966922790e-04
2.083504247522664765e-04
2.048761290124706774e-04
2.014327630186382408e-04
1.980210307910521830e-04
1.946413729405415760e-04
1.912944978616227794e-04
1.879807965761488191e-04
1.847009405806029772e-04
1.814553330800062201e-04
1.782445457354337956e-04
1.750690029653736610e-04
1.719292166446325992e-04
1.688255600807488121e-04
1.657585502442921951e-04
1.627285045757611149e-04
1.597358734912324846e-04
1.567809647385938346e-04
1.538641724098699934e-04
1.509857761739994949e-04
1.481461040102303745e-04
1.453453870026370071e-04
1.425839192463848224e-04
1.398618782101338680e-04
1.371795160218601929e-04
1.345369615399929868e-04
1.319343938698708555e-04
1.293719130391728371e-04
1.268496342859554691e-04
1.243675993134045780e-04
1.219258811177260997e-04
1.195244743007310175e-04
1.171634043019219952e-04
1.148426051625946192e-04
1.125620336020191951e-04
1.103215830802023966e-04
1.081211598873209432e-04
1.059605953706519306e-04
1.038397306921020729e-04
1.017583714730218008e-04
9.971630838530015758e-05
9.771327504485546661e-05
9.574900860140922476e-05
9.382318652899331393e-05
9.193552641764633749e-05
9.008565095730046240e-05
8.827318858623007397e-05
8.649777521536418693e-05
8.475898637792552272e-05
8.305638892675656275e-05
8.138953037745658310e-05
7.975790774196793930e-05
7.816109474093104197e-05
7.659854021200238354e-05
7.506971501014910635e-05
7.357412599134178707e-05
7.211118813627072376e-05
7.068035824692758709e-05
6.928105167010301362e-05
6.791264354300554317e-05
6.657462703362442133e-05
6.526634290437975823e-05
6.398717842238980057e-05
6.273657362506146278e-05
6.151385387615673057e-05
6.031844096541898599e-05
5.914968938325730640e-05
5.800692630101285608e-05
5.688963874267286610e-05
5.579713261611452939e-05
5.472879022895103666e-05
5.368405263085665289e-05
5.266223249104602585e-05
5.166278739292879307e-05
5.068507976329820710e-05
4.972845691163226358e-05
4.879246497143018354e-05
4.787643783015699055e-05
4.697982105367655696e-05
4.610210317143430687e-05
4.524265006958424069e-05
4.440100967195733761e-05
4.357659951301082668e-05
4.276884355897056782e-05
4.197738486960226738e-05
4.120162977193769094e-05
4.044112665018592510e-05
3.969544257298499951e-05
3.896403134326178894e-05
3.824656570837961517e-05
3.754254503089843873e-05
3.685149383081739457e-05
3.617317278356302492e-05
3.550707531472743371e-05
3.485286780724449889e-05
3.421020764514355806e-05
3.357864597528409004e-05
3.295799548527939026e-05
3.234783600957745643e-05
3.174779591855930364e-05
3.115774971201850659e-05
3.057727780594661114e-05
3.000616703786143137e-05
2.944415171809854176e-05
2.889087518765670688e-05
2.834628257524468662e-05
2.781002171038718374e-05
2.728182019885706271e-05
2.676164633933320009e-05
2.624915252516169247e-05
2.574423449003068409e-05
2.524668895074570830e-05
2.475623249447993454e-05
2.427292309263558097e-05
2.379645736227960055e-05
2.332665274227108918e-05
2.286354845652647602e-05
2.240684089066412912e-05
2.195652313350753593e-05
2.151243855989815124e-05
2.107435153386450261e-05
2.064241346717749805e-05
2.021635405076055943e-05
1.979606563197611614e-05
1.938162857975160672e-05
1.897277076106290488e-05
1.856956300934774177e-05
1.817187203724644903e-05
1.777949639129104806e-05
1.739265665932384266e-05
1.701109858576514171e-05
1.663478142676097580e-05
1.626379234035089588e-05
1.589789018126543189e-05
1.553720177558876779e-05
1.518160001639692864e-05
1.483090718220225851e-05
1.448538955245001637e-05
1.414479675123278863e-05
1.380913976312116720e-05
1.347849345536524344e-05
1.315263574688580666e-05
1.283174303245645984e-05
1.251567737301388230e-05
1.220427922463536725e-05
1.189784158312184866e-05
1.159610843522220726e-05
1.129912787335224685e-05
1.100694994493697634e-05
1.071935941340536907e-05
1.043658220611750739e-05
1.015845617715074304e-05
9.884835822551628012e-06
9.616024517646502791e-06
9.351749757146347538e-06
9.092089843529751613e-06
8.837061864258187712e-06
8.586452845294378485e-06
8.340536334688066782e-06
8.099111990092055296e-06
7.862042293362753151e-06
7.629627552818295418e-06
7.401577784878991801e-06
7.178004156040810016e-06
6.958883019624931492e-06
6.743993249185357603e-06
6.533647290206024486e-06
6.327604245146851196e-06
6.125742439016565383e-06
5.928343408684290363e-06
5.735093321418079543e-06
5.546136803685072546e-06
5.361415012613700636e-06
5.180697514806571339e-06
5.004315610569481609e-06
4.831988321033446740e-06
4.663627476183294384e-06
4.499480545979132731e-06
4.339207158712720438e-06
4.182985533581603685e-06
4.030733194780684150e-06
3.882207070582099986e-06
3.737739339674312230e-06
3.597028053734971806e-06
3.460019737816154607e-06
3.326909469824621947e-06
3.197361815617057313e-06
3.071570007987303821e-06
2.949429513375047867e-06
2.830711276247630179e-06
2.715721588548663962e-06
2.604153627712764683e-06
2.496003010868291380e-06
2.391391235768302672e-06
2.290031443790748368e-06
2.192105142142704683e-06
2.097501312651758319e-06
2.006022162136440140e-06
1.917919549051394534e-06
1.832896357202689348e-06
1.750960299899139585e-06
1.672141182591684002e-06
1.596161945407142250e-06
1.523127347264376631e-06
1.452858046497092039e-06
1.385128590668280233e-06
1.320050625748393217e-06
1.257293161660436972e-06
1.196812520736750545e-06
1.138541862206792514e-06
1.082223090115584102e-06
1.027917371348310696e-06
9.754620602682689226e-07
9.247128986673006065e-07
8.757703652555303719e-07
8.284249606609758031e-07
7.827149750298329701e-07
7.386313433839306984e-07
6.960504639766281158e-07
6.550733534769264427e-07
6.156220050571268369e-07
5.776512288567380344e-07
5.412488172573204065e-07
5.062928203123521094e-07
4.728334707006788033e-07
4.408606667030211192e-07
4.102965799418157151e-07
3.811953760506495069e-07
