# bin_2_1
6.153210450835987189e-05
6.071473794585078345e-05
5.990017470827237753e-05
5.908835617745653436e-05
5.827959936332442260e-05
5.747393070908334624e-05
5.667156944439989122e-05
5.587260074466104433e-05
5.507722508875087573e-05
5.428551193708099683e-05
5.349769625435089909e-05
5.271381020368733831e-05
5.193408792018321314e-05
5.115860196361426374e-05
5.038753066986298272e-05
4.962097706170089041e-05
4.885911094210519429e-05
4.810202276442407507e-05
4.734989998784307018e-05
4.660281115595468017e-05
4.586095143405200441e-05
4.512439886956821715e-05
4.439330249700074188e-05
4.366777036118220113e-05
4.294794836065297532e-05
4.223392722369195135e-05
4.152586528375251966e-05
4.082383498051354230e-05
4.012799086516815846e-05
3.943841359237817756e-05
3.875523517474749162e-05
3.807854299170439211e-05
3.740846049569559675e-05
3.674506567217210854e-05
3.608848341225636861e-05
3.543878155538229683e-05
3.479607980473220285e-05
3.416044391860322997e-05
3.353197901694891857e-05
3.291075105599905850e-05
3.229685586012894666e-05
3.169035136116430144e-05
3.109132877551378291e-05
3.049983773841570013e-05
2.991596236642925387e-05
2.933974575882587304e-05
2.877125928253844236e-05
2.821054265485587118e-05
2.765765783310164072e-05
2.711263362629853511e-05
2.657552482092311827e-05
2.604635378547233071e-05
2.552516654553118122e-05
2.501197523286387400e-05
2.450681198795907434e-05
2.400968307379410839e-05
2.352061346768603189e-05
2.303959900598071605e-05
2.256665141674610666e-05
2.210176062184856022e-05
2.164492963241103034e-05
2.119613581727261843e-05
2.075537028720842077e-05
2.032260021700853415e-05
1.989781352026566449e-05
1.948096574834338649e-05
1.907202818571985070e-05
1.867095474379405642e-05
1.827770353462996195e-05
1.789221716701238415e-05
1.751444484590329660e-05
1.714431422305178076e-05
1.678177772710734891e-05
1.642675242516857957e-05
1.607916999277666709e-05
1.573895163482367442e-05
1.540601370058548750e-05
1.508026938074889799e-05
1.476162979767576863e-05
1.444998816026296981e-05
1.414526816951566091e-05
1.384735384949336658e-05
1.355614750755528194e-05
1.327154234353489440e-05
1.299342393241988013e-05
1.272168501459876140e-05
1.245620823344882409e-05
1.219686450661014139e-05
1.194355894051571009e-05
1.169615414926050280e-05
1.145453584567503749e-05
1.121858075755200037e-05
1.098815736354994431e-05
1.076315173600286379e-05
1.054343266792711118e-05
1.032886189039090734e-05
1.011934099940586770e-05
9.914724242674511579e-06
9.714895928625796827e-06
9.519730497817482167e-06
9.329093695014281681e-06
9.142880879741113113e-06
8.960959779590724322e-06
8.783197458618263666e-06
8.609504733295169406e-06
8.439741536933267427e-06
8.273804828894435904e-06
8.111577518679079392e-06
7.952935794053798185e-06
7.797795691213672370e-06
7.646034792749233823e-06
7.497537338088064665e-06
7.352231575082712312e-06
7.209992583443523700e-06
7.070739213718461566e-06
6.934370548803372148e-06
6.800780622371240539e-06
6.669911985290337525e-06
6.541657873950065560e-06
6.415926395744098100e-06
6.292667047874649094e-06
6.171772510445781107e-06
6.053188049302519589e-06
5.936832248296191056e-06
5.822617923375304058e-06
5.710515738785632292e-06
5.600436155781393568e-06
5.492312175598244686e-06
5.386112956027160081e-06
5.281748949130749041e-06
5.179190952069978159e-06
5.078374665671373825e-06
4.979230810969749670e-06
4.881754957163874171e-06
4.785872465046321434e-06
4.691540294823093833e-06
4.598741230207001689e-06
4.507403046692316946e-06
4.417517653897922723e-06
4.329033942587037096e-06
4.241897827860491294e-06
4.156124321749053609e-06
4.071650396644326496e-06
3.988452772856032044e-06
3.906522858251075291e-06
3.825801912334535683e-06
3.746299638726203895e-06
3.667973149762576751e-06
3.590780637208710140e-06
3.514751096778300726e-06
3.439829447148522004e-06
3.366007346404005716e-06
3.293280220663387857e-06
3.221598727731321825e-06
3.150987896695904606e-06
3.081408585659169045e-06
3.012828493051210023e-06
2.945285584574371983e-06
2.878728853779709516e-06
2.813161090589279666e-06
2.748578047040322072e-06
2.684937225482789879e-06
2.622276906530054742e-06
2.560557242892606921e-06
2.499752205286253440e-06
2.439904832577467129e-06
2.380966244089260437e-06
2.322948630538509493e-06
2.265844652198681484e-06
2.209615206714495462e-06
2.154309784051255429e-06
2.099885436547495104e-06
2.046321493452029018e-06
1.993662561740824438e-06
1.941858844208750199e-06
1.890930870152792606e-06
1.840867293895132209e-06
1.791630044744581199e-06
1.743276915760295618e-06
1.695759552735947701e-06
1.649063747116196520e-06
1.603232780658734416e-06
1.558212286186034967e-06
1.514031458137408656e-06
1.470675229398077734e-06
1.428102859954098154e-06
1.386378621014216420e-06
1.345449063967088495e-06
1.305305398936409020e-06
1.265986126212669537e-06
1.227433741566751642e-06
1.189684544754527277e-06
1.152718097778520787e-06
1.116492314753171205e-06
1.081074521759899853e-06
1.046405567159324804e-06
1.012484592352689119e-06
9.793401346471240559e-07
9.469160029164330178e-07
9.152527841552923543e-07
8.843255886154073555e-07
8.540928396848600938e-07
8.246216286353492604e-07
7.958494600159217008e-07
7.677827064789979051e-07
7.404403150665825694e-07
7.137676385265956979e-07
6.878091050518706023e-07
6.625341604177946007e-07
6.379034854198027672e-07
6.139785625691700566e-07
5.906939762398008251e-07
5.680599300950864662e-07
5.460837340885003542e-07
5.247110706650459681e-07
5.039862523667376961e-07
4.838720686343440745e-07
4.643330885794030485e-07
4.454216049822323983e-07
4.270730334275760537e-07
4.093019889092131635e-07
3.921077378844862347e-07
3.754414645461240120e-07
3.593468305445665216e-07
3.437839281561837501e-07
3.287242711046717024e-07
3.142085650874576755e-07
3.001758596838009554e-07
2.866410585449340451e-07
2.735936561396255769e-07
2.609874356160631257e-07
2.488567907590624566e-07
