# bin_4_2
1.650274990181318201e-04
1.624848645508249038e-04
1.599589339300130800e-04
1.574498870542622006e-04
1.549584375245962676e-04
1.524848683679460573e-04
1.500297546087591425e-04
1.475934469121406036e-04
1.451764764335983910e-04
1.427791694837356087e-04
1.404020782755387219e-04
1.380454780606838914e-04
1.357099019952116197e-04
1.333956601206215690e-04
1.311032028991627844e-04
1.288328615427397942e-04
1.265850559113635061e-04
1.243600886675836194e-04
1.221583809027849315e-04
1.199801959776108484e-04
1.178259437079283895e-04
1.156958809138291014e-04
1.135903439431110000e-04
1.115096021211925653e-04
1.094539632118931503e-04
1.074236555785313665e-04
1.054189787628521377e-04
1.034401212592785774e-04
1.014873544478148073e-04
9.956084971983753115e-05
9.766082497278029829e-05
9.578743494052264021e-05
9.394086080660352697e-05
9.212121809853159287e-05
9.032866331098775368e-05
8.856328041698963572e-05
8.682519428482265544e-05
8.511445425342832811e-05
8.343113676599708155e-05
8.177526635934550473e-05
8.014688573158178968e-05
7.854597691312868062e-05
7.697254361997602791e-05
7.542654328483447076e-05
7.390794463485026355e-05
7.241666031806909601e-05
7.095261352078820367e-05
6.951568413699175540e-05
6.810577264443771410e-05
6.672271272741123107e-05
6.536635248084167146e-05
6.403651895013752298e-05
6.273302217403757346e-05
6.145564091011400246e-05
6.020415066088421482e-05
5.897828703534129289e-05
5.777782634310920002e-05
5.660246517036977078e-05
5.545191157130260152e-05
5.432588005252683700e-05
5.322403927752893300e-05
5.214606163350552154e-05
5.109160086075359745e-05
5.006027496642892390e-05
4.905177009891469980e-05
4.806567247241584119e-05
4.710159671028720169e-05
4.615917482668592059e-05
4.523797602775672476e-05
4.433761041563517207e-05
4.345765246258463947e-05
4.259764947310887805e-05
4.175724507741996710e-05
4.093596574817443771e-05
4.013338376122730131e-05
3.934909834865691497e-05
3.858263363565896776e-05
3.783359146378750159e-05
3.710151907114158818e-05
3.638594611021751872e-05
3.568652676007439924e-05
3.500277859955422941e-05
3.433428911959394129e-05
3.368066672840779692e-05
3.304144712989158804e-05
3.241627244302020688e-05
3.180470724584615256e-05
3.120631550363656191e-05
3.062080039637384829e-05
3.004771459740382191e-05
2.948670149673603735e-05
2.893741249789630489e-05
2.839943314436431257e-05
2.787248130702915446e-05
2.735617093651265266e-05
2.685012925376758627e-05
2.635413503370050487e-05
2.586779786354427403e-05
2.539083937461944447e-05
2.492297354957055265e-05
2.446385252860910843e-05
2.401329073559814510e-05
2.357096052971213067e-05
2.313656322457394033e-05
2.270996012142667751e-05
2.229082566657882063e-05
2.187896837998771563e-05
2.147416304559877589e-05
2.107613090982735034e-05
2.068478349467585626e-05
2.029984809057978874e-05
1.992110164448361280e-05
1.954847783160755371e-05
1.918170951014560037e-05
1.882068754496496428e-05
1.846523908017001236e-05
1.811514490239084222e-05
1.777040147925383132e-05
1.743077960784832412e-05
1.709612628820127806e-05
1.676643286637744180e-05
1.644147262194744165e-05
1.612121036172795929e-05
1.580551546304030902e-05
1.549421016327430690e-05
1.518736277895031330e-05
1.488477614671357005e-05
1.458635602404232321e-05
1.429213102140320940e-05
1.400190441959574429e-05
1.371570088968553508e-05
1.343341444010800503e-05
1.315489850034448078e-05
1.288027535990295176e-05
1.260936697439376505e-05
1.234213105465524113e-05
1.207860896478256673e-05
1.181863190170114360e-05
1.156226792001481452e-05
1.130942262084193379e-05
1.105997180689758852e-05
1.081407462824608108e-05
1.057156254482720073e-05
1.033243324517933610e-05
1.009672664647227987e-05
9.864292218407583871e-06
9.635235238843510789e-06
9.409459856795809833e-06
9.186858969395880967e-06
8.967614616404207502e-06
8.751559822504577883e-06
8.538720674661613532e-06
8.329125326910312427e-06
8.122632410627388406e-06
7.919383087180799282e-06
7.719269878450240512e-06
7.522198564612087220e-06
7.328362448516631809e-06
7.137587583575352660e-06
6.949922029128149646e-06
6.765375345432830749e-06
6.583811392236223299e-06
6.405406179310405578e-06
6.230029704839763532e-06
6.057594457074619304e-06
5.888296199871149135e-06
5.721951818980252534e-06
5.558632358088656698e-06
5.398322140412112765e-06
5.240881410573620230e-06
5.086516902929065581e-06
4.935072388312036541e-06
4.786470068389663201e-06
4.640898480361029474e-06
4.498158008244012947e-06
4.358343898890389229e-06
4.221417508792172659e-06
4.087231393178311734e-06
3.956011851399708717e-06
3.827573476666159568e-06
3.701858873052750536e-06
3.579039907920836178e-06
3.458893611114451775e-06
3.341542090842338380e-06
3.226930224417683722e-06
3.114896733017736798e-06
3.005677473588846079e-06
2.899067295633052056e-06
2.795030285379279314e-06
2.693708638883041093e-06
2.594873117799885107e-06
2.498662596150179103e-06
2.405004271198167365e-06
2.313738560807466432e-06
2.225091942255499314e-06
2.138846235845085902e-06
2.054996549439037816e-06
1.973634740782719708e-06
1.894550944027507359e-06
1.817879151863100806e-06
1.743534586101142942e-06
1.671370770067240497e-06
1.601585569707542824e-06
1.533965341812545794e-06
1.468529022213181074e-06
1.405326006477678105e-06
1.344175080876701762e-06
1.285199980386034764e-06
1.228306212498103696e-06
1.173368070449285192e-06
1.120531296709669540e-06
1.069585561753001413e-06
1.020539281486018073e-06
9.733779988207083167e-07
9.279179969534318229e-07
8.842265066905173012e-07
8.421697399188240547e-07
8.016171781512721777e-07
7.626367962937704843e-07
7.250251842165044019e-07
6.887786618889294906e-07
6.538534782416785229e-07
6.201040147100989041e-07
5.875847968542873657e-07
5.561916843526003079e-07
5.258539107941413606e-07
4.966312249817279285e-07
4.683982216020328404e-07
4.411898888445451182e-07
4.149948489625377440e-07
3.897430732921349647e-07
3.654994015714376305e-07
