# bin_3_1
7.491716390514785104e-05
7.388034337960254754e-05
7.284825049181266733e-05
7.182084766783214001e-05
7.079850368376702622e-05
6.978126289536684093e-05
6.876938573468307809e-05
6.776298588650766467e-05
6.676230287818528245e-05
6.576742205473604498e-05
6.477861491580864299e-05
6.379593846724146715e-05
6.281965977362661104e-05
6.184986352304103327e-05
6.088675977344410280e-05
5.993047370591249898e-05
5.898119473660630609e-05
5.803902691462663952e-05
5.710419311471916291e-05
5.617677117616970157e-05
5.525695464517036987e-05
5.434484236536295574e-05
5.344061541379293412e-05
5.254437861860779670e-05
5.165629197986989628e-05
5.077645327769156829e-05
4.990502588051010080e-05
4.904208922617403878e-05
4.818780507716407131e-05
4.734224940730040346e-05
4.650556225941296107e-05
4.567782752494113267e-05
4.485916540264376913e-05
4.404965182133312607e-05
4.324940795870499730e-05
4.245849243415988807e-05
4.167702102071540879e-05
4.090504613526063275e-05
4.014266582811255749e-05
3.938993318054921709e-05
3.864692938115943599e-05
3.791369856102722133e-05
3.719031609666575039e-05
3.647681371540033253e-05
3.577325939891844002e-05
3.507967373245505295e-05
3.439611041860393486e-05
3.372258276577609279e-05
3.305913241689827065e-05
3.240576555885495570e-05
3.176250967844763842e-05
3.112936339714656863e-05
3.050634397430219266e-05
2.989343602845843942e-05
2.929064404967917092e-05
2.869794221561758322e-05
2.811533010514417880e-05
2.754276850179856312e-05
2.698023951128496339e-05
2.642770194663345815e-05
2.588512504185301155e-05
2.535245405904793301e-05
2.482964632244408026e-05
2.431663209261130388e-05
2.381337080616370173e-05
2.331978031786016066e-05
2.283579611232035828e-05
2.236134014674137177e-05
2.189633193669596601e-05
2.144068195000967770e-05
2.099430161037349284e-05
2.055708041794777617e-05
2.012894215329912758e-05
1.970976342391953700e-05
1.929944113039426011e-05
1.889786428776855671e-05
1.850490948443844516e-05
1.812045889661066200e-05
1.774438651541205463e-05
1.737654728803518406e-05
1.701683966567801902e-05
1.666510775541237140e-05
1.632122143492841602e-05
1.598504436286528994e-05
1.565642374582022921e-05
1.533522618953109577e-05
1.502129950241627663e-05
1.471447945699376903e-05
1.441465107174017412e-05
1.412164010228822374e-05
1.383530549984244463e-05
1.355549780145030900e-05
1.328205198854691665e-05
1.301483473100793181e-05
1.275368401378959723e-05
1.249843217347819857e-05
1.224896691352813319e-05
1.200511094592873674e-05
1.176672846932133060e-05
1.153367285720106731e-05
1.130578220279435666e-05
1.108294088467442699e-05
1.086499087059892288e-05
1.065177615608333336e-05
1.044320090520497818e-05
1.023909889385585061e-05
1.003935475954074231e-05
9.843835491382582530e-06
9.652395452548650478e-06
9.464948536665378781e-06
9.281351007658394082e-06
9.101470733220794857e-06
8.925235555897446677e-06
8.752499322800727700e-06
8.583175901000785174e-06
8.417152691200175990e-06
8.254307088283043033e-06
8.094586897394308002e-06
7.937867457876250350e-06
7.784046651774356103e-06
7.633078254700313204e-06
7.484836835746788928e-06
7.339269121434030993e-06
7.196285214458659841e-06
7.055784538795359582e-06
6.917748941931974509e-06
6.782073245618948229e-06
6.648685049559418516e-06
6.517560330897264499e-06
6.388593577096199238e-06
6.261761913889084884e-06
6.136994065878509360e-06
6.014209505145447432e-06
5.893419015651243215e-06
5.774533227360885884e-06
5.657507773639936538e-06
5.542332379779008683e-06
5.428920700936017082e-06
5.317274175209653278e-06
5.207334964901844751e-06
5.099039017770681594e-06
4.992418857324267879e-06
4.887396725210519743e-06
4.783950974097599893e-06
4.682078761708307546e-06
4.581708209944384275e-06
4.482861097601557410e-06
4.385486941372753516e-06
4.289534865099627932e-06
4.195052255750000236e-06
4.101968764423058705e-06
4.010279691036518639e-06
3.919984281103771487e-06
3.831020300262572364e-06
3.743427062306795056e-06
3.657156197663905412e-06
3.572167094277756646e-06
3.488515810888031989e-06
3.406135097922791185e-06
3.325032888414208227e-06
3.245206409007636561e-06
3.166600382948108332e-06
3.089269111861740912e-06
3.013161330810511769e-06
2.938243307742549061e-06
2.864574941867037018e-06
2.792090375567658870e-06
2.720808323646762675e-06
2.650720297533102764e-06
2.581774286696613977e-06
2.514036749156071105e-06
2.447451285371236400e-06
2.381990616195093361e-06
2.317714046373575602e-06
2.254554173537267147e-06
2.192539144727040019e-06
2.131654276505770579e-06
2.071848703181608490e-06
2.013196986152514555e-06
1.955635696555205386e-06
1.899145953019232193e-06
1.843783075999088008e-06
1.789474865572480732e-06
1.736259265442550725e-06
1.684116766840740912e-06
1.632994126195209488e-06
1.582971712297564378e-06
1.533980669214772741e-06
1.486009321473396843e-06
1.439104861790331787e-06
1.393192710439131189e-06
1.348317453447428602e-06
1.304452312646456161e-06
1.261542741681352293e-06
1.219669149615581776e-06
1.178755894253573219e-06
1.138800238803373080e-06
1.099834536321345837e-06
1.061787255571478918e-06
1.024705556679583158e-06
9.885570645757454960e-07
9.532882668415149956e-07
9.189752657442712975e-07
8.855379735080768642e-07
8.529792527283766994e-07
8.213152985193689340e-07
7.904742714704381203e-07
7.605017714983748427e-07
7.313554982227510634e-07
7.029830046103993152e-07
6.754500226227333325e-07
6.486753316235895862e-07
6.226683780211662372e-07
5.974358829570927282e-07
5.729146009369237598e-07
5.491561438763365947e-07
5.261200708310394743e-07
5.037685515893267748e-07
4.821633286828938172e-07
4.612334817920275104e-07
4.409987959345002838e-07
4.214606274603843914e-07
4.025654180184677397e-07
3.843623097072903452e-07
3.668069452919055226e-07
3.498669237684340112e-07
3.335847704275932880e-07
3.178899921252163186e-07
3.027960326589152319e-07
2.882875371743643345e-07
2.743096106561451132e-07
2.608946064227501550e-07
