# bin_1_1
3.660362930636594438e-05
3.614909568597773898e-05
3.569569956846959632e-05
3.524334415620364520e-05
3.479225113033918856e-05
3.434240123796549154e-05
3.389391875802622381e-05
3.344684659784372702e-05
3.300129967285666367e-05
3.255728962056106786e-05
3.211497522296061848e-05
3.167433949299534315e-05
3.123553401859423229e-05
3.079857904204968630e-05
3.036357388513461148e-05
2.993057836441692917e-05
2.949968399888099600e-05
2.907092544320048408e-05
2.864442651857381525e-05
2.822020022985455832e-05
2.779837076392278525e-05
2.737897231344429142e-05
2.696209790507775940e-05
2.654779276811844335e-05
2.613614222879521382e-05
2.572719905162545588e-05
2.532105588332278040e-05
2.491774650189343797e-05
2.451736996957662435e-05
2.411996149191056175e-05
2.372560678379718256e-05
2.333435274823754854e-05
2.294627691506140419e-05
2.256141925518963349e-05
2.217986558519911036e-05
2.180164804772522378e-05
2.142684761562443864e-05
2.105550259836548767e-05
2.068768292030712740e-05
2.032342783608902047e-05
1.996280170775293866e-05
1.960584597174468550e-05
1.925262409224676172e-05
1.890316860222784334e-05
1.855754153300385610e-05
1.821577619104973849e-05
1.787792547678999295e-05
1.754402384964391242e-05
1.721411923708297055e-05
1.688824173504104026e-05
1.656643786036391671e-05
1.624873151875815986e-05
1.593516871402344347e-05
1.562576973223532805e-05
1.532057111232996649e-05
1.501959297049043109e-05
1.472286742567598141e-05
1.443040965348671457e-05
1.414224677336982479e-05
1.385839068673917394e-05
1.357886395988805130e-05
1.330367399347315704e-05
1.303283604435154648e-05
1.276635261091640167e-05
1.250423718960022171e-05
1.224648615902550486e-05
1.199310608260571266e-05
1.174409045429090777e-05
1.149943994964106030e-05
1.125914169028249284e-05
1.102319024896504069e-05
1.079156623908740975e-05
1.056426412618211156e-05
1.034125837242292500e-05
1.012253303102900932e-05
9.908061940197549741e-06
9.697821236508347761e-06
9.491780005308062185e-06
9.289909419943998903e-06
9.092168287905246776e-06
8.898531307318955098e-06
8.708951597412564798e-06
8.523392336500682594e-06
8.341808255437004090e-06
8.164153029706385967e-06
7.990379316187930895e-06
7.820437184084327116e-06
7.654267090346328453e-06
7.491827353591785086e-06
7.333053010006472756e-06
7.177890928125346945e-06
7.026280227665513282e-06
6.878158009057757582e-06
6.733465943698708806e-06
6.592138603201166422e-06
6.454104487435392339e-06
6.319312022319574931e-06
6.187684196585183635e-06
6.059159315143679927e-06
5.933668111759264754e-06
5.811138327988587347e-06
5.691509496257501602e-06
5.574708436707481588e-06
5.460659379026425952e-06
5.349309035317432825e-06
5.240576866779958949e-06
5.134401467706986901e-06
5.030712453197972066e-06
4.929437091126388066e-06
4.830520589751159616e-06
4.733890072733522158e-06
4.639474058320771300e-06
4.547224352257291857e-06
4.457064373361506359e-06
4.368940610865230961e-06
4.282788146638092665e-06
4.198540670881798623e-06
4.116154936136785320e-06
4.035564007387523863e-06
3.956707215504492162e-06
3.879545903987652323e-06
3.804011745556814960e-06
3.730064069100708062e-06
3.657647773069896213e-06
3.586706050605739551e-06
3.517210364769635183e-06
3.449103005585178995e-06
3.382336838164440656e-06
3.316884192022435572e-06
3.252687015943973978e-06
3.189718966064039620e-06
3.127935311546188470e-06
3.067289960242148773e-06
3.007768949168815935e-06
2.949324040546289915e-06
2.891922395914248218e-06
2.835545389459246446e-06
2.780146062406290237e-06
2.725711049438714958e-06
2.672204780613038389e-06
2.619591244102702619e-06
2.567868768298094408e-06
2.516997421047135757e-06
2.466956927024363611e-06
2.417735439212590521e-06
2.369295386495591260e-06
2.321634744414834142e-06
2.274724629794665863e-06
2.228537641546232478e-06
2.183081503303628949e-06
2.138322669333819807e-06
2.094250787294635221e-06
2.050858258366606146e-06
2.008114570985593992e-06
1.966027402002871424e-06
1.924571992046249912e-06
1.883727837028044767e-06
1.843509095981734130e-06
1.803886321246843860e-06
1.764856690413257051e-06
1.726414568607943087e-06
1.688534809235925537e-06
1.651233221715853677e-06
1.614486524008148447e-06
1.578279082935362523e-06
1.542629045499702925e-06
1.507509722062809056e-06
1.472924377894392815e-06
1.438867219925345051e-06
1.405316401644669161e-06
1.372294436362220629e-06
1.339778001643235971e-06
1.307755510974970045e-06
1.276247076415671298e-06
1.245227034648431225e-06
1.214703843189501872e-06
1.184670803125392992e-06
1.155107918017299050e-06
1.126042677565910348e-06
1.097450043552370534e-06
1.069322160844141173e-06
1.041678804471021149e-06
1.014492355651569606e-06
9.877752767154133292e-07
9.615186445965916698e-07
9.357010464681935212e-07
9.103531523454114543e-07
8.854474218295018992e-07
8.609787019278202205e-07
8.369649954352316398e-07
8.133778271641760026e-07
7.902341722903505553e-07
7.675233494952552462e-07
7.452244218014107420e-07
7.233714749470412786e-07
7.019351989400709358e-07
6.809152932942612679e-07
6.603261554666766795e-07
6.401403361604609832e-07
6.203781527453386683e-07
6.010267911370770711e-07
5.820653667556048946e-07
5.635291351988507284e-07
5.453865236765282081e-07
5.276407200699016551e-07
5.103016310535746194e-07
4.933415768361012941e-07
4.767839853234929616e-07
4.606126833521398508e-07
4.448073145906359366e-07
4.294022312104508548e-07
4.143637631055073283e-07
3.996980765801187517e-07
3.854103719684221164e-07
3.714729160382712450e-07
3.579119460229233834e-07
3.447080637360094625e-07
3.318428785400329459e-07
3.193482626582006690e-07
3.071896258621788520e-07
2.953761407197106230e-07
2.839086218364083810e-07
2.727604691201164411e-07
2.619590806716623416e-07
2.514819433999847667e-07
2.413131392710083367e-07
2.314794575438586477e-07
2.219463260054267671e-07
2.127241523691423467e-07
2.038083307428161842e-07
1.951725940393025998e-07
1.868413052369101588e-07
