# bin_4_3
1.326417922411241103e-14
1.333802061912071791e-14
1.341463378060092912e-14
1.349417136267231471e-14
1.357678111595784152e-14
1.366253539408766085e-14
1.375147783346835196e-14
1.384364195230055339e-14
1.393907671472954840e-14
1.403794398044366204e-14
1.414045731934759301e-14
1.424684323299992245e-14
1.435723842978912964e-14
1.447166120968431634e-14
1.459011358238458382e-14
1.471271183129486831e-14
1.483973883907846159e-14
1.497148221952492238e-14
1.510804526528293827e-14
1.524938719259261621e-14
1.539558260008901143e-14
1.554697581909849529e-14
1.570388192587189595e-14
1.586632217461524081e-14
1.603425543561933507e-14
1.620799688954337620e-14
1.638791966207290471e-14
1.657404480774607741e-14
1.676638526346538228e-14
1.696534744493129645e-14
1.717116370693486642e-14
1.738377203049244020e-14
1.760352049196660267e-14
1.783069641849842443e-14
1.806527103487399604e-14
1.830758606286113113e-14
1.855785473817134463e-14
1.881617475425836086e-14
1.908286322716725377e-14
1.935802987585098325e-14
1.964193876540089838e-14
1.993475965220063457e-14
2.023671460265541525e-14
2.054800075907920533e-14
2.086881795785213541e-14
2.119937392795643498e-14
2.153986603327404039e-14
2.189048737914144731e-14
2.225144465797135433e-14
2.262291941715945438e-14
2.300510854786978198e-14
2.339819415009332079e-14
2.380236242953432521e-14
2.421778525475883447e-14
2.464464233544898257e-14
2.508309540444721609e-14
2.553330863921793296e-14
2.599543963359516603e-14
2.646963446389921258e-14
2.695604016886027040e-14
2.745479217495707194e-14
2.796602213011922647e-14
2.848985710499201039e-14
2.902641605991024217e-14
2.957581383128102468e-14
3.013816293096567864e-14
3.071357685487827855e-14
3.130216078113723654e-14
3.190401753107999095e-14
3.251926248932433920e-14
3.314800299561356979e-14
3.379036033415993830e-14
3.444645923464891132e-14
3.511644171338169329e-14
3.580046252978953180e-14
3.649869907856811944e-14
3.721135208396709581e-14
3.793865139768671612e-14
3.868085969009309864e-14
3.943827721701451930e-14
4.021124308068829381e-14
4.100014701055832339e-14
4.180542640725890600e-14
4.262752501808660011e-14
4.346701960613364923e-14
4.432454589067868024e-14
4.520070625721751866e-14
4.609634454058850828e-14
4.701221908263946972e-14
4.794922035124238346e-14
4.890833417211768619e-14
4.989048344775732116e-14
5.089678938304853421e-14
5.192824298468095876e-14
5.298602875725309669e-14
5.407120348698246156e-14
5.518495656204561288e-14
5.632850776912519142e-14
5.750290568927099806e-14
5.870913698410743844e-14
5.994849485806288176e-14
6.122154801628241941e-14
6.252947143765613029e-14
6.387277278747734691e-14
6.525223907405267708e-14
6.666842035861697720e-14
6.812180507068581295e-14
6.961283851807940100e-14
7.114190966748621468e-14
7.270922941563558293e-14
7.431513155995298862e-14
7.595964828357978053e-14
7.764282798030353777e-14
7.936467710745736975e-14
8.112493462236567136e-14
8.292316560198699511e-14
8.475882100363885838e-14
8.663090013772761162e-14
8.853810753549584776e-14
9.047842213897245492e-14
9.244952990359177767e-14
9.444801199856256507e-14
9.647011997676959428e-14
9.851394226143703471e-14
1.005770436288281720e-13
1.026544748752118530e-13
1.047502246907668398e-13
1.068666835026557829e-13
1.089984015169780569e-13
1.111365624437746559e-13
1.132752920687266979e-13
1.154092014341603870e-13
1.175329808548435019e-13
1.196411878631772093e-13
1.217279586467954915e-13
1.237870419365472706e-13
1.258121525767549763e-13
1.277964864387432912e-13
1.297325523259615049e-13
1.316123978536729074e-13
1.334278234953197669e-13
1.351700900846271198e-13
1.368299990773699781e-13
1.383980505860241740e-13
1.398644477342264539e-13
1.412190513375602240e-13
1.424514904280419964e-13
1.435511333391974877e-13
1.445071350409069179e-13
1.453086005181981984e-13
1.459446192278215045e-13
1.464043675650055960e-13
1.466772691603690281e-13
1.467531017280016082e-13
1.466221712408849549e-13
1.462754448558368834e-13
1.457047463182076236e-13
1.449029673704176991e-13
1.438642783825854268e-13
1.425843422861779838e-13
1.410606216361339905e-13
1.392925886137291331e-13
1.372819988600369373e-13
1.350331475571415858e-13
1.325531375381551894e-13
1.298520465326161839e-13
1.269431720672131420e-13
1.238430845681870059e-13
1.205717107120628276e-13
1.171522436140949103e-13
1.136109684099626795e-13
1.099768494587035524e-13
1.062810112274370591e-13
1.025558852667671452e-13
9.883448427863297411e-14
9.515059655553245689e-14
9.153733880063320283e-14
8.802616808416795002e-14
8.465003106183648245e-14
8.144067554927400607e-14
7.842220327420301105e-14
7.560833286284467616e-14
7.300298773286104846e-14
7.060052173947914447e-14
6.838665683491263148e-14
6.634019267669898435e-14
6.443435357617447745e-14
6.263527095968791842e-14
6.090376768090466691e-14
5.919823096476475077e-14
5.746390405320479915e-14
5.564205621264464420e-14
5.368871321888889029e-14
5.157783253508876196e-14
4.929947314427227404e-14
4.686648257472768816e-14
4.431567991261967840e-14
4.170356051682741391e-14
3.909947725357259619e-14
3.657716067260447359e-14
3.420650014518863080e-14
3.204594376610768096e-14
3.013527780008671442e-14
2.848886050454400954e-14
2.709091713878769134e-14
2.589554092949188380e-14
2.483327425161578173e-14
2.382373692831512941e-14
2.279174646998849789e-14
2.168392123076964239e-14
2.048221012371831279e-14
1.920897124298585114e-14
1.791897364352107700e-14
1.668058080763225216e-14
1.555456609657022739e-14
1.457653128506034312e-14
1.374578180145748556e-14
1.302669451688203304e-14
1.236524232873399827e-14
1.171157390635607832e-14
1.103831281013119899e-14
1.034941775352890345e-14
9.674085690148647595e-15
9.047396722718924332e-15
8.489970844689038948e-15
7.997934999978345833e-15
7.548476476354626213e-15
7.116881702266321925e-15
6.692195028672067314e-15
6.280867464672936989e-15
5.896988766900897442e-15
5.548061170130557521e-15
5.229148381418744719e-15
4.929302436772344252e-15
4.642351538760773581e-15
4.370575252984126877e-15
4.118474155261728357e-15
3.885682095663559896e-15
3.667774025768475264e-15
3.461991428541802661e-15
3.268987802037622883e-15
3.089343610620047793e-15
2.921519532280302905e-15
2.763891029396256196e-15
2.616125518720936383e-15
2.477931857400580724e-15
2.348406989173177513e-15
2.226833757852250900e-15
2.112795773139458054e-15
2.005757054809067079e-15
1.905171183195523215e-15
1.810609912277026953e-15
1.721646064102277078e-15
1.637851378375838469e-15
1.558855257506054821e-15
1.484327140964345897e-15
1.413959892955466025e-15
1.347465836944762365e-15
1.284573128316366626e-15
1.225026099626064766e-15
1.168587243455577809e-15
1.115037991602589110e-15
1.064177805646092927e-15
1.015822853662315829e-15
9.698046014294655217e-16
9.259684899537147821e-16
8.841727857339871683e-16
8.442875018226625450e-16
8.061933586803049060e-16
7.697808138262275390e-16
7.349492143651164451e-16
7.016061712941760872e-16
6.696670562416222290e-16
6.390544643564179728e-16
6.096976873319290913e-16
5.815321705890234152e-16
5.544988543464437743e-16
5.285435658425602988e-16
5.036165748672230862e-16
4.796722497468710538e-16
4.566687664115637509e-16
4.345677472502181797e-16
4.133337923181106260e-16
3.929340836132016202e-16
3.733381341879599048e-16
3.545176156390984979e-16
3.364462086479992166e-16
3.190993510216694045e-16
3.024539218300257066e-16
2.864880084203863634e-16
2.711807770878538602e-16
2.565123960604716941e-16
2.424639543674972696e-16
2.290173054451729581e-16
2.161549030921309041e-16
2.038597015356524285e-16
1.921151000864573049e-16
1.809049130365823437e-16
1.702133095942423720e-16
1.600247215842439380e-16
1.503237882271973528e-16
1.410953451038058270e-16
1.323244277566955753e-16
1.239962687251473806e-16
1.160962298898046527e-16
1.086097297740221562e-16
1.015222380362392689e-16
9.481931761373174577e-17
8.848668056890209463e-17
8.251021047692126308e-17
7.687591288044285195e-17
7.156986722567793092e-17
6.657824163056274409e-17
6.188734629928564099e-17
5.748369529898942530e-17
5.335404277826378775e-17
4.948537972353755505e-17
4.586493024756054580e-17
4.248017454819759325e-17
3.931888298754410683e-17
3.636915023189963335e-17
3.361942106438104521e-17
3.105850390034550948e-17
2.867558141387917131e-17
2.646022310024652709e-17
2.440239592630296341e-17
2.249247322158418314e-17
2.072124107731545340e-17
1.907990035525568137e-17
1.756006519442958243e-17
1.615375915374742607e-17
1.485340927910409901e-17
1.365184010565605198e-17
1.254226694955562595e-17
1.151828632999434684e-17
1.057386466284635782e-17
9.703323869789241990e-18
8.901328288149876754e-18
8.162873497028607243e-18
7.483270640815282158e-18
6.858137272646145516e-18
6.283376437753370202e-18
5.755167814455313881e-18
5.269947628508797870e-18
4.824400012123253986e-18
4.415441692979807625e-18
4.040208186938079925e-18
3.696043240217206772e-18
3.380481533762465605e-18
3.091239782660053286e-18
2.826205419391385125e-18
2.583424489569521298e-18
2.361091164954951659e-18
2.157538176413694368e-18
1.971226678224965910e-18
1.800737484208409611e-18
1.644762917042859176e-18
1.502098887078576010e-18
1.371637220608841490e-18
1.252358509646330601e-18
1.143325331593135969e-18
1.043676017450409464e-18
9.526187854538316449e-19
8.694262789819310067e-19
7.934305043561634790e-19
7.240183693425365342e-19
6.606269028638690520e-19
6.027407223450470345e-19
5.498881762595786874e-19
5.016379175368230038e-19
4.575959185344188693e-19
4.174022130978004097e-19
3.807273779835351585e-19
3.472694375850169679e-19
3.167511383433778219e-19
2.889178387671376680e-19
2.635355949822058272e-19
2.403897156395811063e-19
2.192835797303618523e-19
2.000375566624397996e-19
1.824877120987789985e-19
1.664845374449588567e-19
1.518916212936088812e-19
1.385846363308806712e-19
1.264501813376223855e-19
1.153848757414184100e-19
1.052944601822816490e-19
9.609299055470421569e-20
8.770210499917930610e-20
8.005035777037522562e-20
7.307260634070918692e-20
6.670945017072480007e-20
6.090673066605898887e-20
5.561506700973907424e-20
5.078943443578548369e-20
4.638878153909339311e-20
4.237568021427705785e-20
3.871600454433996291e-20
3.537862685324028721e-20
3.233515892643299655e-20
