# bin_2_1
2.780644091084967343e-13
2.790914729808523454e-13
2.801553320080836882e-13
2.812568059247725955e-13
2.823967796857218416e-13
2.835765282278438386e-13
2.847977023326642648e-13
2.860621132697403331e-13
2.873715003185525589e-13
2.887272663063914527e-13
2.901303358629562429e-13
2.915817283229170914e-13
2.930828330049828371e-13
2.946350654523238496e-13
2.962399059564157628e-13
2.978983777364242793e-13
2.996121649644674131e-13
3.013837127371890895e-13
3.032153898239401086e-13
3.051087993955951848e-13
3.070651871792812878e-13
3.090866978802904712e-13
3.111756238294659661e-13
3.133335685796323775e-13
3.155625498316591813e-13
3.178650573564107272e-13
3.202432663904724780e-13
3.226990445652953252e-13
3.252349454171468755e-13
3.278532593709691857e-13
3.305560121616861864e-13
3.333454447646416139e-13
3.362234634712574460e-13
3.391921464176949038e-13
3.422543381320462730e-13
3.454131996585574922e-13
3.486716504697154609e-13
3.520324678060018120e-13
3.554986913971725982e-13
3.590735741614778623e-13
3.627612882525958685e-13
3.665672325422471996e-13
3.704985062279597893e-13
3.745585022281701797e-13
3.787481299658400233e-13
3.830719594442469147e-13
3.875354698127987410e-13
3.921446220522412435e-13
3.969027599336508788e-13
4.018116390656276943e-13
4.068731639557542917e-13
4.120889127376264044e-13
4.174606996248639699e-13
4.229894131052601935e-13
4.286760438058281636e-13
4.345244909584027771e-13
4.405430428565997515e-13
4.467318715267584525e-13
4.530902196913741139e-13
4.596244238154597370e-13
4.663412870758891379e-13
4.732464448035681876e-13
4.803497261188944694e-13
4.876610677627685976e-13
4.951926079730920614e-13
5.029591090544559010e-13
5.109655384919807406e-13
5.192139265347711335e-13
5.277098237385203642e-13
5.364542523749551233e-13
5.454425207072326049e-13
5.546738627941540960e-13
5.641503355033386412e-13
5.738627272511695109e-13
5.838134721262530800e-13
5.940168514596031316e-13
6.044858582359954347e-13
6.152369164705011166e-13
6.262782774431928952e-13
6.376119559324019891e-13
6.492418841013868343e-13
6.611724130733494355e-13
6.734006529161730559e-13
6.859154261046931992e-13
6.987168765742282940e-13
7.118081960758140212e-13
7.251854182149278847e-13
7.388394507698456423e-13
7.527769578094474088e-13
7.670049245849612986e-13
7.815221824560609714e-13
7.963367876581733323e-13
8.114462008877272327e-13
8.268280955067394995e-13
8.424698014852750162e-13
8.583491655873252106e-13
8.744534442457632519e-13
8.907834224344564414e-13
9.073330282124731010e-13
9.240982194223373416e-13
9.410590918002861346e-13
9.581947429462055075e-13
9.754766031618357477e-13
9.928820768007583524e-13
1.010387000768612130e-12
1.027965999759388411e-12
1.045591832447091741e-12
1.063238429048581306e-12
1.080866464360038993e-12
1.098408934778283923e-12
1.115843339355836580e-12
1.133164973530418761e-12
1.150367333896703057e-12
1.167432697307407702e-12
1.184336193832384447e-12
1.201031352537695965e-12
1.217449054421356998e-12
1.233535766930030788e-12
1.249238655683321370e-12
1.264507971377120243e-12
1.279291732957952153e-12
1.293535178332168659e-12
1.307183206176371154e-12
1.320183885258821942e-12
1.332483955222976767e-12
1.344023842795818042e-12
1.354740114291161071e-12
1.364570597030391565e-12
1.373453967360999404e-12
1.381327590081981226e-12
1.388124527394168193e-12
1.393777888161046896e-12
1.398223543782528130e-12
1.401396969328072761e-12
1.403232843229170549e-12
1.403666934688897638e-12
1.402638104053134598e-12
1.400088323636875000e-12
1.395961505093262939e-12
1.390205693196033679e-12
1.382775136772373796e-12
1.373629458392962599e-12
1.362734935199936876e-12
1.350066489641839312e-12
1.335608799471223698e-12
1.319356313596655534e-12
1.301314941007974688e-12
1.281503229362493183e-12
1.259952758834414827e-12
1.236710187948657226e-12
1.211838854926781995e-12
1.185420543389549306e-12
1.157556695629808611e-12
1.128369791394173510e-12
1.098003694775043667e-12
1.066624385660937847e-12
1.034419002857290223e-12
1.001593276820912758e-12
9.683676037985562215e-13
9.349733678206330260e-13
9.016507301362856370e-13
8.686377714728283088e-13
8.361650113978503035e-13
8.044625736193959347e-13
7.737527224215769229e-13
7.442389994410923724e-13
7.160915791527163080e-13
6.894349646753489571e-13
6.643291900076196284e-13
6.407700331973471671e-13
6.186920955887214863e-13
5.979766004184528184e-13
5.784554372954305530e-13
5.599293151196455834e-13
5.421794606370668907e-13
5.249300681944534091e-13
5.078720072907296094e-13
4.906895317725631068e-13
4.730871229980208814e-13
4.548153953615984929e-13
4.357318308393759614e-13
4.158182246185734330e-13
3.951899931140736544e-13
3.740940851881671202e-13
3.528822457995281730e-13
3.319778747714073960e-13
3.118298930911595625e-13
2.928635987971328094e-13
2.754302822011245997e-13
2.597579721800060754e-13
2.459108051032421869e-13
2.337677836946473347e-13
2.230309294680446682e-13
2.132674621134699788e-13
2.039857483789602267e-13
1.947356981308186500e-13
1.852092572971747089e-13
1.753076388594408542e-13
1.651536363710087404e-13
1.550464119949531536e-13
1.453658056795921157e-13
1.364481262875917621e-13
1.284794246119683025e-13
1.214477968661920643e-13
1.151643793205796792e-13
1.093455970015175284e-13
1.037300309808853111e-13
9.817399692177095443e-14
9.268297668767450881e-14
8.737323871527512236e-14
8.238652117862137531e-14
7.780622374523537331e-14
7.362106861783481629e-14
6.974858832555517856e-14
6.609492489981775960e-14
6.260739586452068694e-14
5.928529697116440773e-14
5.615267602950480231e-14
5.322381908585583411e-14
5.048973882972129791e-14
4.792806293300737513e-14
4.551781849861921221e-14
4.324534968833992247e-14
4.110367741285475691e-14
3.908915175317971868e-14
3.719660239875072965e-14
3.541658340796024265e-14
3.373826804514353030e-14
3.215456871780133581e-14
3.066106980075330094e-14
2.925203147861105762e-14
2.792064162436859547e-14
2.666146722359672081e-14
2.546989490738137238e-14
2.434118494318246836e-14
2.327091476146867998e-14
2.225511850028375613e-14
2.129000701750576889e-14
2.037206747165911430e-14
1.949807549176485847e-14
1.866500522355547895e-14
1.787010838544149615e-14
1.711088539042748599e-14
1.638504421273618075e-14
1.569048820333680059e-14
1.502527379548214528e-14
1.438759694643808583e-14
1.377579128161471891e-14
1.318832874989394524e-14
1.262381677892422396e-14
1.208099081833704074e-14
1.155870357019068504e-14
1.105591320899016775e-14
1.057167239169386859e-14
1.010511898730386649e-14
9.655468069692030518e-15
9.222004390499171820e-15
8.804075388930007325e-15
8.401084673335962980e-15
8.012486379439349478e-15
7.637780654675447550e-15
7.276509210159489261e-15
6.928250752045236659e-15
6.592616402122272576e-15
6.269245112391317403e-15
5.957799911502234837e-15
5.657964827689439088e-15
5.369442044281565012e-15
5.091949309962020652e-15
4.825217441433557884e-15
4.568988044457110337e-15
4.323011848793978872e-15
4.087047106939709321e-15
3.860857894026782864e-15
3.644212547498125707e-15
3.436882294953543516e-15
3.238640432592887214e-15
3.049262009534106051e-15
2.868523079596729331e-15
2.696199662541675099e-15
2.532066679913208290e-15
2.375897159910352595e-15
2.227462110378913287e-15
2.086530851021723031e-15
1.952871200013635756e-15
1.826249213335474093e-15
1.706429175242132328e-15
1.593173389262089641e-15
1.486242476646297307e-15
1.385396075000578734e-15
1.290393638732348237e-15
1.200995195561430599e-15
1.116961957399799630e-15
1.038056816050026257e-15
9.640449649501911999e-16
8.946946548959217346e-16
8.297778967515072073e-16
7.690711815697437405e-16
7.123561313359054825e-16
6.594199547213015388e-16
6.100558895045489542e-16
5.640636035909397876e-16
5.212495467581445770e-16
4.814272621252547974e-16
4.444175050229884787e-16
4.100483931981255526e-16
3.781555119738386361e-16
3.485819201145530417e-16
3.211781379710854125e-16
2.958021174308987013e-16
2.723190765774802458e-16
2.506013656557709694e-16
2.305283401919736143e-16
2.119861480597120449e-16
1.948675547966092951e-16
1.790716509675303495e-16
1.645036536402256354e-16
1.510746749414351921e-16
1.387014707790833660e-16
1.273061378446201945e-16
1.168158664405272121e-16
1.071627282067548342e-16
9.828343569204349047e-17
9.011897582114763629e-17
8.261447927812391923e-17
7.571897856505201657e-17
6.938508993068586236e-17
6.356887328661140319e-17
5.822963001333054541e-17
5.332959702726823754e-17
4.883386874870227726e-17
4.471013851599795542e-17
4.092854037059178904e-17
3.746150872588163990e-17
3.428356284515785430e-17
3.137123068135168613e-17
2.870282915813624421e-17
2.625840767518301052e-17
2.401956112991524089e-17
2.196935916746109969e-17
2.009221491028295600e-17
1.837378127835830494e-17
1.680088063843124604e-17
1.536138357501239842e-17
1.404415112917486583e-17
1.283895647280076900e-17
1.173640537794246859e-17
1.072787163536634558e-17
9.805441301411594114e-18
8.961852389633828933e-18
8.190442147298185402e-18
7.485098902506838584e-18
6.840218396313236799e-18
6.250663673766128179e-18
5.711728977869809911e-18
5.219105959027813725e-18
4.768852542826847344e-18
4.357362429254109143e-18
3.981335824340275346e-18
3.637752042339647311e-18
3.323846009782954386e-18
3.037078773013631949e-18
2.775124788290770449e-18
2.535851429946934015e-18
2.317302970640076286e-18
2.117689881423801086e-18
1.935375072954255949e-18
1.768860830276486930e-18
1.616779973008534483e-18
1.477883814672476668e-18
1.351031367897839114e-18
1.235180093723360175e-18
1.129378396920933759e-18
1.032756615987841547e-18
9.445198345680393871e-19
8.639419202282688498e-19
7.903611443636329014e-19
7.231705030539974636e-19
6.618191615057952696e-19
6.058020361434533629e-19
5.546598185341830093e-19
5.079733040300495166e-19
4.653594501223931964e-19
4.264677302542441662e-19
3.909774084173582954e-19
3.585958991198708261e-19
3.290542869949376797e-19
3.021083678259791532e-19
2.775355117765835164e-19
2.551316057414920764e-19
2.347106731816642209e-19
2.161009140359217084e-19
1.991448875697401067e-19
1.836977769181201116e-19
1.696274545201528760e-19
1.568141380765518995e-19
1.451506515438797733e-19
1.345406797514947049e-19
1.248965540776204012e-19
1.161377668673239337e-19
