# bin_3_1
1.385322695118648364e-13
1.388096363963276882e-13
1.390950304459922004e-13
1.393887658186965725e-13
1.396911815683233071e-13
1.400025174814310104e-13
1.403227365450910604e-13
1.406515500115492746e-13
1.409887411646764747e-13
1.413346002888300678e-13
1.416898429070747191e-13
1.420552386252059313e-13
1.424309335492417747e-13
1.428162061210207093e-13
1.432102756307069507e-13
1.436130740802725878e-13
1.440250570049794347e-13
1.444464206623719626e-13
1.448767695434453481e-13
1.453163233381834762e-13
1.457658764123415121e-13
1.462258279138232371e-13
1.466954393248333978e-13
1.471744892221801736e-13
1.476633896147076939e-13
1.481623066741000694e-13
1.486707476440950182e-13
1.491888621323540566e-13
1.497166920137900783e-13
1.502536056178177027e-13
1.507995634593143078e-13
1.513543811227629571e-13
1.519173469754540082e-13
1.524880356586812067e-13
1.530656457122531897e-13
1.536496888426387646e-13
1.542403826160052508e-13
1.548379203129724690e-13
1.554421915038795719e-13
1.560532434011114148e-13
1.566714000354162228e-13
1.572976116611593480e-13
1.579337346395699369e-13
1.585831617669402877e-13
1.592468065126729626e-13
1.599220502841184015e-13
1.606090819741509698e-13
1.613088956366438696e-13
1.620225897345014039e-13
1.627494294046747985e-13
1.634869251605098541e-13
1.642327984545933136e-13
1.649845458592989171e-13
1.657400415027867659e-13
1.664967179056048739e-13
1.672516710494894754e-13
1.680039467595373424e-13
1.687565522681740040e-13
1.695054319504616215e-13
1.702450454353459125e-13
1.709768272907846224e-13
1.717029255696333170e-13
1.724244486344450744e-13
1.731464419245084562e-13
1.738740749931311041e-13
1.746134946575075771e-13
1.753726866968371606e-13
1.761501673229082215e-13
1.769421895564266920e-13
1.777486142118022712e-13
1.785653238839065078e-13
1.793832831639884402e-13
1.801969367951445303e-13
1.810034921157147761e-13
1.817919317771014381e-13
1.825630004472298563e-13
1.833264155803270601e-13
1.840902640458481708e-13
1.848651372625008850e-13
1.856528433613536496e-13
1.864514093596554906e-13
1.872606683452595611e-13
1.880811131159956349e-13
1.889071014917611314e-13
1.897284878212002809e-13
1.905447463063358993e-13
1.913569051499696273e-13
1.921590591621908221e-13
1.929447828534916291e-13
1.937220240565146219e-13
1.944977538729641291e-13
1.952741718725953197e-13
1.960595357273283802e-13
1.968499926035342199e-13
1.976297020005619493e-13
1.983927032077784904e-13
1.991268338196195781e-13
1.998325796861104108e-13
2.005180826119978029e-13
2.011874099891180344e-13
2.018455557520845552e-13
2.024865389325358852e-13
2.031032643191103980e-13
2.036839868944423752e-13
2.042242998459490165e-13
2.047219889347228069e-13
2.051780602168948811e-13
2.055956710229379855e-13
2.059734748409367038e-13
2.063041849561915747e-13
2.065793442576210763e-13
2.067920647276560298e-13
2.069408380270696802e-13
2.070287537804771626e-13
2.070574129523722472e-13
2.070213707746093856e-13
2.069107926808822128e-13
2.067182332322182196e-13
2.064418435013519574e-13
2.060819471137907753e-13
2.056352542610432409e-13
2.050957804133600669e-13
2.044566142585609736e-13
2.037128748767354131e-13
2.028637566817239121e-13
2.019070095880864870e-13
2.008365682554661468e-13
1.996463462718185483e-13
1.983327290509548924e-13
1.968939266304964798e-13
1.953269708209079334e-13
1.936266469474939311e-13
1.917894979631518256e-13
1.898144915206535809e-13
1.877002064288273111e-13
1.854446499804020686e-13
1.830469203392502373e-13
1.805079826223509752e-13
1.778296913447522054e-13
1.750135541201391056e-13
1.720626289334291272e-13
1.689816876179456789e-13
1.657756865792592330e-13
1.624505340151021771e-13
1.590133814884107081e-13
1.554724472276681985e-13
1.518362485062198494e-13
1.481142121039365627e-13
1.443164475913295032e-13
1.404532559507741624e-13
1.365356963161736426e-13
1.325756343151387917e-13
1.285854845512291572e-13
1.245784144447494594e-13
1.205684968405644932e-13
1.165703436058488327e-13
1.125988758360788138e-13
1.086688037223650933e-13
1.047942272921798579e-13
1.009884685712040386e-13
9.726388982504849888e-14
9.363147643857460421e-14
9.010036570468286408e-14
8.667769012651615095e-14
8.336858043432652403e-14
8.017603034368949345e-14
7.710027976828769165e-14
7.413896743877607586e-14
7.128761803592084254e-14
6.854038886034138119e-14
6.589052781779685055e-14
6.333071189449572739e-14
6.085327842809453384e-14
5.845085805604151463e-14
5.611584052286060789e-14
5.383956231562946203e-14
5.161352812404301577e-14
4.942934474294594601e-14
4.727913956837301877e-14
4.515693239486396989e-14
4.306018933573901733e-14
4.098921754686412755e-14
3.894811240208336873e-14
3.694472857194694398e-14
3.498983542685201964e-14
3.309688894278207958e-14
3.128111541899945754e-14
2.955805016417666501e-14
2.794145733694831519e-14
2.644072256464960117e-14
2.505833823951134994e-14
2.378835845899059661e-14
2.261643964696214203e-14
2.152190867297292776e-14
2.048176558394401020e-14
1.947552496574789030e-14
1.848944769652709384e-14
1.751895529345032087e-14
1.656860486796092017e-14
1.564968521785238749e-14
1.477595791232449696e-14
1.395880138477052361e-14
1.320357668521672738e-14
1.250826856983291401e-14
1.186461389182525553e-14
1.126146330009647057e-14
1.068876992384624473e-14
1.014018930497782801e-14
9.613778414260024889e-15
9.111070413077975787e-15
8.635066963564299055e-15
8.188156149250975011e-15
7.770635836972317477e-15
7.380260042499090576e-15
7.013251342205509818e-15
6.666124444368400416e-15
6.336882911020319799e-15
6.024959857212124554e-15
5.730323417967149399e-15
5.452623774375980210e-15
5.190895797571090929e-15
4.943776379714615270e-15
4.709974251392257768e-15
4.488609325630404293e-15
4.279095037242399207e-15
4.080814508792691888e-15
3.893002017859319815e-15
3.714893494644665558e-15
3.545870290875327275e-15
3.385394061508687441e-15
3.232937463220572860e-15
3.087997311461373285e-15
2.950090045468566981e-15
2.818749197326045566e-15
2.693572937229534274e-15
2.574204998807452727e-15
2.460285714086372037e-15
2.351477158854152537e-15
2.247482239901066961e-15
2.148019556699068562e-15
2.052825446383646943e-15
1.961664560652430939e-15
1.874316539444226081e-15
1.790575942383071427e-15
1.710257187429876991e-15
1.633188559394881644e-15
1.559209358714140222e-15
1.488171272651043640e-15
1.419937607845884339e-15
1.354381798550732949e-15
1.291387158790521995e-15
1.230846153078088291e-15
1.172659338816145917e-15
1.116734618012345102e-15
1.062986486900315221e-15
1.011335296436044207e-15
9.617066405709069352e-16
9.140308296980343328e-16
8.682424009760539943e-16
8.242796713596255498e-16
7.820843235510308305e-16
7.416010193341956516e-16
7.027770713507090279e-16
6.655621561646286031e-16
6.299079230887135751e-16
5.957678020952290766e-16
5.630967274476607718e-16
5.318509379227458093e-16
5.019878282462487048e-16
4.734658028598821380e-16
4.462441311100310046e-16
4.202828275192904905e-16
3.955425486629606856e-16
3.719845246869637281e-16
3.495705138690285938e-16
3.282627571914576461e-16
3.080239472849102240e-16
2.888172107309126492e-16
2.706060893785180606e-16
2.533545385347600773e-16
2.370269269278201433e-16
2.215880368710038535e-16
2.070030832146934831e-16
1.932377421819641662e-16
1.802582106355805685e-16
1.680311838345639413e-16
1.565238856141113705e-16
1.457041440098020201e-16
1.355403942326454472e-16
1.260017185436379192e-16
1.170578919563194631e-16
1.086794301663564071e-16
1.008376259538802763e-16
9.350457699495181537e-17
8.665321422139392996e-17
8.025732748724080057e-17
7.429163724093357604e-17
6.873168257568040868e-17
6.355396714559216415e-17
5.873593472126176637e-17
5.425596887561139842e-17
5.009339277287446602e-17
4.622846552214223870e-17
4.264237502513958452e-17
3.931726913223574363e-17
3.623611155001230294e-17
3.338278866018841681e-17
3.074205225628612105e-17
2.829949204589900930e-17
2.604151034057342042e-17
2.395533046724466990e-17
2.202886524852667625e-17
2.025077950659171876e-17
1.861044252363262955e-17
1.709789006750950910e-17
1.570382942493676777e-17
1.441950297648851483e-17
1.323675982523512625e-17
1.214799805441107832e-17
1.114615929979785567e-17
1.022462235719012148e-17
9.377239584887708512e-18
8.598311548039257625e-18
7.882556483051493318e-18
7.225028612148777700e-18
6.621170072477338181e-18
6.066780463186971000e-18
5.557917637871467805e-18
5.090969850465143930e-18
4.662600864018179031e-18
4.269696606442806797e-18
3.909419985395094330e-18
3.579119191622913978e-18
3.276366653032440040e-18
2.998919972528043531e-18
2.744706951845846270e-18
2.511828894528574835e-18
2.298526253531114005e-18
2.103188337578986469e-18
1.924329253017111209e-18
1.760579402484224736e-18
1.610691149906806402e-18
1.473501462695584711e-18
1.347954499972312386e-18
1.233077569283377643e-18
1.127972894488269248e-18
1.031820734554389333e-18
9.438715571774710754e-19
8.634316540887874435e-19
7.898671815519346233e-19
7.225972757685396601e-19
6.610892246183152877e-19
6.048546037734571583e-19
5.534457282669163277e-19
5.064524033825991738e-19
4.634989371163509201e-19
4.242413448589402682e-19
3.883647281766198013e-19
3.555808259846012449e-19
3.256257326166900012e-19
2.982591963739544129e-19
2.732587056250289888e-19
2.504213030903469230e-19
2.295632756428911634e-19
2.105125791981031088e-19
1.931155688142162524e-19
1.772284571993669896e-19
1.627221079831402276e-19
1.494774085788045965e-19
1.373853000483352604e-19
1.263465012603474107e-19
1.162701827188101798e-19
1.070732451644898724e-19
9.867966383284756316e-20
9.101989327228076100e-20
8.403033780541420966e-20
7.765352397013616347e-20
7.183582356047542156e-20
6.652951872883699589e-20
6.169031529847691202e-20
5.727846518088211007e-20
5.325762897283466985e-20
4.959434082919202336e-20
4.625809871818121922e-20
4.322106128610357996e-20
4.045723359275613450e-20
3.794303615304484214e-20
3.565689157453928874e-20
3.357921925759710305e-20
3.169223388726641329e-20
2.997996937183481316e-20
2.842776458653892581e-20
2.702220489053573872e-20
2.575038329852292602e-20
2.460077848938198031e-20
2.356296208045673387e-20
2.262838937532945204e-20
2.178988481036608738e-20
2.104000551286488794e-20
2.037183667866917747e-20
