# bin_3_3
3.471643668993384173e-14
3.487576912313751130e-14
3.504112081620659350e-14
3.521273849978881702e-14
3.539083481330436238e-14
3.557560200857802430e-14
3.576723157125368311e-14
3.596591722948975391e-14
3.617190843528454527e-14
3.638551556557178418e-14
3.660707074757581794e-14
3.683689987282444578e-14
3.707525539548229508e-14
3.732236132584647837e-14
3.757846394235058278e-14
3.784392333664011836e-14
3.811917256844475288e-14
3.840461891543715343e-14
3.870056062075794246e-14
3.900731209764762033e-14
3.932533244107990239e-14
3.965517352643142793e-14
3.999720514140171890e-14
4.035164073621632427e-14
4.071882812659457916e-14
4.109937849750693878e-14
4.149386035943446963e-14
4.190267239459331314e-14
4.232632312530657944e-14
4.276542582070759282e-14
4.322041395686093218e-14
4.369166556346446672e-14
4.417980901810072636e-14
4.468537926762086858e-14
4.520880631743305071e-14
4.575074467457564011e-14
4.631174320974586102e-14
4.689237518718449806e-14
4.749336470379527750e-14
4.811539507148876211e-14
4.875927543730620074e-14
4.942581014618171358e-14
5.011590955490789967e-14
5.083060280795440790e-14
5.157106934101241912e-14
5.233842809898805229e-14
5.313376293921110524e-14
5.395822690129525767e-14
5.481308018258086851e-14
5.569975175288249222e-14
5.661915219760134282e-14
5.757193456798861755e-14
5.855925072382041018e-14
5.958235347726503433e-14
6.064245627111651783e-14
6.174078530585583876e-14
6.287854141845636339e-14
6.405687218506290803e-14
6.527688070939165775e-14
6.653968705233131515e-14
6.784625888606892857e-14
6.919769948136897223e-14
7.059579097145545695e-14
7.204230664285836765e-14
7.353848504185763772e-14
7.508669787976501402e-14
7.668948696163745143e-14
7.834902593640328392e-14
8.006783642870595858e-14
8.184861227304012968e-14
8.369401835286181562e-14
8.560685362845725394e-14
8.758850016392640766e-14
8.964024496894187447e-14
9.176402045984806265e-14
9.396125651058220511e-14
9.623312129900395292e-14
9.858168604027932050e-14
1.010096030840024205e-13
1.035188551587375020e-13
1.061128629986858814e-13
1.087954845405281547e-13
1.115700096705423620e-13
1.144395630577323996e-13
1.174061115065450318e-13
1.204721015049382633e-13
1.236401936888071907e-13
1.269132144110507304e-13
1.302929077635527642e-13
1.337810742659650802e-13
1.373800015265693342e-13
1.410919224585634835e-13
1.449186731237654934e-13
1.488635646615773256e-13
1.529309329402957887e-13
1.571234739700433381e-13
1.614433920608977768e-13
1.658924783641931073e-13
1.704708774175766585e-13
1.751796433754541566e-13
1.800201254666559780e-13
1.849935472739253241e-13
1.901026810551283097e-13
1.953491604852149338e-13
2.007344082739852591e-13
2.062583252268134026e-13
2.119202719558287080e-13
2.177193097303264135e-13
2.236548351075466369e-13
2.297259879517846316e-13
2.359319670695169634e-13
2.422716115401383939e-13
2.487427963332158408e-13
2.553422999342824243e-13
2.620658745202184879e-13
2.689086668758489507e-13
2.758664053441990714e-13
2.829327951140024874e-13
2.901005182939700295e-13
2.973527106391890453e-13
3.046740077074967263e-13
3.120460834852494947e-13
3.194806181526473318e-13
3.269809012301522711e-13
3.345488270483268950e-13
3.421666981092523849e-13
3.498237783076629037e-13
3.575038194713865897e-13
3.651809361570688433e-13
3.728354271457019037e-13
3.804485185862843896e-13
3.880009961125217665e-13
3.954737305675392030e-13
4.028459217910193711e-13
4.100954994642892968e-13
4.171983403493660733e-13
4.241296144525586845e-13
4.308627297063232101e-13
4.373693438049000319e-13
4.436198388584753162e-13
4.495835490994969936e-13
4.552286693250898578e-13
4.605222863849635114e-13
4.654305342594952866e-13
4.699185898257614468e-13
4.739508782099989845e-13
4.774912363743685688e-13
4.805029408059755499e-13
4.829492923311191554e-13
4.847939832831533731e-13
4.860012509857682246e-13
4.865365639531871031e-13
4.863670455164309568e-13
4.854619794946154713e-13
4.837935695422462082e-13
4.813375218432408185e-13
4.780738645829502483e-13
4.739878069322431895e-13
4.690705100095688309e-13
4.633199621938365117e-13
4.567420100157490056e-13
4.493510628709195766e-13
4.411710310621643343e-13
4.322360241550846447e-13
4.225910061233186776e-13
4.122921654410981116e-13
4.014071931439598424e-13
3.900149338422970407e-13
3.782050289262136022e-13
3.660765595616669814e-13
3.537362326157773375e-13
3.412939991925745239e-13
3.288599575926964423e-13
3.165432677145747002e-13
3.044606793930889169e-13
2.927325693554785119e-13
2.814761219708524424e-13
2.707915249342578439e-13
2.607583521913732485e-13
2.514254860886150930e-13
2.428041645239720337e-13
2.348724114794278188e-13
2.275794302531621906e-13
2.208548416643396971e-13
2.146119484283579682e-13
2.087467349900060361e-13
2.031120757901750502e-13
1.975301182877000802e-13
1.918097957815980185e-13
1.857734136674006962e-13
1.792639258338632408e-13
1.721756540682850034e-13
1.644899221020807875e-13
1.562658597565533976e-13
1.476391433624912280e-13
1.388108795522491987e-13
1.300243669917272477e-13
1.215388925549848541e-13
1.136016567171420720e-13
1.064178812455438483e-13
1.001210548618993590e-13
9.474812510549134289e-14
9.022608806788247323e-14
8.637568226603253746e-14
8.293674560393380651e-14
7.961681990018763597e-14
7.615619840488890899e-14
7.239082977988903586e-14
6.829101683268378061e-14
6.396365524846439330e-14
5.961780452162947121e-14
5.549928695893473403e-14
5.180984891986301998e-14
4.864112217098140592e-14
4.595195844759814102e-14
4.359496967668106193e-14
4.138062468214906284e-14
3.915701885774095876e-14
3.686924812392329051e-14
3.456551308177752264e-14
3.235070769964356530e-14
3.031869383778424011e-14
2.850191283830912516e-14
2.686482280078405956e-14
2.534114549099593652e-14
2.388108650689495822e-14
2.247391329741562874e-14
2.113692743959455681e-14
1.988810507987797085e-14
1.872988972359790030e-14
1.765289517094937225e-14
1.664613582121010820e-14
1.570184860210496212e-14
1.481450034733485035e-14
1.398072439549196887e-14
1.320030786850891692e-14
1.247269096645379035e-14
1.179333319694301144e-14
1.115590295714726672e-14
1.055730484810500514e-14
9.997122686384751976e-15
9.473371419854265924e-15
8.982198573053958398e-15
8.520985570585928459e-15
8.088416704587397739e-15
7.682568749486472008e-15
7.301154490744443209e-15
6.942537638953534034e-15
6.605261313640658683e-15
6.287659302761560860e-15
5.988274274389410415e-15
5.705843332533619904e-15
5.439132271597426055e-15
5.187026959623746434e-15
4.948522453621163183e-15
4.722676221432392674e-15
4.508600451713012890e-15
4.305463990456666474e-15
4.112493974386423169e-15
3.928978444840890385e-15
3.754266325940071376e-15
3.587763028991026385e-15
3.428924987321384144e-15
3.277254830442685935e-15
3.132297357309678747e-15
2.993636093910385658e-15
2.860889941471990627e-15
2.733709880773623686e-15
2.611776061849116714e-15
2.494795559002744370e-15
2.382500763448008289e-15
2.274647988901933980e-15
2.171015495171708145e-15
2.071401124075503030e-15
1.975620057737988225e-15
1.883503131503587588e-15
1.794895546639288116e-15
1.709655720119025146e-15
1.627653927972422581e-15
1.548770796267156319e-15
1.472895974536569330e-15
1.399927147025089141e-15
1.329769258350992819e-15
1.262333785630205843e-15
1.197537913695208986e-15
1.135303652538385441e-15
1.075557161179507573e-15
1.018228222129760663e-15
9.632497677718383772e-16
9.105574217265077022e-16
8.600889921879192532e-16
8.117840606923594598e-16
7.655837892363492314e-16
7.214307935864174890e-16
6.792689235895968575e-16
6.390428951314407910e-16
6.006979059979589024e-16
5.641794565461964916e-16
5.294333921688423914e-16
4.964060310483454973e-16
4.650441143132084347e-16
4.352946010439938349e-16
4.071044067981561164e-16
3.804203167955733613e-16
3.551890488380335074e-16
3.313574238464280839e-16
3.088725113941738158e-16
2.876816699731026216e-16
2.677325282074766425e-16
2.489730064356063313e-16
2.313513727960143865e-16
2.148163873616101734e-16
1.993174956724536170e-16
1.848049836911015054e-16
1.712300954795531604e-16
1.585451055134163412e-16
1.467033928961198998e-16
1.356595391320173848e-16
1.253694435555071381e-16
1.157904186399292051e-16
1.068812489885576960e-16
9.860224197096451544e-17
9.091525149766968344e-17
8.378371244288682767e-17
7.717265434503388101e-17
7.104872195343989027e-17
6.538016562571529632e-17
6.013681924191630100e-17
5.529007108615463804e-17
5.081284307568976512e-17
4.667955835921764751e-17
4.286609513759603534e-17
3.934974882667211227e-17
3.610917660244587940e-17
3.312434175765510726e-17
3.037646872617424473e-17
2.784798278515362987e-17
2.552246056927173538e-17
2.338457128221893764e-17
2.142001962417728268e-17
1.961549251746401836e-17
1.795860316447434271e-17
1.643784204008334608e-17
1.504252345922599845e-17
1.376273680844677547e-17
1.258929856371057113e-17
1.151370406045814435e-17
1.052808659698636984e-17
9.625173305965786016e-18
8.798245870396771337e-18
8.041102818256173759e-18
7.348023008218732759e-18
6.713731241182452254e-18
6.133367671899036385e-18
5.602457625204167183e-18
5.116883665305057418e-18
4.672859103566652399e-18
4.266902888647035529e-18
3.895816134663221502e-18
3.556660133372193238e-18
3.246735716189759895e-18
2.963564070584104892e-18
2.704869429120898907e-18
2.468563605360923680e-18
2.252732089796389804e-18
2.055621481925598106e-18
1.875627552787456315e-18
1.711284675927298006e-18
1.561253833514011944e-18
1.424310755527378642e-18
1.299335019765753488e-18
1.185299741686689007e-18
1.081262218772795962e-18
9.863564352559532194e-19
8.997873107607584879e-19
8.208258774329559226e-19
7.488048401501806974e-19
6.831142729098990999e-19
6.231975046783392631e-19
5.685467594566365961e-19
5.186989473618621965e-19
4.732317411823818703e-19
4.317599457290862109e-19
3.939322722418823587e-19
3.594283176958293541e-19
3.279558790525016116e-19
2.992484584430087985e-19
2.730630019886945786e-19
2.491778362160485141e-19
2.273907858964828038e-19
2.075174614710618599e-19
1.893896844667794877e-19
1.728540717759663370e-19
1.577707226842290569e-19
1.440120401911377497e-19
1.314616467202106339e-19
1.200134004949060864e-19
1.095704888057909555e-19
1.000446087762154592e-19
9.135521374741814602e-20
