# bin_4_2
1.399542056051724785e-14
1.407031068852529823e-14
1.414801282481900257e-14
1.422857474852156020e-14
1.431203776670511589e-14
1.439846273349029099e-14
1.448798209571011170e-14
1.458076859204455542e-14
1.467697608348536618e-14
1.477671087816762136e-14
1.488000130580107974e-14
1.498688444352893481e-14
1.509752153983524616e-14
1.521211926096142827e-14
1.533084147847180858e-14
1.545374145665276996e-14
1.558083350842003600e-14
1.571231676002134606e-14
1.584840458988821060e-14
1.598924478029732186e-14
1.613481958296115332e-14
1.628530967239881519e-14
1.644093233719302768e-14
1.660182367027571771e-14
1.676801911368579720e-14
1.693971957133146463e-14
1.711712445198981875e-14
1.730027955566887875e-14
1.748936515385656005e-14
1.768456225566793479e-14
1.788595140372786951e-14
1.809370945756913105e-14
1.830797501581189156e-14
1.852886702998461545e-14
1.875654753005635495e-14
1.899113466919070657e-14
1.923276631480359435e-14
1.948156103004694747e-14
1.973765333090022376e-14
2.000115272066052971e-14
2.027217580971054757e-14
2.055082919180331911e-14
2.083721023867835189e-14
2.113141466023334654e-14
2.143352181719102736e-14
2.174360716779126168e-14
2.206173723997137927e-14
2.238796056216506122e-14
2.272232123521722644e-14
2.306484604590338063e-14
2.341554819454540821e-14
2.377442973665543812e-14
2.414147329921339681e-14
2.451664689862221369e-14
2.489990212714092530e-14
2.529116898170428006e-14
2.569036201397001039e-14
2.609737448337348781e-14
2.651208229577289146e-14
2.693433654174036323e-14
2.736396160925149203e-14
2.780076488468117640e-14
2.824454366519872645e-14
2.869505794473386917e-14
2.915204384929708429e-14
2.961523191194295758e-14
3.008431354746971060e-14
3.055897526869010701e-14
3.103887485822834160e-14
3.152365917880218266e-14
3.201295768225602057e-14
3.250638856578917124e-14
3.300356058187465310e-14
3.350407762983769220e-14
3.400754199798794324e-14
3.451356088393670516e-14
3.502175205641521606e-14
3.553175051643806728e-14
3.604321377783591069e-14
3.655582713556373771e-14
3.706930426298480581e-14
3.758340808579589460e-14
3.809790747126044462e-14
3.861262629911887030e-14
3.912749709109148117e-14
3.964242484546180241e-14
4.015748984712065622e-14
4.067275168088629645e-14
4.118840359440190483e-14
4.170466409307143268e-14
4.222183647955250093e-14
4.274025857867828908e-14
4.326035308597133272e-14
4.378251724353894227e-14
4.430728886351146127e-14
4.483511186267664391e-14
4.536654995494363783e-14
4.590221753417238817e-14
4.644241913882076534e-14
4.698781603286915722e-14
4.753859210325007820e-14
4.809524618041491461e-14
4.865784443800633494e-14
4.922671010326260045e-14
4.980174803884460975e-14
5.038305111547116406e-14
5.097049850772169684e-14
5.156393621037166685e-14
5.216330345869459019e-14
5.276811167095470428e-14
5.337812644583624395e-14
5.399331751541928151e-14
5.461309654117592786e-14
5.523767505813856474e-14
5.586696438651744270e-14
5.650074358467039191e-14
5.713894045313739119e-14
5.778112422109680428e-14
5.842680289107734083e-14
5.907517832229356213e-14
5.972470058596049994e-14
6.037511608714319181e-14
6.102480876955263889e-14
6.167275801973823335e-14
6.231732998794416780e-14
6.295602193959837261e-14
6.358687920967069366e-14
6.420781517276354918e-14
6.481635997761054423e-14
6.540987705265762578e-14
6.598555698636286988e-14
6.654046340715529489e-14
6.707147591057432166e-14
6.757535055592647863e-14
6.804870757514483896e-14
6.848799211649773096e-14
6.888948428744136455e-14
6.924930340284473413e-14
6.956343306639090243e-14
6.982778691239402244e-14
7.003822124950541631e-14
7.019054774929022658e-14
7.028051295083416881e-14
7.030384005925953781e-14
7.025629667307987190e-14
7.013370414524644778e-14
6.993202513252810811e-14
6.964737925855847370e-14
6.927613785965433418e-14
6.881504866124793585e-14
6.826131057448147458e-14
6.761271012233173371e-14
6.686770381430341135e-14
6.602555866485947016e-14
6.508644610388139394e-14
6.405154259165681361e-14
6.292312792393234238e-14
6.170465133677098749e-14
6.040077464833839810e-14
5.901739768583924833e-14
5.756167427858095088e-14
5.604191647359477363e-14
5.446750393176199355e-14
5.284888460581697409e-14
5.119734460964875706e-14
4.952492222535631557e-14
4.784434939625488662e-14
4.616863091560466346e-14
4.451083370305460437e-14
4.288367777748675849e-14
4.129912517634976497e-14
3.976788452592603634e-14
3.829879646107207191e-14
3.689894212054890876e-14
3.557315583019266029e-14
3.432359481129235651e-14
3.314947780228261204e-14
3.204679563230102286e-14
3.100793885320007633e-14
3.002279629865405118e-14
2.907874484911210034e-14
2.816160986736656981e-14
2.725678317142639832e-14
2.635023535655065012e-14
2.543035115938532445e-14
2.448746045013914840e-14
2.351582705493851134e-14
2.251383225671830514e-14
2.148458346479098765e-14
2.043668746071804569e-14
1.938237588056844998e-14
1.833651238065159339e-14
1.731553527318552427e-14
1.633515730192987313e-14
1.540836054280932230e-14
1.454395702768737489e-14
1.374580266576588193e-14
1.301278324224640155e-14
1.233951112162480636e-14
1.171752534093420080e-14
1.113672091579256212e-14
1.058680063864392982e-14
1.005862379638886481e-14
9.545211646054483829e-15
9.042288284901347388e-15
8.548519800208931737e-15
8.065484529162634635e-15
7.597091453039757457e-15
7.148510211552752622e-15
6.724891150585412193e-15
6.330017127012036266e-15
5.965246110007247621e-15
5.629025272470933971e-15
5.317213927636715865e-15
5.024362816213769537e-15
4.745521681871888379e-15
4.477788515610201271e-15
4.220843089349072613e-15
3.976388179800801818e-15
3.746728705812158611e-15
3.533055957606175356e-15
3.334689588243317434e-15
3.149528851916336738e-15
2.975192515085551644e-15
2.810234981947073391e-15
2.654424643902516003e-15
2.508081875844692516e-15
2.371227613321103734e-15
2.243167621410006193e-15
2.122910015710614989e-15
2.009781512290107991e-15
1.903525874152133821e-15
1.803921816614600272e-15
1.710473387725261545e-15
1.622599477073963908e-15
1.539929320551424701e-15
1.462254857753313057e-15
1.389293825642676935e-15
1.320650086172164334e-15
1.255967846252079603e-15
1.195018262416227861e-15
1.137596728756965823e-15
1.083439930967319112e-15
1.032289848206670754e-15
9.839543571976346920e-16
9.382561465281279883e-16
8.950008447046962253e-16
8.540179007051735160e-16
8.151581792156219440e-16
7.782745933671587860e-16
7.432318468263464242e-16
7.099084305883522035e-16
6.781909613309605050e-16
6.479740623968414621e-16
6.191605914559941429e-16
5.916608386594976178e-16
5.653919711203358629e-16
5.402777769550749839e-16
5.162483468239727878e-16
4.932396525986743384e-16
4.711931004081973619e-16
4.500550632305939249e-16
4.297764350791598304e-16
4.103122385189797633e-16
3.916212736729473296e-16
3.736657969435307953e-16
3.564112162646027868e-16
3.398258076436251021e-16
3.238804592526870824e-16
3.085484378301651494e-16
2.938051748276249353e-16
2.796280548583828276e-16
2.659962093790774992e-16
2.528903177448156804e-16
2.402924335931964034e-16
2.281858395895140841e-16
2.165549143603874277e-16
2.053850013955190346e-16
1.946622834340605170e-16
1.843736677001385541e-16
1.745066901206837910e-16
1.650494350139636693e-16
1.559904567354813337e-16
1.473187038794127373e-16
1.390234476086881801e-16
1.310942223541566829e-16
1.235207803077250407e-16
1.162930546119237278e-16
1.094011203771080367e-16
1.028351600801250157e-16
9.658543316301692430e-17
9.064225476273567905e-17
8.499598699004625013e-17
7.963703072075571141e-17
7.455581618443536566e-17
6.974279839910627709e-17
6.518845698553113431e-17
6.088330576569663266e-17
5.681791014984717190e-17
5.298289678700605045e-17
4.936896287265720481e-17
4.596688468052929652e-17
4.276753045604828920e-17
3.976188342035652195e-17
3.694106534158676365e-17
3.429635514959316097e-17
3.181920509846667207e-17
2.950125274417733743e-17
2.733433412826564295e-17
2.531050004963975757e-17
2.342202989906678623e-17
2.166144395681501562e-17
2.002151370919853160e-17
1.849526910398928872e-17
1.707600450639157215e-17
1.575728303580859276e-17
1.453293877582898840e-17
1.339707787884281261e-17
1.234407842564956632e-17
1.136858858197456104e-17
1.046552329979604818e-17
9.630059750366436768e-18
8.857631847045362784e-18
8.143924084482540269e-18
7.484864671073239237e-18
6.876617820826588571e-18
6.315575325378365689e-18
5.798347886268628933e-18
5.321756283821224019e-18
4.882822456466726087e-18
4.478760456558557416e-18
4.106967183108079619e-18
3.765013095164431944e-18
3.450633203861317058e-18
3.161718109908928439e-18
2.896306354578065486e-18
2.652573428611642844e-18
2.428827451913937155e-18
2.223496263573074921e-18
2.035124896882129111e-18
1.862364209316700468e-18
1.703966021768694084e-18
1.558777440018934056e-18
1.425730829441885074e-18
1.303841395667307703e-18
1.192201170770310158e-18
1.089970971324287755e-18
9.963779966981330325e-19
9.107103804094008769e-19
8.323126110243372029e-19
7.605814610288917385e-19
6.949618747965908748e-19
6.349432992188145767e-19
5.800566554170700836e-19
5.298709595841140505e-19
4.839905083530398377e-19
4.420519205938967174e-19
4.037215898825557943e-19
3.686935668089241584e-19
3.366872969230294886e-19
3.074459351989245257e-19
2.807336148293447413e-19
2.563343493672725998e-19
2.340508210683708956e-19
2.137016014720245950e-19
1.951212917648072082e-19
1.781580176911041601e-19
1.626728474905568355e-19
1.485386490565425750e-19
1.356389429993714394e-19
1.238668763377867757e-19
1.131246617154946585e-19
1.033227415710596767e-19
9.437920635268741753e-20
8.621904009882108666e-20
7.877372133511484744e-20
7.198076699161680946e-20
6.578302958703878932e-20
6.012846703933546013e-20
5.496950738674808089e-20
5.026280835643616121e-20
4.596880785759371932e-20
4.205138478615399957e-20
3.847755349509074214e-20
3.521719745580156451e-20
3.224287177617587429e-20
2.952947748310632624e-20
2.705417655042203606e-20
2.479609938911332965e-20
2.273619110346846608e-20
2.085705942243362321e-20
1.914282040649742741e-20
1.757897983211815494e-20
1.615233243619529536e-20
1.485084398044332254e-20
1.366354916479942433e-20
1.258045896482205678e-20
1.159245594495991737e-20
1.069123092464342744e-20
9.869186787306922947e-21
