# bin_3_2
3.757507714911265820e-14
3.773918009890066041e-14
3.790937346078829481e-14
3.808583184817067841e-14
3.826874032406292104e-14
3.845832881958754773e-14
3.865487049530415245e-14
3.885865882912508506e-14
3.906998313721139968e-14
3.928910123474210949e-14
3.951622597151456986e-14
3.975158666533010844e-14
3.999545761303375918e-14
4.024812005504250118e-14
4.050986536037046302e-14
4.078094091425620140e-14
4.106167071449881810e-14
4.135246587728605300e-14
4.165373428746413969e-14
4.196580794783182745e-14
4.228898927582703411e-14
4.262368558333070465e-14
4.297032516995618541e-14
4.332926738072087943e-14
4.370092648907870647e-14
4.408577555507129317e-14
4.448426043892544512e-14
4.489680338909092256e-14
4.532391071253163213e-14
4.576606789494792786e-14
4.622374326267591933e-14
4.669744093220372160e-14
4.718763739961098568e-14
4.769484094186898740e-14
4.821964928503366646e-14
4.876270358049664896e-14
4.932463482277954834e-14
4.990607123444716962e-14
5.050768331054609974e-14
5.113017645404459433e-14
5.177436655961424016e-14
5.244120986730266373e-14
5.313185326518366885e-14
5.384708185823975213e-14
5.458744480402104187e-14
5.535388400563702978e-14
5.614745310091870140e-14
5.696927395630904659e-14
5.782022123783510497e-14
5.870102855212262069e-14
5.961246642138123113e-14
6.055529466680446910e-14
6.153032082543651989e-14
6.253828340339306510e-14
6.357995784449025960e-14
6.465644275555325006e-14
6.576931153890393882e-14
6.691933980563181615e-14
6.810723796506876409e-14
6.933447119804735716e-14
7.060258631348332575e-14
7.191304234329464711e-14
7.326775755892894741e-14
7.466870382430548482e-14
7.611810875550415043e-14
7.761850353313799827e-14
7.917146366801900163e-14
8.077829746398731757e-14
8.244071264856313995e-14
8.415999678887516032e-14
8.593690199079953442e-14
8.777262446311341189e-14
8.966869418134463834e-14
9.162555032098046219e-14
9.364486940247950303e-14
9.572958221962484516e-14
9.788253784339572984e-14
1.001069752081115892e-13
1.024053479024061494e-13
1.047795129643226505e-13
1.072315638783671497e-13
1.097636825132971849e-13
1.123773682257233377e-13
1.150733343974312052e-13
1.178534934853024767e-13
1.207201106294497690e-13
1.236747624251205553e-13
1.267185315452366838e-13
1.298541136088086239e-13
1.330842599142860493e-13
1.364109317043073972e-13
1.398370581569746868e-13
1.433645274775144000e-13
1.469932649513766326e-13
1.507242344359831472e-13
1.545574602462058136e-13
1.584938582012253294e-13
1.625356502667668787e-13
1.666843840333835544e-13
1.709418501404635472e-13
1.753081887469263068e-13
1.797833055737369428e-13
1.843661049314223290e-13
1.890560729977526407e-13
1.938527126520680757e-13
1.987557022325702627e-13
2.037645422291213403e-13
2.088780833620394832e-13
2.140940507011667497e-13
2.194085472474118835e-13
2.248179377807474588e-13
2.303191831602938591e-13
2.359067338439673987e-13
2.415782079335832494e-13
2.473283229655960443e-13
2.531473897158081910e-13
2.590304738300390833e-13
2.649665148872391958e-13
2.709508514635363099e-13
2.769701259349786968e-13
2.830191379924935590e-13
2.891097484713407173e-13
2.952385437521251328e-13
3.013887960257246212e-13
3.075422371412745778e-13
3.136792762115297185e-13
3.197840333792513311e-13
3.258411713485535845e-13
3.318346090172532161e-13
3.377472046062471770e-13
3.435606837374325629e-13
3.492562381850107291e-13
3.548139268561522219e-13
3.602122389923322912e-13
3.654285303391247535e-13
3.704390462158691663e-13
3.752189519567512145e-13
3.797425034945570110e-13
3.839830937169724657e-13
3.879132761203711884e-13
3.915050629113723496e-13
3.947298291782190008e-13
3.975583894045014223e-13
3.999613055162022332e-13
4.019091516365453532e-13
4.033725639577800075e-13
4.043228236923292364e-13
4.047320676823172461e-13
4.045737181829851463e-13
4.038230657828360397e-13
4.024575864409613327e-13
4.004577071561761902e-13
3.978072550962267617e-13
3.944941800917078424e-13
3.905112612562604811e-13
3.858567073053784084e-13
3.805349122214359262e-13
3.745571001830729960e-13
3.679419239920238739e-13
3.607159265977317377e-13
3.529140865602606185e-13
3.445798591973718002e-13
3.357652015368780995e-13
3.265307098592061847e-13
3.169448240113021936e-13
3.070833669806366541e-13
2.970291177386113478e-13
2.868688523133486763e-13
2.766928301284657468e-13
2.665915879130421028e-13
2.566543417125509610e-13
2.469648052030489366e-13
2.376012794754828643e-13
2.286414152684930648e-13
2.201537968743105196e-13
2.121865232234457009e-13
2.047628572868065125e-13
1.978797145864024418e-13
1.915058147210685898e-13
1.855899854717605977e-13
1.800604336210568961e-13
1.748309241728723000e-13
1.698048387697798552e-13
1.648792730138333877e-13
1.599479165900380805e-13
1.548837548015240393e-13
1.495689830663305050e-13
1.439222634726602456e-13
1.379025268154382326e-13
1.315173985634756761e-13
1.248264243255177064e-13
1.179388341085360733e-13
1.110034582124017731e-13
1.041890766200447579e-13
9.766360814428607154e-14
9.157505422148969454e-14
8.603592902616001555e-14
8.111064071542923185e-14
7.680567949541255432e-14
7.306498304623637353e-14
6.977456818168101531e-14
6.677879282981606137e-14
6.390668380575929030e-14
6.100368453262469453e-14
5.796391299193628499e-14
5.475587823957335458e-14
5.143035100408195900e-14
4.810262322942778640e-14
4.491569497515467891e-14
4.199808993317627513e-14
3.942583376599102115e-14
3.719861136245365339e-14
3.524275954202750039e-14
3.344304952683154871e-14
3.168840433729075066e-14
2.991325991448851489e-14
2.811984820847681204e-14
2.636679364706357293e-14
2.472953938473904720e-14
2.325619875470358763e-14
2.194238372707163227e-14
2.074063434686287644e-14
1.959615875753639719e-14
1.848134260725357779e-14
1.740613914515676424e-14
1.639850204235971938e-14
1.547435451447969758e-14
1.462473137986723653e-14
1.382768372173032066e-14
1.306972101984924820e-14
1.235322568063989138e-14
1.168501823312165614e-14
1.106390972609484862e-14
1.048199777517606501e-14
9.933861122919289291e-15
9.419143771816434635e-15
8.937469327728382509e-15
8.485888744525340572e-15
8.061439894956735237e-15
7.662581479000088522e-15
7.287846177653037224e-15
6.935364848824721758e-15
6.603524336453025457e-15
6.290922629007256805e-15
5.996166052677339174e-15
5.717998944801245330e-15
5.455245690328004058e-15
5.206783777045705540e-15
4.971573956375018204e-15
4.748661291975182969e-15
4.537189227428147013e-15
4.336379165116722051e-15
4.145503495655463910e-15
3.963880316071936516e-15
3.790872744410655730e-15
3.625890998013263330e-15
3.468393557013066230e-15
3.317885912465515643e-15
3.173917535407924865e-15
3.036078120473883504e-15
2.903993645914277379e-15
2.777322821371133556e-15
2.655754188236389279e-15
2.539003667457631632e-15
2.426812281203167565e-15
2.318943887014388132e-15
2.215183000345310537e-15
2.115333032771282409e-15
2.019214878553605226e-15
1.926665708231367333e-15
1.837537612857198104e-15
1.751695797949562574e-15
1.669016782579872797e-15
1.589387071853563900e-15
1.512702240536790952e-15
1.438866244711566948e-15
1.367790526264063605e-15
1.299392817239094396e-15
1.233596077029473938e-15
1.170327782161558785e-15
1.109519480759813495e-15
1.051106417680661068e-15
9.950269543067392496e-16
9.412218577720319769e-16
8.896337763283858862e-16
8.402069060378287248e-16
7.928868375495952210e-16
7.476203250182925490e-16
7.043548935882626129e-16
6.630384862533227793e-16
6.236193128062332298e-16
5.860458282341816912e-16
5.502667596804633680e-16
5.162309253509376321e-16
4.838869101761130237e-16
4.531829190535084815e-16
4.240668376424794553e-16
3.964864378346973232e-16
3.703895565140049933e-16
3.457240054513858094e-16
3.224374024820758414e-16
3.004771607262622504e-16
2.797906427624829046e-16
2.603254260307258237e-16
2.420295094690853694e-16
2.248513954155547578e-16
2.087401333208895865e-16
1.936454047526758755e-16
1.795176668290154561e-16
1.663083296244057605e-16
1.539698983603209145e-16
1.424560836768538750e-16
1.317218904240419279e-16
1.217236897569238619e-16
1.124192940605036538e-16
1.037680151609734850e-16
9.573072152097986945e-17
8.826987732586664652e-17
8.134956151583212096e-17
7.493546743494337428e-17
6.899489780650935934e-17
6.349675859717496360e-17
5.841154687686703812e-17
5.371131561593604871e-17
4.936964989689481641e-17
4.536162241551495958e-17
4.166373610799379661e-17
3.825388602754257639e-17
3.511131466115448264e-17
3.221655070529915117e-17
2.955136489150382580e-17
2.709870341948012879e-17
2.484263161728420310e-17
2.276828274883846199e-17
2.086179964278510926e-17
1.911028810485767991e-17
1.750175406216113431e-17
1.602505686955958804e-17
1.466985185528394569e-17
1.342654771906423832e-17
1.228625853498769301e-17
1.124075844026241302e-17
1.028244007674318435e-17
9.404269066884738021e-18
8.599747652248889456e-18
7.862878405081906700e-18
7.188128823623969712e-18
6.570398353250380630e-18
6.004987371629572348e-18
5.487567397222906114e-18
5.014154171996420898e-18
4.581082588229573538e-18
4.184982917924511995e-18
3.822758268376102016e-18
3.491563497428317373e-18
3.188785537685614622e-18
2.912025294437834397e-18
2.659080794193135504e-18
2.427931560566349868e-18
2.216724076970643561e-18
2.023758677260152514e-18
1.847477045477394049e-18
1.686452420936245639e-18
1.539379143375855399e-18
1.405062912571209644e-18
1.282412065632350753e-18
1.170428533897496290e-18
1.068198803318082891e-18
9.748859052507702523e-19
8.897222283720845320e-19
8.120034500507038653e-19
7.410833255063611316e-19
6.763694492328047149e-19
6.173195691704100827e-19
5.634380956872209596e-19
5.142725589345245843e-19
4.694101131628960307e-19
4.284739183622883510e-19
3.911203030490743478e-19
3.570355958427648897e-19
3.259336733874618088e-19
2.975534664863705651e-19
2.716567517818453406e-19
2.480261408230397865e-19
2.264632657404517545e-19
2.067871399548496355e-19
1.888325960767832384e-19
1.724489631450229391e-19
1.574987602313922459e-19
1.438565190012161780e-19
1.314077586344796872e-19
1.200480073872715790e-19
1.096819510441939012e-19
1.002226243125490051e-19
9.159068600873330895e-20
8.371374819111493530e-20
7.652576821538613911e-20
6.996649145550332040e-20
6.398094362092137985e-20
5.851895932166481038e-20
