# bin_4_1
8.952127896459525052e-14
8.998792403742113636e-14
9.047186941090257788e-14
9.097391252384582817e-14
9.149455665909255129e-14
9.203393234178755463e-14
9.259216629222976213e-14
9.316969251142142862e-14
9.376756600728894581e-14
9.438706235267479639e-14
9.502912169143520812e-14
9.569404541948835214e-14
9.638169834168904166e-14
9.709255388907116246e-14
9.782803031259609169e-14
9.858948157824603532e-14
9.937751645165131220e-14
1.001917980039848251e-13
1.010330436002372712e-13
1.019028602221683256e-13
1.028024373281084908e-13
1.037315140790225782e-13
1.046905946536370197e-13
1.056812313422577135e-13
1.067045649986317058e-13
1.077602194348229123e-13
1.088493524529572687e-13
1.099733193261416791e-13
1.111321362221051093e-13
1.123266717603474703e-13
1.135580614697321230e-13
1.148264775066430496e-13
1.161328336139327484e-13
1.174778736189738333e-13
1.188619652706611592e-13
1.202859492613171814e-13
1.217502366077602711e-13
1.232553677977378539e-13
1.248017859072282434e-13
1.263899641426069787e-13
1.280201810980804322e-13
1.296927778782773920e-13
1.314079566387505017e-13
1.331658640232009566e-13
1.349665766747912043e-13
1.368100345153833333e-13
1.386961558144782572e-13
1.406246873062945261e-13
1.425952891470302199e-13
1.446075302718893092e-13
1.466607960467958460e-13
1.487543888850411642e-13
1.508874603773825794e-13
1.530589904534660751e-13
1.552678311774383413e-13
1.575126638663901638e-13
1.597919857785371101e-13
1.621041412428461887e-13
1.644472784336541757e-13
1.668193775103351170e-13
1.692181894115648917e-13
1.716412386244167335e-13
1.740859183470468559e-13
1.765494772134753807e-13
1.790287928565173130e-13
1.815206523875770580e-13
1.840216542295258331e-13
1.865281383200613250e-13
1.890363355324222481e-13
1.915422475554954681e-13
1.940417428222077607e-13
1.965305401955083336e-13
1.990042289156420925e-13
2.014583056849586877e-13
2.038881967072219292e-13
2.062892963977834502e-13
2.086570157850044533e-13
2.109868127472602545e-13
2.132742529076468239e-13
2.155150076154860107e-13
2.177049192273577913e-13
2.198401157156227922e-13
2.219167685071018313e-13
2.239312668609332548e-13
2.258808855591535244e-13
2.277623259557215818e-13
2.295734606154462645e-13
2.313119623174466539e-13
2.329762017580574434e-13
2.345651305809420961e-13
2.360778204630067278e-13
2.375140398315287389e-13
2.388733175374870313e-13
2.401554596025245625e-13
2.413601632769115546e-13
2.424864864640112649e-13
2.435350114533399456e-13
2.445069761723089053e-13
2.454005808127713585e-13
2.462165127796865482e-13
2.469522025933519588e-13
2.476077087586381427e-13
2.481800615319474539e-13
2.486665806781974521e-13
2.490619809084757181e-13
2.493626986159935021e-13
2.495634340407695171e-13
2.496606463427486944e-13
2.496504016328201274e-13
2.495283699049334268e-13
2.492916548736582358e-13
2.489376198366002209e-13
2.484640450440487873e-13
2.478691048596402246e-13
2.471517198651074160e-13
2.463104607754269757e-13
2.453433193676461708e-13
2.442481608349346456e-13
2.430222518051496216e-13
2.416624589657660823e-13
2.401653768769568521e-13
2.385275578533087195e-13
2.367457839797943845e-13
2.348173588554045529e-13
2.327403038299065151e-13
2.305132536697158555e-13
2.281351875140789573e-13
2.256052155504531743e-13
2.229224024941589374e-13
2.200856409158962145e-13
2.170939281083701130e-13
2.139468667946284841e-13
2.106450457797261669e-13
2.071902951480130021e-13
2.035858005954226619e-13
1.998358516114683330e-13
1.959458470966057339e-13
1.919223012514762475e-13
1.877731751882268131e-13
1.835081578539257387e-13
1.791384662273583392e-13
1.746768021802830669e-13
1.701367635532935623e-13
1.655328727124295382e-13
1.608805361988896022e-13
1.561956866213912256e-13
1.514946514767218683e-13
1.467934805107729242e-13
1.421076574665905245e-13
1.374520861361209663e-13
1.328410682991041999e-13
1.282882877561962207e-13
1.238065273024792655e-13
1.194077030421731441e-13
1.151028836850936131e-13
1.109019411742178581e-13
1.068128846771948163e-13
1.028415246103517392e-13
9.899136655591396214e-14
9.526385961837870651e-14
9.165859008097828758e-14
8.817341531308136343e-14
8.480395453880426374e-14
8.154353822337889563e-14
7.838437032624011543e-14
7.531779143638385651e-14
7.233397074430987620e-14
6.942327580224303394e-14
6.657780033293162365e-14
6.379244883834265339e-14
6.106504203147131710e-14
5.839613250347773561e-14
5.578867448207260913e-14
5.324747550626756027e-14
5.077816420179047600e-14
4.838634409539058605e-14
4.607680350058093824e-14
4.385271526840861752e-14
4.171589157153199709e-14
3.966612334848213885e-14
3.770169628853593918e-14
3.581919499394067621e-14
3.401418402845204439e-14
3.228239311203907507e-14
3.062076519535700538e-14
2.902842586640691981e-14
2.750718154832902096e-14
2.606123001057872341e-14
2.469566190701703124e-14
2.341405422130266843e-14
2.221621112835645676e-14
2.109695878978382034e-14
2.004645699687108192e-14
1.905226930281975805e-14
1.810257314577543731e-14
1.718907054828972015e-14
1.630841319651361394e-14
1.546182729687254549e-14
1.465332358376363702e-14
1.388736723843975658e-14
1.316688563808654496e-14
1.249215900920472252e-14
1.186078716960026023e-14
1.126851869119495287e-14
1.071056783317620132e-14
1.018286982402108256e-14
9.682644758891831694e-15
9.208143317730916517e-15
8.758055954316243081e-15
8.331271553830505724e-15
7.927145365386066443e-15
7.545498712970280095e-15
7.185908084523502374e-15
6.846942147330394110e-15
6.526326933077671647e-15
6.222041023637514392e-15
5.933070911735612145e-15
5.659077817182124993e-15
5.399645746584739583e-15
5.153938047817515965e-15
4.920859836359866910e-15
4.699380185374479587e-15
4.488709597184178744e-15
4.288284098042124925e-15
4.097593795636772957e-15
3.916064093505982670e-15
3.743094975021922976e-15
3.578140669355372921e-15
3.420728923354551392e-15
3.270421123381932485e-15
3.126795819064896322e-15
2.989459292365033389e-15
2.858054536143066491e-15
2.732252507860104074e-15
2.611746557943775395e-15
2.496252243268755085e-15
2.385505334807613032e-15
2.279257206423148454e-15
2.177278831849186168e-15
2.079362781551825698e-15
1.985317770918780469e-15
1.894965845979793706e-15
1.808140110702895786e-15
1.724686819142719618e-15
1.644466001549612929e-15
1.567347279358964938e-15
1.493207894515671792e-15
1.421933905341486152e-15
1.353419963074882402e-15
1.287567527613454357e-15
1.224284193187706535e-15
1.163483592185952964e-15
1.105084601673912908e-15
1.049010575798918246e-15
9.951889554455684558e-16
9.435507683134149685e-16
8.940301576313007955e-16
8.465640452451700371e-16
8.010917970237978419e-16
7.575548925906805079e-16
7.158966207815313760e-16
6.760618279653315461e-16
6.379967149852577805e-16
6.016486464980494937e-16
5.669659666326301362e-16
5.338978301725963114e-16
5.023940765997278947e-16
4.724051582955716492e-16
4.438820897165461988e-16
4.167763860082808404e-16
3.910400009001853406e-16
3.666252912921041821e-16
3.434850256361381190e-16
3.215724221307696348e-16
3.008411855461836813e-16
2.812455349411412142e-16
2.627402304581310828e-16
2.452806169486806945e-16
2.288226867855992299e-16
2.133231453328747083e-16
1.987394680663386495e-16
1.850299519684471611e-16
1.721537649341086519e-16
1.600710025752359549e-16
1.487427456505120336e-16
1.381311078591673210e-16
1.281992754333575828e-16
1.189115382657518292e-16
1.102333196551970332e-16
1.021312067238533997e-16
9.457297593730931313e-17
8.752761107124981400e-17
8.096531332804713252e-17
7.485750334494170846e-17
6.917682010730813522e-17
6.389711596045587904e-17
5.899344715328305340e-17
5.444206009514508273e-17
5.022037264188780733e-17
4.630695114250771891e-17
4.268148403848174490e-17
3.932475212652138929e-17
3.621859661784510046e-17
3.334588547677861048e-17
3.069047800026015470e-17
2.823718788099999574e-17
2.597174496080181578e-17
2.388075628298059682e-17
2.195166714793551619e-17
2.017272234686843453e-17
1.853292763268154077e-17
1.702201137332111415e-17
1.563038658012033206e-17
1.434911382093418232e-17
1.316986529742013918e-17
1.208489016952131801e-17
1.108698096166088512e-17
1.016944094406938819e-17
9.326052689317244225e-18
8.551048049133575800e-18
7.839079577466148731e-18
7.185193404842229853e-18
6.584803372764893102e-18
6.033666385068345512e-18
5.527859049697800667e-18
5.063755655532212941e-18
4.638007466760547354e-18
4.247523269518419203e-18
3.889451021962319808e-18
3.561160578513357591e-18
3.260227507003542796e-18
2.984417976059756484e-18
2.731674663119412291e-18
2.500103871585199217e-18
2.287962333931914131e-18
2.093653074198128310e-18
1.915695657975134794e-18
1.752744137119863036e-18
1.603542936273588141e-18
1.466960951208470899e-18
1.341935608641652083e-18
1.227508277305735985e-18
1.122792760980230998e-18
1.026970809674524129e-18
9.393032279775344236e-19
8.591027285694123587e-19
7.857388011750996615e-19
7.186364159152961493e-19
6.572714917260397223e-19
6.011572953448747073e-19
5.498486974313667458e-19
5.029389754098564371e-19
4.600552231464528017e-19
4.208556088766468392e-19
3.850268714287179132e-19
3.522820186626069817e-19
3.223581886076939487e-19
2.950146641596041342e-19
2.700310337334401774e-19
2.472077465251248096e-19
2.263582689958364364e-19
2.073130932866395358e-19
1.899194076261032663e-19
1.740349644870919363e-19
1.595300679214798252e-19
1.462870768627403814e-19
1.341974125171099792e-19
1.231613269854804341e-19
1.130895440364478314e-19
1.038984362902071952e-19
9.551194970662820160e-20
8.786077220122495336e-20
8.088139966807448528e-20
7.451567520030740231e-20
6.871037129344198844e-20
6.341741051097200512e-20
5.859199257864631342e-20
5.419363903746502157e-20
5.018600941545620442e-20
4.653539421697612262e-20
4.321138259215483038e-20
4.018643620850461876e-20
3.743536185611485129e-20
3.493506524094062341e-20
3.266433321888329803e-20
3.060363445221338537e-20
2.873550053728945237e-20
2.704313848935556262e-20
2.551207285621167576e-20
2.412917213309646085e-20
2.288270682927709192e-20
2.176222608976243486e-20
2.075734276204606132e-20
1.985857159828067866e-20
1.905703757933289444e-20
1.834538095284753862e-20
1.771812666242584301e-20
1.717063779895123398e-20
1.669718371161001576e-20
1.629115792203789957e-20
