# bin_2_2
1.542838967710953843e-13
1.551707475880300022e-13
1.560918414127031316e-13
1.570484254312781802e-13
1.580417993892323632e-13
1.590733620497400260e-13
1.601446095271359502e-13
1.612571058414697956e-13
1.624124521152664616e-13
1.636122530976926240e-13
1.648581073084698424e-13
1.661516911276498200e-13
1.674947942975450896e-13
1.688892678866773222e-13
1.703370243426820252e-13
1.718399724146159848e-13
1.734001796008978663e-13
1.750198879876145712e-13
1.767013980825982883e-13
1.784469760914061851e-13
1.802589212413371053e-13
1.821397421698490764e-13
1.840920458291031918e-13
1.861184198550483362e-13
1.882216007208502853e-13
1.904044821999121864e-13
1.926700059766323874e-13
1.950211674908040967e-13
1.974611589757233025e-13
1.999932376292236355e-13
2.026207328841992955e-13
2.053471206680083657e-13
2.081759406359626996e-13
2.111108760521550553e-13
2.141558245860885013e-13
2.173148435316420434e-13
2.205920928384492057e-13
2.239918450651156109e-13
2.275185438873388321e-13
2.311767946443171411e-13
2.349714591574594171e-13
2.389076909535989307e-13
2.429909992642517029e-13
2.472266068104170435e-13
2.516195980519482212e-13
2.561756594505163225e-13
2.609007538928515674e-13
2.658010773305491176e-13
2.708826914066181687e-13
2.761516469429040675e-13
2.816141989947255939e-13
2.872767525497137135e-13
2.931459321836959611e-13
2.992284444373859163e-13
3.055312036676996992e-13
3.120616732840297153e-13
3.188280480196816516e-13
3.258377474844195253e-13
3.330982865516753792e-13
3.406182385874811934e-13
3.484064381671063108e-13
3.564717906624311530e-13
3.648239205228596894e-13
3.734726676659065492e-13
3.824283466742441358e-13
3.917017938967768611e-13
4.013028634793369653e-13
4.112412626350714091e-13
4.215273152724583770e-13
4.321709741517940584e-13
4.431816680654227097e-13
4.545694708720754139e-13
4.663449564793843364e-13
4.785174540523809509e-13
4.910978280354423061e-13
5.040984986060331367e-13
5.175318130617923078e-13
5.314106063556494032e-13
5.457467783435283850e-13
5.605514827756077318e-13
5.758360833057610759e-13
5.916119531108604390e-13
6.078894719426069152e-13
6.246778725126716392e-13
6.419876423443303704e-13
6.598294695026310839e-13
6.782129612300120852e-13
6.971467932611876337e-13
7.166412299640392589e-13
7.367061039442614793e-13
7.573497151006990978e-13
7.785809898220615418e-13
8.004069836401108075e-13
8.228316728026841622e-13
8.458596377751134714e-13
8.694934507526940043e-13
8.937358726038809469e-13
9.185902685638389039e-13
9.440580760139382621e-13
9.701399273071908056e-13
9.968330971686638344e-13
1.024133231875329809e-12
1.052033320570598284e-12
1.080525548391695829e-12
1.109600357540146736e-12
1.139246424224138486e-12
1.169449761184573905e-12
1.200193165827529668e-12
1.231454468096012674e-12
1.263190157851450627e-12
1.295359450600907266e-12
1.327936033130915438e-12
1.360848781127209426e-12
1.394090062298290115e-12
1.427611960877688524e-12
1.461388270041731895e-12
1.495421460032808756e-12
1.529681958001790539e-12
1.564147157818094657e-12
1.598767505432175693e-12
1.633452988021861079e-12
1.668152312977172180e-12
1.702756045466198474e-12
1.737171092452258817e-12
1.771308851685715121e-12
1.805079068161807019e-12
1.838388558750299592e-12
1.871138230558152306e-12
1.903223237149568946e-12
1.934531914451333737e-12
1.964945700571534512e-12
1.994340591119523951e-12
2.022585687200946039e-12
2.049544460806266432e-12
2.075075058714169685e-12
2.099031169043550023e-12
2.121261422547237631e-12
2.141610710071967425e-12
2.159920706788071853e-12
2.176029934420801119e-12
2.189775497733557244e-12
2.200994203659175506e-12
2.209523720360815887e-12
2.215204766918667177e-12
2.217883086726655599e-12
2.217411197571089372e-12
2.213651602390215199e-12
2.206479077838522754e-12
2.195783809958590904e-12
2.181475266581327925e-12
2.163484884092838998e-12
2.141771048868300066e-12
2.116322066652478171e-12
2.087160730088612553e-12
2.054347911513534242e-12
2.017986187784775695e-12
1.978223254796085567e-12
1.935254328695570277e-12
1.889324159875842865e-12
1.840726894361468224e-12
1.789805986671946294e-12
1.736948796860147905e-12
1.682578310337914791e-12
1.627153708340128602e-12
1.571156878027698495e-12
1.515087887896870344e-12
1.459462457675643693e-12
1.404790088879901612e-12
1.351577364054489137e-12
1.300298895685432987e-12
1.251376404422246906e-12
1.205149203102349280e-12
1.161840207937455056e-12
1.121557061691223388e-12
1.084278688301413967e-12
1.049842411794457626e-12
1.017962202798160054e-12
9.882512481234019099e-13
9.601850951281119469e-13
9.331770017518818540e-13
9.065345888845999752e-13
8.795357791309164430e-13
8.514907037085910095e-13
8.218034860108004353e-13
7.900934131712958107e-13
7.561987239253573010e-13
7.202702917824938500e-13
6.827667530160923338e-13
6.443928994907758228e-13
6.060411303479195131e-13
5.686903660378815504e-13
5.332894393004709077e-13
5.006367217000260582e-13
4.712707053669921420e-13
4.453886037262860740e-13
4.228110761982915364e-13
4.030075135596206813e-13
3.851853877089828708e-13
3.684352233204245219e-13
3.519083098669409260e-13
3.349887903365341182e-13
3.174139524241042978e-13
2.993071031549654132e-13
2.811086694781256228e-13
2.634235507139830176e-13
2.468330428566356584e-13
2.317278680378239425e-13
2.182093152304796247e-13
2.060950489211751017e-13
1.950220042908942170e-13
1.845916531476226821e-13
1.745056702374322036e-13
1.646426540140532428e-13
1.550540342934053142e-13
1.458914920277747765e-13
1.373035036090136316e-13
1.293615716701233715e-13
1.220380687624632944e-13
1.152345403057831060e-13
1.088438854723365959e-13
1.027965543121437437e-13
9.707120828878390956e-14
9.167722559954363582e-14
8.662377647734860958e-14
8.190462665596336094e-14
7.749753617651546546e-14
7.337107523545565269e-14
6.949654250417958205e-14
6.585430135453301739e-14
6.243478222261949075e-14
5.923122098744949269e-14
5.623102893580659049e-14
5.341581731048579789e-14
5.076911194728294056e-14
4.828116437502982821e-14
4.594415674273501595e-14
4.374715718369582636e-14
4.167834613730075464e-14
3.972888121009602269e-14
3.789134623550420023e-14
3.615756630212430167e-14
3.451953410337219056e-14
3.297067980625535891e-14
3.150469320409386524e-14
3.011537320682770662e-14
2.879730990318263976e-14
2.754548694286825250e-14
2.635521431027185347e-14
2.522223249574711910e-14
2.414261621940425000e-14
2.311272396465223212e-14
2.212917963752930861e-14
2.118886790689517234e-14
2.028892974842567953e-14
1.942675719288515213e-14
1.859997930623819360e-14
1.780644258502002229e-14
1.704419088512320549e-14
1.631144670003480161e-14
1.560659491623229002e-14
1.492816803816968583e-14
1.427483280149358463e-14
1.364537829810288062e-14
1.303870515522588648e-14
1.245381570760713488e-14
1.188980527787587120e-14
1.134585328730152038e-14
1.082121451076905000e-14
1.031521064973069523e-14
9.827222279230020434e-15
9.356682049914208265e-15
8.903068474539717814e-15
8.465900325555607070e-15
8.044731556803204078e-15
7.639146434145792367e-15
7.248754876168001666e-15
6.873188575663046493e-15
6.512097406450783762e-15
6.165146368821778126e-15
5.832013061717313232e-15
5.512385166263101704e-15
5.205958101690879410e-15
4.912432876981485580e-15
4.631513858244254658e-15
4.362906959130954820e-15
4.106318374217067712e-15
3.861453510216232909e-15
3.628016425116887873e-15
3.405709034401561491e-15
3.194230193149909174e-15
2.993274919725103792e-15
2.802533815394926555e-15
2.621693035013636697e-15
2.450434755721837502e-15
2.288437704366096014e-15
2.135377867179677892e-15
1.990929054521033204e-15
1.854763379383157681e-15
1.726552041486227207e-15
1.605966140227108171e-15
1.492677793679745657e-15
1.386361420584073847e-15
1.286694869603634393e-15
1.193360426476088572e-15
1.106045694766298460e-15
1.024444369416905317e-15
9.482570816662293252e-16
8.771922018096021086e-16
8.109665266966303412e-16
7.493058549705584277e-16
6.919454105272624713e-16
6.386301855059000997e-16
5.891152223932476626e-16
5.431658023840887970e-16
5.005575582642103219e-16
4.610764867002620157e-16
4.245189040495733245e-16
3.906913474970118916e-16
3.594104250225160417e-16
3.305026152179337397e-16
3.038040331982840341e-16
2.791601598990479465e-16
2.564255451312135724e-16
2.354634724444135080e-16
2.161456369055931782e-16
1.983518006049579334e-16
1.819694259898046398e-16
1.668933267424365631e-16
1.530253098450660173e-16
1.402738033640276548e-16
1.285535178889990182e-16
1.177850924584949049e-16
1.078947578134738194e-16
9.881401244116069144e-17
9.047929716867284480e-17
8.283169720795456873e-17
7.581663869347490511e-17
6.938361774019675134e-17
6.348592425254780024e-17
5.808039349587768136e-17
5.312716049233719347e-17
4.858943000571617440e-17
4.443326388988888255e-17
4.062737286468095359e-17
3.714292874493066966e-17
3.395338500556102827e-17
3.103430725157325183e-17
2.836321633083539698e-17
2.591944239964255720e-17
2.368398714945881650e-17
2.163939562080520423e-17
1.976963607525069061e-17
1.805998786172196850e-17
1.649693739207434932e-17
1.506808237416931242e-17
1.376204364312291307e-17
1.256838504098296770e-17
1.147753992353066469e-17
1.048074407520311476e-17
9.569973383788104249e-18
8.737885370666735767e-18
7.977762784270838786e-18
7.283461109039074084e-18
6.649357087140487243e-18
6.070300724366783009e-18
5.541572830259788999e-18
5.058846570597422703e-18
4.618153627641852339e-18
4.215856096737951126e-18
3.848621359853913608e-18
3.513399408883123787e-18
3.207401369409466290e-18
2.928079401115615150e-18
2.673107175351435661e-18
2.440361116396258916e-18
2.227902924288306931e-18
2.033963608609781854e-18
1.856928215150468095e-18
1.695323098798887929e-18
1.547802938719151567e-18
1.413139978548214143e-18
1.290213551896858079e-18
1.178000673442610722e-18
1.075567462158761803e-18
9.820614015521416533e-19
8.967043499285388391e-19
8.187859402722413945e-19
7.476578738059069026e-19
6.827283554404076819e-19
6.234570451710788811e-19
5.693506687787263515e-19
5.199588856769740615e-19
4.748706644741570838e-19
4.337108424694277098e-19
3.961370209304081505e-19
3.618366856524188825e-19
3.305245891010019689e-19
3.019403788373874295e-19
2.758464491535053710e-19
2.520259192275811853e-19
