# bin_4_4
1.753634019210577392e-14
1.763248673185201672e-14
1.773222272278253442e-14
1.783575723472560641e-14
1.794328959369005762e-14
1.805489937196702713e-14
1.817061971024719457e-14
1.829046642476054663e-14
1.841448084167133914e-14
1.854288753579206122e-14
1.867599384997323797e-14
1.881412556508713314e-14
1.895745264236504596e-14
1.910594424334608431e-14
1.925954138065993137e-14
1.941838356038074998e-14
1.958289653869547590e-14
1.975350965197606053e-14
1.993032188757289632e-14
2.011317546618793696e-14
2.030211861512601313e-14
2.049768207898406886e-14
2.070033791869113955e-14
2.091002110246598108e-14
2.112655416094991095e-14
2.135041368489745350e-14
2.158217063910307313e-14
2.182173652713215939e-14
2.206901405381884419e-14
2.232464381265283975e-14
2.258892782975501808e-14
2.286160714160340798e-14
2.314319757747833817e-14
2.343409667058451764e-14
2.373410042019665393e-14
2.404370428708864080e-14
2.436315192870753220e-14
2.469246529829242650e-14
2.503208448535586883e-14
2.538204635226775482e-14
2.574267698992351066e-14
2.611412404806233287e-14
2.649662475083512696e-14
2.689037124823869185e-14
2.729555241402471975e-14
2.771236907799950128e-14
2.814099834673465132e-14
2.858160603580674135e-14
2.903437627983368736e-14
2.949944362070369204e-14
2.997696646640251729e-14
3.046706886931256224e-14
3.096987965172578856e-14
3.148549553521978075e-14
3.201402087897281094e-14
3.255552362690230914e-14
3.311006947852792612e-14
3.367770502798368378e-14
3.425845154964959438e-14
3.485232312158989800e-14
3.545930559171037185e-14
3.607936910647032485e-14
3.671246499794663300e-14
3.735852010352807257e-14
3.801744277428838971e-14
3.868912459630323076e-14
3.937344485505480315e-14
4.007025666441305302e-14
4.077939529844518278e-14
4.150069920519666244e-14
4.223398085211684973e-14
4.297905655528071508e-14
4.373573101477112722e-14
4.450381603579356701e-14
4.528312327015981523e-14
4.607347855551480003e-14
4.687472371767956396e-14
4.768672640309667583e-14
4.850938735250796360e-14
4.934264942274016882e-14
5.018650647874823841e-14
5.104101380982861679e-14
5.190629646739609875e-14
5.278253715873882688e-14
5.367004083869010491e-14
5.456919888401236776e-14
5.548045472671247505e-14
5.640449697152480614e-14
5.734200924941041289e-14
5.829389417923384521e-14
5.926120732814501576e-14
6.024504768093665307e-14
6.124681016125424874e-14
6.226783329140221578e-14
6.330977401997260773e-14
6.437421030612331230e-14
6.546301307252356738e-14
6.657802034254181575e-14
6.772119454349716894e-14
6.889447868602989370e-14
7.010002289261510524e-14
7.133959145453837811e-14
7.261540061792147977e-14
7.392901421983827510e-14
7.528235737986058984e-14
7.667690877412496709e-14
7.811412815543295864e-14
7.959523500212537047e-14
8.112139464750907281e-14
8.269336929278065566e-14
8.431208593402824334e-14
8.597790787750955472e-14
8.769125401642531276e-14
8.945239575177511947e-14
9.126120248762731811e-14
9.311749540311510581e-14
9.502099532414331134e-14
9.697111687433383618e-14
9.896702299092110048e-14
1.010077056119586263e-13
1.030918596799325607e-13
1.052177697930018282e-13
1.073829768767644455e-13
1.095849173925177773e-13
1.118195218367632165e-13
1.140798221410631719e-13
1.163639999407111407e-13
1.186668941465462279e-13
1.209953791424609029e-13
1.233503761063631962e-13
1.257291550969791441e-13
1.281233860535336380e-13
1.305241715667194118e-13
1.329256452475333089e-13
1.353219758173565827e-13
1.377072802666618813e-13
1.400752386076170264e-13
1.424189312059862083e-13
1.447314706267324506e-13
1.470052234771850207e-13
1.492321009165952944e-13
1.514031570015685553e-13
1.535090425731832818e-13
1.555397888775692348e-13
1.574849457356995698e-13
1.593336387577475520e-13
1.610746030744948993e-13
1.626962480687514593e-13
1.641866021966811975e-13
1.655333926715373439e-13
1.667240945697959009e-13
1.677459638495455065e-13
1.685861962065581615e-13
1.692319845575494679e-13
1.696706819816643370e-13
1.698899421169102655e-13
1.698778300415691110e-13
1.696230308358525142e-13
1.691150409047815537e-13
1.683443726811559341e-13
1.673028323010272505e-13
1.659838135992922068e-13
1.643825710369815974e-13
1.624965130141427788e-13
1.603256247703429593e-13
1.578726546982775873e-13
1.551435255349968312e-13
1.521475796736286489e-13
1.488978472550113836e-13
1.454112335898230515e-13
1.417086348766670967e-13
1.378149778376236686e-13
1.337591044335268406e-13
1.295735188908332890e-13
1.252937672995765036e-13
1.209579715118619930e-13
1.166050454970257358e-13
1.122732506484811692e-13
1.080009708570483342e-13
1.038262413307508986e-13
9.979164976143118577e-14
9.593886813975617062e-14
9.230416055035652622e-14
8.891151836236251328e-14
8.577191552176426458e-14
8.288383770713885934e-14
8.023468161077642580e-14
7.780214280727599822e-14
7.555759923059964816e-14
7.346941611998383082e-14
7.149630480340994367e-14
6.959005442045308031e-14
6.768105636238369864e-14
6.569435888983465301e-14
6.356192597833256867e-14
6.123423412073463413e-14
5.868549407611694012e-14
5.591606276979484288e-14
5.295883971461178002e-14
4.987598968402479415e-14
4.675087762185957170e-14
4.367769826530121239e-14
4.075139368218200647e-14
3.805814761638897323e-14
3.566551193310406634e-14
3.361179610961727142e-14
3.189670684617383504e-14
3.047699502296554403e-14
2.927022314888594893e-14
2.816773853944813965e-14
2.705584043096384582e-14
2.584180802401436139e-14
2.447815732148348828e-14
2.297599560204582736e-14
2.140076677684511158e-14
1.985091491103269116e-14
1.842675924493343494e-14
1.719890163303096056e-14
1.618530073953978683e-14
1.534640764836911257e-14
1.460323669723038511e-14
1.387125338467890454e-14
1.309524564969156164e-14
1.227050001076373973e-14
1.143860640633782030e-14
1.065928346274475799e-14
9.974597506545986395e-15
9.386326634467660324e-15
8.861063719153240436e-15
8.357147356719518186e-15
7.852914895458877970e-15
7.356231814276362600e-15
6.889900810816488441e-15
6.468415580294859943e-15
6.087158216216284301e-15
5.730718396409703565e-15
5.389078922924829399e-15
5.063901212960068695e-15
4.761219485082974541e-15
4.482141873886355943e-15
4.222196395455360999e-15
3.977441853477824904e-15
3.747529488073647098e-15
3.533179554249770437e-15
3.333411466234757824e-15
3.146441593043599331e-15
2.971286448093084224e-15
2.807513547443604621e-15
2.654377251839905309e-15
2.511001194147293979e-15
2.376699374685691644e-15
2.250895832670999715e-15
2.132993372895281002e-15
2.022411302721978973e-15
1.918635460779383118e-15
1.821160460647645840e-15
1.729516646275738126e-15
1.643299123280579897e-15
1.562139004940451020e-15
1.485688735988914176e-15
1.413617045461675345e-15
1.345609942009808340e-15
1.281373684547478501e-15
1.220637152431637088e-15
1.163151596403206536e-15
1.108688844244419644e-15
1.057039363221388874e-15
1.008010610761004524e-15
9.614256926536420127e-16
9.171221233056916604e-16
8.749505037143181017e-16
8.347732135679944727e-16
7.964633491999886613e-16
7.599039911207486447e-16
7.249877311749570300e-16
6.916161943867703765e-16
6.596994109030733297e-16
6.291550932706498026e-16
5.999078087040909773e-16
5.718882664590639433e-16
5.450328262183996002e-16
5.192831388375098746e-16
4.945857969643300012e-16
4.708918636967867027e-16
4.481562935794266238e-16
4.263374625316224803e-16
4.053968833060804665e-16
3.852990303819177839e-16
3.660111575854831312e-16
3.475029561041598200e-16
3.297461548476612325e-16
3.127142148429600175e-16
2.963821771704604057e-16
2.807265888534404225e-16
2.657253950436983796e-16
2.513577114241033018e-16
2.376035902102683597e-16
2.244438664088591807e-16
2.118600988037600692e-16
1.998345419100239753e-16
1.883500655118511726e-16
1.773900229491105485e-16
1.669381494808701821e-16
1.569785316190530261e-16
1.474956074039435212e-16
1.384741505107668539e-16
1.298991829749513586e-16
1.217558925319483543e-16
1.140296119036002231e-16
1.067058600307319066e-16
9.977039143718391884e-17
9.320918914082280740e-17
8.700838131332005628e-17
8.115417912488029451e-17
7.563287912934673710e-17
7.043092313925014270e-17
6.553496827845967052e-17
6.093190273959443768e-17
5.660881400587197826e-17
5.255295777690301124e-17
4.875176746389389738e-17
4.519289950834269590e-17
4.186428322143746595e-17
3.875414993051708175e-17
3.585104134724904371e-17
3.314380884448993716e-17
3.062162519734609920e-17
2.827400543504209803e-17
2.609082756224605380e-17
2.406234832320493169e-17
2.217921081324761676e-17
2.043244601468952825e-17
1.881347376758412653e-17
1.731410344655314527e-17
1.592653482247356997e-17
1.464335725645265099e-17
1.345754431857113003e-17
1.236244544800611603e-17
1.135177609272346972e-17
1.041960519458878814e-17
9.560349597794691595e-18
8.768758712127352248e-18
8.039908586917657079e-18
7.369181591564154379e-18
6.752256755196728109e-18
6.185093624257624648e-18
5.663918795143682392e-18
5.185218269207024220e-18
4.745717079979140782e-18
4.342370138657267134e-18
3.972348460700508409e-18
3.633024513270739906e-18
3.321961005561175384e-18
3.036900999012059075e-18
2.775755516343324848e-18
2.536592154055885923e-18
2.317624463371831812e-18
2.117202422693362431e-18
1.933803510114897297e-18
1.766024225861765905e-18
1.612571519456026872e-18
1.472254716832712630e-18
1.343977922128142211e-18
1.226732961656535802e-18
1.119592755788572030e-18
1.021705313700410881e-18
9.322865031619238787e-19
8.506162354498984495e-19
7.760330873642123072e-19
7.079303156611758981e-19
6.457526167405211483e-19
5.889924059001383638e-19
5.371861311563463414e-19
4.899108177634885450e-19
4.467797842295396793e-19
4.074386374699943167e-19
3.715617220561794823e-19
3.388494989488046479e-19
3.090262569086691691e-19
2.818385378364191871e-19
2.570539550775502757e-19
2.344601343940767595e-19
2.138632659029484253e-19
1.950867509033133542e-19
1.779695706642510272e-19
1.623649815924311500e-19
1.481392289559817282e-19
1.351703939066830053e-19
1.233473470379086241e-19
1.125687983432292993e-19
1.027424223340765268e-19
9.378405544044752854e-20
8.561698279123079650e-20
7.817127849396476389e-20
7.138320660643803253e-20
6.519467449172739486e-20
5.955273032904420937e-20
5.440910393402551734e-20
4.971977154755846540e-20
4.544459064832436023e-20
