# bin_1_1
3.035068381414778968e-12
3.048243098699139859e-12
3.061902421137630678e-12
3.076064852364732963e-12
3.090749702365445101e-12
3.105975947071859536e-12
3.121760549414966952e-12
3.138118706377685730e-12
3.155066951445258268e-12
3.172627302819898330e-12
3.190826519667198559e-12
3.209692659946034774e-12
3.229248576841831718e-12
3.249509577380954687e-12
3.270491089539861271e-12
3.292216002819580821e-12
3.314713160167685833e-12
3.338009942797631578e-12
3.362129133851714900e-12
3.387100112509148304e-12
3.412958532360448967e-12
3.439737341765903019e-12
3.467459842237479611e-12
3.496154976909632318e-12
3.525858703137294660e-12
3.556605939151577372e-12
3.588426571466884947e-12
3.621357288809901771e-12
3.655435030762753240e-12
3.690691779498104888e-12
3.727165965128806495e-12
3.764896029109620661e-12
3.803916678344523771e-12
3.844266347035775303e-12
3.885981416783885568e-12
3.929102440543289242e-12
3.973678300336837715e-12
4.019759006444777468e-12
4.067392892432262059e-12
4.116631247694901193e-12
4.167529400529485834e-12
4.220150219674473563e-12
4.274566769135216540e-12
4.330868569432618971e-12
4.389122231129979706e-12
4.449361152480477361e-12
4.511647551841121750e-12
4.576052854722196911e-12
4.642650898591354157e-12
4.711498885851567608e-12
4.782638053958062049e-12
4.856112903367163944e-12
4.931966863977184068e-12
5.010248138855816593e-12
5.091001517923978859e-12
5.174269329148818004e-12
5.260113830033112185e-12
5.348636892446678133e-12
5.439871582266234425e-12
5.533836813696908893e-12
5.630620221967843673e-12
5.730316271759404469e-12
5.833008821616181960e-12
5.938820424164765055e-12
6.047874216453514348e-12
6.160301655460165159e-12
6.276252084823527107e-12
6.395779955129527528e-12
6.518916652757948944e-12
6.645726821589329540e-12
6.776233685118998375e-12
6.910408989253425047e-12
7.048255411762500504e-12
7.189798704132847964e-12
7.334978450313319120e-12
7.483844624406593221e-12
7.636530070067833834e-12
7.793145447478261918e-12
7.953820094480132276e-12
8.118590184666558395e-12
8.287447407360848744e-12
8.460393748767226444e-12
8.637429368130275034e-12
8.818484489861315870e-12
9.003432337776797608e-12
9.192225136745759835e-12
9.384811644999555486e-12
9.581053902110058663e-12
9.780797369895288893e-12
9.984022548578137475e-12
1.019069414811195949e-11
1.040071791059871541e-11
1.061404572316914997e-11
1.083047456576008217e-11
1.104961511939396913e-11
1.127112003237015801e-11
1.149462016195344186e-11
1.171993698494683971e-11
1.194687840709908128e-11
1.217508499326611804e-11
1.240431581409055543e-11
1.263435083534528564e-11
1.286484015771994461e-11
1.309525769982293767e-11
1.332508188039649994e-11
1.355374997924284853e-11
1.378077302991012411e-11
1.400572414236068068e-11
1.422803964228628373e-11
1.444712755017467431e-11
1.466227345261911217e-11
1.487271920809126306e-11
1.507779129952154635e-11
1.527672946107827016e-11
1.546876797920033891e-11
1.565306901985805377e-11
1.582872525203377967e-11
1.599484810158229146e-11
1.615058879330979982e-11
1.629510105141967993e-11
1.642748520767752933e-11
1.654680493396734239e-11
1.665211058389684099e-11
1.674247052364608845e-11
1.681700009511400890e-11
1.687481479295127049e-11
1.691501437458098772e-11
1.693672833718621473e-11
1.693915151790416909e-11
1.692154869253533836e-11
1.688323400822192006e-11
1.682357386038963384e-11
1.674204019306022298e-11
1.663823033346840255e-11
1.651185488247754649e-11
1.636275096778263396e-11
1.619091297268157332e-11
1.599651543385999007e-11
1.577991756297607140e-11
1.554166012685472948e-11
1.528249242056384131e-11
1.500337910296073358e-11
1.470548800765477123e-11
1.439019958466552101e-11
1.405910914749746903e-11
1.371401782654849394e-11
1.335690814715772020e-11
1.298991835487023255e-11
1.261529216243040545e-11
1.223533267216694120e-11
1.185239570596517886e-11
1.146886020660128881e-11
1.108704894396686924e-11
1.070919877377805526e-11
1.033746857546393358e-11
9.973860605753208794e-12
9.620108614777417955e-12
9.277591300806610751e-12
8.947274635321314060e-12
8.629722380363187732e-12
8.325134608462999068e-12
8.033360073615090087e-12
7.753853558902989113e-12
7.485644384838150265e-12
7.227496636508840654e-12
6.977925230502255998e-12
6.735075616464902360e-12
6.496926779982818901e-12
6.261582554137080342e-12
6.027428691370432153e-12
5.793282165942317940e-12
5.558445165742761302e-12
5.322729648302009521e-12
5.086525386661778363e-12
4.850682784203140079e-12
4.616497547107864940e-12
4.385577294138565096e-12
4.159711215969214216e-12
3.940809768446980997e-12
3.730644061835663571e-12
3.530663541789694281e-12
3.341784619977704822e-12
3.164280729839015406e-12
2.997805515225113369e-12
2.841516257756959753e-12
2.694286258534829042e-12
2.554979333284810490e-12
2.422696965965248236e-12
2.296870288867529735e-12
2.177177010598927422e-12
2.063379901433778229e-12
1.955167917621747302e-12
1.852059176984105401e-12
1.753451621356494064e-12
1.658821591585122838e-12
1.567934436436782613e-12
1.480945730338285835e-12
1.398339252251226814e-12
1.320696124850146217e-12
1.248396199319689626e-12
1.181395915185595196e-12
1.119177045910273645e-12
1.060905973068139742e-12
1.005734992304095410e-12
9.531043507092033061e-13
9.028977505093031745e-13
8.553412191594758757e-13
8.107130607358151366e-13
7.690673679421178477e-13
7.301595447236571435e-13
6.936219387301571522e-13
6.591830371435536779e-13
6.267178569952686825e-13
5.961516586284250564e-13
5.673771486988421927e-13
5.402757537620560650e-13
5.147585108882566199e-13
4.907413708908860712e-13
4.681162320799204201e-13
4.467682619481235436e-13
4.266036424792622147e-13
4.075503534334636648e-13
3.895404963205726607e-13
3.725028690855476715e-13
3.563657131424608662e-13
3.410636821308331680e-13
3.265399636631157225e-13
3.127417556449876017e-13
2.996178632672488100e-13
2.871205184477235351e-13
2.752065311169146594e-13
2.638359626285428336e-13
2.529715797564578881e-13
2.425795542182030960e-13
2.326287907645898565e-13
2.230902031529315858e-13
2.139374431232781158e-13
2.051464777913865588e-13
1.966951881295177006e-13
1.885636052114378530e-13
1.807335627431023337e-13
1.731885529472620044e-13
1.659135974055025754e-13
1.588950911243876542e-13
1.521206979821145923e-13
1.455792644998110391e-13
1.392607342731358420e-13
1.331560515523897595e-13
1.272570615901597656e-13
1.215564113584853910e-13
1.160474615122726068e-13
1.107242083148634996e-13
1.055812103977369660e-13
1.006135195161435151e-13
9.581661371741964197e-14
9.118633653832471896e-14
8.671884590670349203e-14
8.241056784518856965e-14
7.825815231970654748e-14
7.425843094084198497e-14
7.040837574638773377e-14
6.670506473971635323e-14
6.314565456122553727e-14
5.972735381594438545e-14
5.644739579908727897e-14
5.330301500366880021e-14
5.029142694702023549e-14
4.740981661149210510e-14
4.465533052241582392e-14
4.202506623069902407e-14
3.951606145047749352e-14
3.712528591593217738e-14
3.484963918419885709e-14
3.268595454956031588e-14
3.063100377015946219e-14
2.868150073659849035e-14
2.683410524867608489e-14
2.508542831910847651e-14
2.343204107378551100e-14
2.187048561089525470e-14
2.039728612875858032e-14
1.900896027531409394e-14
1.770202980903078209e-14
1.647303129722437234e-14
1.531852742699592589e-14
1.423511691243918142e-14
1.321944509404503257e-14
1.226821459521288494e-14
1.137819420326943998e-14
1.054622721001057616e-14
9.769238559652614475e-15
9.044240952540506272e-15
8.368340332285327435e-15
7.738740471033257819e-15
7.152746687211486276e-15
6.607768565256829394e-15
6.101322121117324367e-15
5.631029468580701587e-15
5.194620441133320874e-15
4.789931963827660157e-15
4.414907078642389630e-15
4.067593383677303980e-15
3.746141002454230275e-15
3.448800231620060281e-15
3.173919311917181513e-15
2.919940251233372417e-15
2.685396857167373236e-15
2.468910966325325313e-15
2.269188887095451521e-15
2.085017824868651606e-15
1.915262629533868999e-15
1.758861156459545454e-15
1.614821513679252589e-15
1.482218266450873736e-15
1.360188813850934493e-15
1.247930276333965069e-15
1.144695091046063422e-15
1.049788743445724195e-15
9.625663136944451147e-16
8.824296611116549833e-16
8.088237340566079630e-16
7.412344155273300569e-16
6.791858834343381467e-16
6.222380299195029465e-16
5.699834926703064974e-16
5.220461299246074582e-16
4.780787976612555835e-16
4.377605632987978262e-16
4.007957209467643391e-16
3.669116503983600439e-16
3.358567939335701848e-16
3.073998005476168492e-16
2.813273152847182104e-16
2.574431477023912125e-16
2.355667512008458730e-16
2.155320172298096725e-16
1.971863252451821369e-16
1.803892896032364550e-16
1.650120069030703598e-16
1.509360329692161602e-16
1.380525706255285866e-16
1.262618476123485764e-16
1.154721311919050453e-16
1.055993742889607228e-16
9.656645091105245933e-17
8.830258556840238844e-17
8.074292783476868983e-17
7.382805561029755670e-17
6.750344700702047793e-17
6.171915444847508351e-17
5.642940684947275219e-17
5.159226033293529724e-17
4.716928299106514072e-17
4.312526540470102693e-17
3.942795514857620035e-17
3.604781223787965978e-17
3.295778257743299840e-17
3.013308957807850345e-17
2.755104289501024309e-17
2.519086534968759084e-17
2.303354828491868444e-17
2.106167500831186149e-17
1.925931920123089079e-17
1.761193615440871119e-17
1.610619275186883761e-17
1.472993863443564263e-17
1.347203578347913617e-17
1.232232965997606712e-17
1.127152879047533437e-17
1.031113807357497557e-17
9.433398239632456313e-18
8.631216467849099811e-18
7.898108569960310486e-18
7.228146182862447523e-18
6.615908589793832874e-18
6.056439304402124562e-18
5.545220746245895546e-18
5.078102276456682247e-18
4.651319279461601604e-18
4.261419517810193568e-18
3.905269955687530863e-18
3.580014345782591119e-18
3.283041204748511484e-18
3.011972935626287271e-18
2.764646390313347282e-18
2.539066809729348283e-18
2.333419872430467762e-18
2.146050566035906506e-18
1.975469375901126183e-18
1.820349269441817981e-18
1.679529751827696845e-18
1.551965400325470571e-18
1.436702226714207055e-18
1.332780165464481489e-18
1.239327195808167826e-18
1.155565934750992893e-18
1.080978639318572982e-18
1.015238837380434927e-18
9.578779667095369682e-19
9.084408333006214922e-19
