# bin_2_1
1.184072156417155739e-08
1.188289655051772461e-08
1.192657272004125544e-08
1.197184502727676525e-08
1.201875120674105883e-08
1.206730260729651747e-08
1.211750361559432519e-08
1.216935148237785427e-08
1.222286801883703066e-08
1.227807349561448801e-08
1.233497141818377584e-08
1.239355684426076137e-08
1.245384247673559454e-08
1.251596659125283500e-08
1.258011193564074768e-08
1.264648134740551654e-08
1.271514174781519570e-08
1.278605399670586917e-08
1.285913360683645001e-08
1.293428351454588629e-08
1.301145370147685046e-08
1.309069909074154237e-08
1.317231549102232269e-08
1.325666453614033635e-08
1.334388806002167706e-08
1.343382434746942370e-08
1.352613882845513986e-08
1.362065822052722995e-08
1.371762997742637045e-08
1.381762320898731145e-08
1.392093144300168131e-08
1.402713483135494329e-08
1.413561282174437368e-08
1.424642597573267890e-08
1.436036857812237734e-08
1.447776017864826345e-08
1.459774850315092649e-08
1.471971146723197736e-08
1.484448646345008828e-08
1.497271025957977282e-08
1.510328937619525993e-08
1.523582569456651916e-08
1.537169810185978159e-08
1.551054704611640135e-08
1.565092900569104515e-08
1.579385195931560281e-08
1.593967130513168483e-08
1.608718006155761472e-08
1.623720549931023666e-08
1.638940964058346634e-08
1.654310035934502602e-08
1.669900327430907934e-08
1.685612520534997497e-08
1.701491914947950854e-08
1.717497057746525472e-08
1.733638100231837174e-08
1.749905039286863398e-08
1.766300284151061476e-08
1.782816397521574174e-08
1.799457802700838451e-08
1.816211339408527533e-08
1.833083986214356385e-08
1.850068811947880925e-08
1.867163445686408714e-08
1.884359715765394488e-08
1.901676702675822674e-08
1.919041352024748838e-08
1.936388782655154262e-08
1.953692006532590644e-08
1.970899916854407268e-08
1.987945616815249295e-08
2.004778228896078537e-08
2.021342071581872461e-08
2.037578949829617074e-08
2.053433996558517671e-08
2.068865047748939493e-08
2.083842666191527424e-08
2.098411651464503777e-08
2.112531102727165389e-08
2.126198220866553055e-08
2.139456096708516956e-08
2.152304349365368756e-08
2.164720249882234155e-08
2.176670564556418302e-08
2.188073816080113346e-08
2.198880495644423900e-08
2.208937964277961278e-08
2.218114587948504441e-08
2.226384453953397417e-08
2.233719131590039979e-08
2.240095566558812581e-08
2.245529086912763760e-08
2.249982733285978872e-08
2.253366861631711569e-08
2.255696816801059096e-08
2.256960453609324940e-08
2.257175313809550956e-08
2.256337357300909488e-08
2.254382922340064676e-08
2.251293259334214188e-08
2.246983043917267074e-08
2.241348197565755196e-08
2.234223194204005037e-08
2.225622758609268250e-08
2.215651795832601839e-08
2.204334087701797987e-08
2.191694230465855229e-08
2.177827384347610622e-08
2.162687289110009567e-08
2.146147993734214084e-08
2.128202268907966466e-08
2.108753965288556957e-08
2.087807447821686263e-08
2.065508399001630287e-08
2.041842471135701046e-08
2.016948988234099009e-08
1.990803887288810605e-08
1.963468524728177189e-08
1.934913079288093830e-08
1.905136018421416990e-08
1.874133788905483121e-08
1.842019184365647558e-08
1.808888490095114397e-08
1.774872900418819605e-08
1.740023773793615557e-08
1.704352079314252687e-08
1.667884783945958021e-08
1.630678583207575425e-08
1.592857185950727306e-08
1.554565866556445896e-08
1.515894314378795419e-08
1.476892590280803099e-08
1.437614731470791132e-08
1.398132752023269197e-08
1.358558502346964027e-08
1.319023384568435415e-08
1.279617784715334281e-08
1.240391141505670181e-08
1.201401105981657283e-08
1.162733000920769131e-08
1.124494309047323433e-08
1.086765215601204388e-08
1.049584562612711729e-08
1.012994556961214666e-08
9.770607677413882304e-09
9.418450426557447515e-09
9.073901939779535091e-09
8.737104028746184766e-09
8.408276696572112696e-09
8.087757491945757085e-09
7.775746312570503105e-09
7.472189281144710558e-09
7.177058356761924319e-09
6.890413084842674778e-09
6.612198700450028001e-09
6.342236973020896432e-09
6.080363503829434879e-09
5.826483702525230070e-09
5.580412198940940855e-09
5.341932284181217879e-09
5.110885966378058947e-09
4.887149638473377870e-09
4.670544002074909275e-09
4.460956164309558182e-09
4.258307821658624679e-09
4.062524918877860166e-09
3.873549461684646584e-09
3.691369344665381579e-09
3.515949095905726627e-09
3.347277082884406780e-09
3.185329940980422792e-09
3.030070191147560361e-09
2.881450672782200585e-09
2.739391266083622048e-09
2.603787867733924634e-09
2.474508273608338348e-09
2.351385967262770143e-09
2.234233556674966566e-09
2.122842930182055531e-09
2.016990122442313002e-09
1.916444804762343413e-09
1.820975076695502432e-09
1.730348364049474539e-09
1.644337861450326695e-09
1.562723894411721181e-09
1.485291851808659895e-09
1.411839497684148852e-09
1.342173343650408343e-09
1.276110887527129378e-09
1.213484681110759834e-09
1.154137678485749225e-09
1.097923689383293806e-09
1.044703067614882345e-09
9.943372304277377491e-10
9.466867288608640156e-10
9.016052062044522032e-10
8.589424997626663768e-10
8.185470907634065322e-10
7.802733705022174915e-10
7.439886339108498931e-10
7.095760231336785185e-10
6.769345541056439284e-10
6.459735773133085995e-10
6.166074952921514153e-10
5.887502475538272016e-10
5.623143709869668043e-10
5.372124937586537750e-10
5.133602739192091806e-10
4.906784629576187844e-10
4.690936018757763719e-10
4.485380035504123389e-10
4.289495426173554547e-10
4.102711406709148545e-10
3.924500786262921291e-10
3.754369918236566933e-10
3.591853247323226850e-10
3.436513090145060564e-10
3.287937888742432073e-10
3.145739686861430567e-10
3.009555492249417345e-10
2.879051659872849985e-10
2.753924335441313177e-10
2.633894096038218099e-10
2.518700586367296691e-10
2.408100494338628382e-10
2.301867053502055884e-10
2.199790403809859881e-10
2.101677998486148387e-10
2.007352795909557092e-10
1.916650336894581855e-10
1.829417430202014260e-10
1.745512042452855258e-10
1.664802796454229138e-10
1.587167984215958592e-10
1.512494352365753723e-10
1.440675986853097504e-10
1.371613610927611439e-10
1.305214139468575820e-10
1.241390145920745923e-10
1.180059211857850296e-10
1.121143336249237356e-10
1.064568446635887672e-10
1.010263887400184278e-10
9.581619564606581704e-11
9.081975746199041281e-11
8.603080174789766708e-11
8.144326137707168520e-11
7.705124336285175359e-11
7.284900352227386301e-11
6.883092695638141739e-11
6.499151230949703886e-11
6.132535776749605281e-11
5.782714832927904072e-11
5.449164529912450734e-11
5.131367864691570597e-11
4.828814150116917973e-11
4.540998613558082168e-11
4.267422126229640675e-11
4.007591050637771774e-11
3.761017259678147514e-11
3.527218256265041513e-11
3.305717384294077158e-11
3.096044129078358112e-11
2.897734444300538330e-11
2.710331143762303461e-11
2.533384335750527641e-11
2.366451880714315366e-11
2.209099863231740963e-11
2.060903047369536548e-11
1.921445333902226748e-11
1.790320203946796754e-11
1.667131144856260405e-11
1.551492048840463405e-11
1.443027563308255835e-11
1.341373405134761692e-11
1.246176634399476572e-11
1.157095882496841399e-11
1.073801535455312325e-11
9.959758655375701389e-12
9.233131121696843753e-12
8.555195241238415127e-12
7.923133715664336730e-12
7.334248028883840214e-12
6.785958455797238585e-12
6.275802322704139314e-12
5.801432291309966797e-12
5.360614293535580861e-12
4.951225146107679135e-12
4.571249931683005721e-12
4.218779105463339537e-12
3.892005400127794420e-12
3.589220609664677576e-12
3.308812229584259578e-12
3.049259954061353254e-12
2.809132124931506963e-12
2.587082128077346880e-12
2.381844779120997461e-12
2.192232700369837565e-12
2.017132712471353479e-12
1.855502257726716322e-12
1.706365879661189984e-12
1.568811788357316441e-12
1.441988491976974240e-12
1.325101520936266982e-12
1.217410238172565587e-12
1.118224765538961180e-12
1.026903016951604661e-12
9.428478563749553055e-13
8.655043572410456655e-13
7.943571880770278990e-13
7.289281113752180651e-13
6.687736080884507637e-13
6.134826229055282301e-13
5.626748644564637452e-13
5.159977012580991083e-13
4.731247164287513713e-13
4.337543846384873690e-13
3.976080348372830780e-13
3.644282436092435250e-13
3.339773280119416457e-13
3.060359301956250743e-13
2.804016925011073884e-13
2.568880203358288229e-13
2.353229216805336663e-13
2.155479250439810418e-13
1.974170690968342763e-13
1.807959618996017655e-13
1.655613706523025662e-13
1.515992507495310283e-13
1.388046127908457822e-13
1.270811860254126058e-13
1.163404655990612470e-13
1.065011089218618093e-13
9.748837449929640757e-14
8.923360279010739098e-14
8.167373563336033778e-14
7.475131165969334522e-14
6.841298284967112694e-14
6.260965950575686619e-14
5.729657690203074297e-14
5.243266361014785349e-14
4.798024307527791794e-14
4.390475913673561713e-14
4.017517704890334560e-14
3.676178290682858533e-14
3.363788726217093348e-14
3.077907652255173609e-14
2.816297502962665348e-14
2.576951486741393807e-14
2.357968661167527254e-14
2.157600542378521747e-14
1.974270661047599858e-14
1.806550813714807526e-14
1.653153073336747416e-14
1.512810466750726559e-14
1.384414474639243584e-14
1.266981803465981006e-14
1.159583289711047508e-14
1.061331507329225849e-14
9.714610464334907638e-15
8.892979263148895023e-15
8.141344977629010477e-15
7.453929631773932108e-15
6.825532517188157209e-15
6.250680466122309995e-15
5.725225480443993964e-15
5.244748304153696794e-15
4.805393871674747626e-15
4.403902086334154745e-15
4.036694123922089191e-15
3.701296263779453399e-15
3.394544946284452150e-15
3.114443342463149120e-15
2.858353572309449209e-15
2.624505413256759552e-15
2.410868155110563592e-15
2.215701062274580529e-15
2.037635103264414705e-15
1.874992584155653036e-15
1.726544623081910350e-15
1.591205205774453298e-15
1.467716197375193733e-15
1.355092245202918381e-15
1.252431964261954913e-15
1.158985303879819272e-15
1.073878555074844038e-15
9.964143228749808547e-16
9.259520248941248271e-16
8.619031986220000991e-16
8.037272179518466627e-16
7.509273222151207767e-16
7.030469599194084025e-16
6.596664911563645468e-16
6.204277194553886954e-16
5.849871028188919870e-16
5.529836558546687638e-16
5.241164038948802034e-16
4.981881434148876025e-16
4.748727319541567334e-16
4.539856134079223093e-16
