# bin_2_2
1.426171733184039512e-08
1.431678482854760202e-08
1.437384345323920860e-08
1.443301189732278173e-08
1.449434510013321887e-08
1.455786890773364900e-08
1.462360186255862706e-08
1.469155499277449023e-08
1.476176736076580321e-08
1.483427650425802253e-08
1.490910155049138149e-08
1.498625266619321983e-08
1.506576048422939015e-08
1.514779782509380050e-08
1.523258822232318861e-08
1.532037844880390667e-08
1.541126249895227397e-08
1.550521532223100473e-08
1.560216113634119727e-08
1.570200986523966582e-08
1.580472472443692518e-08
1.591038850859498356e-08
1.601935859378170734e-08
1.613206824219674326e-08
1.624870211269348498e-08
1.636910060282144508e-08
1.649290702622171573e-08
1.661994859867701999e-08
1.675053412973261764e-08
1.688534220931516399e-08
1.702473832416171363e-08
1.716827225378323978e-08
1.731526391125271983e-08
1.746581605235709826e-08
1.762087824756353404e-08
1.778085579650130648e-08
1.794480347957587648e-08
1.811204158724560322e-08
1.828357926927230161e-08
1.846019711685424454e-08
1.864066968833831199e-08
1.882456206751592171e-08
1.901350564049014220e-08
1.920714804791398574e-08
1.940387011567685223e-08
1.960489210012351746e-08
1.981065879942109097e-08
2.001979282726419069e-08
2.023333519964159016e-08
2.045093941965051867e-08
2.067184621486289575e-08
2.089697624048791098e-08
2.112520573971265000e-08
2.135713353387835837e-08
2.159230683616584275e-08
2.183089503873414668e-08
2.207280993349064294e-08
2.231811987663876041e-08
2.256676319225671940e-08
2.281883087341600139e-08
2.307419426760015870e-08
2.333296681271589739e-08
2.359508634435804994e-08
2.386054935656999997e-08
2.412929045055778904e-08
2.440151932923805833e-08
2.467648059727062467e-08
2.495349983001102485e-08
2.523229780650402804e-08
2.551233633731773725e-08
2.579290816463032141e-08
2.607346799171907659e-08
2.635341494380915552e-08
2.663211488440844459e-08
2.690896291340500714e-08
2.718348080213209809e-08
2.745531680386741851e-08
2.772489599994407767e-08
2.799172931960864549e-08
2.825572206416066366e-08
2.851726178534776328e-08
2.877625854737819605e-08
2.903238155561040531e-08
2.928519603072038627e-08
2.953372287993116994e-08
2.977734413160523586e-08
3.001431073694271142e-08
3.024310066168432457e-08
3.046329534212711353e-08
3.067443283599555140e-08
3.087609725656854205e-08
3.106826974973817066e-08
3.125036382947097490e-08
3.142121769478817865e-08
3.158077840421325986e-08
3.172868945697284821e-08
3.186490013213730753e-08
3.198910871770748451e-08
3.210036755995622721e-08
3.219820228768301416e-08
3.228143104700397393e-08
3.234866238589619231e-08
3.239781747943125713e-08
3.242873561812205203e-08
3.244220411088164779e-08
3.243812139066334576e-08
3.241638899497549865e-08
3.237767387934310387e-08
3.232111123041847291e-08
3.224497593911388954e-08
3.214883812543548808e-08
3.203127586271990718e-08
3.189193764257728099e-08
3.173199973428699118e-08
3.155087180887723410e-08
3.134967339545943812e-08
3.112773062918592577e-08
3.088533826160250949e-08
3.062179191118566499e-08
3.033672863711438155e-08
3.002975160680292374e-08
2.970176171735700411e-08
2.935346457345752518e-08
2.898599206781314646e-08
2.859963269130483792e-08
2.819427842599074966e-08
2.777004467957744259e-08
2.732738448645888357e-08
2.686750526722113411e-08
2.639189967162830235e-08
2.590151054951645461e-08
2.539690537761544905e-08
2.487875278629480301e-08
2.434796781889540291e-08
2.380595169764674168e-08
2.325437796843649086e-08
2.269453878339865480e-08
2.212735082842841048e-08
2.155388582736866582e-08
2.097557332094001434e-08
2.039413895403081569e-08
1.981107288710116019e-08
1.922747680604646247e-08
1.864453935079839515e-08
1.806374320884291778e-08
1.748656511007659347e-08
1.691430733203022546e-08
1.634798083013217706e-08
1.578869320891980430e-08
1.523767006915855721e-08
1.469597687165610768e-08
1.416437672328958409e-08
1.364362005343784379e-08
1.313449831813547870e-08
1.263761373478349369e-08
1.215335938203782936e-08
1.168205743557517376e-08
1.122401177280029033e-08
1.077932684429129827e-08
1.034797082695808421e-08
9.929871149851261048e-09
9.524890449850533338e-09
9.132733266337442405e-09
8.753089549124543757e-09
8.385611510776484225e-09
8.029898533363933467e-09
7.685529140918913212e-09
7.352119256131342505e-09
7.029268024058931771e-09
6.716630756931405053e-09
6.413899581621544633e-09
6.120819713492974569e-09
5.837205608378004320e-09
5.562924755640934118e-09
5.297912434462546997e-09
5.042164309899329490e-09
4.795719612387217791e-09
4.558661220276820654e-09
4.331091557832341051e-09
4.113110509882982557e-09
3.904796590022106306e-09
3.706183552031609776e-09
3.517237770746853866e-09
3.337849048199495931e-09
3.167821086319446239e-09
3.006865065295529110e-09
2.854613570994002583e-09
2.710628268367028552e-09
2.574421679692615472e-09
2.445486277165495204e-09
2.323316446040734638e-09
2.207438443543573149e-09
2.097430758892977919e-09
1.992936271780079936e-09
1.893669510095023433e-09
1.799406037410764243e-09
1.709970913180764186e-09
1.625216097830401926e-09
1.544998614771958788e-09
1.469161604177750765e-09
1.397520984711404224e-09
1.329863898005644381e-09
1.265954110735177102e-09
1.205547054473216283e-09
1.148404505515061786e-09
1.094308098168240310e-09
1.043065887773796296e-09
9.945115990601954433e-10
9.484981798515776811e-10
9.048887517017054033e-10
8.635495697263812972e-10
8.243475207101894262e-10
7.871515816397860165e-10
7.518366706767327074e-10
7.182861885973178787e-10
6.863922121745177949e-10
6.560541828528038982e-10
6.271772292095061560e-10
5.996716767073602117e-10
5.734536097018909033e-10
5.484454553216915970e-10
5.245756770975758973e-10
5.017775820919692086e-10
4.799883328479953799e-10
4.591488783345742894e-10
4.392044728117636615e-10
4.201048689703643045e-10
4.018038005755428296e-10
3.842582658189979866e-10
3.674281778260727260e-10
3.512763950556071333e-10
3.357687373240535452e-10
3.208737068403680490e-10
3.065621500081145767e-10
2.928070939354638186e-10
2.795836298367863767e-10
2.668687275559361734e-10
2.546410686580300177e-10
2.428809121190792170e-10
2.315699542288139457e-10
2.206911891699711376e-10
2.102287894034414459e-10
2.001679891409033037e-10
1.904949721316596566e-10
1.811967727511056932e-10
1.722611888765615073e-10
1.636766985484326021e-10
1.554323818754787558e-10
1.475178517806934290e-10
1.399231910728255824e-10
1.326388948146341583e-10
1.256558178823396439e-10
1.189651277626946608e-10
1.125582628960457139e-10
1.064268964567045295e-10
1.005629046062003675e-10
9.495833901795704914e-11
8.960540370911662326e-11
8.449643563410071752e-11
7.962388916685807964e-11
7.498032332843901070e-11
7.055839181283648161e-11
6.635083591226850060e-11
6.235047958071829277e-11
5.855022686517946299e-11
5.494306094749936605e-11
5.152204482893793589e-11
4.828032363154118482e-11
4.521112782555243284e-11
4.230777750397342050e-11
3.956368737352040362e-11
3.697237247574555118e-11
3.452745442834203181e-11
3.222266769173412464e-11
3.005186592217946207e-11
2.800902838468739743e-11
2.608826635605529791e-11
2.428382930961050700e-11
2.259011069499469675e-11
2.100165322653329773e-11
1.951315377555352728e-11
1.811946797011809168e-11
1.681561303823523211e-11
1.559677198596321427e-11
1.445829573367305360e-11
1.339570496801305579e-11
1.240469132536556383e-11
1.148111786785401440e-11
1.062101894659482671e-11
9.820599409237565375e-12
9.076233199631773179e-12
8.384461451848241000e-12
7.741990028353283400e-12
7.145686522071251963e-12
6.592576842897997266e-12
6.079841393279784040e-12
5.604810923558455579e-12
5.164962075914504534e-12
4.757912671041724480e-12
4.381416795415999200e-12
4.033359728475908591e-12
3.711752783038999816e-12
3.414728056964944785e-12
3.140533145380333148e-12
2.887525847110622924e-12
2.654168909481757660e-12
2.439024832802585298e-12
2.240750771760470483e-12
2.058093517125122816e-12
1.889884613721220151e-12
1.735035605633853169e-12
1.592533440562475917e-12
1.461436041098680775e-12
1.340868496249028609e-12
1.230017841006091064e-12
1.128129629715187729e-12
1.034504703125263819e-12
9.484952802732006200e-13
8.695015679640426862e-13
7.969685520315151512e-13
7.303829571977970703e-13
6.692703766798311068e-13
6.131925715977218347e-13
5.617449207740732951e-13
5.145540282282739503e-13
4.712754752599231305e-13
4.315917143729519927e-13
3.952105903490499697e-13
3.618622800275071162e-13
3.312982302160897168e-13
3.032899393840547787e-13
2.776271467156210855e-13
2.541164437864556212e-13
2.325799801731060044e-13
2.128542626071189136e-13
1.947890396310787263e-13
1.782467322369795265e-13
1.631003413355811915e-13
1.492331144545085528e-13
1.365381658116299177e-13
1.249173906187881130e-13
1.142807627661761134e-13
1.045456873622354554e-13
9.563709746337323115e-14
8.748481165820022788e-14
8.002506341072402733e-14
7.319944624140251122e-14
6.695442191358748882e-14
6.124138857593920796e-14
5.601514505064840499e-14
5.123420186661236840e-14
4.686081841668500095e-14
4.286059249544132163e-14
3.920223002471885116e-14
3.585613294065899250e-14
3.279575069686296007e-14
2.999711303046091790e-14
2.743796162536255530e-14
2.509752217696002316e-14
2.295728279447175830e-14
2.100058625503910050e-14
1.921120484407120875e-14
1.757504403752686601e-14
1.607930143788305284e-14
1.471148768030125176e-14
1.346111518375261585e-14
1.231790892964531001e-14
1.127267838176100840e-14
1.031731079911174762e-14
9.443731435717934285e-15
8.645439855953109190e-15
7.915494403377283496e-15
7.248544447607971028e-15
6.638793127413317375e-15
6.081657945712911623e-15
5.572488436644687660e-15
5.107161149780569399e-15
4.682161431699421827e-15
4.293790628310716482e-15
3.939014331946112057e-15
3.615104266676923371e-15
3.319260129945829905e-15
3.049111389800601311e-15
2.802490978801831247e-15
2.577506174648692478e-15
2.372205817662616880e-15
2.184925057387630205e-15
2.014138832305550362e-15
1.858450002306388344e-15
1.716578451545120617e-15
1.587351084922671564e-15
1.469692648001105294e-15
1.362617393010963863e-15
1.265256415333231046e-15
1.176796153918363047e-15
1.096433718862637771e-15
1.023472075671620067e-15
9.573776349235814864e-16
8.974717765456528823e-16
8.432846631976140713e-16
