# bin_1_1
1.049362870976261915e-08
1.053056504454044049e-08
1.056869651606546984e-08
1.060806515478761370e-08
1.064871355217424137e-08
1.069068255764002721e-08
1.073395539453650948e-08
1.077846285910458520e-08
1.082411863536237942e-08
1.087082718528335315e-08
1.091864336378758343e-08
1.096778973897831563e-08
1.101853589799234520e-08
1.107114017846506614e-08
1.112556471349099654e-08
1.118163988633173853e-08
1.123917693923803108e-08
1.129815287979455555e-08
1.135869092931501794e-08
1.142091951808630010e-08
1.148489475028040626e-08
1.155063777408029949e-08
1.161822114115162456e-08
1.168775011437332020e-08
1.175909063304769226e-08
1.183188590559537031e-08
1.190599893559736580e-08
1.198209032588875969e-08
1.206094802165157949e-08
1.214246095946032173e-08
1.222599110066586574e-08
1.231128961717542425e-08
1.239858987524405659e-08
1.248812003529529308e-08
1.257969874743207725e-08
1.267254013939214008e-08
1.276636999944933473e-08
1.286241452192773854e-08
1.296125978954680394e-08
1.306183700489997054e-08
1.316378919171896445e-08
1.326768463344971371e-08
1.337295659362412602e-08
1.347887856186927214e-08
1.358712333918095399e-08
1.369846948790861005e-08
1.381174633946040303e-08
1.392695501955143960e-08
1.404331365853933484e-08
1.416081661822692776e-08
1.428124619417654231e-08
1.440365994567831657e-08
1.452691295922889002e-08
1.465013276880180602e-08
1.477476247679682316e-08
1.490171078279939838e-08
1.502913263413799636e-08
1.515607780850532766e-08
1.528460784773343491e-08
1.541477710289421511e-08
1.554376045808114165e-08
1.567245243652359574e-08
1.580246125415787673e-08
1.593039183824431200e-08
1.605768993521065273e-08
1.618540605202526263e-08
1.630900606150739929e-08
1.643104436286885255e-08
1.655022293301798540e-08
1.666534801743203311e-08
1.677791541281214683e-08
1.688540913987803160e-08
1.698989122760523421e-08
1.708899752158880772e-08
1.718427617260875667e-08
1.727418744481535507e-08
1.735984312517676980e-08
1.744059476977990957e-08
1.751702995542809094e-08
1.758942866019082349e-08
1.765791795807424348e-08
1.772289946806757787e-08
1.778443387830225180e-08
1.784237820311708456e-08
1.789655940259642057e-08
1.794646543089009729e-08
1.798943762867631732e-08
1.802459267863903854e-08
1.805090985881077966e-08
1.806697868345384044e-08
1.807185933755934781e-08
1.806487671236393019e-08
1.804591487687225103e-08
1.801550654677211760e-08
1.797463246730856567e-08
1.792427452644638897e-08
1.786611613926695016e-08
1.779939406940477719e-08
1.772469639662091168e-08
1.764207007521014573e-08
1.755057022154373850e-08
1.744929991654021511e-08
1.733739273251487121e-08
1.721455445720252303e-08
1.708098549825250112e-08
1.693527886338580343e-08
1.677824756339889830e-08
1.660992845122696927e-08
1.642965972014538289e-08
1.623730041843124656e-08
1.603373587212226969e-08
1.581914584540477536e-08
1.559612174441928481e-08
1.536639037212397576e-08
1.513093669115968220e-08
1.488916580564661454e-08
1.463887910358456975e-08
1.437971262694420550e-08
1.411116766779916598e-08
1.383341018437744733e-08
1.354639150410825047e-08
1.325282694277616377e-08
1.295584291042666115e-08
1.265630624636067016e-08
1.235497079534269133e-08
1.205256566234333317e-08
1.174693863721225132e-08
1.143710338701340829e-08
1.112478593944243323e-08
1.081006418520279049e-08
1.049536009458561286e-08
1.018248684882720708e-08
9.871465705495299030e-09
9.564132119603061740e-09
9.259752852278862403e-09
8.959164181654646515e-09
8.660532467364641566e-09
8.364684504950038515e-09
8.072682517501912834e-09
7.787150637817831261e-09
7.508802659860919736e-09
7.236993867587358916e-09
6.970887702552141493e-09
6.710007983657215886e-09
6.454773192402512565e-09
6.206406435486567712e-09
5.965728071814796338e-09
5.732480950126012624e-09
5.505929815394563015e-09
5.285544733093541451e-09
5.071166228762335901e-09
4.863211895517066532e-09
4.662297072523515356e-09
4.468150520669553450e-09
4.279806016712645261e-09
4.096806446673769182e-09
3.919445918480970245e-09
3.748109567744461010e-09
3.582626885810340604e-09
3.422376299298180246e-09
3.267100012648561454e-09
3.117052869484644423e-09
2.972418574455208426e-09
2.833099072129408012e-09
2.698753301401229305e-09
2.569378176927778653e-09
2.445271406504478298e-09
2.326442677548594449e-09
2.212631836610308941e-09
2.103787985889840629e-09
2.000029949795191067e-09
1.901261710472387623e-09
1.807246184254687110e-09
1.717839322023388422e-09
1.632980310299905721e-09
1.552441551371203389e-09
1.475960054626091901e-09
1.403377934666657143e-09
1.334531117573351902e-09
1.269171920599024496e-09
1.207131959048264177e-09
1.148275781619554611e-09
1.092433568953327117e-09
1.039453428517968973e-09
9.892252645194068289e-10
9.415987399254574888e-10
8.964519887704792696e-10
8.536593093038080430e-10
8.130942005484477601e-10
7.746432357947188009e-10
7.381944789030598797e-10
7.036427678616547740e-10
6.708928006662822060e-10
6.398506319377169404e-10
6.104258681597412409e-10
5.825290980776697650e-10
5.560703104087211690e-10
5.309608961399053945e-10
5.071156524449444322e-10
4.844579491666076416e-10
4.629176994580922991e-10
4.424330071478748986e-10
4.229465269092368212e-10
4.044026038990684021e-10
3.867470213340353722e-10
3.699269787819124647e-10
3.538922973156463638e-10
3.385972113023321082e-10
3.239987913281841140e-10
3.100570363508612534e-10
2.967337784649125875e-10
2.839927087696924445e-10
2.718001943608583984e-10
2.601246829628567709e-10
2.489370560804888891e-10
2.382101511508380266e-10
2.279191631574004648e-10
2.180413944163556171e-10
2.085560360288051052e-10
1.994438458758463635e-10
1.906871353996077971e-10
1.822697044888883682e-10
1.741764594496925696e-10
1.663933506728299397e-10
1.589072147772928373e-10
1.517056699343020912e-10
1.447770520808246651e-10
1.381103952699458471e-10
1.316955440261954476e-10
1.255231271717190492e-10
1.195845432674919937e-10
1.138719005015733219e-10
1.083778638158947983e-10
1.030955301643627291e-10
9.801831482152975131e-11
9.313988212299480107e-11
8.845413594340489569e-11
8.395524692972096733e-11
7.963766829888786587e-11
7.549613253257250931e-11
7.152559808566057791e-11
6.772118381981475433e-11
6.407811971823962677e-11
6.059172132596884679e-11
5.725739740715269666e-11
5.407065828942160314e-11
5.102710961154499457e-11
4.812243215750888810e-11
4.535235872364161525e-11
4.271266347506112803e-11
4.019916668974348503e-11
3.780773764354152975e-11
3.553429086129680495e-11
3.337478096687867112e-11
3.132520021148808303e-11
2.938158359895935121e-11
2.754001143835102983e-11
2.579660993278208394e-11
2.414755440339570137e-11
2.258907249442774044e-11
2.111744896784911293e-11
1.972902897275597392e-11
1.842022179737056557e-11
1.718750593920171349e-11
1.602743269831116178e-11
1.493663025541888330e-11
1.391180758893672436e-11
1.294975779527563739e-11
1.204736162026298644e-11
1.120159034328797170e-11
1.040950824966977878e-11
9.668275013510636616e-12
8.975147286808772489e-12
8.327480112227063557e-12
7.722727921340427525e-12
7.158444823501548485e-12
6.632284796010534192e-12
6.142001276816152795e-12
5.685446532691482568e-12
5.260570699051916591e-12
4.865420370138919949e-12
4.498137376005692243e-12
4.156955002678601495e-12
3.840197776648592834e-12
3.546278428455408079e-12
3.273695235367048705e-12
3.021029316495575698e-12
2.786941762671128689e-12
2.570170734255040901e-12
2.369528457554448497e-12
2.183898135377054841e-12
2.012230898929841862e-12
1.853542699032315551e-12
1.706911258019871628e-12
1.571473096356175839e-12
1.446420541074247949e-12
1.330998804848030443e-12
1.224503130075692996e-12
1.126276061509819441e-12
1.035704752307110161e-12
9.522183782101979153e-13
8.752856741266655232e-13
8.044125509285382683e-13
7.391397723908934119e-13
6.790407867016184930e-13
6.237196882177463071e-13
5.728092173747672104e-13
5.259688549604159088e-13
4.828830759431472715e-13
4.432596767942019901e-13
4.068281676409204325e-13
3.733382963620047670e-13
3.425586321140176894e-13
3.142752427061870562e-13
2.882904557947530793e-13
2.644217048506302482e-13
2.425004343907165074e-13
2.223710801908065436e-13
2.038901226971642622e-13
1.869251935426133344e-13
1.713542584217565188e-13
1.570648370071373060e-13
1.439532908244354356e-13
1.319241492234483843e-13
1.208894961372174877e-13
1.107683913884928389e-13
1.014864700334379171e-13
9.297633673516118899e-14
8.517351725729144855e-14
7.802001392553842432e-14
7.146249333962144925e-14
6.545192315441185036e-14
5.994323325808226948e-14
5.489500288638639255e-14
5.026917280930482325e-14
4.603077913883530275e-14
4.214770747963668691e-14
3.859046518383330645e-14
3.533197153281303640e-14
3.234736490470001455e-14
2.961382457170369701e-14
2.711040641276626869e-14
2.481849814688297313e-14
2.272055429510112762e-14
2.079959154762400434e-14
1.904077913487854648e-14
1.743051523239732142e-14
1.595632662363940436e-14
1.460677639422147409e-14
1.337137942672445710e-14
1.224052459939855225e-14
1.120540322981687188e-14
1.025892192081591441e-14
9.392925704742328989e-15
8.600316798722631334e-15
7.874895149723822474e-15
7.210981597147062437e-15
6.603374590673257891e-15
6.047310365623073877e-15
5.539318256932354790e-15
5.074757298702035229e-15
4.649629700926545372e-15
4.260594648743110312e-15
3.904593456665736578e-15
3.579070148304325310e-15
3.282096006583555984e-15
3.010351650641732623e-15
2.761696802327049024e-15
2.534172313244125289e-15
2.326705049238085005e-15
2.137230125136294849e-15
1.963863489191034668e-15
1.805237208616576833e-15
1.660909636819396912e-15
1.529059718219170855e-15
1.408424532493228703e-15
1.298470953767638142e-15
1.198405070433433099e-15
1.106853574318508366e-15
1.023509492940799729e-15
9.477379452752718975e-16
8.784158448616997085e-16
8.156618519137912361e-16
7.584244935237585237e-16
7.063579008861250758e-16
6.592150533407362943e-16
6.162061119951971765e-16
5.774776310636998483e-16
5.421330046286378587e-16
5.104031934592381841e-16
4.815299815533982317e-16
4.556077598112489858e-16
4.321836030913586776e-16
4.110680218133938121e-16
3.922159015286199916e-16
3.752138425542801733e-16
3.600351310516612563e-16
3.465449171467863057e-16
3.344885465730942081e-16
3.237596396909464593e-16
