# bin_4_3
1.620024421196193285e-08
1.626824976883533254e-08
1.633864270211435820e-08
1.641146255554157564e-08
1.648672957913907454e-08
1.656449050850222008e-08
1.664488094485826393e-08
1.672806534119538314e-08
1.681423670441150498e-08
1.690357775128946266e-08
1.699614674680592983e-08
1.709196724172119471e-08
1.719104869047075909e-08
1.729343755023691884e-08
1.739919288345512988e-08
1.750834431192077699e-08
1.762090976939054916e-08
1.773703504967780061e-08
1.785704338184068196e-08
1.798130307139279530e-08
1.811000879293494868e-08
1.824313124521591122e-08
1.838055941813982545e-08
1.852219682403420110e-08
1.866801665953415817e-08
1.881830876176069362e-08
1.897363941489713495e-08
1.913447869481109589e-08
1.930073626511568813e-08
1.947197562970183176e-08
1.964791206842906878e-08
1.982888909324311011e-08
2.001578652360414982e-08
2.020900833491543610e-08
2.040788986316394281e-08
2.061169238714712943e-08
2.082092963923977638e-08
2.103682191710614753e-08
2.125921551811586374e-08
2.148681568882529442e-08
2.171990573618960839e-08
2.196006330293835541e-08
2.220681360869158547e-08
2.245894326733469346e-08
2.271783215169190259e-08
2.298396752637426714e-08
2.325547470954055517e-08
2.353327234806908218e-08
2.381843390882890857e-08
2.410919482023831066e-08
2.440662066322067598e-08
2.471058747298431552e-08
2.502018525132854673e-08
2.533655900627760821e-08
2.565855202404974804e-08
2.598704632960884026e-08
2.632147920633365095e-08
2.666231164898653008e-08
2.700927103331875323e-08
2.736266813774052903e-08
2.772231534949457821e-08
2.808848514304191361e-08
2.846111590755827825e-08
2.884037985697507312e-08
2.922642378854831561e-08
2.961912160903838859e-08
3.001864486077602176e-08
3.042467267334784629e-08
3.083625110347889462e-08
3.125315791338303888e-08
3.167508171818246746e-08
3.210129877344751558e-08
3.253117949530306127e-08
3.296409020364943041e-08
3.339938339484818675e-08
3.383644022498017033e-08
3.427480558931169997e-08
3.471405784160411192e-08
3.515443605928537620e-08
3.559587738289827960e-08
3.603798407009968872e-08
3.648119552592470266e-08
3.692556844507154689e-08
3.737069002068424484e-08
3.781596471472276895e-08
3.826053036179846019e-08
3.870333968136981800e-08
3.914305058480078266e-08
3.957756077336164535e-08
4.000635648473085852e-08
4.042898261232034104e-08
4.084491968625785196e-08
4.125374870414093661e-08
4.165501393721611397e-08
4.204696952412156053e-08
4.242920858575111178e-08
4.280149472467711157e-08
4.316340747241130639e-08
4.351485548042470610e-08
4.385427443363123631e-08
4.418090305142962624e-08
4.449313349649309300e-08
4.478940018391030155e-08
4.506707279897081447e-08
4.532550653673878507e-08
4.556504642167453380e-08
4.578544452012681352e-08
4.598590334011968536e-08
4.616655918560563874e-08
4.632665760598362460e-08
4.646376484791772865e-08
4.657671621135165065e-08
4.666388001463600302e-08
4.672369354990634938e-08
4.675710797320155945e-08
4.676311930062180149e-08
4.674198414658489220e-08
4.669290833863980556e-08
4.661500949155050777e-08
4.650761358348210764e-08
4.636925896778907377e-08
4.619918882506543497e-08
4.599719692945433636e-08
4.576355856329784431e-08
4.549897039259164451e-08
4.520303393698932702e-08
4.487512156455963413e-08
4.451469304364927204e-08
4.412150463875489454e-08
4.369624747542249942e-08
4.323995613177537194e-08
4.275316090926234407e-08
4.223605307385722528e-08
4.168888910766310012e-08
4.111218708751512766e-08
4.050702834695409429e-08
3.987490729179948025e-08
3.921703585433907059e-08
3.853429676009709987e-08
3.782769290850384950e-08
3.709867315592396090e-08
3.634913922174552098e-08
3.558092301749433863e-08
3.479547976068522281e-08
3.399439943511718342e-08
3.317966589284705262e-08
3.235342775736139307e-08
3.151774909399594177e-08
3.067450065627434579e-08
2.982564823469183798e-08
2.897344519208654215e-08
2.812009854814093522e-08
2.726754615899379564e-08
2.641776711586901231e-08
2.557284865158016212e-08
2.473476819671072129e-08
2.390531088930483873e-08
2.308616795318666583e-08
2.227904762890521353e-08
2.148544514229330277e-08
2.070666451294419073e-08
1.994390409750594853e-08
1.919822940303026162e-08
1.847046859735799482e-08
1.776127555733711885e-08
1.707117481383704811e-08
1.640047680870319511e-08
1.574931052273885654e-08
1.511767592482677494e-08
1.450540236963453794e-08
1.391218879205474632e-08
1.333762877370623039e-08
1.278121809281947553e-08
1.224239408133409336e-08
1.172055254901014606e-08
1.121507328608223956e-08
1.072535935870769191e-08
1.025084857503012218e-08
9.791037693591061093e-09
9.345506943218184986e-09
8.913925587000902057e-09
8.496059725023136281e-09
8.091781044177314650e-09
7.701059821944965804e-09
7.323953146850704097e-09
6.960599516606014735e-09
6.611187712598838252e-09
6.275928930610549712e-09
5.955020917380582810e-09
5.648606187667706550e-09
5.356743018061823245e-09
5.079374971997588673e-09
4.816306285558180839e-09
4.567197765791238351e-09
4.331564958636301409e-09
4.108795918716346942e-09
3.898179184739099649e-09
3.698940125856362807e-09
3.510287933446850410e-09
3.331458358377527545e-09
3.161756526436184250e-09
3.000585356659396650e-09
2.847462442660841632e-09
2.702017355795063719e-09
2.563973297343818007e-09
2.433116028678893162e-09
2.309256319312359888e-09
2.192192258763693160e-09
2.081680584417147667e-09
1.977422517449047823e-09
1.879068698302265357e-09
1.786238259429646901e-09
1.698546439383988004e-09
1.615632571137313377e-09
1.537179623591599632e-09
1.462920105592351381e-09
1.392627899046252617e-09
1.326100782636045488e-09
1.263143017629125265e-09
1.203555109608421446e-09
1.147133157459989068e-09
1.093675501158007263e-09
1.042991458229496851e-09
9.949065821563373265e-10
9.492623655808550944e-10
9.059122794719951575e-10
8.647178533400500808e-10
8.255476820029446609e-10
7.882782066858385058e-10
7.527940908109417789e-10
7.189876496510788718e-10
6.867582134168786961e-10
6.560120668461161551e-10
6.266625720391418206e-10
5.986294344709647439e-10
5.718376223010017161e-10
5.462169988933330257e-10
5.217027934424020624e-10
4.982354732634313249e-10
4.757597550828975218e-10
4.542240442074768448e-10
4.335806451552402372e-10
4.137856663766915295e-10
3.947984048046318298e-10
3.765810037670652590e-10
3.590984378825719628e-10
3.423182867224598761e-10
3.262104067099209289e-10
3.107467642674952232e-10
2.959012861586525821e-10
2.816496563878652604e-10
2.679691389254910411e-10
2.548384363037300945e-10
2.422375494653721573e-10
2.301476432997421730e-10
2.185509321289801330e-10
2.074305749926891487e-10
1.967705770573343437e-10
1.865556986256503716e-10
1.767713718967213478e-10
1.674036264923650919e-10
1.584390227607533196e-10
1.498645925918121091e-10
1.416677866628681780e-10
1.338364283940381407e-10
1.263586746361066610e-10
1.192229819053917139e-10
1.124180774700606789e-10
1.059329346685410875e-10
9.975675241809279147e-11
9.387893887295980950e-11
8.828909851118600809e-11
8.297702216992327413e-11
7.793267977994026124e-11
7.314621545215470079e-11
6.860794489500510438e-11
6.430835455703371438e-11
6.023810220232088788e-11
5.638801882849123332e-11
5.274911145287614053e-11
4.931256677940166223e-11
4.606975557109083576e-11
4.301223628101927818e-11
4.013176106937491743e-11
3.742028020791793951e-11
3.486994680852684255e-11
3.247312140173152578e-11
3.022237618374810638e-11
2.811049894070797567e-11
2.613049652170847325e-11
2.427559772663807932e-11
2.253925561223219878e-11
2.091514919886531352e-11
1.939718457526308197e-11
1.797949530549489456e-11
1.665644220700191437e-11
1.542261251959986618e-11
1.427281844343075420e-11
1.320209509292482176e-11
1.220569783654977864e-11
1.127909901126062506e-11
1.041798410829759003e-11
9.618247512247322894e-12
8.875987830442534182e-12
8.187502882638189051e-12
7.549284286705900119e-12
6.958011744690382129e-12
6.410547029622717717e-12
5.903927774362569485e-12
5.435361105442133739e-12
5.002217149713125075e-12
4.602022479511073120e-12
4.232453511629726239e-12
3.891329899571357352e-12
3.576608575081940590e-12
3.286375549555157204e-12
3.018840749669313666e-12
2.772331722669862858e-12
2.545287214153728681e-12
2.336251155274612620e-12
2.143866806755986750e-12
1.966871098223341159e-12
1.804089156224256182e-12
1.654429035929692219e-12
1.516876672990990534e-12
1.390491039192921916e-12
1.274399522498354231e-12
1.167793520185358319e-12
1.069924767315117373e-12
9.801000637251642156e-13
8.976782285234109108e-13
8.220669276159711999e-13
7.527189858499817445e-13
6.891292200627231783e-13
6.308314644661780087e-13
5.773957721727818158e-13
5.284257930555939890e-13
4.835567675496968773e-13
4.424521932363496698e-13
4.048020105161900159e-13
3.703212386371397776e-13
3.387477187596276284e-13
3.098403744249827869e-13
2.833775930187354572e-13
2.591563987794085422e-13
2.369890936825941856e-13
2.167037329756936720e-13
1.981425719224932607e-13
1.811608211246299558e-13
1.656260363967078033e-13
1.514162424476013514e-13
1.384192496989877443e-13
1.265325497291776897e-13
1.156622539910144018e-13
1.057228095495119321e-13
9.663453333623706587e-14
8.832509969792404260e-14
8.072852190337329999e-14
7.378431044852805575e-14
6.743635341572730642e-14
6.163380830427730229e-14
5.633074454565237762e-14
5.148374609633873517e-14
4.705388946927326423e-14
4.300596775081380762e-14
3.930660551236740861e-14
3.592628390938953504e-14
3.283756132926896341e-14
3.001514149478424277e-14
2.743663000971315783e-14
2.508042235156554513e-14
2.292805753314441941e-14
2.096131631830957152e-14
1.916483985632013748e-14
1.752337760692709017e-14
1.602409140053807825e-14
1.465433925388264315e-14
1.340313963477363831e-14
1.226032001771752918e-14
1.121635508877112667e-14
1.026294105923365406e-14
9.392223244647710110e-15
8.596990731227181962e-15
7.870768959310940342e-15
7.207751509281555333e-15
6.602421018419272158e-15
6.049788899074069227e-15
5.545334707870385245e-15
5.084925000259845742e-15
4.664779961878187934e-15
4.281443059462050358e-15
3.931753355692443395e-15
3.612820239131469822e-15
3.322000184713174818e-15
3.056875392199721405e-15
2.815284124013027635e-15
2.595215814729920412e-15
2.394763148337388978e-15
2.212271705480496402e-15
2.046259591184017819e-15
