# bin_4_4
1.675564637407511180e-08
1.682706739903146485e-08
1.690105421472273064e-08
1.697764507726491365e-08
1.705689527633759184e-08
1.713891210859976231e-08
1.722380519077373004e-08
1.731163970724280575e-08
1.740246060542146797e-08
1.749627718888753222e-08
1.759311277420514717e-08
1.769314108349171695e-08
1.779660306895320973e-08
1.790378273436168609e-08
1.801485992891014061e-08
1.812985324857633077e-08
1.824875544458153598e-08
1.837159135602708471e-08
1.849842787548675767e-08
1.862928438614486925e-08
1.876417405338412016e-08
1.890336303033622742e-08
1.904730842696670749e-08
1.919643307492304967e-08
1.935075902707200180e-08
1.951015058642956839e-08
1.967442332346815519e-08
1.984350107126518514e-08
2.001767935585573779e-08
2.019765624537133590e-08
2.038394482455418616e-08
2.057632028214077976e-08
2.077417743705917862e-08
2.097728432300533160e-08
2.118635376455328801e-08
2.140237127208349432e-08
2.162516981389782339e-08
2.185366507236281292e-08
2.208770740507228643e-08
2.232870095785741917e-08
2.257723754641922088e-08
2.283193829757132568e-08
2.309248821785079521e-08
2.336070280085823406e-08
2.363662703133247536e-08
2.391873543037128185e-08
2.420809974635028589e-08
2.450542731691853910e-08
2.480873200545140605e-08
2.511912580215921457e-08
2.543745330252761114e-08
2.576174595869148142e-08
2.609355122181948051e-08
2.643215107171319732e-08
2.677727829049764346e-08
2.712976835635303184e-08
2.748864327323765584e-08
2.785490121233299018e-08
2.822773615874599980e-08
2.860781312833826029e-08
2.899465399518161151e-08
2.938867416571699794e-08
2.978976247684032206e-08
3.019813596755963123e-08
3.061398430608659214e-08
3.103742500851620994e-08
3.146842734897021045e-08
3.190695916913331472e-08
3.235302809687985747e-08
3.280555884742482652e-08
3.326420453537020986e-08
3.372870390276974518e-08
3.419833256336783976e-08
3.467234582861748666e-08
3.515009965364819399e-08
3.563093210741838379e-08
3.611420068303036105e-08
3.659939430039696132e-08
3.708612389972646475e-08
3.757447149624682273e-08
3.806471442326599527e-08
3.855623587442946370e-08
3.904945735290344416e-08
3.954453637330215564e-08
4.004097430433018902e-08
4.053822395407975720e-08
4.103529478049893699e-08
4.153108757711833592e-08
4.202436882016065940e-08
4.251286595930848614e-08
4.299589593881512755e-08
4.347306416286035037e-08
4.394383251074137783e-08
4.440762412285581158e-08
4.486409367803762253e-08
4.531133729521361323e-08
4.574871706460272050e-08
4.617610686701709821e-08
4.659298623536779251e-08
4.699946916764299088e-08
4.739382922311295418e-08
4.777508904256576263e-08
4.814155346986704461e-08
4.849156414837969967e-08
4.882241335276646645e-08
4.913320538386614979e-08
4.942421867211141535e-08
4.969538158545521860e-08
4.994564181823461857e-08
5.017495804090071051e-08
5.038280003632270277e-08
5.056644642254395492e-08
5.072440052628662368e-08
5.085520766686419300e-08
5.095690646842887440e-08
5.103037814226127699e-08
5.107474480661453038e-08
5.108982512916297881e-08
5.107510462383426571e-08
5.102919579887058025e-08
5.095166873620746609e-08
5.084060597479082239e-08
5.069534230223693452e-08
5.051528404333642630e-08
5.030081834882364898e-08
5.005251189254253649e-08
4.976985221358812654e-08
4.945215025297040637e-08
4.909864138218799227e-08
4.870894020268355960e-08
4.828370137917335064e-08
4.782388512507546417e-08
4.732993169005488760e-08
4.680198443645800482e-08
4.624021620425235213e-08
4.564505967471904134e-08
4.501752578586209786e-08
4.435909677437072006e-08
4.367100854448307226e-08
4.295411765894789456e-08
4.220939847076328862e-08
4.143829984602177809e-08
4.064276691555552402e-08
3.982471044502366037e-08
3.898565053410965804e-08
3.812722536864003145e-08
3.725151435971246510e-08
3.636079273962339617e-08
3.545727422958191350e-08
3.454297917764908387e-08
3.362002520691882390e-08
3.269086063887600973e-08
3.175790418425274244e-08
3.082333165854228240e-08
2.988934194843643291e-08
2.895828177025973764e-08
2.803240627280939995e-08
2.711378629325621832e-08
2.620439371404921506e-08
2.530623913571882703e-08
2.442112867082182636e-08
2.355067320130194785e-08
2.269637208740486297e-08
2.185959500840438843e-08
2.104147013305235611e-08
2.024292791918084588e-08
1.946476028538479452e-08
1.870752559376864544e-08
1.797157572252375664e-08
1.725710438601125465e-08
1.656410664071785269e-08
1.589240907577887848e-08
1.524170156185704356e-08
1.461153707862369595e-08
1.400137012077336024e-08
1.341057982372077239e-08
1.283849106276484846e-08
1.228441712342572513e-08
1.174768296273099062e-08
1.122764704633818112e-08
1.072373885508837597e-08
1.023547194884295570e-08
9.762458462799173794e-09
9.304421046660874873e-09
8.861195673831493060e-09
8.432723122322244279e-09
8.019047112198965859e-09
7.620299847144939994e-09
7.236672189291608756e-09
6.868398537019560400e-09
6.515713135637327813e-09
6.178811427758078373e-09
5.857809425128741028e-09
5.552698401618463212e-09
5.263323971011467439e-09
4.989369189335098594e-09
4.730350657382698747e-09
4.485634684360892995e-09
4.254456081507532242e-09
4.035960715084700161e-09
3.829248785947926701e-09
3.633431339910443748e-09
3.447680176168149717e-09
3.271270453167754490e-09
3.103608601485657084e-09
2.944241215844465682e-09
2.792845614662213699e-09
2.649199137913177798e-09
2.513136474007896098e-09
2.384499081096584056e-09
2.263089900149924271e-09
2.148641526967816568e-09
2.040804639030955239e-09
1.939160344112723825e-09
1.843252090341728394e-09
1.752629063090294373e-09
1.666886591054675473e-09
1.585691121164997614e-09
1.508783829515613927e-09
1.435962967986592622e-09
1.367053221675580292e-09
1.301874581522125966e-09
1.240223607691714902e-09
1.181873880560432536e-09
1.126592739064891073e-09
1.074163044214525792e-09
1.024397431742420832e-09
9.771387608283329334e-10
9.322489073432797811e-10
8.895950866869720284e-10
8.490428910799491690e-10
8.104588634241776316e-10
7.737177964321917748e-10
7.387075189993074399e-10
7.053276537985083527e-10
6.734851119256082755e-10
6.430909927266576469e-10
6.140610773177331709e-10
5.863175758496462695e-10
5.597893398162830246e-10
5.344105827078630203e-10
5.101199094202189804e-10
4.868602326602284660e-10
4.645788036801597798e-10
4.432268379008548306e-10
4.227590739505822828e-10
4.031335448709715141e-10
3.843113607864498760e-10
3.662564135412889509e-10
3.489351477160527834e-10
3.323163688510129458e-10
3.163710177781662590e-10
3.010719815056981085e-10
2.863939258662249753e-10
2.723131161787388703e-10
2.588072550880585795e-10
2.458553421515348651e-10
2.334375474755688135e-10
2.215350998598467113e-10
2.101301838977292036e-10
1.992058428897845300e-10
1.887458885564143341e-10
1.787348177348852682e-10
1.691577371451783849e-10
1.600002973111432121e-10
1.512486350842507897e-10
1.428893239076630249e-10
1.349093301221559296e-10
1.272959749965690347e-10
1.200369023388528463e-10
1.131200512043514708e-10
1.065336329385903727e-10
1.002661116505142245e-10
9.430618840219474800e-11
8.864278891831763794e-11
8.326505453370773788e-11
7.816233566885626773e-11
7.332418726471606375e-11
6.874036616732785020e-11
6.440083016358909883e-11
6.029573860828606541e-11
5.641545423832764986e-11
5.275054454558527055e-11
4.929178600234540807e-11
4.603016708628929181e-11
4.295689203716025081e-11
4.006338480058563501e-11
3.734129294867679092e-11
3.478249139690003600e-11
3.237908582984377613e-11
3.012341590026917555e-11
2.800805792618697320e-11
2.602582709842531421e-11
2.416977915100201213e-11
2.243321146479738341e-11
2.080966359743560123e-11
1.929291714886653408e-11
1.787699503928719301e-11
1.655616018381284011e-11
1.532491358956765429e-11
1.417799189879457059e-11
1.311036426298051633e-11
1.211722865575496420e-11
1.119400770587120254e-11
1.033634409054445268e-11
9.540095632611683292e-12
8.801329970314668878e-12
8.116318899848494747e-12
7.481532345794475303e-12
6.893632044944503481e-12
6.349465053306505031e-12
5.846057115360725168e-12
5.380605960330279124e-12
4.950474529896955872e-12
4.553184125584126181e-12
4.186408340785905897e-12
3.847963773032498257e-12
3.535805581300642729e-12
3.248020112290592636e-12
2.982818250412591274e-12
2.738528976310440144e-12
2.513593067258552916e-12
2.306556960317249373e-12
2.116066807186886515e-12
1.940862725344693421e-12
1.779773261562653171e-12
1.631710068397432601e-12
1.495662792950408676e-12
1.370694192644008919e-12
1.255936075833707942e-12
1.150583261269903463e-12
1.053890493524108150e-12
9.651685877331231736e-13
8.837803686923195078e-13
8.091370941634836392e-13
7.406950832203088299e-13
6.779525436849827237e-13
6.204465845397639313e-13
5.677509016968111746e-13
5.194720022396928364e-13
4.752471954405517049e-13
4.347428934345695649e-13
3.976520740947292394e-13
3.636922785404709917e-13
3.326037444643160051e-13
3.041483683939917828e-13
2.781060685855541475e-13
2.542750931275737492e-13
2.324702866981592480e-13
2.125216537056974328e-13
1.942735780650134111e-13
1.775828356802573388e-13
1.623176447019804646e-13
1.483575462171629927e-13
1.355921500367856417e-13
1.239208794556275206e-13
1.132501216282942197e-13
1.034948406151897269e-13
9.457737408190262405e-14
8.642664274697226748e-14
7.897668909259187785e-14
7.216767077704174927e-14
6.594557247424129130e-14
6.025938628239291516e-14
5.506327303792909351e-14
5.031585489251752064e-14
4.597792067682964902e-14
4.201465821527228063e-14
3.839390746404776638e-14
3.508585571152530528e-14
3.206421101220323984e-14
2.930360075613007617e-14
2.678217754453984375e-14
2.447871039726013665e-14
2.237494952153261053e-14
2.045309036041170606e-14
1.869802652408488317e-14
1.709483570010607961e-14
1.563069745502013510e-14
1.429354114609180926e-14
1.307225461467496418e-14
1.195711367552689448e-14
1.093878881819362431e-14
1.000888071291588640e-14
9.159794742868119597e-15
8.384728038341418793e-15
7.677132160885430671e-15
7.031204658086439883e-15
6.441641713510488590e-15
5.903594974109441555e-15
5.412632240103633591e-15
4.964701677763461878e-15
4.556099161294251914e-15
4.183438266779298955e-15
3.843622737665629065e-15
3.533821267855021792e-15
3.251445983236979834e-15
2.994246039278345720e-15
2.759944604757342043e-15
2.546560587716304872e-15
