# bin_4_2
1.547119200950750645e-08
1.553332270509953819e-08
1.559771526626314293e-08
1.566449967576601281e-08
1.573374101957800915e-08
1.580547496503787216e-08
1.587973005114657628e-08
1.595652747846046680e-08
1.603591744869320662e-08
1.611794881000741570e-08
1.620265187531327714e-08
1.629004813653050879e-08
1.638018047553219408e-08
1.647323796419387362e-08
1.656946206626396917e-08
1.666911847937712170e-08
1.677231664547988354e-08
1.687904436470755439e-08
1.698923776286371365e-08
1.710281842031408945e-08
1.721976283530571811e-08
1.734017082407192192e-08
1.746442513831476271e-08
1.759298721429151046e-08
1.772606350582056037e-08
1.786350689181176261e-08
1.800496748077126947e-08
1.815028482307273596e-08
1.829979533025903213e-08
1.845421772202881821e-08
1.861394901229176567e-08
1.877854539662207193e-08
1.894732592102866876e-08
1.912041842951428685e-08
1.929882723011800093e-08
1.948299524104725793e-08
1.967196880341394549e-08
1.986506900626532241e-08
2.006336675403824215e-08
2.026769767968944148e-08
2.047681756874352149e-08
2.069029754969644791e-08
2.090985430013723407e-08
2.113515609273345866e-08
2.136455400839987999e-08
2.159934620481035459e-08
2.184001901302937028e-08
2.208516403073737137e-08
2.233590510737676377e-08
2.259191106744299945e-08
2.285242343006615019e-08
2.311844118883316493e-08
2.338881981848461868e-08
2.366422394115148398e-08
2.394420613025580219e-08
2.422897703733612446e-08
2.451846893578463450e-08
2.481278318942865720e-08
2.511187910569903584e-08
2.541588142598831018e-08
2.572467963421411665e-08
2.603841920486605133e-08
2.635705681904147662e-08
2.668061231813883302e-08
2.700904275028570495e-08
2.734257708669367282e-08
2.768047480526256228e-08
2.802207458471275434e-08
2.836711130378873792e-08
2.871505667907417272e-08
2.906521092997205761e-08
2.941703421124777925e-08
2.976992843436586530e-08
3.012325872901500696e-08
3.047641661717601980e-08
3.082891714961653912e-08
3.118039809007488627e-08
3.153127563057791065e-08
3.188103900190943917e-08
3.222957048848265659e-08
3.257723687771676567e-08
3.292391427591215151e-08
3.326923290482140562e-08
3.361272099281951479e-08
3.395334037088657334e-08
3.429042733002889646e-08
3.462215692257039327e-08
3.494693399107452994e-08
3.526426708936353739e-08
3.557361067447586462e-08
3.587445862845323771e-08
3.616669942781442687e-08
3.644964037247061196e-08
3.672199795699300943e-08
3.698360319098825243e-08
3.723397110438380262e-08
3.747291760378743601e-08
3.769999183770786943e-08
3.791408152598744966e-08
3.811454760487526577e-08
3.830003303596795653e-08
3.846896116374876278e-08
3.861904221242284342e-08
3.874992074705276535e-08
3.886218819241643920e-08
3.895552020914214321e-08
3.902959054488460964e-08
3.908485005083336620e-08
3.912018477127306446e-08
3.913360331128341109e-08
3.912443577590937391e-08
3.909098303447891318e-08
3.903262387377267736e-08
3.895028981573759863e-08
3.884308887017184331e-08
3.871188674958929717e-08
3.855570272727148385e-08
3.837455675587698392e-08
3.816743790150951780e-08
3.793369451425259753e-08
3.767262638432999894e-08
3.738486741050714030e-08
3.707083783899363103e-08
3.673141360394612729e-08
3.636661999226997266e-08
3.597609446004920402e-08
3.555972242687935938e-08
3.511773631511035725e-08
3.465114752240630059e-08
3.416128123081825578e-08
3.364892679920307657e-08
3.311451695540332882e-08
3.255861654130744674e-08
3.198206794047822381e-08
3.138623765430296154e-08
3.077280296264668785e-08
3.014308982624409114e-08
2.949808338101973927e-08
2.883896796592014958e-08
2.816733203011925082e-08
2.748510702429892545e-08
2.679403065019197431e-08
2.609549275766061277e-08
2.539101698814445139e-08
2.468247040947735238e-08
2.397175678465666958e-08
2.326064613462783878e-08
2.255065168073175842e-08
2.184342340713295883e-08
2.114076063196052209e-08
2.044433016321914639e-08
1.975551320883408912e-08
1.907569407925869593e-08
1.840630748599255321e-08
1.774859689157630816e-08
1.710358618697558393e-08
1.647221126153592257e-08
1.585536511817228880e-08
1.525370322707042538e-08
1.466770012818448671e-08
1.409773767335755373e-08
1.354407318368119614e-08
1.300673661443680376e-08
1.248567284712105003e-08
1.198071353233623339e-08
1.149156068116030330e-08
1.101781941660172347e-08
1.055906115153125947e-08
1.011477348071402644e-08
9.684443343414860577e-09
9.267547579335096391e-09
8.863582335238153851e-09
8.472093154832017345e-09
8.092673556503667270e-09
7.724995425503104783e-09
7.368817156609289848e-09
7.023980760576828661e-09
6.690426454236283219e-09
6.368179243745523188e-09
6.057335215203028976e-09
5.758045576391198077e-09
5.470489392967523030e-09
5.194840659017952013e-09
4.931244015629724557e-09
4.679784241045022361e-09
4.440452603214227722e-09
4.213134202633784432e-09
3.997588779800166802e-09
3.793451824421403838e-09
3.600251629219525183e-09
3.417426455096925594e-09
3.244360308882956780e-09
3.080417762515918582e-09
2.924978567591968881e-09
2.777473377455432880e-09
2.637402419925423917e-09
2.504351133229049044e-09
2.377987110608031232e-09
2.258047256188969919e-09
2.144315954701199788e-09
2.036597401022188211e-09
1.934692064287539890e-09
1.838377421517562198e-09
1.747402202418542999e-09
1.661487938219879139e-09
1.580339483520333143e-09
1.503658461440377584e-09
1.431156395916114126e-09
1.362564783427748458e-09
1.297639719180648933e-09
1.236162182160696254e-09
1.177935573557993620e-09
1.122781309774801493e-09
1.070534281494757205e-09
1.021036920051531028e-09
9.741333910594610254e-10
9.296666669488640839e-10
8.874795648442722336e-10
8.474201950238936248e-10
8.093488304110840124e-10
7.731420484084208651e-10
7.386914862382429078e-10
7.058979025548980394e-10
6.746651114331185769e-10
6.448979091293538502e-10
6.165045758097037353e-10
5.894006082363333499e-10
5.635100518551022086e-10
5.387638637981525408e-10
5.150975303600969168e-10
4.924500784661478594e-10
4.707645395237235640e-10
4.499883712428306933e-10
4.300731874220312245e-10
4.109742468877947654e-10
3.926500986379655040e-10
3.750623704262493812e-10
3.581756176834243195e-10
3.419570884015360102e-10
3.263764548457974979e-10
3.114056206125857073e-10
2.970185975503826215e-10
2.831913172309642697e-10
2.699014086506728892e-10
2.571280499601511624e-10
2.448518525416610223e-10
2.330547161887211995e-10
2.217196913034799980e-10
2.108308643802649750e-10
2.003732516112776044e-10
1.903326989271940610e-10
1.806957902902003363e-10
1.714497668306506293e-10
1.625824530973409956e-10
1.540821878786141619e-10
1.459377615518360542e-10
1.381383599203331341e-10
1.306735144233321922e-10
1.235330588944115586e-10
1.167070927233425413e-10
1.101859487256869439e-10
1.039601655497817495e-10
9.802046461248316799e-11
9.235773078032762894e-11
8.696299702166827484e-11
8.182743203977921337e-11
7.694233095841816329e-11
7.229910896996103412e-11
6.788929711956130512e-11
6.370454036237814000e-11
5.973659740833268049e-11
5.597734232972415771e-11
5.241876757578553908e-11
4.905298775607451927e-11
4.587224426599792554e-11
4.286891069110975130e-11
4.003549887878577157e-11
3.736466526933470447e-11
3.484921726626600272e-11
3.248211954865954521e-11
3.025650035141708153e-11
2.816565779832925885e-11
2.620306464725495659e-11
2.436237453431502659e-11
2.263742634690842005e-11
2.102224839632742259e-11
1.951106198310623651e-11
1.809828423392996555e-11
1.677853027204402298e-11
1.554661466298959802e-11
1.439755214161575124e-11
1.332655769898370441e-11
1.232904593541804288e-11
1.140062969946137202e-11
1.053711813299224287e-11
9.734514111294435390e-12
8.989011154349267740e-12
8.296989776085194363e-12
7.655013334927125812e-12
7.059823475634705306e-12
6.508335216517277948e-12
5.997631770119996253e-12
5.524959082280921894e-12
5.087720138510397617e-12
4.683469097068132152e-12
4.309905312232905359e-12
3.964867294153778543e-12
3.646326657223828832e-12
3.352382044783829623e-12
3.081253106866392938e-12
2.831274532715643585e-12
2.600890189992164267e-12
2.388647395089363573e-12
2.193191775161490134e-12
2.013260699491498237e-12
1.847678500456309259e-12
1.695351890060635652e-12
1.555264712156360651e-12
1.426473229828446221e-12
1.308101622622896560e-12
1.199337680958078845e-12
1.099428703881795186e-12
1.007677606235054643e-12
9.234392151283061157e-13
8.461167695460834745e-13
7.751586082936218030e-13
7.100550451333128309e-13
6.503359213274362241e-13
5.955666127340392222e-13
5.453460934464298250e-13
4.993048869469009146e-13
4.571024654075117307e-13
4.184251181369471601e-13
3.829839558882938319e-13
3.505130512741862403e-13
3.207677044044872955e-13
2.935232964691743369e-13
2.685726447546362965e-13
2.457251648770306050e-13
2.248060196194365488e-13
2.056545876260745986e-13
1.881233481417149496e-13
1.720768493953347426e-13
1.573914549277079745e-13
1.439523477557124099e-13
1.316547726171225778e-13
1.204026893443388314e-13
1.101080157311566464e-13
1.006904563453138060e-13
9.207572510787457393e-14
8.419565484967914983e-14
7.698804508761592867e-14
7.039607150095409156e-14
6.436789101779609836e-14
5.885505965784458979e-14
5.381376764149031288e-14
4.920423967556462154e-14
4.498973540220267920e-14
4.113621065494038441e-14
3.761301163081653325e-14
3.439236973725585429e-14
3.144786467895391417e-14
2.875608694931726415e-14
2.629570967127577735e-14
2.404642357927610900e-14
2.199060724163754340e-14
2.011144089829659835e-14
1.839375261164787588e-14
1.682396666276137301e-14
1.538899479135429505e-14
1.407777913909411702e-14
1.287918175359698016e-14
1.178404877635955176e-14
1.078307770009037871e-14
9.868507117033165548e-15
9.032765831699680701e-15
8.269065308577576640e-15
7.571467443678569250e-15
6.934038484211012519e-15
6.351716513786051568e-15
5.819924324733198686e-15
5.334157315204569357e-15
4.890496776413870547e-15
4.485361514368810795e-15
4.115572591715270226e-15
3.777990994078433266e-15
3.469873351231940711e-15
3.188709255166645916e-15
2.932201319443326850e-15
2.698246893726090791e-15
2.484921326318465351e-15
2.290462633250308550e-15
2.113257540941561891e-15
1.951866924965796632e-15
1.804955010447273640e-15
1.671236211076364820e-15
1.549575790036448328e-15
1.439051910366605194e-15
1.338610770953084324e-15
1.247456851599885583e-15
