# bin_3_3
1.571831400157231123e-08
1.578343862403721079e-08
1.585084029050937749e-08
1.592055466567233488e-08
1.599259810450797447e-08
1.606701313207588379e-08
1.614393040813714425e-08
1.622350910736448585e-08
1.630593662911719452e-08
1.639139000733087121e-08
1.647992248214612649e-08
1.657155263463728231e-08
1.666628487612243070e-08
1.676416021771545773e-08
1.686523208046099338e-08
1.696952449882889892e-08
1.707704972994594552e-08
1.718794673292503689e-08
1.730253039353688915e-08
1.742116014480698813e-08
1.754402285941287826e-08
1.767108287183630158e-08
1.780222323300255218e-08
1.793734133205007734e-08
1.807640354535148116e-08
1.821969004378501651e-08
1.836775485610090191e-08
1.852105624138534714e-08
1.867949638851581559e-08
1.884263410912792106e-08
1.901017861511809899e-08
1.918246148701723073e-08
1.936034523335297795e-08
1.954422036854387338e-08
1.973341842140247095e-08
1.992719756502622185e-08
2.012605601483860343e-08
2.033119095354165224e-08
2.054243896131662459e-08
2.075850744957598072e-08
2.097966543807418307e-08
2.120746149625337718e-08
2.144141403044708187e-08
2.168031296553798156e-08
2.192550998628846547e-08
2.217747046534041443e-08
2.243432794588326642e-08
2.269697660285440558e-08
2.296646418413811135e-08
2.324103399790266077e-08
2.352172054073646045e-08
2.380838705854122776e-08
2.410011933219095848e-08
2.439803049291835718e-08
2.470096535765604494e-08
2.500977704228963397e-08
2.532389746259831167e-08
2.564376475633595681e-08
2.596909665247125933e-08
2.630018335973177855e-08
2.663682624270396980e-08
2.697927844968627670e-08
2.732746574842786965e-08
2.768154440109146119e-08
2.804164592552063801e-08
2.840763040569318635e-08
2.877965488605803734e-08
2.915738496997676955e-08
2.953985500961166857e-08
2.992683013208760090e-08
3.031798700898532523e-08
3.071259125336662976e-08
3.111000314260524569e-08
3.150957963890464074e-08
3.191066489066581047e-08
3.231263273472479060e-08
3.271502165984216873e-08
3.311740513790239483e-08
3.352001731978944807e-08
3.392279267663303825e-08
3.432533328670858400e-08
3.472807839407385660e-08
3.513108687501293333e-08
3.553394926428828806e-08
3.593607924206577085e-08
3.633662112917416362e-08
3.673454209726872142e-08
3.712851248991500033e-08
3.751645174774518586e-08
3.789786390970893077e-08
3.827231569051647014e-08
3.863931345888755368e-08
3.899846642053017214e-08
3.934934973706090534e-08
3.969025649817464805e-08
4.002081787597934802e-08
4.034083888811545308e-08
4.064994526482969729e-08
4.094809540556254256e-08
4.123378419952511681e-08
4.150630905422141499e-08
4.176412785823814105e-08
4.200574330315396520e-08
4.222860435368627011e-08
4.243214261095626018e-08
4.261678165810749275e-08
4.278236107887839288e-08
4.292817814185390750e-08
4.305446105561040064e-08
4.316055638997092083e-08
4.324414398936539502e-08
4.330416810113776791e-08
4.333911422469414891e-08
4.334754499356063318e-08
4.333052627285280471e-08
4.328718865881248166e-08
4.321791491208648975e-08
4.312204869681134571e-08
4.299884747726334221e-08
4.284777798393514961e-08
4.266752720785636638e-08
4.245748563542235228e-08
4.221759577715276337e-08
4.194828615442580394e-08
4.165040469601312249e-08
4.132371392008823977e-08
4.096774482712645978e-08
4.058211312495819671e-08
4.016673051395750823e-08
3.972243562545432920e-08
3.925040423755610139e-08
3.875130567987213529e-08
3.822546530313615033e-08
3.767326536345985014e-08
3.709534133252888445e-08
3.649288066724534971e-08
3.586747174634808047e-08
3.522041025127549891e-08
3.455264983120126856e-08
3.386524937720522100e-08
3.315969623323311889e-08
3.243791187757542383e-08
3.170172935713911843e-08
3.095258681964083448e-08
3.019203538320089945e-08
2.942199657541291582e-08
2.864453309097703229e-08
2.786159990245860722e-08
2.707493456243790200e-08
2.628634537904581657e-08
2.549790151924060266e-08
2.471160184581024036e-08
2.392915378514188219e-08
2.315228175546274454e-08
2.238279678675818908e-08
2.162238043911367084e-08
2.087250504382303829e-08
2.013453431960192736e-08
1.940983691009881555e-08
1.869956128082932778e-08
1.800466100744050869e-08
1.732598457993424690e-08
1.666425303744631490e-08
1.601996105077128191e-08
1.539344456532140941e-08
1.478493085515085699e-08
1.419445922187719215e-08
1.362191851279113881e-08
1.306710350864912494e-08
1.252967748718344534e-08
1.200921529122113482e-08
1.150523019226079401e-08
1.101718225654032819e-08
1.054451663651661694e-08
1.008667844494428417e-08
9.643134385977990491e-09
9.213406025763024802e-09
8.797074355339430011e-09
8.393795745963908682e-09
8.003317418791138929e-09
7.625474357951899271e-09
7.260188619410678879e-09
6.907469358011017721e-09
6.567397887511404582e-09
6.240108342700110170e-09
5.925774844214725054e-09
5.624574854249232640e-09
5.336657876493337904e-09
5.062111889724347385e-09
4.800929129266558324e-09
4.552988591451610299e-09
4.318041514677256395e-09
4.095704124474373356e-09
3.885471073038668488e-09
3.686730178863921735e-09
3.498794571953550758e-09
3.320940093250537841e-09
3.152444708089275253e-09
2.992630976994114634e-09
2.840896959196944198e-09
2.696740655328857292e-09
2.559766130294762987e-09
2.429677032821612366e-09
2.306253524924735931e-09
2.189319880098764463e-09
2.078708509503684530e-09
1.974227754525305597e-09
1.875638758995478280e-09
1.782647739962538959e-09
1.694914298008715722e-09
1.612074861870945167e-09
1.533771581361917905e-09
1.459678754401250696e-09
1.389519431274408756e-09
1.323067512861659799e-09
1.260136209414593553e-09
1.200558107998451112e-09
1.144165247753874515e-09
1.090778285780147063e-09
1.040207894064917502e-09
9.922650713097070004e-10
9.467733607771228523e-10
9.035762347307398640e-10
8.625364194361212930e-10
8.235293515866177677e-10
7.864362026744603680e-10
7.511409276483865852e-10
7.175321917873581548e-10
6.855064199435113395e-10
6.549685836777985961e-10
6.258307825493903548e-10
5.980108187517444600e-10
5.714320622218175019e-10
5.460238417301727277e-10
5.217208552672613499e-10
4.984620536160272704e-10
4.761902934720422684e-10
4.548528972325287389e-10
4.344016450475537928e-10
4.147918642947992732e-10
3.959818431603664584e-10
3.779329759062782325e-10
3.606097323447494757e-10
3.439791937334345053e-10
3.280107534275732793e-10
3.126760522513382817e-10
2.979487848491702383e-10
2.838044604596031658e-10
2.702202645164073788e-10
2.571749130469650805e-10
2.446484853060463844e-10
2.326222865557822998e-10
2.210787303516872671e-10
2.100012252768071012e-10
1.993740709546636360e-10
1.891823661549053591e-10
1.794119234269395886e-10
1.700491899485233432e-10
1.610811745847603869e-10
1.524953818500225389e-10
1.442797541786554172e-10
1.364226213772296825e-10
1.289126566336002180e-10
1.217388378788648268e-10
1.148904145346552814e-10
1.083568796500278410e-10
1.021279464418587810e-10
9.619352870667895760e-11
9.054372464462394125e-11
8.516880410015299560e-11
8.005919917633226477e-11
7.520549757087494803e-11
7.059843818150029018e-11
6.622890875481236762e-11
6.208794527144057024e-11
5.816673304625489194e-11
5.445660903414474176e-11
5.094906508012181178e-11
4.763575204312436976e-11
4.450848439691634248e-11
4.155924532381890198e-11
3.878019218340392825e-11
3.616366094197826370e-11
3.370217269619519003e-11
3.138843836156790049e-11
2.921536346949325511e-11
2.717605262415418057e-11
2.526381348106493707e-11
2.347216026963950913e-11
2.179481676727083645e-11
2.022571859865330268e-11
1.875901488281403198e-11
1.738906923581312700e-11
1.611046014415900192e-11
1.491798064388369507e-11
1.380663738549102379e-11
1.277164910939630354e-11
1.180844450558568521e-11
1.091265950071190018e-11
1.008013396997759808e-11
9.306907899414947403e-12
8.589217112255677562e-12
7.923488628166707707e-12
7.306335667778351839e-12
6.734552361354759118e-12
6.205108112349620466e-12
5.715141743339510225e-12
5.261955435086173597e-12
4.843008555290881812e-12
4.455911404507754013e-12
4.098418893858532101e-12
3.768424214272947562e-12
3.463952514241780881e-12
3.183154626707525822e-12
2.924301497693739296e-12
2.685776425165546233e-12
2.466070367742031374e-12
2.263776155864147987e-12
2.077582600294027574e-12
1.906269028578717309e-12
1.748699994807281627e-12
1.603820195925370745e-12
1.470649584801313723e-12
1.348278689893523677e-12
1.235864153019939198e-12
1.132624466393238266e-12
1.037835925321427945e-12
9.508287837782486655e-13
8.709841316898647537e-13
7.977291587561183433e-13
7.305346267120536017e-13
6.689121971514132061e-13
6.124112266663248629e-13
5.606160629664798198e-13
5.131435132584474579e-13
4.696404690446838749e-13
4.297816868028820551e-13
3.932681634765567377e-13
3.598241681952609540e-13
3.291957701229183045e-13
3.011497969660254285e-13
2.754718841317485313e-13
2.519650222984239204e-13
2.304482084606088518e-13
2.107558695720869852e-13
1.927347461057282064e-13
1.762445834879767628e-13
1.611567865594788115e-13
1.473533679803204298e-13
1.347265159696841574e-13
1.231768884587987924e-13
1.126130843918732426e-13
1.029516806408461445e-13
9.411630553190661521e-14
8.603747668972221067e-14
7.865025828314127775e-14
7.189584557103830834e-14
6.572064664558261728e-14
6.007553334315547595e-14
5.491480886955593129e-14
5.019717008720931297e-14
4.588542074075076988e-14
4.194415172140473357e-14
3.834176589116560803e-14
3.504976043515694794e-14
3.204090383695168660e-14
2.929129307350314488e-14
2.677862893669492962e-14
2.448232229135333209e-14
2.238428032813694333e-14
2.046684382867564649e-14
1.871515032354948630e-14
1.711428455134407311e-14
1.565189689244462862e-14
1.431549996154184285e-14
1.309476952238434360e-14
1.197937008940794532e-14
1.096042077466493979e-14
1.002966863976786090e-14
9.179344425441865223e-15
8.402742478204159027e-15
7.693470664499900678e-15
7.045654231769163010e-15
6.454036973713408887e-15
5.913922916000471985e-15
5.420811958354879752e-15
4.970643610643659999e-15
4.559744164270118531e-15
4.184753298704387675e-15
3.842597127632799888e-15
3.530463698189220581e-15
3.245780639944049588e-15
2.986194766959951784e-15
2.749553291495073720e-15
2.533886530189234395e-15
2.337440563621432309e-15
2.158578004801190118e-15
1.995734308443141393e-15
1.847565461741978618e-15
1.712871849206021583e-15
