# bin_3_2
1.464355833850270992e-08
1.470193251996206175e-08
1.476242867731176535e-08
1.482517058024216260e-08
1.489021905096794277e-08
1.495760671441265209e-08
1.502735882509852066e-08
1.509949247730470003e-08
1.517405325013460083e-08
1.525108588536130989e-08
1.533061777569729533e-08
1.541266874058184387e-08
1.549727793572607357e-08
1.558462362853795882e-08
1.567493337912530482e-08
1.576845786729363066e-08
1.586529814909878841e-08
1.596543958315582558e-08
1.606881852110986748e-08
1.617535923976001732e-08
1.628503853888103965e-08
1.639795098650669890e-08
1.651446046633745589e-08
1.663500620436632420e-08
1.675978016416615067e-08
1.688863429852123014e-08
1.702122735132029559e-08
1.715740833026415186e-08
1.729750722727749717e-08
1.744221159532645558e-08
1.759188831739895879e-08
1.774609668121676144e-08
1.790417980007614739e-08
1.806626933519474762e-08
1.823333653049987132e-08
1.840579359545282594e-08
1.858269965965941426e-08
1.876340205689347568e-08
1.894894833271406500e-08
1.914013318537114620e-08
1.933573890903371860e-08
1.953534555331203716e-08
1.974059289649832822e-08
1.995113732976719635e-08
2.016538856605149225e-08
2.038461574658299894e-08
2.060928516611450753e-08
2.083803908844856694e-08
2.107198212648828622e-08
2.131079533615851036e-08
2.155370862878058679e-08
2.180168072124987428e-08
2.205360439996940071e-08
2.231008047720300831e-08
2.257067459951900729e-08
2.283556282858767934e-08
2.310468713473428862e-08
2.337815628813549485e-08
2.365593175128502255e-08
2.393815755172117304e-08
2.422474227685636901e-08
2.451580736845191785e-08
2.481132709926659818e-08
2.511130535748632490e-08
2.541566990680663408e-08
2.572462025641823924e-08
2.603741346986454762e-08
2.635345578503423229e-08
2.667253934905046738e-08
2.699419215821603852e-08
2.731771560142638248e-08
2.764255613095866434e-08
2.796809460711843817e-08
2.829370080650311103e-08
2.861877758854864886e-08
2.894288578772898058e-08
2.926564469404695951e-08
2.958743071485660931e-08
2.990775124104212679e-08
3.022657603451360196e-08
3.054434789403520934e-08
3.086096123752890819e-08
3.117602703725562522e-08
3.148910118677832269e-08
3.179918310117279937e-08
3.210559352301006448e-08
3.240653179039458674e-08
3.270048737698882948e-08
3.298705274970639947e-08
3.326575447619137728e-08
3.353616385353406973e-08
3.379815602982668968e-08
3.405099301483355139e-08
3.429337740570012075e-08
3.452520592365265149e-08
3.474614671561424276e-08
3.495610379239067503e-08
3.515465634878033040e-08
3.534070468815361106e-08
3.551369320635287057e-08
3.567229745185787388e-08
3.581498348176746340e-08
3.593959645385076145e-08
3.604591335770762459e-08
3.613451684957467165e-08
3.620505900373233278e-08
3.625730131627367685e-08
3.629172452171248343e-08
3.630733037991084835e-08
3.630232831326953230e-08
3.627610344701232365e-08
3.622695139132279444e-08
3.615424809598914218e-08
3.605904191803038398e-08
3.594056874422100658e-08
3.579974149599387655e-08
3.563560966916711921e-08
3.544823861706847569e-08
3.523674705976186223e-08
3.500061466088414238e-08
3.473916676931375439e-08
3.445301259368483825e-08
3.414263158197935264e-08
3.380902039539514682e-08
3.345225729361129205e-08
3.307198762363003808e-08
3.266815884886749738e-08
3.224107550258863184e-08
3.179172860826319740e-08
3.132141774003153362e-08
3.083099565164617151e-08
3.032093885521260290e-08
2.979177247554162417e-08
2.924432480529276609e-08
2.867994969434216227e-08
2.810027501321865900e-08
2.750657269720198268e-08
2.689982368942725308e-08
2.628112952786968896e-08
2.565198486347047379e-08
2.501423078811452531e-08
2.436951758083271404e-08
2.371912054861005538e-08
2.306445535960413204e-08
2.240722790932220466e-08
2.174920616694469602e-08
2.109200266800015445e-08
2.043697801283953641e-08
1.978559991360585959e-08
1.913948163185450190e-08
1.850011462890881795e-08
1.786868716954490948e-08
1.724640036616203924e-08
1.663448702912031608e-08
1.603401213453485880e-08
1.544581955876453712e-08
1.487066566405127049e-08
1.430928134915146205e-08
1.376216925106043853e-08
1.322966832249498501e-08
1.271204022546332366e-08
1.220943133501165244e-08
1.172180330385756424e-08
1.124902429341872422e-08
1.079089864576307380e-08
1.034710661231996436e-08
9.917259929392073571e-09
9.500951134188980578e-09
9.097717709509795218e-09
8.707097966923854376e-09
8.328644924587348766e-09
7.961934705241315260e-09
7.606597045724332847e-09
7.262314706405766246e-09
6.928842912927044533e-09
6.606015527182424357e-09
6.293738697765107934e-09
5.992000332557899304e-09
5.700853720643333355e-09
5.420402597337779602e-09
5.150784878940868530e-09
4.892146727409343959e-09
4.644613824436378291e-09
4.408270275801747500e-09
4.183133522072200110e-09
3.969128386252848237e-09
3.766080839427686044e-09
3.573706183417370142e-09
3.391614958695643092e-09
3.219333001637138510e-09
3.056318636619885441e-09
2.901995977901123896e-09
2.755785878389786545e-09
2.617134735115358751e-09
2.485544570341780245e-09
2.360585628923657063e-09
2.241906305254982711e-09
2.129225613655741865e-09
2.022318254364412495e-09
1.920993224289287861e-09
1.825069343198450943e-09
1.734356498543514146e-09
1.648640990100914661e-09
1.567683412822274902e-09
1.491222684387209106e-09
1.418987829996545827e-09
1.350710513979357456e-09
1.286135998214132395e-09
1.225029856897852316e-09
1.167179574453184982e-09
1.112392762829610354e-09
1.060493707623745546e-09
1.011319495986114788e-09
9.647171272130258459e-10
9.205405264151820228e-10
8.786479160234292932e-10
8.389003411294122801e-10
8.011620430101001588e-10
7.653033198183508662e-10
7.312042346321665992e-10
6.987565245446767805e-10
6.678623474694164147e-10
6.384308035526045392e-10
6.103748072663265379e-10
5.836104985983512078e-10
5.580589122004597011e-10
5.336476986096662482e-10
5.103111456595607350e-10
4.879885873542769892e-10
4.666229194620551529e-10
4.461604740667864490e-10
4.265516087161377552e-10
4.077508311175610111e-10
3.897162871809616902e-10
3.724091764571288536e-10
3.557934785156858726e-10
3.398358411254910112e-10
3.245055052465628779e-10
3.097741175035596124e-10
2.956154411024273528e-10
2.820051470697425577e-10
2.689207032624047341e-10
2.563412307955897734e-10
2.442473209318615216e-10
2.326208899480955317e-10
2.214450674839733960e-10
2.107040740101323094e-10
2.003831024067857936e-10
1.904682174692949888e-10
1.809462616036501863e-10
1.718047669095150580e-10
1.630318773242024770e-10
1.546162784352814264e-10
1.465471322771506376e-10
1.388140177468407946e-10
1.314068774613730295e-10
1.243159711462211022e-10
1.175318347495336005e-10
1.110452442219385051e-10
1.048471847728360045e-10
9.892882491181312599e-11
9.328149486940780445e-11
8.789666885873352423e-11
8.276595014055948343e-11
7.788105965480690441e-11
7.323382779955626436e-11
6.881618880960864464e-11
6.462017739345538368e-11
6.063792710598512251e-11
5.686167070303400437e-11
5.328374223317134263e-11
4.989658039200839530e-11
4.669273275115496211e-11
4.366486071390894406e-11
4.080574522330465572e-11
3.810829307188085937e-11
3.556554342018730314e-11
3.317067433943878104e-11
3.091700934614715646e-11
2.879802380457802775e-11
2.680735119669788364e-11
2.493878916540661102e-11
2.318630391680456360e-11
2.154403609086636308e-11
2.000630467391732151e-11
1.856761068523531143e-11
1.722264018931388502e-11
1.596626656460165633e-11
1.479355211674072045e-11
1.369974898214980012e-11
1.268029932503076483e-11
1.173083490545601224e-11
1.084717595618648372e-11
1.002532938780080991e-11
9.261486465317257944e-12
8.552019925509935140e-12
7.893480596015941882e-12
7.282593521673260508e-12
6.716253663187101006e-12
6.191521253228630698e-12
5.705616853603962392e-12
5.255916183052791780e-12
4.839944717478512904e-12
4.455372116506478615e-12
4.100006528886677370e-12
3.771788833808999101e-12
3.468786849324241104e-12
3.189189559983871082e-12
2.931301353211179975e-12
2.693536336047791698e-12
2.474412732220866809e-12
2.272547400676924707e-12
2.086650495651328641e-12
1.915520727323204923e-12
1.758039198672950056e-12
1.613165038317885377e-12
1.479931224894207554e-12
1.357439748811919615e-12
1.244857303838560375e-12
1.141411180475934799e-12
1.046385349172928529e-12
9.591167377147139448e-13
8.789917070023630240e-13
8.054427053245062618e-13
7.379451124093470903e-13
6.760142591030922419e-13
6.192026208952291274e-13
5.670976736600361183e-13
5.193181936517823188e-13
4.755125986243901058e-13
4.353571581849866898e-13
3.985536439269083929e-13
3.648274334231671513e-13
3.339257372784256930e-13
3.056159491753465181e-13
2.796841088335627051e-13
2.559339398594835754e-13
2.341843805513715270e-13
2.142689105370498517e-13
1.960348479877036243e-13
1.793419624743988692e-13
1.640614925667435173e-13
1.500752379952500620e-13
1.372754193616162318e-13
1.255617948827240587e-13
1.148429982607998602e-13
1.050352843916873908e-13
9.606185881238250623e-14
8.785278505486624425e-14
8.034328246404844105e-14
7.347390519028665359e-14
6.719044944095392527e-14
6.144342282819183487e-14
5.618770077015999415e-14
5.138100100864632643e-14
4.698515737265321348e-14
4.296556433818054515e-14
3.929021588881884136e-14
3.592940624152249927e-14
3.285645273885196398e-14
3.004722007614485959e-14
2.747861821522536526e-14
2.513028387126684778e-14
2.298367620400147275e-14
2.102103946826648032e-14
1.922708547025562232e-14
1.758713013523183109e-14
1.608795604439403367e-14
1.471777148199511744e-14
1.346512491598844871e-14
1.232044690074244415e-14
1.127396917605997801e-14
1.031777933194471047e-14
9.443719512131042693e-15
8.645065182358031422e-15
7.915199205918006762e-15
7.248201744223174157e-15
6.638926399044651422e-15
6.082168044783394910e-15
5.573525490175650619e-15
5.109025616062725913e-15
4.684718934088055811e-15
4.297191379313160569e-15
3.943322222214882342e-15
3.620353200473912098e-15
3.325531347583858258e-15
3.056464351020727218e-15
2.810962191290848426e-15
2.587019831361431937e-15
2.382801458796619628e-15
2.196626159153289026e-15
2.026954861360528134e-15
1.872378403915101446e-15
1.731644047615934679e-15
1.603585584645906665e-15
1.487074488413996830e-15
1.381117525852545941e-15
1.284918587127814873e-15
1.197543791384408328e-15
1.118304422821352193e-15
