# bin_4_1
1.299695593600631810e-08
1.304512934641775809e-08
1.309497544548057837e-08
1.314650118588804068e-08
1.319972817950877428e-08
1.325472558535856281e-08
1.331156303214259915e-08
1.337026639207200703e-08
1.343084111450220521e-08
1.349325937671223740e-08
1.355750649001829199e-08
1.362371000559186532e-08
1.369206050445024878e-08
1.376278630703289662e-08
1.383601504326534984e-08
1.391171932638365087e-08
1.398984734199949259e-08
1.407037732573876611e-08
1.415332468109321084e-08
1.423865610249346536e-08
1.432633002227575851e-08
1.441654524170585416e-08
1.450968094496766371e-08
1.460608118544166884e-08
1.470570736907852012e-08
1.480836842031022644e-08
1.491382586570111753e-08
1.502194352775975516e-08
1.513293417362536548e-08
1.524738759078070674e-08
1.536571660818559644e-08
1.548764071476038859e-08
1.561251959283463857e-08
1.574004813002357029e-08
1.587079512151201917e-08
1.600559848310462150e-08
1.614423631106388122e-08
1.628562516086300879e-08
1.642952444340823442e-08
1.657712031224674359e-08
1.672887654543857866e-08
1.688345305141977879e-08
1.704045132730234581e-08
1.720141787699754531e-08
1.736632532706823577e-08
1.753373130786426954e-08
1.770447833031109008e-08
1.787906733949995951e-08
1.805559777039502441e-08
1.823491808817862905e-08
1.841767249326295773e-08
1.860199478098490285e-08
1.878908349761754333e-08
1.897821094667708629e-08
1.916905771155845078e-08
1.936223358567472067e-08
1.955679606732938721e-08
1.975351495309014441e-08
1.995158233718921294e-08
2.015146064766487742e-08
2.035260077562674818e-08
2.055524898472787128e-08
2.075920514257168237e-08
2.096455287462594110e-08
2.117140828295204009e-08
2.137977883531400050e-08
2.158956311014716168e-08
2.180067417048869698e-08
2.201305836453159257e-08
2.222556647756225514e-08
2.243770540871190678e-08
2.264910216028265753e-08
2.285895868748190338e-08
2.306651898187987039e-08
2.327113713717863460e-08
2.347215172425531161e-08
2.366891742240248805e-08
2.386091853310538265e-08
2.404778683368870346e-08
2.422968940751150422e-08
2.440696906484905237e-08
2.457903290931053007e-08
2.474628722087207396e-08
2.490897083828324111e-08
2.506675024127020980e-08
2.521921601932160411e-08
2.536553880701977448e-08
2.550481518537479138e-08
2.563609150548396902e-08
2.575733668544236907e-08
2.586807964158644837e-08
2.596817935949631609e-08
2.605734351929232844e-08
2.613535005941276151e-08
2.620230709352041526e-08
2.625686427088508165e-08
2.629885120978010875e-08
2.632847023550590085e-08
2.634562936049871193e-08
2.635095605328270818e-08
2.634342261826420956e-08
2.632263331908560852e-08
2.628755044516000412e-08
2.623722466107281001e-08
2.616971090165151331e-08
2.608475715230756540e-08
2.598341702604436297e-08
2.586654216360546150e-08
2.573396926692087772e-08
2.558652535071004802e-08
2.542456535982254869e-08
2.524628234647356003e-08
2.505110642363049005e-08
2.483869160432350687e-08
2.460829040878423557e-08
2.436171946470593534e-08
2.409915851749247990e-08
2.382151435008850803e-08
2.352939861805375268e-08
2.322266256586754731e-08
2.290189350776258679e-08
2.256633215987616349e-08
2.221640967871582074e-08
2.185276612711000458e-08
2.147689590167788550e-08
2.109031151765936702e-08
2.069356542525703387e-08
2.028701074644348491e-08
1.987083334290919475e-08
1.944552644517743411e-08
1.901255801741133561e-08
1.857364634549516481e-08
1.812985048202581978e-08
1.768181649753643629e-08
1.723019597904775236e-08
1.677577282911192138e-08
1.631973683301193323e-08
1.586361358588268539e-08
1.540857803799154892e-08
1.495522343009360061e-08
1.450414912425445584e-08
1.405627793418788047e-08
1.361282103930286647e-08
1.317477193566257087e-08
1.274260839476333752e-08
1.231673443378915186e-08
1.189784935866176638e-08
1.148665888104119839e-08
1.108366959907276437e-08
1.068905351513963311e-08
1.030297102890177203e-08
9.925789734496834373e-09
9.557753453825844613e-09
9.198807444548869025e-09
8.848879253748986767e-09
8.508025947992950453e-09
8.176219680454814445e-09
7.853286123124027043e-09
7.539043718318599151e-09
7.233417081422760836e-09
6.936278203549427256e-09
6.647438018975545311e-09
6.366792244968027883e-09
6.094289499524043894e-09
5.829852724074794892e-09
5.573437151125389211e-09
5.325073921424568574e-09
5.084786258171790290e-09
4.852601787710099662e-09
4.628582848207779028e-09
4.412774196746601404e-09
4.205208728604189923e-09
4.005900969830070602e-09
3.814833794029796342e-09
3.631950163321072613e-09
3.457149451584973210e-09
3.290281972510191055e-09
3.131156518349343694e-09
2.979540890381646106e-09
2.835164836457297945e-09
2.697735595106416118e-09
2.566941008876673819e-09
2.442456757540066500e-09
2.323955588602591169e-09
2.211116235676444307e-09
2.103625630349779811e-09
2.001192377957864411e-09
1.903552955720674635e-09
1.810473445162747782e-09
1.721760702706651880e-09
1.637257386496273179e-09
1.556837216057760387e-09
1.480397397650073531e-09
1.407840972848811218e-09
1.339065077139938672e-09
1.273946539423869969e-09
1.212334781962476991e-09
1.154056472908270497e-09
1.098921090654301169e-09
1.046736726977759517e-09
9.973183720262773477e-10
9.504954076623234829e-10
9.061107222617786523e-10
8.640174832974506911e-10
8.240754408750841576e-10
7.861499501127930083e-10
7.501151433783356467e-10
7.158567853400700757e-10
6.832743726491724562e-10
6.522797234613522030e-10
6.227941686128796784e-10
5.947450517565412048e-10
5.680619978153236862e-10
5.426740152942312938e-10
5.185076837711169359e-10
4.954880995720045775e-10
4.735418278666230158e-10
4.525997613102737714e-10
4.325989826799963640e-10
4.134837313494911163e-10
3.952055386030519615e-10
3.777219423789314502e-10
3.609939760382668032e-10
3.449839922562581349e-10
3.296547139017972866e-10
3.149693935966135335e-10
3.008929555361202221e-10
2.873934038919555323e-10
2.744423889053750233e-10
2.620146495403582655e-10
2.500869325160918642e-10
2.386371036914888749e-10
2.276438684145891902e-10
2.170871030303185588e-10
2.069482733041606944e-10
1.972104721754648839e-10
1.878580824911695103e-10
1.788764151344289329e-10
1.702515486450310428e-10
1.619703591608748850e-10
1.540205542277366763e-10
1.463906105752774665e-10
1.390696435125599576e-10
1.320472960337860777e-10
1.253136899489758314e-10
1.188594112761385760e-10
1.126754731903668385e-10
1.067532459266731717e-10
1.010844026726061563e-10
9.566089924656936173e-11
9.047494981759859691e-11
8.551898962801166110e-11
8.078564950656676606e-11
7.626773901991383580e-11
7.195822754148200004e-11
6.785022845509845502e-11
6.393698720744357233e-11
6.021187013397041595e-11
5.666835664276771712e-11
5.330003433380282286e-11
5.010059546288474663e-11
4.706383512374608460e-11
4.418365016162577626e-11
4.145403927417496097e-11
3.886910428730775411e-11
3.642305201029167084e-11
3.411019711032992816e-11
3.192496530550595805e-11
2.986189690188182342e-11
2.791565068636912222e-11
2.608100777400841692e-11
2.435287559472783937e-11
2.272629163509213603e-11
2.119642694421337628e-11
1.975858940556128852e-11
1.840822656216777818e-11
1.714092811925525354e-11
1.595242794749295909e-11
1.483860559111449069e-11
1.379548734679640492e-11
1.281924688394936857e-11
1.190620549870229846e-11
1.105283064013575714e-11
1.025573612248094288e-11
9.511680336732774543e-12
8.817564414702462858e-12
8.170430014023274060e-12
7.567456742889094901e-12
7.005959224274412883e-12
6.483383874161711420e-12
5.997305489496099343e-12
5.545423562615073879e-12
5.125558395554970604e-12
4.735647099006973575e-12
4.373739505640297832e-12
4.037993984272030777e-12
3.726673202840536751e-12
3.438139872795915116e-12
3.170852485996927389e-12
2.923361092669833185e-12
2.694303140166557800e-12
2.482399352420335756e-12
2.286449673259652412e-12
2.105329316316917786e-12
1.937984895792036691e-12
1.783430706724729989e-12
1.640745088606567976e-12
1.509066927907750074e-12
1.387592271837985633e-12
1.275571078354967825e-12
1.172304095362135132e-12
1.077139866832222662e-12
9.894718671305472628e-13
9.087357740341207350e-13
8.344068685620143057e-13
7.659983634944938771e-13
7.030566566071767536e-13
6.451614309443449171e-13
5.919228672204025985e-13
5.429795742575285909e-13
4.979967034061935603e-13
4.566641668811297770e-13
4.186949549098805089e-13
3.838235518091832469e-13
3.518044455272267437e-13
3.224107303503978714e-13
2.954327950673479127e-13
2.706770905283214489e-13
2.479649761864403187e-13
2.271322323659249722e-13
2.080264775226768650e-13
1.905073356268738537e-13
1.744457023059292535e-13
1.597226528016273021e-13
1.462286774615617619e-13
1.338629712245958927e-13
1.225327732236339970e-13
1.121527514883927201e-13
1.026449070027660101e-13
9.393692616655466385e-14
8.596212588971171982e-14
7.865958263155229882e-14
7.197333101301236298e-14
6.585197303515858045e-14
6.024831634138278388e-14
5.511971468782000695e-14
5.042580784769454616e-14
4.612998047433874142e-14
4.219877133153145486e-14
3.860148992538234515e-14
3.531039033943684699e-14
3.229962466746384216e-14
2.954512277552864986e-14
2.702521008752532005e-14
2.472008304450744885e-14
2.261218603714877137e-14
2.068408093370658807e-14
1.892050188431024856e-14
1.730769827236051194e-14
1.583313693023810870e-14
1.448453685020672638e-14
1.325117637488405870e-14
1.212396231472483454e-14
1.109312124216450304e-14
1.015049661665042736e-14
9.289153540505432686e-15
8.501504018942164999e-15
7.781583238108832130e-15
7.123650602812197215e-15
6.522093634964296529e-15
5.972668494045992992e-15
5.470291311676245558e-15
5.011535368801067331e-15
4.592140337233053461e-15
4.209245234908843556e-15
3.859234119433632822e-15
3.539831747997397957e-15
3.247967834936332018e-15
2.981552629167343926e-15
2.738356766230305081e-15
2.516273021582596194e-15
2.313739582199936718e-15
2.128943797778755385e-15
1.960337662384447109e-15
1.806571408521607838e-15
1.666518668009514760e-15
1.538874994793271688e-15
1.422596969637990386e-15
1.316727496438414948e-15
1.220388472816220589e-15
1.132774037839846926e-15
1.053144343726797626e-15
9.808199640318334142e-16
9.151769752082996740e-16
8.556425678223550589e-16
8.016910080370090079e-16
7.528407030659114522e-16
7.087317305910680012e-16
6.688765253356879932e-16
6.329003049429010977e-16
