# bin_4_3
5.201657398047132953e-08
4.889124805608225872e-09
5.119393386876415672e-08
6.643677026168081428e-09
5.123562454934263123e-08
9.176532827607101674e-09
5.220204854925965477e-08
1.256777041355797170e-08
5.417967375504997121e-08
1.692445966323532488e-08
5.728412337720747655e-08
2.238416601116431489e-08
6.166401402205800847e-08
2.911923929357040722e-08
6.750562220759369449e-08
3.734195989429946488e-08
7.503845601891660129e-08
4.731063070836384717e-08
8.454181393012256501e-08
5.933668980848516671e-08
9.635240988178894857e-08
7.379292309466756833e-08
1.108731299965689984e-07
9.112282858844302594e-08
1.285829638981615290e-07
1.118511645165620630e-07
1.500481171804176957e-07
1.365956564310465806e-07
1.759342529289777534e-07
1.660797777900533062e-07
2.070197261586939476e-07
2.011464106901839637e-07
2.442095586959230362e-07
2.427720638579459231e-07
2.885497413910341761e-07
2.920811337532263109e-07
3.412412422578760136e-07
3.503594622248099318e-07
4.036528250900612234e-07
4.190661328309231789e-07
4.773314443900584576e-07
4.998420747752204489e-07
5.640085647057486571e-07
5.945135808159846477e-07
6.656002571104306602e-07
7.050883245170174011e-07
7.841983645913207305e-07
8.337408610571855763e-07
9.220494170787390485e-07
9.827839872789164882e-07
1.081517365500711598e-06
1.154621745573990741e-06
1.265025671299673493e-06
1.351679404531553779e-06
1.474973945107336328e-06
1.576305564302413751e-06
1.713624359494032547e-06
1.830641840383330521e-06
1.982953703049768047e-06
2.116456636674552701e-06
2.284468511385776199e-06
2.434941696444398194e-06
2.618983593895082930e-06
2.786473814506286423e-06
2.986368896679973637e-06
3.170349752366019040e-06
3.385276429672320497e-06
3.584510388028705667e-06
3.812868229438256756e-06
4.025280638090493282e-06
4.264578041007874941e-06
4.487164472569167895e-06
4.733953025043884853e-06
4.962748450303619948e-06
5.212635877707313474e-06
5.442780569915753508e-06
5.690559518096461060e-06
5.916500283789821259e-06
6.156431473289986145e-06
6.372294821628013645e-06
6.598576890457071305e-06
6.798739244674424012e-06
7.006179702641957163e-06
7.186034412599626690e-06
7.370902387512888081e-06
7.527780451348774790e-06
7.688769636924414010e-06
7.822909630235567999e-06
7.962070384310482153e-06
8.077457713821020120e-06
8.200879381767268883e-06
8.305699575002791602e-06
8.423657837784234527e-06
8.530059868212085591e-06
8.656322894433846743e-06
8.779206724894936880e-06
8.929263559083195416e-06
9.083939221301173833e-06
9.272120766038857497e-06
9.470973684332521710e-06
9.706805136313307285e-06
9.955543893276020610e-06
1.024016221185265560e-05
1.053473888820970391e-05
1.085869191027016072e-05
1.118437070772519970e-05
1.152832165521291074e-05
1.186231007947772716e-05
1.220175136750227962e-05
1.251995450358593865e-05
1.283370457955048103e-05
1.312036895260229020e-05
1.340045881531500908e-05
1.365712130482298765e-05
1.391544074737606177e-05
1.416387798913722751e-05
1.443022417236448626e-05
1.470485179924591630e-05
1.501366413297026252e-05
1.534356189597075343e-05
1.571328777739426757e-05
1.610199179357184755e-05
1.651911637420533545e-05
1.693683040233103334e-05
1.735950380648944107e-05
1.775968808062706309e-05
1.814622670606704785e-05
1.850182091326956272e-05
1.884744586923741276e-05
1.917894596396301659e-05
1.952607163646624520e-05
1.988769811684298129e-05
2.028727668602317742e-05
2.071037343634096268e-05
2.116178895138191257e-05
2.161040631761902413e-05
2.205105083795403094e-05
2.245561984943822022e-05
2.283406689555557095e-05
2.318232852187850993e-05
2.353257196088911327e-05
2.389195780846458270e-05
2.428456572965687326e-05
2.469273402873750493e-05
2.510844849448621297e-05
2.549248834324970112e-05
2.583847228260133163e-05
2.613516256236302182e-05
2.641521711252140572e-05
2.669408739701316529e-05
2.699765656491975779e-05
2.730255633586093511e-05
2.758809053873310740e-05
2.781316970189927460e-05
2.798564067066430393e-05
2.812106167365472956e-05
2.826369732810480229e-05
2.840935332271266910e-05
2.853866975084032168e-05
2.860097176423694382e-05
2.859897911830110493e-05
2.855645274497722253e-05
2.852177859517149346e-05
2.847805424116452901e-05
2.838954705810956886e-05
2.821964233284440695e-05
2.801131588799474399e-05
2.780304451432964906e-05
2.759806679345805193e-05
2.733352921893939343e-05
2.700944656423784690e-05
2.667295341202439310e-05
2.636610725983501105e-05
2.603134221080153767e-05
2.564805435236318203e-05
2.526459544253331364e-05
2.493276698214268126e-05
2.458858989926926270e-05
2.422319889458853461e-05
2.390218096543375193e-05
2.364391741960516574e-05
2.337116462674057463e-05
2.313755856901503498e-05
2.298889619929736755e-05
2.286587073304796274e-05
2.276634066035364021e-05
2.277366570611804851e-05
2.280231466197689402e-05
2.287027677576337610e-05
2.302705734609330937e-05
2.319484360727145684e-05
2.340066614172339933e-05
2.367034936970916311e-05
2.390667685591472502e-05
2.420776953983024926e-05
2.447111559227053388e-05
2.474341385061265742e-05
2.500035450155677294e-05
2.521638076105258769e-05
2.542702518723500402e-05
2.557845334608552316e-05
2.572456040948535073e-05
2.581877877454697524e-05
2.591158132557589276e-05
2.597443076174817315e-05
2.604872678694007413e-05
2.612029344804726484e-05
2.622035454188876021e-05
2.634083309427340556e-05
2.650135661711755942e-05
2.669237309776593012e-05
2.692093463393421105e-05
2.717228116165889637e-05
2.744295318207437995e-05
2.771484772588852949e-05
2.798042372883109550e-05
2.822488940105080308e-05
2.844537838431589411e-05
2.863754379958571142e-05
2.880890029313976436e-05
2.896692366981026134e-05
2.912678916582010655e-05
2.930001753240920703e-05
2.949851860433010131e-05
2.972542606748571309e-05
2.997906564267572511e-05
3.024869998749982040e-05
3.052111219317021505e-05
3.078139594582577726e-05
3.102043349951751679e-05
3.123608751214554423e-05
3.143601843344135972e-05
3.163382965092084004e-05
3.184489305142192502e-05
3.207931099643411300e-05
3.233762831819063388e-05
3.261003839543476164e-05
3.288050700857527060e-05
3.313491781606803835e-05
3.336801726399044510e-05
3.358738647975543422e-05
3.380861621300549345e-05
3.404718880190204459e-05
3.430739701675490259e-05
3.458035666357483145e-05
3.484821218989148057e-05
3.509832544996037884e-05
3.533139820797444552e-05
3.556305899582875533e-05
3.580946809757886204e-05
3.607506590590802597e-05
3.634614229097173050e-05
3.660526958641418599e-05
3.684642247301884120e-05
3.708358738644818709e-05
3.733390924532986225e-05
3.760039023415188991e-05
3.786568588232770358e-05
3.811514359696677938e-05
3.835342699218590248e-05
3.860079576966771354e-05
3.886266867698555595e-05
3.912351770297582340e-05
3.936769570829921536e-05
3.960627506979436850e-05
3.985679407775483737e-05
4.011533688625955508e-05
4.036090981641683945e-05
4.059615194710680880e-05
4.084001746369612707e-05
4.109187026421242241e-05
4.133040189570490641e-05
4.156122346282564034e-05
4.180198742404491548e-05
4.204331151660908883e-05
4.226912066926198159e-05
4.249798104105519234e-05
4.273313319333991479e-05
4.295557972335558130e-05
4.317382430778500226e-05
4.340081416766419987e-05
4.361467273795491517e-05
4.382541868063733441e-05
4.404129830369463302e-05
4.424445881385369577e-05
4.444715195653013934e-05
4.465068201102105741e-05
4.484018159039613281e-05
4.503653103563322563e-05
4.522017986865096317e-05
4.540346234801017044e-05
4.558171881855460205e-05
4.575273279741021398e-05
4.592281759442283317e-05
4.608261315168498014e-05
4.624231772696535875e-05
4.639126333884782894e-05
4.653928669975501746e-05
4.667713023595782863e-05
4.681211848475592692e-05
4.693845679004655355e-05
4.706001521037291892e-05
4.717349503013161608e-05
4.728142773132393512e-05
4.738098943487824402e-05
4.747476272221636521e-05
4.755982264540617834e-05
4.763835080620347674e-05
4.770852714828830934e-05
4.777121873464359141e-05
4.782554226035709062e-05
4.787204513129012868e-05
4.790965626594122619e-05
4.793943338692408185e-05
4.795988964889385972e-05
4.797207681540274006e-05
4.797501889071712974e-05
4.796908335115674071e-05
4.795383753493480405e-05
4.792947880477686784e-05
4.789544420816951669e-05
4.785228739811661218e-05
4.779913013057713196e-05
4.773661626734034577e-05
4.766413448016876416e-05
4.758195329941112818e-05
4.748979540909884146e-05
4.738779733614524093e-05
4.727565223209770768e-05
4.715372405064653378e-05
4.702151387453559127e-05
4.687946315829793814e-05
4.672721306693126720e-05
4.656501951715685789e-05
4.639274306574214861e-05
4.621054166942299918e-05
4.601827775428020010e-05
4.581625900321687351e-05
4.560425250073172785e-05
4.538261937739494024e-05
4.515120363978908824e-05
4.491028267947184613e-05
4.465983714782140841e-05
4.440008234670783031e-05
4.413102791158993128e-05
4.385297985977887981e-05
4.356589856563622561e-05
4.327012864974233224e-05
4.296568213480729770e-05
4.265286643708283097e-05
4.233176819089494046e-05
4.200268096257660537e-05
4.166573578853565146e-05
4.132122860845014259e-05
4.096926272630942428e-05
4.061021768488471805e-05
4.024421838498786467e-05
3.987159861859888898e-05
3.949254242830153551e-05
3.910738556477339010e-05
3.871632067876981366e-05
3.831969815687301541e-05
3.791772258903255066e-05
3.751075161363847288e-05
3.709900347806108564e-05
3.668282397376700966e-05
3.626244411670971602e-05
3.583823905982999456e-05
3.541043825417816140e-05
3.497939363825813673e-05
3.454536729285407855e-05
3.410869643449559606e-05
3.366964439617753049e-05
3.322854331810117662e-05
3.278563910837512121e-05
3.234131344586746107e-05
3.189579687273754052e-05
3.144942512464944900e-05
3.100246827698842621e-05
3.055522615701919973e-05
3.010796696287660942e-05
2.966097885614356851e-05
2.921449379682952512e-05
2.876887211554633088e-05
2.832431300631600086e-05
2.788111288719768692e-05
2.743951337048097881e-05
2.699975454148451342e-05
2.656208584907321244e-05
2.612673385959425818e-05
2.569387880308405113e-05
2.526384584033888994e-05
2.483677564032348494e-05
2.441290727011198366e-05
2.399242991568616045e-05
2.357550601087034101e-05
2.316235874359115815e-05
2.275312762176465818e-05
2.234793531309203990e-05
2.194705661883154270e-05
2.155055398715103956e-05
2.115860449202586579e-05
2.077132624199113642e-05
2.038880306716037017e-05
2.001123078774028977e-05
1.963865271238535859e-05
1.927112145222667906e-05
1.890886417422031770e-05
1.855185886313300678e-05
1.820022856397461326e-05
1.785401026297777993e-05
1.751320957170869423e-05
1.717800660575843821e-05
1.684834535024027580e-05
1.652421628957785797e-05
1.620580087295959908e-05
1.589299123283311840e-05
1.558587385061733534e-05
1.528440738391079667e-05
1.498852437572755022e-05
1.469840250604452020e-05
1.441388953415521171e-05
1.413493440573623103e-05
1.386167950976492315e-05
1.359392956089946266e-05
1.333176206711395529e-05
1.307506965847122075e-05
1.282371515146975700e-05
1.257789333333938382e-05
1.233736798323213640e-05
1.210206697026093948e-05
1.187209714328440627e-05
1.164719017090574480e-05
1.142743763557936746e-05
1.121267146897048341e-05
1.100270294046473966e-05
1.079775447243602906e-05
1.059751873807098874e-05
1.040193127502123632e-05
1.021105581747761613e-05
1.002458253209484341e-05
9.842629877812422614e-06
9.664979513377991324e-06
9.491411335540975822e-06
9.322178517492378744e-06
9.156918078220561540e-06
8.995593627714712604e-06
8.838226399007708084e-06
8.684486116862399460e-06
8.534537058970403876e-06
8.388117779888930171e-06
8.245000786205427444e-06
8.105466775045095201e-06
7.969113987425710803e-06
7.835946609714825292e-06
7.705946161293902053e-06
7.578778746171740116e-06
7.454669115923558828e-06
7.333318538166316469e-06
7.214514115644136983e-06
7.098553166971284889e-06
6.985010166778594237e-06
6.873939857523925883e-06
6.765288327674286459e-06
6.658737686018212053e-06
6.554574674510617854e-06
6.452465792075229287e-06
6.352227440539711973e-06
6.254160827492157982e-06
6.157840068573402147e-06
6.063378347147475803e-06
5.970687109711615248e-06
5.879471650977505312e-06
5.790069608075672785e-06
5.702126652003216732e-06
5.615507687923089197e-06
5.530498926721320922e-06
5.446686096775189568e-06
5.364238946815514704e-06
5.283048073739444801e-06
5.202849237198982615e-06
5.124005530003942018e-06
5.046154627368981013e-06
4.969228773681984214e-06
4.893481612495361417e-06
4.818517590905687620e-06
4.744556764368367571e-06
4.671485223891814255e-06
4.599064619619363431e-06
4.527663538077486099e-06
4.456936189606365831e-06
4.386874945863632614e-06
4.317685634620917029e-06
4.249024267526836216e-06
4.181134681685643947e-06
4.113903622994924392e-06
4.047140161505976047e-06
3.981190675682084554e-06
3.915741129824703526e-06
3.850848217870197114e-06
3.786649779049761209e-06
3.722884406640798996e-06
3.659781033150700933e-06
3.597233158089357158e-06
3.535088832093597118e-06
3.473630174461790563e-06
3.412564601413620555e-06
3.351951340280363603e-06
3.291834005661877877e-06
3.231976306652019659e-06
3.172537432407868341e-06
3.113376478136973412e-06
3.054356537153924653e-06
2.995677268334775887e-06
2.937099161632978864e-06
2.878715310188619327e-06
2.820575782353800336e-06
2.762568647349116815e-06
2.704904625401695505e-06
2.647549599081085711e-06
2.590509839093020972e-06
2.534016812836988200e-06
2.477972428463405975e-06
2.422536150601866192e-06
2.367782932112933565e-06
2.313675522326238456e-06
2.260389702883260239e-06
2.207893124579788238e-06
2.156193558508857507e-06
2.105417445866874124e-06
2.055463846157022530e-06
2.006415941959118788e-06
1.958273187508141198e-06
1.910972797954180815e-06
1.864586833389125132e-06
1.819048858535540035e-06
1.774339148608050673e-06
1.730490783392653466e-06
1.687412255467384119e-06
1.645132851817003069e-06
1.603625596180170558e-06
1.562838735562802043e-06
1.522790329485043062e-06
1.483431109121013627e-06
1.444749771755584021e-06
1.406744445821860385e-06
1.369369091648424021e-06
1.332633003302052508e-06
1.296521759033792426e-06
1.261016241160246373e-06
1.226111016491377092e-06
1.191793189692346024e-06
1.158065363284533833e-06
1.124914984209341394e-06
1.092338874781973291e-06
1.060330933925769228e-06
1.028893872607841233e-06
9.980337290274348395e-07
9.677280936522469361e-07
9.379922392499371544e-07
9.088301388039590358e-07
8.802265930860689936e-07
8.522036449147551948e-07
8.247414521389904155e-07
7.978519320285833729e-07
7.715498899992414505e-07
7.458010659385488948e-07
7.206361252807015292e-07
6.960485595568389861e-07
6.720233669657746176e-07
6.485877959711899860e-07
6.257075591319162713e-07
6.033983415181747685e-07
5.816760715801077652e-07
5.604980316130142882e-07
5.398940606080622513e-07
5.198488214700007395e-07
5.003479784137205121e-07
4.814146957724389960e-07
4.630108079229214123e-07
4.451485578038894753e-07
4.278296852262009516e-07
4.110170719633010835e-07
3.947400299581438695e-07
3.789693036169844873e-07
3.636952510781286639e-07
3.489299360041485766e-07
3.346363114050977913e-07
3.208224361625687894e-07
3.074871401795560136e-07
2.945923832308224154e-07
2.821604023677552450e-07
2.701659902556908203e-07
2.585914049745438038e-07
2.474495164186493695e-07
2.367038746753578905e-07
2.263579644175885627e-07
2.164049698332197238e-07
2.068251121505946065e-07
1.976179984766770116e-07
1.887614245510632323e-07
1.802558157290843904e-07
1.720839745648591733e-07
1.642376147786348985e-07
1.567108390033814923e-07
1.494856540283582212e-07
1.425592445355873082e-07
1.359211599786624870e-07
1.295605602071208075e-07
1.234632971458479204e-07
1.176264822015210218e-07
1.120391080539209490e-07
1.066939986108281038e-07
1.015829108002289058e-07
9.668686812711683680e-08
9.201510017029200277e-08
8.755098984935033749e-08
8.327942936884636844e-08
7.920112340084033468e-08
7.530858185430289043e-08
7.159493704991604529e-08
6.804872369908175905e-08
6.466764239274304417e-08
6.144013340673306400e-08
5.836796280629547146e-08
5.543938747749431516e-08
5.263668591016037286e-08
4.998101796857158543e-08
4.744580209927557334e-08
4.502741315946063537e-08
4.273830709437875740e-08
4.054298792551166846e-08
3.846672940912953887e-08
3.649101482106781746e-08
3.459617980579917332e-08
3.281448782617342250e-08
3.110876218828748430e-08
2.948806427715797125e-08
2.795820658943968386e-08
2.648857053845671547e-08
2.510574881534392502e-08
2.378962265783144454e-08
2.252939216590014303e-08
2.134803461563306979e-08
2.021655768466317935e-08
1.914590637639398730e-08
1.813374914453803780e-08
1.716399845753832957e-08
1.625421862266356231e-08
1.538802989478260112e-08
1.456049650534654852e-08
1.378453976614118926e-08
1.304319252155938556e-08
1.234392022121546442e-08
1.168183689732040889e-08
1.104841409827937041e-08
1.045619036698446453e-08
9.892269863206490371e-09
9.353446923645194012e-09
8.849289263077559140e-09
8.367548819683506466e-09
7.914681831982509456e-09
7.486272296359145455e-09
7.074868663321835558e-09
6.693626757766407428e-09
6.329869070015050111e-09
5.981482697336011835e-09
5.658064898300287059e-09
5.346198449875391783e-09
5.054830968163275214e-09
4.779840305111138253e-09
4.512760731282233121e-09
4.269211872266230282e-09
4.035702017158843391e-09
3.812044402254965236e-09
3.607180153313135038e-09
3.406679879937377826e-09
3.221561576322271654e-09
3.046781476005535800e-09
2.874153871202336508e-09
2.719581244659301982e-09
2.569076335655703894e-09
2.425437153673131671e-09
2.294976996897010339e-09
2.165432204231212380e-09
2.047876338677085079e-09
1.937066060149001736e-09
1.826407421939647948e-09
1.729750898751357657e-09
1.634118588770805953e-09
1.543648871586866463e-09
1.461782287661570498e-09
1.378897725932743503e-09
1.304917590176252641e-09
1.234558922206809588e-09
1.163457064122639600e-09
1.102274303526280966e-09
1.040524152340298184e-09
9.828165581125313198e-10
9.305933118415136816e-10
8.770803676848163108e-10
8.303236484228526814e-10
7.855434617408567774e-10
7.402346789058263716e-10
7.018222181369130096e-10
6.624181046393760427e-10
6.261716380238285885e-10
5.932120934035249648e-10
5.590692762273656198e-10
5.297947544862988920e-10
5.013972725666164163e-10
4.727205097726859023e-10
4.486105810318684337e-10
4.235344247341349991e-10
4.008441371833681437e-10
3.800427373877397071e-10
3.583262849113385291e-10
3.399687759093774858e-10
3.218233377375012453e-10
3.036228394678921526e-10
2.883022510358710648e-10
2.721355033812525578e-10
2.576665657612953681e-10
2.442987009971564298e-10
2.303155895345786467e-10
2.185866079393309014e-10
2.068307331173525801e-10
1.952440677913424612e-10
1.854632608785984372e-10
1.750885871293119092e-10
1.658630495142513937e-10
1.572922794928337802e-10
1.483325758145993376e-10
1.408963616110452839e-10
1.333453326504021673e-10
1.260336084629844064e-10
1.197220087399952820e-10
1.131026791535969105e-10
1.072309351357231400e-10
1.017639250827000863e-10
9.605119410065558743e-11
9.130211474997754830e-11
8.640911649155432364e-11
8.179364704753715339e-11
7.769538923208350680e-11
7.346121159589325412e-11
6.968718230175541867e-11
6.616004845626805289e-11
6.251127080975664311e-11
5.943297204241475067e-11
5.627789655313295381e-11
5.332339486752232506e-11
5.066602365586606270e-11
4.793714474405519447e-11
4.551756144173817921e-11
4.321309463663051872e-11
4.087273643202208701e-11
3.887348767070744482e-11
3.682861431071089213e-11
3.493441418403930247e-11
3.319633797406426075e-11
3.142833968372689800e-11
2.985266028493923816e-11
2.835097044636961796e-11
2.683874394715942771e-11
2.553225869837480311e-11
2.419551571057963743e-11
2.296905967529459271e-11
2.182714981429852111e-11
2.067944668918650414e-11
1.965642633482930077e-11
1.866433552459669882e-11
1.769138296773972610e-11
1.682532258427523469e-11
1.595203912545439746e-11
1.514544279456828633e-11
1.439182204788144337e-11
1.363990636843472495e-11
1.296303459943850610e-11
1.230665833557031631e-11
1.166560950780201492e-11
1.109027783827024231e-11
1.051179027674304377e-11
9.976508433679645514e-12
9.473455997015683022e-12
8.973828839478575310e-12
8.520838022093513451e-12
8.078480183905446090e-12
7.651806629395817870e-12
7.259754090898877843e-12
6.871296983626146676e-12
6.509868537240632805e-12
6.165089790790702409e-12
5.827800647491730938e-12
5.515812888336973647e-12
5.211468295608584597e-12
4.921278472571063029e-12
4.646950570617872203e-12
4.379428023762603761e-12
4.126174254913037235e-12
3.884341352731571676e-12
3.648738390273984050e-12
3.427807849483577656e-12
3.212545409895143078e-12
3.006512292496730688e-12
2.811401398170312751e-12
2.621630279067726260e-12
2.440997962672443968e-12
2.269015419519958071e-12
2.102002256024142554e-12
1.945431163493638580e-12
1.794018732455248538e-12
1.650504501446236502e-12
1.515083874920537203e-12
1.385980087262283284e-12
1.264904439121511824e-12
1.151047129082602202e-12
1.044629085561583863e-12
9.460535187049366345e-13
8.545914089089330027e-13
7.713468011387758845e-13
6.953037423743666488e-13
6.274589372934384272e-13
5.666786208954331466e-13
5.132416048840465848e-13
4.674949126834076802e-13
4.279450435955843786e-13
3.950970462316434305e-13
3.681877222720730148e-13
3.463017436539444547e-13
3.290343349583620997e-13
3.145179953703167751e-13
3.034249684062819432e-13
2.948343721320742101e-13
2.871406602736377318e-13
2.798636666528284331e-13
2.719221671724628778e-13
2.626893419425344687e-13
2.522969449395976993e-13
2.394092332800683832e-13
2.247268125535456521e-13
2.083240214683923514e-13
1.900275392298683821e-13
1.710641011833009747e-13
1.517473449390389010e-13
1.328591508485542400e-13
1.157844967592742903e-13
1.004723077584858046e-13
8.810934788392036123e-14
7.903712554615091267e-14
7.283817610528645879e-14
6.981347073229913776e-14
6.898504995161252110e-14
6.946368775442294913e-14
7.073181920246671696e-14
7.103205018048079629e-14
7.009790454920056773e-14
6.724645192770661452e-14
6.209298402191508245e-14
5.541430301591976432e-14
4.757621593171980095e-14
3.970172759984620563e-14
3.308467806905320419e-14
2.809045223010382269e-14
2.564047503003984988e-14
2.535523482937614665e-14
2.656074298385216678e-14
2.833893256211084536e-14
2.936081156537406092e-14
2.878675641073425107e-14
2.644423267418802358e-14
2.243675371604352266e-14
1.798393482085386408e-14
1.420740118138666391e-14
1.199651298831975863e-14
1.185495106583970663e-14
1.305465602806563707e-14
1.455419094640240277e-14
1.518641231328193921e-14
1.405844740342840919e-14
1.157497999572249265e-14
8.678868007473615481e-15
6.669912050165862711e-15
6.376490578076405574e-15
7.398361643233143541e-15
8.604624733258097813e-15
8.794424686660607992e-15
7.403843063537097153e-15
5.350413119388782221e-15
3.902384226808699640e-15
3.922955217083482056e-15
4.984249971987563933e-15
5.675284502590762166e-15
5.051503299824878736e-15
3.544408122074142004e-15
2.437694568264439292e-15
2.693025187460819230e-15
3.593064581646603584e-15
3.760572249145334563e-15
2.782305731966795131e-15
1.730276223163580401e-15
1.798078383225411361e-15
2.568155496841580723e-15
2.599404145568681976e-15
1.700334613200750584e-15
1.135961291183454048e-15
1.600400812183103515e-15
2.015194070047718167e-15
1.429711759020868401e-15
8.367210879772628372e-16
1.184634145566578171e-15
1.511341411112411578e-15
9.803059105866903457e-16
6.390827396477349743e-16
1.059730413327753414e-15
1.056224595059425478e-15
5.268754596994735017e-16
6.832686901051296160e-16
9.125308494990947272e-16
4.882952657598981050e-16
4.911291369009894296e-16
7.413179897370936155e-16
3.883274322569089720e-16
4.266731600976108993e-16
5.764116685865045620e-16
2.804384752602771179e-16
4.171651066469861410e-16
4.042944277037355559e-16
2.217065848077241336e-16
4.137093016068001101e-16
2.030565101777758224e-16
3.014773125720680749e-16
2.449955294751665044e-16
2.009586604952659916e-16
2.536441093332292879e-16
1.505880836560879063e-16
2.289394023879394860e-16
1.296687072404889268e-16
1.942652682250318407e-16
1.178004146092108410e-16
1.624589047420987456e-16
1.069612762925011223e-16
1.365029398205247641e-16
9.577398157572045750e-17
1.157108736543931163e-16
8.469123016384726249e-17
9.882704522503919859e-17
7.424544780750070959e-17
8.485976853039169188e-17
6.472210355668653929e-17
7.313189084455989328e-17
5.621109017270351224e-17
6.318300563769251248e-17
4.869411655027316181e-17
5.468635424058788644e-17
4.210252146712407719e-17
4.739786044536451477e-17
3.634850854767574566e-17
4.112714008903381795e-17
3.134068444746873910e-17
3.572088506702247180e-17
2.699136275795250562e-17
3.105290130708727102e-17
2.321971556368254139e-17
2.701776351097223525e-17
1.995285999567830473e-17
2.352651339601204493e-17
1.712593043796744859e-17
2.050357450260608537e-17
1.468166871240839634e-17
1.788443502246813910e-17
1.256980426136761871e-17
1.561384296984713993e-17
1.074636450193179986e-17
1.364436251098885262e-17
9.172986659707081274e-18
1.193519560647409957e-17
7.816266586242561226e-18
1.045120638855736204e-17
6.647160295357755722e-18
9.162104869105530865e-18
5.640443938965042654e-18
8.041758642577874983e-18
4.774231921987466777e-18
7.067609262602610480e-18
4.029550575702707062e-18
6.220175382290235446e-18
3.389962843455151349e-18
5.482628453436316762e-18
2.841239456321017353e-18
4.840429600016858766e-18
2.371071644034730068e-18
4.281018440572464098e-18
1.968820989840873258e-18
3.793546156502985274e-18
1.625301904373747507e-18
3.368646455089769215e-18
1.332593270684149951e-18
2.998239178810005329e-18
1.083875424703343200e-18
2.675361932615053984e-18
8.732898084691486803e-19
2.394026185659178398e-18
6.958183495533865376e-19
2.149094503041690087e-18
5.471805383466087698e-19
1.936176361091507027e-18
4.237460347275349127e-19
1.751540352686566255e-18
3.224613527345114980e-19
1.592040886743207768e-18
2.407890542517478902e-19
1.455057984431575385e-18
1.766585559796893740e-19
1.338448932419976349e-18
1.284274647898759583e-19
1.240510953112201172e-18
9.485305702338166745e-20
1.159954216359128948e-18
7.507324435963495854e-20
1.095884789612350500e-18
6.859704359540652892e-20
1.047797410827613931e-18
7.530442976781574464e-20
