# bin_4_4
5.884821589129986613e-08
3.400974753227545796e-09
5.815521534665446663e-08
5.721589041339392926e-09
5.843122190726059950e-08
8.913212382428637360e-09
5.975174006168623430e-08
1.307377000897289590e-08
6.222193294505086313e-08
1.833199822491946883e-08
6.598031234308977487e-08
2.485161072375781149e-08
7.120329193500011388e-08
3.283636327666753980e-08
7.811069209898637278e-08
4.253611255858972786e-08
8.697228942436370079e-08
5.425396260479945605e-08
9.811550882945459682e-08
6.835459682788965446e-08
1.119343495035369438e-07
8.527388254831025653e-08
1.288996222914125548e-07
1.055298128268086979e-07
1.495705509999301418e-07
1.297348209018279310e-07
1.746077436041128365e-07
1.586094416713788274e-07
2.047874748838233120e-07
1.929972188153096453e-07
2.410171224694891465e-07
2.338806356017190513e-07
2.843514616763360431e-07
2.823976898904253024e-07
3.360093396973370662e-07
3.398585198975480880e-07
3.973900054865890931e-07
4.077612070616185540e-07
4.700880522047833147e-07
4.878055280688385288e-07
5.559055366146224716e-07
5.819029857089490188e-07
6.568593505421252712e-07
6.921809196326856947e-07
7.751813450468743721e-07
8.209778773490941058e-07
9.133080536511078690e-07
9.708267412666296684e-07
1.073856147956460559e-06
1.144421386123983678e-06
1.259579051299377554e-06
1.344561960589229874e-06
1.473299509196735429e-06
1.574073356621941998e-06
1.717812522609462431e-06
1.835691218558789720e-06
1.995753081702119129e-06
2.131910194733100874e-06
2.309423888434543266e-06
2.464790372426743997e-06
2.660580082241349278e-06
2.835720366547804359e-06
3.050171340187858612e-06
3.245139840397598703e-06
3.478047107008258446e-06
3.692230823516861717e-06
3.942638612857937696e-06
4.174596498781294318e-06
4.440642104851116222e-06
4.687958364497004205e-06
4.966741353914791138e-06
5.225917565932603916e-06
5.513423368406487380e-06
5.779842617261479947e-06
6.070957640690581360e-06
6.338961306948160878e-06
6.627622959688326751e-06
6.890745116205311168e-06
7.170271616607072896e-06
7.421673670907432342e-06
7.685311280074199423e-06
7.918446099055391621e-06
8.160150576937101873e-06
8.369655815462911987e-06
8.585085601847028652e-06
8.767856053274055054e-06
8.955493804752291497e-06
9.111811076060527805e-06
9.274049295092569103e-06
9.408559320734847495e-06
9.552495125455425493e-06
9.674736220540807225e-06
9.812343119911171428e-06
9.936470544395320810e-06
1.008379060626703808e-05
1.022716478931825755e-05
1.040224570588323958e-05
1.058270632774192219e-05
1.080224886717654032e-05
1.103423168735546798e-05
1.130934217200649458e-05
1.159950964463348695e-05
1.193152823906464521e-05
1.227518347635378661e-05
1.265312160218325922e-05
1.303312428228782898e-05
1.343448569986101215e-05
1.382431697241872405e-05
1.422058813045173346e-05
1.459221731447901380e-05
1.495876346710888733e-05
1.529388002902773238e-05
1.562145987300338123e-05
1.592189621048474297e-05
1.622440308860896864e-05
1.651557053086648796e-05
1.682776109421398568e-05
1.714979953763219153e-05
1.751184686527479766e-05
1.789869309535201618e-05
1.833215806401879982e-05
1.878801395662234026e-05
1.927724851644298815e-05
1.976751249028932723e-05
2.026388605743459630e-05
2.073447445830333240e-05
2.118956845585815701e-05
2.160910270988791320e-05
2.201749807598108651e-05
2.241000505667974254e-05
2.282126674524306151e-05
2.325007321471918517e-05
2.372373533013985998e-05
2.422555386952970056e-05
2.476112402783700746e-05
2.529432854729073106e-05
2.581915109477619463e-05
2.630299581038436432e-05
2.675747070501538887e-05
2.717798676956424702e-05
2.760202839380249441e-05
2.803808893457647114e-05
2.851424090394046441e-05
2.901008054411155341e-05
2.951631082205781622e-05
2.998743019032690629e-05
3.041604883939857100e-05
3.078926170601884132e-05
3.114514715907346808e-05
3.150188717270261334e-05
3.188967112996607368e-05
3.228147358599795750e-05
3.265323514604563432e-05
3.295728896684852664e-05
3.320280762516583889e-05
3.340808502555186202e-05
3.362468918388720725e-05
3.384789177378321205e-05
3.405513954333721084e-05
3.418754489602871894e-05
3.424823241684312391e-05
3.426496076516839399e-05
3.429398858816493458e-05
3.431566516356058323e-05
3.428822490119341342e-05
3.416899386091345759e-05
3.400779526479587181e-05
3.384932654131046477e-05
3.369704852542141922e-05
3.347756236462972891e-05
3.319048241954438127e-05
3.289040728406029008e-05
3.262582078711250499e-05
3.232929958384287621e-05
3.197626927576721151e-05
3.162258218831161456e-05
3.132792407769089294e-05
3.101728304953492600e-05
3.067966822142888261e-05
3.039095788420492032e-05
3.017192004025636529e-05
2.993215463552545454e-05
2.973358193629888397e-05
2.962922527871291419e-05
2.954964393308916375e-05
2.949224054891438351e-05
2.955396425210296172e-05
2.963537563192850593e-05
2.975758959204398288e-05
2.997873573112202857e-05
3.020866729200017922e-05
3.047963283812051696e-05
3.082244088778881262e-05
3.112485428987407323e-05
3.150201919120036389e-05
3.183558743041023256e-05
3.218077582374835057e-05
3.251015475461662476e-05
3.279452631173490130e-05
3.307577747051221605e-05
3.329131191267169297e-05
3.350386834350983632e-05
3.365875142344254762e-05
3.381416886759140391e-05
3.393594720801726839e-05
3.407137437464346130e-05
3.420282166233370785e-05
3.436575635839421759e-05
3.454991266204439273e-05
3.477773544209273947e-05
3.503790887851812477e-05
3.533901544289898896e-05
3.566447461853670855e-05
3.601132846395394362e-05
3.635958672033933419e-05
3.670170145505623064e-05
3.702132129000229702e-05
3.731574378747590942e-05
3.757987601598501958e-05
3.782204033781921029e-05
3.804989400237989827e-05
3.827993524466388959e-05
3.852425699142981769e-05
3.879586167129204111e-05
3.909794221376846154e-05
3.942893206795996608e-05
3.977719198896026794e-05
4.012872556639604022e-05
4.046740129053953212e-05
4.078353222758380157e-05
4.107464553657130059e-05
4.134899531116893018e-05
4.162101267852011947e-05
4.190724775198695953e-05
4.221845746589851061e-05
4.255533924183337724e-05
4.290734303628239129e-05
4.325735865449859279e-05
4.359016530172261488e-05
4.390012745044931315e-05
4.419524600251996957e-05
4.449222613783992644e-05
4.480760130366633667e-05
4.514603246420237847e-05
4.549798685620143394e-05
4.584436461330675431e-05
4.617154764631864982e-05
4.648024653257137108e-05
4.678711757916635813e-05
4.710947590522152062e-05
4.745206450579948429e-05
4.780022012921327510e-05
4.813521740381838297e-05
4.845054489116067370e-05
4.876109990153812862e-05
4.908523765953489630e-05
4.942617365634248389e-05
4.976533821019464787e-05
5.008696963437904957e-05
5.039598804521832920e-05
5.071403518919008583e-05
5.104692503863334467e-05
5.137801945324692386e-05
5.169050695429869817e-05
5.199615230510845452e-05
5.231369398327520960e-05
5.263892796134716769e-05
5.294934085733269931e-05
5.324767908027865652e-05
5.355418407338305095e-05
5.386815803936702729e-05
5.416675410479561284e-05
5.445592198679836303e-05
5.475451955564228108e-05
5.505244991471149198e-05
5.533241562880026845e-05
5.561425612311186151e-05
5.590143980930350429e-05
5.617354884939052261e-05
5.643960274488258949e-05
5.671348802492540700e-05
5.697173006711603533e-05
5.722492916924634530e-05
5.748191467365713528e-05
5.772354137578882607e-05
5.796282534759872166e-05
5.820118572310918105e-05
5.842260702725290337e-05
5.864936979537644285e-05
5.886058755940916907e-05
5.906933436530822050e-05
5.927064052483878932e-05
5.946207597223838890e-05
5.965028509401157635e-05
5.982533601260066179e-05
5.999801272192088530e-05
6.015687594770010075e-05
6.031243042660050448e-05
6.045472627192901812e-05
6.059160468939429699e-05
6.071680109942689292e-05
6.083441277468832503e-05
6.094092226879939189e-05
6.103898801557215530e-05
6.112557357251112336e-05
6.120342965211594485e-05
6.126942823261466453e-05
6.132586904841592587e-05
6.137079168330463700e-05
6.140512010818443786e-05
6.142789694222346283e-05
6.143972675143211126e-05
6.143947152422631346e-05
6.142824339722588564e-05
6.140447899900975130e-05
6.136929030086811683e-05
6.132166808654195781e-05
6.126204100255238413e-05
6.118994763324012067e-05
6.110562466740489837e-05
6.100849032538852972e-05
6.089917360605292835e-05
6.077680021358823176e-05
6.064207398845364891e-05
6.049438214646686926e-05
6.033405308420662882e-05
6.016085246181275488e-05
5.997498245904883321e-05
5.977616087294366067e-05
5.956482064769337629e-05
5.934051317046906796e-05
5.910376991292260010e-05
5.885427786304147729e-05
5.859236127105317055e-05
5.831794748341642242e-05
5.803129052170238531e-05
5.773232060688148593e-05
5.742142089546427205e-05
5.709844192547161427e-05
5.676384931074372769e-05
5.641755732438348043e-05
5.605993310333550421e-05
5.569105226788501311e-05
5.531123610653562153e-05
5.492057144380936844e-05
5.451945968769657654e-05
5.410796817696338724e-05
5.368654083801041783e-05
5.325529617768420934e-05
5.281463906605561451e-05
5.236472156738891713e-05
5.190595428338328344e-05
5.143855868902670050e-05
5.096295516228179217e-05
5.047935501347481708e-05
4.998821297020215253e-05
4.948975375597401856e-05
4.898440868210855801e-05
4.847245202764988202e-05
4.795432737417301293e-05
4.743030719157963318e-05
4.690083465194984450e-05
4.636621381070019971e-05
4.582688203835389313e-05
4.528314622588165673e-05
4.473543300058671152e-05
4.418405099878052529e-05
4.362947012662555488e-05
4.307198370276681452e-05
4.251202205936261926e-05
4.194992828875223701e-05
4.138609823018962757e-05
4.082086978798060467e-05
4.025463248355654061e-05
3.968768844952365467e-05
3.912050008943328180e-05
3.855334190569800989e-05
3.798660119677227501e-05
3.742060847616296014e-05
3.685570156852296063e-05
3.629220357258863393e-05
3.573043635531243656e-05
3.517065751855348317e-05
3.461329656838309406e-05
3.405856794867136053e-05
3.350680010249282547e-05
3.295827808636887221e-05
3.241324158572236359e-05
3.187198904340635824e-05
3.133474523031965582e-05
3.080169810421180663e-05
3.027322992607660103e-05
2.974946470758219150e-05
2.923066021940444228e-05
2.871702005993940666e-05
2.820868818573000225e-05
2.770592327724425951e-05
2.720883935198816598e-05
2.671754254579648548e-05
2.623235835473809784e-05
2.575330486983868307e-05
2.528056560677145962e-05
2.481425127834600050e-05
2.435440574417199237e-05
2.390126352232934822e-05
2.345481406598520094e-05
2.301507890676645176e-05
2.258232841572183812e-05
2.215647472843976530e-05
2.173764188043425381e-05
2.132584017677405943e-05
2.092101944804123222e-05
2.052340702246105035e-05
2.013286858166238425e-05
1.974935364123482976e-05
1.937308528528209410e-05
1.900386963505905379e-05
1.864179865989291956e-05
1.828678819915801828e-05
1.793870195784529493e-05
1.759777894847340562e-05
1.726376697097332474e-05
1.693657454054095859e-05
1.661638542794506137e-05
1.630289777419941441e-05
1.599621020890312773e-05
1.569615984882512507e-05
1.540253081041720955e-05
1.511559583367469667e-05
1.483500249660891505e-05
1.456064539240812874e-05
1.429266957059862859e-05
1.403068764766762624e-05
1.377483069106019638e-05
1.352486547450969424e-05
1.328051937884140096e-05
1.304210784891480291e-05
1.280919537586336285e-05
1.258170017042699327e-05
1.235971420553170733e-05
1.214280881308920328e-05
1.193115815605189225e-05
1.172447241415741623e-05
1.152245032430652684e-05
1.132544775067621246e-05
1.113296814438991767e-05
1.094497716385543688e-05
1.076151231713927922e-05
1.058213197828916057e-05
1.040707117391959254e-05
1.023599239126759460e-05
1.006859627721707801e-05
9.905268564162058315e-06
9.745475433814229315e-06
9.589240673835738686e-06
9.436550709318637935e-06
9.286971900243748456e-06
9.140812534814617577e-06
8.997694888374587973e-06
8.857349153107266338e-06
8.720172961915800613e-06
8.585616376080077347e-06
8.453769161005629065e-06
8.324572656269404555e-06
8.197624921495051117e-06
8.073303636182444456e-06
7.951195565907608615e-06
7.831076899545030579e-06
7.713339108514074779e-06
7.597445687826949497e-06
7.483556876434948528e-06
7.371571925190931795e-06
7.261127998179055937e-06
7.152654871223893276e-06
7.045722065742976686e-06
6.940172401885703603e-06
6.836368076843996459e-06
6.733800484978890005e-06
6.632693619254058931e-06
6.532922938076240317e-06
6.434171570389316830e-06
6.336888584939972300e-06
6.240642526186962526e-06
6.145361485535627643e-06
6.051358842117684831e-06
5.958161758612373012e-06
5.866047252845938712e-06
5.774887955156211514e-06
5.684406195417852231e-06
5.595046943878529376e-06
5.506408338766113228e-06
5.418493296171933409e-06
5.331553619308082306e-06
5.245193062321364104e-06
5.159713111600240303e-06
5.074996175547610933e-06
4.990833550147273278e-06
4.907639588305211658e-06
4.825061561629337413e-06
4.743175382685338192e-06
4.662137517137330559e-06
4.581634710008714504e-06
4.501905016322985974e-06
4.422790512975725758e-06
4.344069996809411608e-06
4.266007477913642158e-06
4.188221508503897011e-06
4.110743022767436288e-06
4.033598807720544909e-06
3.956526720400324380e-06
3.879730781850050979e-06
3.803107364470499789e-06
3.726575614382946858e-06
3.650434651965100276e-06
3.574509536193819887e-06
3.498991546209203496e-06
3.424012669920323175e-06
3.349517810924073018e-06
3.275782239363736797e-06
3.202805467826520872e-06
3.130613447348906751e-06
3.059451441171736382e-06
2.989207993866907930e-06
2.920036166452214058e-06
2.851990290229263976e-06
2.785004500783215191e-06
2.719225998954051132e-06
2.654593714011657955e-06
2.591087200348081629e-06
2.528799380681957356e-06
2.467602498089191143e-06
2.407555403206202277e-06
2.348634814361439679e-06
2.290760145017101069e-06
2.233976305859879089e-06
2.178208606932048632e-06
2.123428856886539340e-06
2.069650366707264899e-06
2.016783171454485639e-06
1.964846713905800685e-06
1.913813440203023892e-06
1.863637462495487575e-06
1.814322332512106854e-06
1.765832530158597122e-06
1.718161487680914826e-06
1.671296548974215118e-06
1.625208069246158219e-06
1.579898324412201769e-06
1.535359935000703442e-06
1.491585959630786319e-06
1.448556060071378246e-06
1.406275177000039431e-06
1.364748468411707024e-06
1.323955957383852412e-06
1.283916181726608409e-06
1.244612356833371837e-06
1.206052571432532701e-06
1.168254769091658107e-06
1.131181913209059378e-06
1.094865455515372790e-06
1.059307877241539547e-06
1.024486431849550231e-06
9.904346173111969152e-07
9.571187429977280756e-07
9.245583821172209117e-07
8.927743900058794769e-07
8.617139899866278640e-07
8.314202260242125316e-07
8.018796011639124290e-07
7.730702381826522687e-07
7.450279272225752108e-07
7.177082083912076165e-07
6.911216322553956287e-07
6.652883267627278765e-07
6.401531416832609105e-07
6.157534448397596779e-07
5.920607800597078218e-07
5.690613996241041797e-07
5.467751540396802910e-07
5.251543479935678010e-07
5.042153326004462034e-07
4.839497779008831471e-07
4.643143124651733204e-07
4.453416714444112571e-07
4.269997658858649542e-07
4.092619687516923401e-07
3.921519314194583829e-07
3.756191636818149943e-07
3.596641827998732850e-07
3.442944560099643224e-07
3.294604904998677761e-07
3.151818131232780283e-07
3.014250762480305685e-07
2.881818540901721951e-07
2.754451079032832739e-07
2.631867204924635555e-07
2.514069445746333764e-07
2.400817223314350615e-07
2.292091016030380331e-07
2.187694667202298797e-07
2.087455218625486765e-07
1.991318156210025261e-07
1.899069793288654232e-07
1.810661277358861829e-07
1.725948416937451006e-07
1.644785523147363363e-07
1.567001364960105930e-07
1.492625366487948805e-07
1.421466027301158458e-07
1.353273662089061005e-07
1.288126484625732393e-07
1.225830269313004120e-07
1.166313787761156981e-07
1.109462078959583936e-07
1.055084586141913867e-07
1.003238838729863855e-07
9.537648731945028325e-08
9.065113804084344553e-08
8.613619766398662375e-08
8.184058132401964280e-08
7.774331972981045875e-08
7.383017560394544283e-08
7.011472467845415471e-08
6.655986167493015314e-08
6.318564710163329705e-08
5.997404469354523597e-08
5.689531274952943732e-08
5.399047936697942608e-08
5.121388378007573753e-08
4.856818915381295036e-08
4.607069402830631691e-08
4.367204831140317054e-08
4.140919062080567852e-08
3.925697292009883952e-08
3.719270548323094266e-08
3.525610655094219998e-08
3.340137259784242719e-08
3.164216721521232138e-08
2.998214553524727941e-08
2.838907643058705274e-08
2.689147606168665528e-08
2.546640756234579099e-08
2.410309351229698530e-08
2.282597243242638645e-08
2.160453591226095066e-08
2.045015434442713520e-08
1.935806158123019671e-08
1.831277708827598539e-08
1.733262331858183272e-08
1.640028778852951990e-08
1.551005581031626490e-08
1.467676484701386805e-08
1.388141102235813180e-08
1.313145881718672625e-08
1.242099583027251202e-08
1.174023945315939879e-08
1.110542148027396540e-08
1.050153397241994287e-08
9.924184813364720171e-09
9.386763615837359518e-09
8.872470344694089848e-09
8.389757686348596512e-09
7.933162765494449843e-09
7.492209485513092071e-09
7.085537489094233615e-09
6.696820677181398368e-09
6.323735891568936231e-09
5.980369223627527306e-09
5.647928395476326105e-09
5.339157028937033002e-09
5.048610103581845942e-09
4.764448631748687857e-09
4.507473826144210327e-09
4.259560545244232076e-09
4.020997478737439090e-09
3.803849747282105131e-09
3.589372624889176815e-09
3.392573655667903933e-09
3.207304822879891180e-09
3.023271361438914904e-09
2.860623949403722730e-09
2.701527466834387216e-09
2.549704056399231804e-09
2.412931335978070053e-09
2.276002005905543296e-09
2.152705146195003312e-09
2.036551398487659477e-09
1.919412136237135244e-09
1.817991367793912354e-09
1.716618556237077027e-09
1.620700315024007319e-09
1.534227023688716554e-09
1.446073512122776104e-09
1.367878417390292139e-09
1.293636443279176132e-09
1.218204456330772186e-09
1.154097472278983375e-09
1.088986927566557633e-09
1.028383380279615876e-09
9.737507929299329521e-10
9.174614483522821735e-10
8.685563685516619701e-10
8.216668634434382105e-10
7.739653233644070117e-10
7.338947073065728789e-10
6.924860702817314328e-10
6.545143944237576358e-10
6.201086839772757276e-10
5.843033386399818227e-10
5.537957401095505979e-10
5.241411528009351588e-10
4.941341559439109237e-10
4.690151904179097159e-10
4.427071156200283604e-10
4.189052835192400389e-10
3.971142712770219884e-10
3.742087109107470877e-10
3.549344386272230624e-10
3.358491306847740101e-10
3.167287571260068277e-10
3.006308147704771664e-10
2.836811385482138676e-10
2.684847928589526847e-10
2.544918950393521677e-10
2.398444892499942170e-10
2.276750961386013967e-10
2.153651174754197764e-10
2.032265892224690829e-10
1.929826644800993258e-10
1.821408834292818738e-10
1.725435559013500949e-10
1.636542785507333098e-10
1.543270264774101605e-10
1.465703869605299023e-10
1.387148093667731588e-10
1.310849501946765459e-10
1.245301077154752466e-10
1.176079523602147731e-10
1.115083794043950428e-10
1.057964886862239060e-10
9.985654468016911102e-11
9.489507431703430476e-11
8.981924628620548463e-11
8.500064248507212657e-11
8.074449542229577543e-11
7.633252140988892925e-11
7.240168080402659020e-11
6.872863611004723544e-11
6.493389042765701554e-11
6.174510353242791057e-11
5.845982530641374867e-11
5.539282910207883760e-11
5.262155633962082536e-11
4.977937233282644721e-11
4.726536640862709566e-11
4.487753138971095332e-11
4.244827591477944543e-11
4.036456560811585897e-11
3.823659630194291635e-11
3.625835676684064355e-11
3.445401092617213659e-11
3.261540699021897472e-11
3.098368176260964476e-11
2.941625812400360707e-11
2.785362589757929026e-11
2.649250504798510490e-11
2.510506240590794752e-11
2.383167310857731339e-11
2.264528603815338591e-11
2.145649002818689911e-11
2.038964250423514916e-11
1.935909514164124076e-11
1.834869901274591800e-11
1.745090319984766600e-11
1.654662066371698706e-11
1.570865457195387461e-11
1.492806449943649722e-11
1.414652361825127073e-11
1.344374285029562322e-11
1.276135975879095195e-11
1.209700170852002496e-11
1.149893931233288718e-11
1.089945015421920279e-11
1.034415357819079362e-11
9.819846499037345949e-12
9.302757725738962421e-12
8.831783982142809632e-12
8.372921017374087452e-12
7.932347539686876933e-12
7.523918745358688572e-12
7.122359965900371815e-12
6.747396492051521030e-12
6.389622311473819152e-12
6.040895555656576971e-12
5.716472087468897695e-12
5.400843306930634669e-12
5.099278982460282442e-12
4.815153222705827071e-12
4.537749353240964882e-12
4.275071089578307950e-12
4.024877883848376959e-12
3.780839928791381358e-12
3.551776766729136766e-12
3.329163851864164323e-12
3.115055227215226765e-12
2.913168429227216144e-12
2.716008605545878315e-12
2.529099197297815549e-12
2.350627233460372675e-12
2.178116897131302335e-12
2.015726337833728846e-12
1.858944125489721328e-12
1.710603455691198882e-12
1.569673475884057864e-12
1.436323837619460023e-12
1.310777347856446543e-12
1.192648826293099282e-12
1.082708769366951361e-12
9.804637684875084893e-13
8.857627815490585517e-13
7.995700827894513193e-13
7.206393477414409688e-13
6.503974741819573420e-13
5.871195892818834461e-13
5.317653634297729338e-13
4.842652327359173733e-13
4.436894916733245619e-13
4.103028912789354801e-13
3.821879423318603176e-13
3.587363791219650611e-13
3.406388649780554008e-13
3.261995032551979249e-13
3.148663983344868739e-13
3.058469413395906535e-13
2.976909785678182727e-13
2.900012962096882609e-13
2.817226845297694809e-13
2.722137846748725831e-13
2.613371620915386305e-13
2.479895328399065873e-13
2.328462315829173843e-13
2.157796700574593780e-13
1.968966038276043367e-13
1.772676128513100746e-13
1.572121393172526369e-13
1.377351766807103338e-13
1.200375304610013156e-13
1.041460096538471678e-13
9.140134702413010436e-14
8.193615351668734013e-14
7.555116242639407059e-14
7.240025377208831946e-14
7.147039907708224458e-14
7.201412609030983388e-14
7.327612035408238430e-14
7.361376620662766712e-14
7.264959708809233864e-14
6.966141157188913864e-14
6.436499815598717107e-14
5.739089529199466029e-14
4.931548739984041961e-14
4.113033551420281909e-14
3.429891333735027896e-14
2.913700655214548743e-14
2.657656598774896667e-14
2.631409018357836690e-14
2.751977704526579623e-14
2.938237343699290522e-14
3.041469182150971339e-14
2.982011323898542816e-14
2.740187771716771313e-14
2.323883506163842827e-14
1.864829555055011741e-14
1.472349767423495160e-14
1.245144458998032601e-14
1.228633457731905875e-14
1.354264833931273292e-14
1.507062581898464458e-14
1.574276077287159027e-14
1.455481449922092996e-14
1.200077013760255027e-14
8.990786694950807528e-15
6.923927462103737559e-15
6.609597087758988646e-15
7.673066570030048192e-15
8.910909525228452108e-15
9.114381185433442178e-15
7.666697751415794037e-15
5.549704403340672332e-15
4.045563573373666566e-15
4.071115581647434023e-15
5.162851950391186175e-15
5.881878547838610560e-15
5.229965333360917545e-15
3.677064458193085523e-15
2.526552402025419668e-15
2.794955170933421681e-15
3.720406943139971495e-15
3.897593421132190200e-15
2.881455156742332796e-15
1.796593822271224395e-15
1.863137718016174720e-15
2.662643797946697536e-15
2.690685356602587883e-15
1.764224516478508821e-15
1.177354443031758002e-15
1.660103773452350363e-15
2.085835538495688010e-15
1.483278172945629545e-15
8.666311053255825592e-16
1.229437492584939389e-15
1.563960667369255135e-15
1.017469567656341211e-15
6.619588188981581636e-16
1.099033584376343902e-15
1.093162685197769902e-15
5.475972601156003319e-16
7.073820644225352710e-16
9.460339593564249768e-16
5.055808308077230347e-16
5.100730612791676038e-16
7.669992760890624864e-16
4.035938595594665557e-16
4.414782722379756028e-16
5.978959433177538761e-16
2.901453569246627768e-16
4.330581635190092657e-16
4.181149005631700774e-16
2.307998177310750164e-16
4.277625739113876322e-16
2.113830680305210976e-16
3.116429257379163048e-16
2.546253845260287029e-16
2.076543422513347615e-16
2.634522732705121055e-16
1.555340259144325977e-16
2.378011871723818475e-16
1.338758306693088177e-16
2.018526634114368048e-16
1.215827704058451858e-16
1.688800638092835955e-16
1.103587255532730961e-16
1.419662356187003095e-16
9.877884195800320364e-17
1.204000505419502620e-16
8.731068283393530628e-17
1.028820372466243585e-16
7.650428580861649999e-17
8.838586831540359429e-17
6.665436090518550822e-17
7.621060078402651937e-17
5.785343049203675923e-17
6.587952778983259597e-17
5.008220066319087324e-17
5.705422839335651527e-17
4.326934246044411049e-17
4.948185123468292630e-17
3.732378621680320881e-17
4.296512535354099507e-17
3.215078401286708104e-17
3.734516955246365298e-17
2.765945727665499630e-17
3.249118381686538640e-17
2.376605108647125878e-17
2.829388224012406997e-17
2.039505346889357571e-17
2.466103942240386032e-17
1.747926631499942591e-17
2.151429629224963083e-17
1.495937836327185728e-17
1.878676008198973774e-17
1.278332147836246817e-17
1.642113506262577471e-17
1.090555493816926750e-17
1.436822692020014455e-17
9.286351889383862813e-18
1.258572196687943534e-17
7.891124050701566578e-18
1.103717630101316468e-17
6.689801396044846360e-18
9.691169961545921794e-18
5.656272383226371618e-18
8.520593746114603036e-18
4.767884642584573804e-18
7.502044450498702083e-18
4.005003124842024523e-18
6.615310050734027853e-18
3.350621379348621811e-18
5.842930060128512701e-18
2.790020842700237185e-18
5.169819347709563831e-18
2.310473419228527280e-18
4.582945808880309201e-18
1.900982421658701333e-18
4.071053886097134222e-18
1.552057560994582243e-18
3.624427548817147390e-18
1.255520041689541664e-18
3.234687012415825940e-18
1.004334176213153708e-18
2.894614725020378269e-18
7.924624073697556316e-19
2.598006678959904000e-18
6.147410448920648953e-19
2.339545852562812047e-18
4.667743228470942706e-19
2.114695024265984423e-18
3.448448400901302439e-19
1.919606677225283045e-18
2.458386489952175512e-19
1.751048222497827575e-18
1.671836185330788163e-19
1.606340964390040172e-18
1.068000148462892140e-19
1.483311691136344101e-18
6.306241418589724942e-20
1.380255996687813214e-18
3.477233863021018262e-20
1.295912720243838391e-18
2.114132824186756907e-20
1.229449198273591776e-18
2.178424993200838540e-20
1.180457227349732526e-18
3.672301712779004851e-20
