# bin_2_2
3.319002650454170952e-08
9.265387954381508869e-09
3.230877715813264053e-08
9.712195054878724175e-09
3.202254648878588363e-08
1.071059741612110474e-08
3.235927296325934020e-08
1.230077892986759546e-08
3.336421322693708567e-08
1.454071361486045422e-08
3.510166806416034260e-08
1.750816543399756336e-08
3.765719343427536332e-08
2.130318992105464989e-08
4.114034059722254837e-08
2.605118334168889041e-08
4.568797112664398477e-08
3.190652762432049047e-08
5.146819518263950790e-08
3.905687886199336006e-08
5.868497786226057638e-08
4.772814212838395785e-08
6.758345415755069199e-08
5.819016736688051284e-08
7.845597561282026392e-08
7.076318004921065636e-08
9.164889293688223940e-08
8.582493451290605890e-08
1.075700395266259256e-07
1.038185324808848582e-07
1.266968329678592183e-07
1.252607900522614878e-07
1.495848365322473003e-07
1.507509507265009282e-07
1.768765271558903600e-07
1.809794302730185913e-07
2.093098854004966519e-07
2.167361306013026387e-07
2.477262569321218336e-07
2.589176735187144746e-07
2.930767244969366038e-07
3.085326705252864447e-07
3.464259742835953852e-07
3.667038668200271178e-07
4.089523340865996050e-07
4.346656682357684670e-07
4.819423166233944084e-07
5.137551993568373692e-07
5.667776248563392525e-07
6.053946592535680572e-07
6.649122007709060491e-07
7.110623820651864653e-07
7.778365691469574408e-07
8.322497283646299197e-07
9.070265195309755353e-07
9.704008231767859157e-07
1.053873186470703319e-06
1.126832339766557247e-06
1.219591984651562176e-06
1.302631183866817905e-06
1.405108819580945188e-06
1.498529267846965714e-06
1.610923768708585556e-06
1.714756841706487641e-06
1.836955271624608240e-06
1.950879326340842670e-06
2.082372043677839470e-06
2.205627512446753088e-06
2.345425615281278765e-06
2.476737451095968780e-06
2.623303604708784772e-06
2.760824228632780734e-06
2.912032214781881285e-06
3.053322496658187721e-06
3.206465107342061845e-06
3.348534855071195360e-06
3.500403049471034942e-06
3.639834752249571623e-06
3.786891786387073481e-06
3.920070138125048162e-06
4.058740549258496052e-06
4.182203195116686628e-06
4.309285512918560157e-06
4.420194867771951692e-06
4.533386160109588552e-06
4.630095779230614014e-06
4.728583978229420606e-06
4.811235174153251658e-06
4.896272385069387369e-06
4.967310399142171932e-06
5.042632477886658607e-06
5.107085116316809372e-06
5.179002017872575965e-06
5.244333686026938540e-06
5.321302151326944611e-06
5.396667406712109139e-06
5.488200410125358158e-06
5.583003071116414065e-06
5.697897773051948083e-06
5.819738453726534032e-06
5.963831144466788715e-06
6.116197738004463905e-06
6.290158665249383248e-06
6.470530529123335010e-06
6.668508719262886575e-06
6.867782566115643069e-06
7.077838202663688117e-06
7.281945903702396852e-06
7.488949496031836971e-06
7.683012684547462615e-06
7.873871785833815574e-06
8.048134252852953094e-06
8.217875049172440805e-06
8.373207299960183045e-06
8.529062170985760843e-06
8.678774139365931915e-06
8.838978672860262035e-06
9.004140466933119389e-06
9.189768662259296814e-06
9.388147595774883441e-06
9.610412321562068660e-06
9.844035584862570514e-06
1.009445841132885344e-05
1.034481686375921544e-05
1.059745600695523256e-05
1.083570737454689967e-05
1.106469061379553743e-05
1.127394352050964370e-05
1.147606929039211558e-05
1.166865466726888104e-05
1.186971806251611721e-05
1.207867357367215011e-05
1.230967633012394841e-05
1.255391408411473235e-05
1.281407570008160252e-05
1.307104700288022130e-05
1.332138593522790984e-05
1.354779682804198070e-05
1.375615083002933555e-05
1.394390844831435655e-05
1.413061198431606455e-05
1.432059399744189442e-05
1.452842204860781224e-05
1.474312271871262403e-05
1.495951704978951432e-05
1.515333598899709916e-05
1.532040726748911419e-05
1.545365375667851862e-05
1.557292879093713443e-05
1.568755648819198094e-05
1.581323022221280369e-05
1.593537421550571604e-05
1.604103608417370894e-05
1.610473178744056762e-05
1.613109587551401176e-05
1.612950845659334115e-05
1.612704877619490211e-05
1.612096666982006893e-05
1.609924428121960427e-05
1.603057341652746055e-05
1.591659217053901913e-05
1.577185679023824653e-05
1.562619571291786618e-05
1.546923145315885480e-05
1.527914748848604472e-05
1.503354798813706194e-05
1.475918323460046508e-05
1.447999575838011739e-05
1.419844168639748217e-05
1.387626565210245874e-05
1.351410965347594876e-05
1.314155601943040657e-05
1.278528769391913869e-05
1.241061973679728907e-05
1.200583534995112875e-05
1.160155326116721932e-05
1.123072802609915253e-05
1.085494227065613401e-05
1.046987705440335063e-05
1.011684309258758114e-05
9.808249818173107745e-06
9.497422308757710717e-06
9.218307794665213522e-06
8.999712578225419276e-06
8.805801439395433377e-06
8.635523237852794532e-06
8.540410524551708197e-06
8.467625377515110467e-06
8.427964666046513937e-06
8.451137519975785036e-06
8.488452540432523313e-06
8.555267778240892640e-06
8.666195894943068550e-06
8.759759464148452574e-06
8.894791754828059726e-06
9.006436126191652046e-06
9.121940961377080116e-06
9.224810944986797684e-06
9.298278049865837795e-06
9.363297441309514444e-06
9.386496912365883993e-06
9.401042025396114693e-06
9.379002961938943172e-06
9.352385469211977763e-06
9.305189815510651893e-06
9.264466028725241461e-06
9.223387353253896260e-06
9.202715985953911421e-06
9.198957899830098424e-06
9.224931639288012030e-06
9.275105109875813580e-06
9.353220343874131515e-06
9.449164134773689857e-06
9.558992596907766177e-06
9.669685406774024356e-06
9.774478632820370641e-06
9.862734201806237623e-06
9.931564722357552570e-06
9.978294998394911849e-06
1.000824361531297749e-05
1.002776334621469635e-05
1.004818252140812272e-05
1.007884251552094742e-05
1.012856601156955718e-05
1.020007438569284554e-05
1.029170376367375146e-05
1.039537747122008091e-05
1.050057963367866992e-05
1.059602116762315037e-05
1.067447304054349664e-05
1.073455450843984413e-05
1.078208702089596307e-05
1.082782815351430132e-05
1.088354072843422424e-05
1.095717141082190078e-05
1.104896634933958844e-05
1.115141932511256155e-05
1.125199815134778048e-05
1.133992094434340347e-05
1.141110193759801589e-05
1.147158555123944456e-05
1.153341453830801716e-05
1.160865701333657124e-05
1.170053062480659745e-05
1.180218734337873870e-05
1.189975134505286077e-05
1.198356402282687363e-05
1.205422163382703593e-05
1.212395421682668068e-05
1.220524724060328301e-05
1.230154226104591741e-05
1.240215821404296221e-05
1.249367737402370231e-05
1.257151537856454611e-05
1.264664252532254269e-05
1.273234352951079293e-05
1.283093122023181641e-05
1.292893558111664682e-05
1.301510894685818262e-05
1.309318375060644593e-05
1.317895131837302501e-05
1.327657942336561211e-05
1.337403848703819668e-05
1.345928341346583668e-05
1.354104249776184508e-05
1.363295151233264258e-05
1.373196523771984331e-05
1.382185683546842360e-05
1.390481774945327714e-05
1.399561258591822576e-05
1.409374052221759057e-05
1.418273892444807696e-05
1.426710976054789055e-05
1.436060294836581097e-05
1.445595677708074974e-05
1.454081533664098066e-05
1.462966972383289285e-05
1.472503752173764001e-05
1.481232100497717871e-05
1.489826282637787811e-05
1.499284722696645257e-05
1.507922662792327661e-05
1.516540122227230254e-05
1.525764574916796079e-05
1.534222077560626883e-05
1.542892926432328204e-05
1.551860269483629150e-05
1.559990754329714622e-05
1.568925472796413998e-05
1.577125624540812046e-05
1.585590873540343768e-05
1.593949346075262098e-05
1.602028990747316243e-05
1.610361086140773686e-05
1.618191236454542101e-05
1.626344025356270116e-05
1.633994230988766521e-05
1.641903168227729169e-05
1.649379677554877084e-05
1.656987263985286807e-05
1.664283502398791382e-05
1.671588969290108953e-05
1.678640616380558967e-05
1.685653345527594408e-05
1.692412129609627424e-05
1.699122307844993894e-05
1.705571536571854119e-05
1.711927614915598824e-05
1.718057663804051745e-05
1.724039236265793217e-05
1.729804639016671149e-05
1.735406387202672370e-05
1.740764978726530625e-05
1.745966502663362540e-05
1.750901257248976278e-05
1.755653126834526745e-05
1.760150738855818716e-05
1.764427521488399987e-05
1.768450625266876223e-05
1.772238465125164020e-05
1.775748497257048086e-05
1.779025370356574520e-05
1.782000489027068908e-05
1.784725151549397922e-05
1.787150450901331373e-05
1.789296494195158246e-05
1.791140316615885255e-05
1.792689751303265145e-05
1.793918267200015834e-05
1.794851719808566732e-05
1.795445317456677894e-05
1.795730309293087459e-05
1.795672302964480802e-05
1.795285331900408721e-05
1.794552441911747767e-05
1.793478555352518098e-05
1.792045597233650559e-05
1.790269300603246165e-05
1.788120786709896802e-05
1.785620665360373091e-05
1.782745692627981629e-05
1.779506405922899563e-05
1.775890595931683822e-05
1.771903442196609563e-05
1.767533779055792796e-05
1.762792482870205319e-05
1.757661761574012854e-05
1.752157465377209800e-05
1.746264948225472401e-05
1.739993998149322657e-05
1.733337623627781126e-05
1.726302454700405129e-05
1.718882756668232560e-05
1.711088764659557366e-05
1.702911683980330056e-05
1.694365201542171926e-05
1.685442079289512830e-05
1.676153194358932983e-05
1.666496684940497580e-05
1.656481504341025769e-05
1.646107008631630153e-05
1.635385121183339103e-05
1.624313985246753815e-05
1.612905598531255450e-05
1.601160396504759735e-05
1.589091435294302904e-05
1.576700960558528536e-05
1.564000728078333640e-05
1.550994855451638357e-05
1.537695965080624859e-05
1.524108085401909283e-05
1.510245507301529213e-05
1.496112697313456824e-05
1.481723498143579754e-05
1.467084505775594098e-05
1.452209638077828801e-05
1.437106194745143940e-05
1.421788450649285563e-05
1.406264049530697732e-05
1.390547819151366733e-05
1.374647814851956953e-05
1.358578416024393336e-05
1.342348594555297915e-05
1.325973608935649014e-05
1.309462510245628877e-05
1.292830002195579995e-05
1.276085793057620744e-05
1.259244099900635453e-05
1.242314970729154928e-05
1.225312294461727002e-05
1.208245545183330870e-05
1.191130192779665449e-05
1.173975644199856851e-05
1.156795552579363722e-05
1.139599891542674813e-05
1.122401316285637034e-05
1.105210342412355771e-05
1.088038969630745765e-05
1.070896034211292877e-05
1.053795941903684256e-05
1.036746371095765049e-05
1.019759565264170993e-05
1.002844026533580308e-05
9.860100088068132098e-06
9.692673925994678977e-06
9.526252147065757616e-06
9.360905094796550288e-06
9.196756147811087448e-06
9.033859034600378931e-06
8.872311033708077461e-06
8.712173620080640728e-06
8.553518226339710374e-06
8.396432267731048762e-06
8.240969615373994647e-06
8.087176032646484905e-06
7.935150424896816895e-06
7.784915590009920246e-06
7.636544206614630101e-06
7.490066756232302789e-06
7.345521660838649465e-06
7.202983101029829015e-06
7.062466122536708310e-06
6.923992058645987028e-06
6.787634302840805720e-06
6.653380696205341084e-06
6.521283701212882029e-06
6.391342940014140818e-06
6.263563236980218388e-06
6.138009799301293016e-06
6.014659991336538486e-06
5.893514319726636049e-06
5.774622237600680016e-06
5.657937957953914119e-06
5.543500561112539522e-06
5.431279710753759665e-06
5.321250341905171118e-06
5.213474694420107204e-06
5.107895658923697864e-06
5.004501496419612955e-06
4.903318053773797076e-06
4.804273663352353601e-06
4.707401750031933798e-06
4.612644995328488222e-06
4.519955149539534327e-06
4.429396472295029422e-06
4.340882180936405475e-06
4.254396094617681728e-06
4.169943247512753461e-06
4.087432730283538314e-06
4.006903291793830695e-06
3.928273769650743408e-06
3.851480676970739660e-06
3.776594904268913180e-06
3.703504689671610894e-06
3.632196712354907722e-06
3.562657678310885869e-06
3.494783824907170340e-06
3.428630731930280479e-06
3.364096115411802958e-06
3.301109589607838032e-06
3.239750643496823879e-06
3.179886516667093545e-06
3.121514899777656331e-06
3.064607038621574554e-06
3.009054164846821062e-06
2.954936817272117285e-06
2.902131708040898519e-06
2.850567789473186712e-06
2.800333546929876192e-06
2.751282809765155807e-06
2.703433085913752756e-06
2.656740312531637714e-06
2.611093628118055689e-06
2.566601479036397097e-06
2.523123383520818371e-06
2.480597509789963025e-06
2.439117065008398795e-06
2.398525649862590154e-06
2.358866379658528405e-06
2.320084358079612031e-06
2.282070275509813452e-06
2.244955375252732726e-06
2.208585456844091294e-06
2.172919929396130375e-06
2.138050188549280171e-06
2.103811375465630477e-06
2.070275805382806915e-06
2.037383589431320869e-06
2.005026102936015766e-06
1.973351769766381736e-06
1.942201891197352739e-06
1.911558765073419829e-06
1.881503198893063113e-06
1.851876060301148361e-06
1.822770956110572141e-06
1.794123312303788126e-06
1.765835290353190930e-06
1.738059592911145814e-06
1.710638908665285809e-06
1.683584029980727406e-06
1.656951855815427107e-06
1.630606769687495132e-06
1.604649270706808825e-06
1.579015492864256429e-06
1.553623899639391099e-06
1.528619705405326522e-06
1.503856887422712538e-06
1.479368377258277002e-06
1.455190761907043647e-06
1.431214524197645730e-06
1.407543738255078172e-06
1.384117144240704474e-06
1.360875934136034035e-06
1.337949691523987793e-06
1.315211445647870127e-06
1.292707770943850663e-06
1.270456931260136411e-06
1.248369947686825685e-06
1.226540987923726861e-06
1.204902170916366121e-06
1.183404044507860654e-06
1.162138973127171921e-06
1.140985737959189423e-06
1.119981432826986279e-06
1.099117639067566676e-06
1.078316652211790598e-06
1.057656024576534867e-06
1.037072097483771319e-06
1.016539927145679101e-06
9.961397388049367076e-07
9.757926443561526188e-07
9.555600450346637837e-07
9.354538186755951280e-07
9.154454716043687452e-07
8.956276030089062541e-07
8.759731580731673370e-07
8.564968348320030125e-07
8.372738090908085815e-07
8.182605091777160519e-07
7.995189302137575372e-07
7.810578398776008609e-07
7.628579859940857940e-07
7.449815563902319674e-07
7.273961467276306410e-07
7.101082943904016174e-07
6.931513274960092912e-07
6.764809051022624802e-07
6.601283401179595380e-07
6.440833686553089679e-07
6.283204845527137337e-07
6.128668297923219706e-07
5.976885496512944108e-07
5.827850027914484956e-07
5.681631297937433467e-07
5.537909103848369821e-07
5.396812285426066394e-07
5.258227438564296433e-07
5.121991244601398945e-07
4.988195822949660767e-07
4.856634929385120661e-07
4.727332743769686151e-07
4.600263003746426683e-07
4.475301930446231216e-07
4.352478954741584266e-07
4.231760685198337933e-07
4.113099222243689461e-07
3.996485776252918795e-07
3.881868147121861167e-07
3.769275612232379894e-07
3.658673795374351538e-07
3.550073926349361253e-07
3.443436231041436390e-07
3.338788048567394934e-07
3.236154929489075464e-07
3.135459395882087798e-07
3.036759677703994529e-07
2.940057569761628891e-07
2.845322588492669496e-07
2.752623161202487428e-07
2.661861376459605003e-07
2.573107543641817641e-07
2.486402643321237757e-07
2.401619857186222779e-07
2.318868293898409638e-07
2.238096491346448215e-07
2.159280775565398623e-07
2.082508173996352807e-07
2.007631525760706855e-07
1.934722663673891976e-07
1.863816898615479862e-07
1.794768448206315155e-07
1.727687073318390266e-07
1.662480787302753971e-07
1.599134500709646074e-07
1.537705911144584567e-07
1.478042272112163416e-07
1.420221459215930450e-07
1.364214400919446414e-07
1.309898338904467343e-07
1.257378997164490690e-07
1.206536915637987157e-07
1.157340310477716946e-07
1.109843235218403395e-07
1.063887480218536482e-07
1.019526660331939829e-07
9.767454409893825882e-08
9.354116299344000708e-08
8.956055715486214516e-08
8.572110370191106389e-08
8.202032689973386214e-08
7.846008371742635724e-08
7.502877064398820704e-08
7.172920584352719280e-08
6.855536141458209587e-08
6.550410741967566210e-08
6.257286196269083529e-08
5.975521422404498253e-08
5.705027555836226227e-08
5.445331934379039453e-08
5.196098947694773977e-08
4.957194014972348550e-08
4.728062350541077607e-08
4.508345590559629921e-08
4.297994068322221393e-08
4.096524455497148874e-08
3.903420168871023908e-08
3.718732157035771542e-08
3.541850310973779497e-08
3.372851435665723263e-08
3.211297655499108479e-08
3.056556810906850696e-08
2.908925812199985886e-08
2.767907930171013275e-08
2.633109744173135516e-08
2.504317812261118736e-08
2.381471664874383857e-08
2.264299383822872873e-08
2.152438047308282345e-08
2.045865919630737176e-08
1.943964991811489801e-08
1.847145577056282258e-08
1.754837790142610808e-08
1.666447146991116885e-08
1.582810514946341203e-08
1.502832317606189047e-08
1.426701078716520235e-08
1.354544972149263810e-08
1.285276674817463269e-08
1.219910772090499168e-08
1.157593051137374326e-08
1.097914540373616334e-08
1.041787217215033425e-08
9.879737789949716440e-09
9.369742531597827410e-09
8.886786964271780072e-09
8.423041290963480599e-09
7.987448330755081032e-09
7.571940806914731193e-09
7.175104832840201950e-09
6.802175813535828118e-09
6.444895891427269581e-09
6.107406929305195458e-09
5.787504012175761287e-09
5.481067959968754479e-09
5.193958867889093655e-09
4.920060885241829746e-09
4.659100439220093241e-09
4.413673214500873916e-09
4.178931428264531775e-09
3.957701767772118389e-09
3.748002814118027471e-09
3.547083769845867879e-09
3.359672151823698025e-09
3.180925593178027599e-09
3.010755668280341549e-09
2.851098000296367224e-09
2.697955039262390111e-09
2.554141361522265745e-09
2.417819355307218552e-09
2.286385734239433613e-09
2.164936244115293416e-09
2.048758935152897489e-09
1.938388779472912973e-09
1.835642927609083351e-09
1.736368888622977224e-09
1.644044783093096146e-09
1.556493204878998548e-09
1.471089065099097070e-09
1.393174177502882420e-09
1.317778327302802021e-09
1.246216752662218000e-09
1.179981672532766329e-09
1.115102938016242295e-09
1.055723678365026239e-09
9.994325279317827690e-10
9.440656698949625101e-10
8.946219553642014001e-10
8.462093053627483971e-10
8.006818829571558725e-10
7.587367077470923661e-10
7.169056646652956156e-10
6.792475513141967962e-10
6.432305889823902123e-10
6.074240644845833163e-10
5.758867948109514440e-10
5.444054050968938568e-10
5.150725304095926052e-10
4.880515995084786076e-10
4.607211171611078272e-10
4.366525941570065032e-10
4.134400438791463490e-10
3.903345514272222763e-10
3.702753608528032526e-10
3.499413584165522373e-10
3.312772446097611557e-10
3.140467792886084847e-10
2.964080798613731539e-10
2.811869661603383702e-10
2.663063321150754134e-10
2.515508792679326635e-10
2.388641516884987826e-10
2.258049673431929867e-10
2.139962530926418113e-10
2.030458638458078756e-10
1.917245319391898854e-10
1.820870639397613471e-10
1.724924578986623882e-10
1.630485842705640109e-10
1.549190463760895030e-10
1.464282538643838344e-10
1.388235294342343628e-10
1.317474298663914483e-10
1.243961213382587432e-10
1.181936995729216846e-10
1.119410496668872994e-10
1.058800576172507432e-10
1.006022646573117796e-10
9.509558604646773487e-11
9.021523758313388125e-11
8.565711698802828075e-11
8.090136433599315096e-11
7.689978382121756913e-11
7.282139134098968045e-11
6.896217134595715632e-11
6.552495272192596315e-11
6.198692257793468379e-11
5.883240973139066127e-11
5.586820718819601866e-11
5.280909139252049265e-11
5.023914547059869905e-11
4.758110547786938414e-11
4.510979400326513762e-11
4.287257324215183354e-11
4.057714105636175512e-11
3.853885129872606053e-11
3.660610367515697428e-11
3.463195302942613986e-11
3.295173463267658064e-11
3.122857539747443985e-11
2.962731650247169707e-11
2.816240926260952119e-11
2.666664497521782598e-11
2.534549556525437781e-11
2.407138793668381599e-11
2.279715223436081336e-11
2.169597324675823753e-11
2.056334340719175285e-11
1.952491034417786023e-11
1.856041452005962609e-11
1.759037672458409066e-11
1.672353497557776059e-11
1.588874701658956279e-11
1.505651228914492230e-11
1.432696852944854608e-11
1.358578563650360513e-11
1.290215262305339987e-11
1.226491937239177700e-11
1.162296053345404101e-11
1.105073029127990548e-11
1.049212879164355181e-11
9.947404166997737008e-12
9.458524061299285436e-12
8.966562411872111646e-12
8.513355424285376304e-12
8.084533269530222920e-12
7.658781663683614634e-12
7.273135631709255632e-12
6.897519800284276049e-12
6.532867204565260500e-12
6.201534652027205605e-12
5.869086732397742097e-12
5.560936498609684611e-12
5.268933513785527786e-12
4.979269628067664968e-12
4.714351348357995969e-12
4.455357134056246448e-12
4.205562654805933919e-12
3.974006095539183904e-12
3.743957270537093796e-12
3.528614236724072545e-12
3.322345043667538859e-12
3.120155072691000333e-12
2.932313851533475982e-12
2.747975353775941678e-12
2.572219129927425263e-12
2.404961988715690766e-12
2.242174009661410802e-12
2.088317621773813023e-12
1.940769988980165805e-12
1.798147522654794079e-12
1.664070316129818147e-12
1.534697079639640750e-12
1.411627974994356104e-12
1.296156688642248688e-12
1.185044941345160376e-12
1.081534603758361925e-12
9.841730865334735845e-13
8.925187738533876373e-13
8.085018146266220572e-13
7.301439037883553195e-13
6.585473527761091549e-13
5.940710730854345594e-13
5.353750600549667601e-13
4.836742151271288629e-13
4.380575181461306726e-13
3.985610734530034102e-13
3.649991214303393356e-13
3.367701180913022102e-13
3.136557636971072792e-13
2.949715969099031113e-13
2.802145417820288988e-13
2.685876244460901570e-13
2.592971339078621967e-13
2.520067945513182640e-13
2.453722871929605948e-13
2.391821144347460737e-13
2.324726507970020336e-13
2.247192985556681825e-13
2.158089703453903022e-13
2.049771475814426817e-13
1.922734652269706038e-13
1.780851741268856381e-13
1.623682606795179973e-13
1.461832220410378339e-13
1.296122632219804028e-13
1.135758234831802279e-13
9.881464428529040484e-14
8.579642745587507213e-14
7.518079560970920853e-14
6.739190049245240517e-14
6.212766968156185556e-14
5.957246059471184013e-14
5.883404761141625975e-14
5.937343870900268861e-14
6.038366960274473047e-14
6.075136606129918771e-14
5.995169010213333994e-14
5.751469461394680180e-14
5.312728592509577586e-14
4.739692928232905439e-14
4.064852885330289165e-14
3.393416422083389383e-14
2.818823708142669559e-14
2.397805322990655884e-14
2.183999896161740002e-14
2.163527504872858351e-14
2.267136462841435331e-14
2.423006273730064679e-14
2.509879181201195800e-14
2.464637282181576302e-14
2.260498247602870884e-14
1.919559362342972831e-14
1.535233342188872086e-14
1.211745151502904293e-14
1.022408881160469480e-14
1.010674998745480852e-14
1.114426295379770225e-14
1.245072665512992784e-14
1.298586271911339160e-14
1.203551596096665390e-14
9.888802176900427135e-15
7.413611916452650115e-15
5.676891298485015111e-15
5.440783375540810904e-15
6.309074528511520206e-15
7.370694999239767403e-15
7.513855944873990637e-15
6.343774114221493076e-15
4.557361784855378957e-15
3.332151942958454764e-15
3.336439948463419106e-15
4.267334359024003801e-15
4.848502486469064251e-15
4.330487322701786652e-15
3.017557328802383083e-15
2.083607605395577443e-15
2.289151787858430988e-15
3.079699249082537478e-15
3.213192527620732789e-15
2.382420888568324353e-15
1.468421227179059515e-15
1.538381157977513630e-15
2.191394279321496314e-15
2.229567895849616254e-15
1.447223905979847841e-15
9.706274050877203768e-16
1.363670081970757670e-15
1.728476358661937189e-15
1.218042314492319833e-15
7.157958670518954219e-16
1.007916240761262117e-15
1.297776502881112505e-15
8.331257891027852626e-16
5.476432591292963193e-16
9.029080016783395181e-16
9.070012077548769410e-16
4.453285097959431335e-16
5.867040192857505592e-16
7.778622873549219365e-16
4.194049801900629814e-16
4.161341239477919491e-16
6.371506777407457403e-16
3.286694534555385114e-16
3.665079065211504711e-16
4.910380481121480203e-16
2.411359291153109372e-16
3.542520783140079748e-16
3.481040655675412787e-16
1.864322650368357767e-16
3.563444519537657155e-16
1.708612650454260855e-16
2.598080387738755492e-16
2.073794160862207772e-16
1.733670637408730085e-16
2.151594775149444275e-16
1.301012881376083133e-16
1.941736865701431842e-16
1.121768408335793173e-16
1.645718431943632263e-16
1.020258214101602886e-16
1.374136806956853157e-16
9.274327806751444190e-17
1.152703953378558387e-16
8.314641481869748830e-17
9.755309168742133875e-17
7.362776582436591583e-17
8.318262741577839744e-17
6.464797711475016972e-17
7.130704143463655254e-17
5.645461987585952728e-17
6.134505182673178726e-17
4.912653955299626078e-17
5.290183478610574256e-17
4.264918126616392000e-17
4.569747104787540981e-17
3.696442231878482586e-17
3.952307193002448497e-17
3.199750329068207895e-17
3.421583154193218664e-17
2.767043446290082037e-17
2.964473530734440310e-17
2.390830595925223223e-17
2.570199737832272719e-17
2.064201872445297196e-17
2.229761102995841336e-17
1.780923416525554778e-17
1.935565720924254823e-17
1.535444834863278782e-17
1.681165932905660459e-17
1.322864911382907394e-17
1.461059774046998463e-17
1.138879104430126246e-17
1.270536445019844666e-17
9.797208833609691511e-18
1.105552746155722949e-17
8.421031037268946525e-18
9.626322721192477830e-18
7.231624627152189562e-18
8.387819787380220362e-18
6.204084213569325229e-18
7.314223788360766147e-18
5.316770824976863460e-18
6.383287073411968178e-18
4.550900273871864358e-18
5.575810294046823662e-18
3.890178684648608155e-18
4.875217729091221938e-18
3.320481619541952755e-18
4.267194533334425631e-18
2.829572725985704096e-18
3.739376307012981313e-18
2.406857837373361893e-18
3.281082941140116953e-18
2.043170610628785414e-18
2.883090227280655934e-18
1.730586101658483553e-18
2.537433734848296752e-18
1.462258907594943320e-18
2.237240424108835884e-18
1.232283058504013403e-18
1.976584116941479043e-18
1.035570898060788625e-18
1.750361620613288564e-18
8.677488033518866585e-19
1.554186715565238008e-18
7.250676463669493625e-19
1.384299773314937502e-18
6.043263620638175124e-19
1.237491004919210769e-18
5.028070989371743220e-19
1.111035775046340074e-18
4.182207605047776493e-19
1.002640601092620368e-18
3.486618829072494533e-19
9.103987937618680685e-19
2.925720471028881966e-19
8.327548158561950652e-19
2.487111420791823127e-19
7.684767763857875686e-19
2.161360552963293641e-19
7.166364721269083909e-19
1.941864093138254834e-19
6.765967855590556347e-19
1.824772432603562637e-19
