# bin_1_1
2.294071290776355613e-08
6.502226938883292741e-09
2.203460179686699444e-08
6.538455992768631728e-09
2.152467886168032978e-08
6.932306385088835833e-09
2.142112888684453949e-08
7.702352041523129817e-09
2.174508540074063891e-08
8.878262230111985897e-09
2.252953252097589622e-08
1.050187922737613451e-08
2.382050568427537426e-08
1.262860209365780012e-08
2.567861403478091376e-08
1.532910190416244121e-08
2.818091080867607977e-08
1.869139508869388723e-08
3.142313716512171797e-08
2.282330128580973682e-08
3.552236586619639198e-08
2.785531049881622017e-08
4.062006619272539686e-08
3.394387777683444977e-08
4.688560353582296036e-08
4.127515360068978261e-08
5.452017463849193054e-08
5.006914149068661498e-08
6.376115806007415914e-08
6.058424897350269020e-08
7.488682970749655373e-08
7.312216288075464238e-08
8.822135131323816623e-08
8.803292988187571247e-08
1.041398822595660339e-07
1.057200580326275851e-07
1.230735898285473255e-07
1.266453681803817988e-07
1.455142348389430054e-07
1.513332145441966504e-07
1.720178872327105621e-07
1.803735572299012644e-07
2.032071759343037053e-07
2.144232057593691561e-07
2.397712993114955552e-07
2.542043611851497857e-07
2.824628197268650296e-07
3.004993717315407118e-07
3.320900462030024168e-07
3.541403950062889783e-07
3.895035890877838308e-07
4.159924482835239975e-07
4.555754779198694804e-07
4.869281646870841593e-07
5.311691109513055207e-07
5.677925077343444441e-07
6.170983155356062650e-07
6.593558047784997980e-07
7.140740297803493172e-07
7.622538427823626701e-07
8.226376810083165583e-07
8.769145518451083562e-07
9.430813740243489211e-07
1.003472134269128980e-06
1.075356667682035742e-06
1.141671533394163163e-06
1.218976161536090670e-06
1.290769014743315914e-06
1.372915444137069973e-06
1.449438415162675598e-06
1.535527171993659798e-06
1.615697219528056240e-06
1.704483954575450649e-06
1.786871704922285524e-06
1.876771792016709557e-06
1.959625206886555510e-06
2.048760049593179293e-06
2.130076821081527168e-06
2.216375744899046029e-06
2.294037601921980010e-06
2.375406968854445782e-06
2.447384933730146996e-06
2.521949671189934246e-06
2.586580176304665066e-06
2.652990758107020057e-06
2.709307098056725969e-06
2.767086188777223483e-06
2.815167665027758198e-06
2.865045619417579711e-06
2.906319582513099221e-06
2.950479943126119969e-06
2.987884777673156944e-06
3.030017041011477386e-06
3.067916591493298893e-06
3.112965940218348363e-06
3.156712422528168823e-06
3.210241205067009262e-06
3.265331596672346110e-06
3.332481861268934676e-06
3.403356269645669891e-06
3.487535380154119845e-06
3.576224897791131903e-06
3.677814439974434469e-06
3.782831097014556322e-06
3.898393258171299413e-06
4.014393557624550719e-06
4.136923767563650950e-06
4.255655165324709726e-06
4.376278577198336612e-06
4.489010779935529210e-06
4.600041083845639638e-06
4.701037882292308059e-06
4.799536427776448486e-06
4.889277011763828551e-06
4.979444650624071110e-06
5.065683835687994428e-06
5.158155877539814037e-06
5.253184187780583505e-06
5.360250176463403945e-06
5.474417113442266584e-06
5.602586047944929883e-06
5.737018691191766161e-06
5.881263599081164929e-06
6.025057654745522872e-06
6.170118065424038463e-06
6.306308491061985520e-06
6.436951372711489622e-06
6.555554277560236503e-06
6.669801486689659056e-06
6.777921869439897631e-06
6.890751071390293531e-06
7.007596325093494384e-06
7.137013697944887751e-06
7.273502760351387980e-06
7.418889735697839906e-06
7.561650431252772663e-06
7.700004257094176147e-06
7.823496733883729423e-06
7.935780633112468876e-06
8.035043200583249256e-06
8.132921707676893418e-06
8.231629529320324949e-06
8.339874673618436865e-06
8.450914470177647403e-06
8.561881755262922542e-06
8.658254346149433505e-06
8.737738527130310830e-06
8.795878499776420013e-06
8.844429419914864686e-06
8.888540097307596392e-06
8.937518666388508741e-06
8.982530450565728326e-06
9.016106979486716109e-06
9.023037187440154056e-06
9.006141710956510208e-06
8.970629293202227834e-06
8.932458312878158020e-06
8.889754748216408193e-06
8.835598230424357880e-06
8.751422375861358957e-06
8.638313996733200509e-06
8.504584314837551601e-06
8.367843753657514786e-06
8.221848950544685916e-06
8.054012797825920686e-06
7.851106354753337616e-06
7.629012647121874449e-06
7.401684857496159950e-06
7.170837150213533087e-06
6.914082225646776367e-06
6.632130933942881368e-06
6.342375512342646577e-06
6.060831891517161280e-06
5.767346308061128342e-06
5.455517914117619082e-06
5.143483520273293811e-06
4.851040386334253155e-06
4.555966667452443051e-06
4.256272411595785392e-06
3.976428981298276454e-06
3.724238161658070168e-06
3.472658920193250006e-06
3.242058885441665941e-06
3.049522579198269705e-06
2.874482005168585830e-06
2.716438087784111673e-06
2.605823682683668918e-06
2.511672991044346821e-06
2.440394596044871411e-06
2.409153928898688727e-06
2.389338391675036309e-06
2.389521123410426237e-06
2.417956932275450478e-06
2.438086386005313394e-06
2.483918441173175389e-06
2.516837460071268215e-06
2.552335881933909024e-06
2.580146327310055665e-06
2.590099138751917959e-06
2.594023309893480657e-06
2.572260998300829786e-06
2.544073327929401648e-06
2.493297651999006296e-06
2.438835767268455330e-06
2.371798310267043978e-06
2.308425212311113270e-06
2.245344101946550121e-06
2.195154933856239415e-06
2.156344779227216081e-06
2.136647735029615714e-06
2.133023643203348528e-06
2.147483543261305321e-06
2.173862313139944704e-06
2.209266856011039605e-06
2.245523297815327712e-06
2.277947434005015860e-06
2.299819912398593172e-06
2.309002773363873962e-06
2.303893679228556300e-06
2.287726159688327615e-06
2.264747852437168571e-06
2.242154578211427980e-06
2.226146451150939368e-06
2.222348352716667319e-06
2.232665915818961374e-06
2.255939837845867702e-06
2.287038258751691293e-06
2.319043031822757912e-06
2.344691018634748704e-06
2.359180203578651909e-06
2.361653319911464994e-06
2.355793516747973023e-06
2.348636188294687244e-06
2.347762019298486965e-06
2.358404978416831478e-06
2.380694012152511472e-06
2.409822679136260912e-06
2.437610439732562829e-06
2.457091203955381707e-06
2.465551814664872227e-06
2.466940678936274655e-06
2.469034024747093396e-06
2.479710609728458499e-06
2.501041194832917988e-06
2.528625537409969891e-06
2.553430787529559875e-06
2.569213371317373307e-06
2.576330022845272034e-06
2.582747129137004221e-06
2.596551233336841570e-06
2.620005359754428072e-06
2.646156325392008154e-06
2.666317218846783267e-06
2.677500787935387149e-06
2.686862678305408304e-06
2.703022775739924282e-06
2.727503163441006722e-06
2.751539598168401695e-06
2.767847324316312734e-06
2.778847992054959309e-06
2.794821943269707138e-06
2.818466940051029211e-06
2.841989279507200184e-06
2.857575373265141529e-06
2.870928998164216671e-06
2.890897038788410414e-06
2.915496191347864283e-06
2.934185221185081642e-06
2.948437763369155052e-06
2.967863580959818366e-06
2.992137623022598321e-06
3.010559086310492261e-06
3.026091371752265906e-06
3.047677816601629347e-06
3.070608306862262323e-06
3.086872555580239284e-06
3.105908370846469948e-06
3.129346802021998709e-06
3.147759913592693007e-06
3.165547914903275482e-06
3.189140540939897174e-06
3.207648828195141664e-06
3.226391193220289831e-06
3.249337057733094756e-06
3.267578301437926005e-06
3.287629087023797638e-06
3.309923049441259198e-06
3.327169262265961758e-06
3.350114360933227351e-06
3.368602627103905243e-06
3.389401936578051637e-06
3.409977965214115499e-06
3.429146461012168685e-06
3.450639584956654747e-06
3.469316795158730176e-06
3.490735049926001269e-06
3.509541392319481596e-06
3.530570657368341055e-06
3.549585576290189308e-06
3.570115167795600247e-06
3.589309477534603633e-06
3.609429044047109029e-06
3.628598616733027748e-06
3.648391796464564509e-06
3.667417720656052999e-06
3.686937843257200670e-06
3.705762995526946684e-06
3.724899765599991557e-06
3.743540420222191894e-06
3.762287682889354906e-06
3.780619679063412891e-06
3.799006139395964503e-06
3.816940320926673077e-06
3.834959896924992083e-06
3.852470753144763924e-06
3.869981328739756471e-06
3.887092336375713069e-06
3.904063465547824861e-06
3.920671152796736096e-06
3.937104173351798790e-06
3.953106171423352936e-06
3.968986821219786391e-06
3.984361158985974564e-06
3.999550929197973601e-06
4.014294376796209039e-06
4.028743765526630355e-06
4.042772498913080810e-06
4.056466933979766661e-06
4.069674956215490658e-06
4.082585911608410976e-06
4.094935657065517603e-06
4.106943177941197433e-06
4.118416666249925890e-06
4.129458502945855056e-06
4.139980067936664249e-06
4.150024533424598161e-06
4.159492204905126529e-06
4.168501391048379611e-06
4.176868619737240926e-06
4.184742933559335376e-06
4.191978932574322296e-06
4.198647832412678472e-06
4.204681938811416982e-06
4.210105930073260572e-06
4.214851231387824085e-06
4.218989995499087049e-06
4.222394154160729776e-06
4.225162568005777150e-06
4.227187868361212526e-06
4.228524242666084578e-06
4.229113928082111801e-06
4.228974487528380814e-06
4.228055408974250773e-06
4.226403435364028251e-06
4.223931689080601522e-06
4.220704447705629929e-06
4.216644122030663613e-06
4.211791796259618510e-06
4.206103361922487562e-06
4.199593981002144339e-06
4.192226374317810601e-06
4.184034279631876020e-06
4.174959567787829813e-06
4.165047494755849485e-06
4.154244894709460800e-06
4.142586320121321671e-06
4.130039162206157470e-06
4.116621193216944420e-06
4.102308170379761588e-06
4.087128020327240811e-06
4.071044299735898348e-06
4.054095172041827892e-06
4.036248327003826121e-06
4.017534877266770763e-06
3.997934200265319361e-06
3.977467292873883016e-06
3.956124966691543373e-06
3.933936325232698681e-06
3.910883661086983537e-06
3.887001324230557653e-06
3.862273469235170716e-06
3.836733203749685460e-06
3.810374612585090755e-06
3.783225651298406772e-06
3.755286193188076532e-06
3.726587815271827254e-06
3.697128183743142231e-06
3.666943178901079710e-06
3.636032868806060490e-06
3.604432073695533844e-06
3.572146842744773995e-06
3.539211202364968827e-06
3.505634349849568890e-06
3.471452041041548361e-06
3.436673568645253924e-06
3.401336535253376797e-06
3.365452899360371158e-06
3.329059408153055204e-06
3.292170814762766099e-06
3.254825325629713957e-06
3.217039321290270659e-06
3.178850357526603756e-06
3.140275606598750704e-06
3.101353796763901501e-06
3.062103870611635437e-06
3.022562377498976814e-06
2.982749072055276913e-06
2.942703808627033559e-06
2.902445988311437820e-06
2.862012744352478723e-06
2.821425005963089768e-06
2.780717981169239105e-06
2.739915547571512591e-06
2.699051278860666573e-06
2.658145391677487047e-06
2.617235854490778034e-06
2.576341077652260304e-06
2.535495623839631591e-06
2.494718621507863288e-06
2.454040891502741926e-06
2.413486073750300557e-06
2.373082126973181089e-06
2.332846745361441220e-06
2.292812965409411480e-06
2.252995051156821597e-06
2.213422397057585631e-06
2.174109837394024555e-06
2.135080961352739218e-06
2.096357417910421889e-06
2.057958612139811504e-06
2.019898144017126125e-06
1.982202153123781930e-06
1.944878251682530457e-06
1.907949842681034121e-06
1.871425161125708258e-06
1.835319398446474547e-06
1.799651070170813579e-06
1.764430273977114353e-06
1.729665590735427721e-06
1.695375252013819462e-06
1.661559740649548453e-06
1.628236489581898555e-06
1.595406102720182046e-06
1.563075511694441563e-06
1.531259794338155572e-06
1.499960019239395184e-06
1.469179828517895997e-06
1.438929671198379198e-06
1.409202998388159057e-06
1.380012926395372964e-06
1.351352446359957205e-06
1.323221225266419294e-06
1.295631812415520400e-06
1.268576689855675490e-06
1.242055664685373573e-06
1.216071939915302376e-06
1.190612997964761326e-06
1.165690152472856540e-06
1.141289409334018123e-06
1.117404648024359198e-06
1.094047112874487018e-06
1.071201459700371424e-06
1.048865465910007526e-06
1.027036100747703674e-06
1.005696633746138540e-06
9.848594315168270986e-07
9.645036805914895088e-07
9.446190541730973307e-07
9.252167314303410935e-07
9.062752770427606646e-07
8.877929740944808335e-07
8.697612112167735451e-07
8.521600182486570975e-07
8.350053219976143136e-07
8.182704042044306250e-07
8.019430705696954731e-07
7.860351040678867697e-07
7.705197602030618255e-07
7.553983896843768734e-07
7.406581352749790031e-07
7.262767714762276008e-07
7.122749748598512048e-07
6.986207294619579943e-07
6.853031845001827339e-07
6.723347673568664355e-07
6.596835053640596285e-07
6.473565518453868217e-07
6.353382986357286045e-07
6.236042447489948014e-07
6.121807501940804349e-07
6.010320751734495164e-07
5.901502910858717475e-07
5.795475434457188011e-07
5.691890090852173727e-07
5.590882111154213493e-07
5.492269531311919702e-07
5.395804793652152046e-07
5.301797984345856146e-07
5.209863779233014830e-07
5.119978213255489232e-07
5.032233221163943003e-07
4.946290277519314168e-07
4.862335493724310067e-07
4.780170653169430883e-07
4.699561466516421960e-07
4.620845468172961011e-07
4.543626636025876283e-07
4.467938134089133679e-07
4.393838519882476872e-07
4.321011881381499416e-07
4.249692643322742996e-07
4.179666958268998792e-07
4.110732479160926688e-07
4.043230628430258992e-07
3.976772082560639179e-07
3.911441578884123982e-07
3.847263527292961946e-07
3.783955401285072541e-07
3.721789749575734719e-07
3.660541422018696192e-07
3.600053208209544665e-07
3.540648034096586848e-07
3.481959592203038067e-07
3.424116892073086596e-07
3.367115614683096406e-07
3.310719156184019970e-07
3.255221683202976165e-07
3.200394076857755744e-07
3.146129406839379778e-07
3.092714279824163979e-07
3.039820410637877137e-07
2.987603427503241579e-07
2.936024647939815002e-07
2.884878633570240050e-07
2.834440778013767281e-07
2.784470772058744745e-07
2.734893654274987678e-07
2.685925927479401285e-07
2.637269036958910171e-07
2.589081421386851977e-07
2.541306220255750411e-07
2.493780682068389407e-07
2.446759201318030525e-07
2.400029956394158977e-07
2.353582144778972504e-07
2.307591471865451488e-07
2.261825500462011904e-07
2.216460513602496750e-07
2.171459201843555881e-07
2.126712379998843027e-07
2.082455474946882535e-07
2.038531358607953325e-07
1.994984029613115685e-07
1.951955239845420624e-07
1.909297405999781721e-07
1.867183421289092705e-07
1.825595216912872235e-07
1.784473707001398866e-07
1.744004499904886053e-07
1.704063324446325921e-07
1.664707715869835344e-07
1.626005127342096588e-07
1.587853379456981047e-07
1.550358820134449356e-07
1.513489000312131066e-07
1.477191402178364980e-07
1.441571163385453666e-07
1.406523527900038741e-07
1.372087372464731346e-07
1.338279063391220040e-07
1.305027447556863054e-07
1.272388274758975203e-07
1.240326843157270592e-07
1.208807488137402061e-07
1.177875919941620484e-07
1.147460503886933047e-07
1.117584752696397202e-07
1.088243794129708413e-07
1.059397495574733020e-07
1.031068117752194433e-07
1.003234806823192498e-07
9.758839178468301312e-08
9.490272898658312633e-08
9.226330887286532393e-08
8.967153714327599213e-08
8.712682939747930121e-08
8.462800387007981986e-08
8.217500062385729491e-08
7.976755732693050877e-08
7.740582671616342128e-08
7.508887166436330431e-08
7.281644990704700094e-08
7.058868872641933748e-08
6.840543890559690788e-08
6.626720077774601411e-08
6.417204033299402286e-08
6.212121337044158364e-08
6.011530175913899784e-08
5.815212742228980545e-08
5.623334238831855669e-08
5.435778002848904538e-08
5.252552440911097481e-08
5.073788660223043068e-08
4.899172283564759719e-08
4.728903509206301383e-08
4.562990010578090909e-08
4.401170311636323422e-08
4.243695711299596297e-08
4.090311985229878625e-08
3.941053173185548567e-08
3.796045722906313369e-08
3.654924020506221206e-08
3.517904439496506524e-08
3.384924920330304559e-08
3.255724378453509075e-08
3.130547300217300675e-08
3.009092387121399737e-08
2.891361022284938693e-08
2.777462437838921657e-08
2.667016544988975392e-08
2.560238976382716855e-08
2.456993549358036237e-08
2.357084917765986469e-08
2.260665543864163763e-08
2.167449538158380154e-08
2.077436500993109254e-08
1.990663663379221480e-08
1.906848181187234182e-08
1.826109317723009386e-08
1.748296812098031445e-08
1.673302236878170957e-08
1.601152208608499195e-08
1.531641913752215590e-08
1.464761735552380078e-08
1.400469317177906099e-08
1.338602062929904485e-08
1.279204333808215321e-08
1.222123979844985135e-08
1.167280878535216160e-08
1.114675459104790401e-08
1.064167829789964809e-08
1.015705904520720240e-08
9.692523736401075354e-09
9.246747657072992928e-09
8.820143606915686540e-09
8.411387072000259849e-09
8.019395296534519367e-09
7.644483572550832725e-09
7.285661101521590656e-09
6.942279344765835112e-09
6.613672701985031230e-09
6.299375600681758600e-09
5.999209749470545192e-09
5.712327583578537015e-09
5.438071907866733510e-09
5.175771386896106074e-09
4.925868981786978621e-09
4.687174122472682534e-09
4.458769863320033004e-09
4.241558918169806366e-09
4.033839662743841570e-09
3.835969528035479251e-09
3.647518693510665765e-09
3.466905835645451648e-09
3.295842570009981730e-09
3.132437551891051135e-09
2.976154829308918841e-09
2.828398214694482788e-09
2.686754805661468060e-09
2.552411113633725084e-09
2.424695387915063608e-09
2.302080062950517091e-09
2.186512670666423679e-09
2.076046467671058792e-09
1.970703418941720182e-09
1.871362217638487448e-09
1.776112428207556533e-09
1.686047516621791172e-09
1.600400754204565471e-09
1.518181905648065953e-09
1.440920259479857606e-09
1.367046786500073841e-09
1.296869687518794571e-09
1.230679470462321429e-09
1.167343227282932896e-09
1.107601838186518909e-09
1.050790614158223162e-09
9.962292727504816607e-10
9.450647790610449894e-10
8.960967999976669895e-10
8.496368714643311509e-10
8.058130660420985105e-10
7.638694581011251612e-10
7.245284790348284255e-10
6.871795193110802807e-10
6.512872192764845102e-10
6.178523715010555017e-10
5.857722681108353012e-10
5.553524822013569818e-10
5.266379324750803525e-10
4.989354698878591441e-10
4.731066013300136616e-10
4.485115512892682213e-10
4.247487615819174338e-10
4.028405554367268765e-10
3.817442937924031816e-10
3.618831033016044071e-10
3.432447189355832442e-10
3.251260414236961027e-10
3.084983507494769832e-10
2.926166194496037984e-10
2.771564753763721579e-10
2.630443173790141385e-10
2.492503384126625909e-10
2.363314100633320749e-10
2.241942212467284124e-10
2.122208179313448223e-10
2.013892224353201782e-10
1.909540081247042084e-10
1.807638334137258739e-10
1.715929249303915890e-10
1.624990640627683102e-10
1.540868749143607183e-10
1.462019971578208966e-10
1.383276037931660100e-10
1.313336765359382574e-10
1.245215452829529033e-10
1.178935523363923328e-10
1.119981931395309049e-10
1.060654803172907182e-10
1.006531970522033297e-10
9.558993111276916634e-11
9.046855027685387616e-11
8.599395346810832566e-11
8.156816516961734251e-11
7.729067287618162783e-11
7.347344196531830968e-11
6.958920007649728094e-11
6.607226091667021687e-11
6.276619423685916845e-11
5.939659321396077399e-11
5.648545116940346286e-11
5.356511752232000635e-11
5.078318050093603442e-11
4.827820861767041332e-11
4.573181233427827664e-11
4.343862664261150114e-11
4.127388748722101123e-11
3.906643400995916760e-11
3.716664225592967465e-11
3.523812431982612883e-11
3.343278769257864343e-11
3.179985605641509131e-11
3.012732201377988111e-11
2.862672168093192299e-11
2.720240247606874189e-11
2.576127099902952683e-11
2.451604666454498275e-11
2.325199729061269552e-11
2.207171205485475436e-11
2.099159351352559756e-11
1.989087058800621109e-11
1.891540560569160842e-11
1.797410095428449918e-11
1.703329621036262585e-11
1.621403922456175523e-11
1.538076501612196829e-11
1.460953415897886725e-11
1.389618651263565640e-11
1.317291576535105646e-11
1.253031455044944337e-11
1.190885652335711815e-11
1.129180580245697454e-11
1.075059529792889602e-11
1.019704688316685584e-11
9.689882199972404927e-12
9.213300352993529610e-12
8.735065959262090298e-12
8.308922660035345514e-12
7.892918832480882908e-12
7.483850481663444034e-12
7.118694759344702747e-12
6.750756539657036041e-12
6.410645935432523078e-12
6.092367290280454810e-12
5.770748100884953541e-12
5.483960698618135404e-12
5.202118116471886812e-12
4.927751882634807333e-12
4.680092837826114468e-12
4.429489002258829283e-12
4.198898053341660532e-12
3.979045106218156673e-12
3.760597553401502540e-12
3.562293372935690497e-12
3.366517875814923620e-12
3.178213119472118606e-12
3.004307619319964386e-12
2.830623335678464904e-12
2.668109595253269896e-12
2.513248103676213324e-12
2.359299146825877938e-12
2.218304869812144469e-12
2.079210755611644178e-12
1.945359662213252580e-12
1.820322440560321340e-12
1.696379386455965525e-12
1.580153874771159860e-12
1.469029206617249611e-12
1.359935185755413088e-12
1.259195767648875493e-12
1.160624246226162319e-12
1.067746055663664367e-12
9.800489180426018763e-13
8.958226702180036929e-13
8.174978435047589899e-13
7.437342456422345481e-13
6.740892283214264837e-13
6.105829812518109861e-13
5.511156966366214495e-13
4.968747674839140511e-13
4.480565189899699940e-13
4.034505213294721250e-13
3.643576796547915781e-13
3.300439296020787301e-13
2.998394106592437686e-13
2.748565753791731951e-13
2.533998547592042782e-13
2.359454580552898009e-13
2.221609984243874458e-13
2.108462416691228454e-13
2.023299680854895383e-13
1.955482308378936343e-13
1.899482597932334212e-13
1.853240025618830156e-13
1.805808402187590547e-13
1.756415176155226886e-13
1.699366336189651311e-13
1.630671737150016168e-13
1.549715558015483372e-13
1.454625523516975551e-13
1.347489395945564891e-13
1.229785697482875255e-13
1.105758609119674912e-13
9.798626994279094591e-14
8.576910466167921711e-14
7.450776038636982339e-14
6.463742990574890436e-14
5.658009169020412370e-14
5.064712881098737783e-14
4.671273898477596551e-14
4.477401908434954271e-14
4.431574775465797548e-14
4.480289555164377153e-14
4.561230590442220177e-14
4.595490530923581266e-14
4.536453438227059055e-14
4.351783520705852426e-14
4.021654387661951823e-14
3.583404465708016502e-14
3.071365604688858638e-14
2.560577244139422163e-14
2.121335893609249724e-14
1.803552068804322256e-14
1.641285288158386894e-14
1.627480218507930785e-14
1.710301583832608523e-14
1.829827225446386274e-14
1.899203104310974343e-14
1.866120222827760976e-14
1.710273933453814485e-14
1.451466655503988113e-14
1.158365880866566898e-14
9.111630925033588851e-15
7.685327600354372318e-15
7.594586832314700906e-15
8.403973020541029419e-15
9.418607509800164844e-15
9.825236300426399987e-15
9.115915785246382557e-15
7.473186683931369634e-15
5.584778849722053747e-15
4.266514561099067784e-15
4.083462861894675642e-15
4.760445372590473591e-15
5.576964223050067419e-15
5.689642074897324542e-15
4.798635255549490804e-15
3.436674124151427784e-15
2.498095075619547102e-15
2.511120707709869284e-15
3.220126723931005046e-15
3.674045932124869973e-15
3.277870671760841306e-15
2.274223551470532038e-15
1.563375351468005876e-15
1.722251699879907780e-15
2.328863202121053266e-15
2.435477974877282289e-15
1.798260296887261860e-15
1.102153511926174226e-15
1.156725859262082864e-15
1.657681586058380419e-15
1.689295734201716582e-15
1.090931186769058981e-15
7.267004687928494152e-16
1.030419785738991019e-15
1.308539893837919907e-15
9.206798921309284903e-16
5.357893141657093844e-16
7.607191810083667902e-16
9.832817459263374274e-16
6.286797671448321746e-16
4.097680272007348779e-16
6.838091871740156660e-16
6.859999526054691383e-16
3.343838821327932490e-16
4.422234394768001207e-16
5.894470553903953119e-16
3.153985123833894756e-16
3.132376387696885571e-16
4.827242610790658765e-16
2.472317814168906251e-16
2.760485779420953303e-16
3.721263144026541769e-16
1.808070630855633492e-16
2.677549141963383039e-16
2.633232479382048020e-16
1.397120406184729488e-16
2.700156328288942010e-16
1.282786705858243575e-16
1.963991809580908187e-16
1.566461124327670626e-16
1.305130376650243963e-16
1.629108231807260891e-16
9.768061020858910199e-17
1.470846968103395448e-16
8.422530285841530153e-17
1.246229037982620530e-16
7.668706720676228749e-17
1.040058334313604299e-16
6.978030926713831174e-17
8.720681445807892100e-17
6.260398660980004435e-17
7.377727907536766204e-17
5.546325420571656831e-17
6.289289590223262339e-17
4.871464032397317766e-17
5.390325206607012752e-17
4.255078465997892002e-17
4.636512336579984561e-17
3.703457025041224417e-17
3.997791936732913821e-17
3.215694155244025210e-17
3.452886123790294022e-17
2.787515728953215019e-17
2.985938139762126710e-17
2.413347671595170992e-17
2.584602930797990007e-17
2.087347111418649687e-17
2.238954309726623989e-17
1.803889020673865314e-17
1.940830954245108530e-17
1.557778058614870601e-17
1.683420747660911046e-17
1.344323512138623459e-17
1.460979624646975940e-17
1.159346819338945218e-17
1.268630382831365421e-17
9.991568730463477092e-18
1.102211855539544470e-17
8.605111361176876050e-18
9.581616513886776456e-18
7.405718552708188224e-18
8.334224642770192397e-18
6.368621363235263876e-18
7.253656974052025560e-18
5.472242444206819569e-18
6.317282756942768515e-18
4.697812085624334752e-18
5.505598095229762001e-18
4.029021198777026502e-18
4.801780655691788846e-18
3.451711422328660964e-18
4.191312203623642359e-18
2.953600572535032204e-18
3.661657288734859257e-18
2.524040849419713440e-18
3.201988852230044027e-18
2.153806724206448802e-18
2.802953341721015889e-18
1.834909493798101654e-18
2.456469331115188394e-18
1.560435525037938801e-18
2.155554642675419199e-18
1.324405499419314085e-18
1.894177842191289702e-18
1.121652143907277623e-18
1.667130644026719374e-18
9.477142416188992173e-19
1.469918281896316432e-18
7.987449306412950365e-19
1.298665410437390261e-18
6.714325653067217817e-19
1.150035437288566576e-18
5.629326260123799683e-19
1.021161519304387701e-18
4.708093520916885432e-19
9.095877598090849249e-19
3.929859829951329487e-19
8.132193271284883719e-19
3.277026366339092271e-19
7.302804819762775054e-19
2.734810361324495049e-19
6.592796358431735175e-19
2.290953993824845561e-19
5.989807440337005379e-19
1.935489673801698281e-19
5.483804776290773222e-19
1.660557609045221632e-19
5.066907612134530968e-19
1.460272404562683658e-19
4.733263588488390480e-19
1.330637029582538423e-19
