# bin_3_3
4.728594563097745062e-08
5.892569839751723974e-09
4.640443901221327621e-08
7.283351987511014006e-09
4.631612096556796327e-08
9.390452595741173323e-09
4.707186430163777228e-08
1.228253179548258587e-08
4.874622047430633851e-08
1.605271225739461084e-08
5.144012034784650197e-08
2.082165720953435441e-08
5.528425105494899716e-08
2.674135481380664529e-08
6.044317968235220093e-08
3.399967335415242118e-08
6.712028908882184450e-08
4.282576702116522681e-08
7.556360026527669580e-08
5.349639491430454009e-08
8.607255116517547957e-08
6.634322688971897391e-08
9.900578784615809609e-08
8.176118071822642492e-08
1.147900081047285963e-07
1.002178169484274749e-07
1.339298621423188575e-07
1.222637728198626009e-07
1.570188621564980856e-07
1.485441542309333283e-07
1.847511810578402595e-07
1.798107162976745588e-07
2.179341132953103716e-07
2.169345419984522950e-07
2.575008292994925984e-07
2.609187615275773186e-07
3.045228687980718530e-07
3.129106432004690518e-07
3.602215729377438401e-07
3.742121146551346744e-07
4.259773543827020756e-07
4.462874339359336744e-07
5.033353301668211864e-07
5.307663234266538671e-07
5.940054007648890149e-07
6.294404074661510276e-07
6.998543584524668848e-07
7.442502649639842839e-07
8.228870611741549088e-07
8.772598609946333387e-07
9.652131650611431709e-07
1.030614593870372120e-06
1.128995430220334290e-06
1.206478793454333071e-06
1.316375310160593443e-06
1.406948338978674614e-06
1.529371563295892532e-06
1.633934338548643973e-06
1.769748196593483901e-06
1.889014756053991779e-06
2.038849453454380234e-06
2.173252814488844894e-06
2.337402128285397530e-06
2.486984302154382012e-06
2.665289618704645812e-06
2.829580959203666155e-06
3.021308180271373483e-06
3.199204252361356510e-06
3.402924102901395983e-06
3.592573222222530990e-06
3.806060976553889002e-06
4.004781497389354234e-06
4.224958376599239375e-06
4.429211159557792600e-06
4.652155864598369585e-06
4.857603075527274746e-06
5.078666702474453530e-06
5.280351389378063879e-06
5.494410120494467066e-06
5.687089244340221467e-06
5.888963657603692720e-06
6.067616982284360101e-06
6.252670851247108848e-06
6.413185475838910536e-06
6.578086815397669995e-06
6.718078886767409267e-06
6.861659347129174120e-06
6.981339681244732196e-06
7.105426396044337319e-06
7.208349454954546113e-06
7.318373945380161862e-06
7.411842316079699552e-06
7.516971898292202339e-06
7.611824941763933363e-06
7.724343325043278545e-06
7.833874892112930297e-06
7.967600819605998144e-06
8.105469755802305608e-06
8.273187226469432307e-06
8.450440890800822545e-06
8.660643397053371031e-06
8.882368458960325728e-06
9.136061224139426306e-06
9.398634703329301310e-06
9.687370023523554440e-06
9.977627673640481308e-06
1.028413334033714596e-05
1.058171764946607884e-05
1.088410371334217243e-05
1.116749180527302841e-05
1.144683372527682527e-05
1.170194422015552926e-05
1.195110626494521558e-05
1.217928580638658327e-05
1.240885234590995916e-05
1.262950732346830540e-05
1.286604038694512434e-05
1.310985226731733179e-05
1.338405122879972531e-05
1.367693259590169712e-05
1.400521657607465427e-05
1.435027412935080899e-05
1.472052700959006429e-05
1.509110870649573307e-05
1.546591521656659363e-05
1.582041486533322636e-05
1.616249729810648135e-05
1.647668302029364003e-05
1.678168972056951421e-05
1.707376169640656129e-05
1.737944832297282554e-05
1.769769206705490563e-05
1.804941901517854817e-05
1.842168581026043059e-05
1.881877053535173264e-05
1.921283258580039788e-05
1.959924445752827594e-05
1.995284847505787053e-05
2.028251656699974319e-05
2.058453928261266740e-05
2.088761159119124981e-05
2.119803457244787015e-05
2.153728147650269686e-05
2.188949199625561887e-05
2.224749154297616825e-05
2.257617152328158941e-05
2.286981199146311607e-05
2.311827468816675526e-05
2.335068138569721275e-05
2.358071101525059053e-05
2.383143857942914467e-05
2.408189407601305605e-05
2.431358152868680686e-05
2.448971597448624016e-05
2.461728221968034254e-05
2.471006039587133048e-05
2.480754878794717524e-05
2.490590852527183591e-05
2.498786641233007413e-05
2.500811511664128832e-05
2.496910930976981756e-05
2.489200094760324078e-05
2.482003134773834576e-05
2.473809061181323832e-05
2.461437822293078688e-05
2.441622957174026097e-05
2.418213698436906878e-05
2.394650326542429285e-05
2.371240451350081663e-05
2.342385586423451408e-05
2.308111056085692222e-05
2.272640566224726184e-05
2.239757360823775077e-05
2.204345658218876658e-05
2.164600996979791520e-05
2.124865432622951805e-05
2.089800587910965382e-05
2.053725458747335630e-05
2.015888566138744536e-05
1.982173112252920620e-05
1.954257906295985811e-05
1.925274739359066211e-05
1.900043498679872484e-05
1.882669983808636278e-05
1.867883749118258086e-05
1.855499855144435661e-05
1.852967014767944328e-05
1.852641614553727871e-05
1.856120579734105614e-05
1.867794574836506344e-05
1.880691838790310587e-05
1.897179850734493720e-05
1.919521272373245324e-05
1.938981709642674072e-05
1.964267899598289547e-05
1.986169287131541136e-05
2.008805344571985306e-05
2.029953987324819453e-05
2.047301032670902321e-05
2.063987165126377466e-05
2.075201442657887939e-05
2.085754503715618228e-05
2.091516779089869723e-05
2.097025387650128741e-05
2.099787949784285603e-05
2.103552651998326695e-05
2.107119717150821803e-05
2.113327700520723347e-05
2.121506332341163811e-05
2.133431341859053548e-05
2.148262083079411066e-05
2.166606382698165595e-05
2.187112071326716243e-05
2.209407772329640194e-05
2.231814504062133397e-05
2.253586734513791148e-05
2.273353278159936339e-05
2.290820361795264292e-05
2.305601521856903412e-05
2.318391439124346297e-05
2.329918228579421838e-05
2.341603966932974542e-05
2.354554164681809132e-05
2.369881999273060964e-05
2.387894265471009580e-05
2.408419130139716639e-05
2.430448420447715892e-05
2.452720958938904767e-05
2.473834980232885968e-05
2.492921772462152952e-05
2.509789407498253723e-05
2.525159571100473152e-05
2.540328429390205963e-05
2.556746162599385046e-05
2.575373508055789465e-05
2.596255432609633978e-05
2.618466623284626437e-05
2.640484899376826245e-05
2.660979551595770595e-05
2.679452850596899746e-05
2.696629219443025114e-05
2.713983719499144846e-05
2.732985162964680329e-05
2.754036054552610330e-05
2.776296595705592625e-05
2.798074566102834169e-05
2.818178317884661099e-05
2.836676209703696544e-05
2.855052715458003429e-05
2.874836886221430508e-05
2.896449684772516221e-05
2.918591056069885187e-05
2.939614161739547815e-05
2.958951337089690391e-05
2.977931773124463212e-05
2.998179023558218107e-05
3.019977578049534139e-05
3.041684472829000411e-05
3.061916265612848125e-05
3.081118287176055437e-05
3.101212030486430384e-05
3.122709708890498780e-05
3.144141910574829469e-05
3.164030088366532917e-05
3.183427785161901220e-05
3.203996976778453800e-05
3.225366920683699681e-05
3.245551567263508630e-05
3.264806153242143428e-05
3.284928103799000917e-05
3.305857423069375096e-05
3.325578337760011976e-05
3.344627320587191153e-05
3.364678089569721583e-05
3.384842997672573835e-05
3.403603740310019992e-05
3.422722386464852149e-05
3.442506078160068955e-05
3.461159558565814833e-05
3.479493119847938871e-05
3.498732273948016266e-05
3.516808386119363029e-05
3.534677418078699954e-05
3.553118602832440698e-05
3.570444034566269318e-05
3.587821931749444055e-05
3.605372692119387462e-05
3.621693730457768267e-05
3.638768366381733290e-05
3.654740506682485726e-05
3.670789205157778040e-05
3.686471672682053725e-05
3.701579067490263006e-05
3.716718599621723950e-05
3.730998472121010924e-05
3.745393129264992609e-05
3.758892884249488876e-05
3.772430359988037708e-05
3.785134085246715560e-05
3.797698077388108576e-05
3.809575954627599973e-05
3.821138352577839367e-05
3.832072138293184338e-05
3.842621421795162630e-05
3.852519690495234607e-05
3.862013170531123453e-05
3.870827095267308172e-05
3.879169111175709880e-05
3.886868520362451318e-05
3.894008847700424332e-05
3.900507097129897059e-05
3.906416592286049075e-05
3.911636279267836848e-05
3.916267472739893451e-05
3.920169280473404552e-05
3.923441981753576714e-05
3.925993198052617130e-05
3.927857472770445254e-05
3.928993842102639528e-05
3.929420452468676469e-05
3.929083245606841143e-05
3.928034326080171037e-05
3.926188648571198129e-05
3.923606651354800772e-05
3.920228700077137612e-05
3.916078569401739248e-05
3.911128364842610946e-05
3.905388790419789307e-05
3.898828564988476131e-05
3.891480151757857939e-05
3.883292902975068870e-05
3.874306446559620982e-05
3.864483403127988935e-05
3.853844976453801402e-05
3.842374692893039647e-05
3.830083804534090277e-05
3.816955596966635516e-05
3.803015717765228875e-05
3.788237406196688119e-05
3.772651256226622839e-05
3.756237831366222743e-05
3.739019192905626560e-05
3.720989002285682182e-05
3.702162788303292351e-05
3.682536808909665197e-05
3.662135534191635354e-05
3.640949598525184181e-05
3.619007174233714573e-05
3.596304018560572577e-05
3.572864388777721717e-05
3.548691370028909318e-05
3.523807342044937081e-05
3.498219772440448115e-05
3.471951651979514678e-05
3.445006875643759293e-05
3.417416886106228755e-05
3.389187983329227283e-05
3.360346962775996246e-05
3.330906283386514112e-05
3.300892256426507401e-05
3.270318481437757584e-05
3.239213520037251498e-05
3.207591243649545967e-05
3.175481459903575554e-05
3.142899808576208725e-05
3.109874896760345797e-05
3.076424342766480421e-05
3.042578709403235678e-05
3.008356008971708773e-05
2.973785723548071354e-05
2.938888076685150852e-05
2.903692013827831276e-05
2.868218308476702354e-05
2.832495434287921981e-05
2.796543580097230256e-05
2.760394712671970712e-05
2.724068259661234457e-05
2.687593239426357296e-05
2.650991850752186163e-05
2.614290861020543061e-05
2.577512528453517718e-05
2.540682591861343544e-05
2.503821303022482826e-05
2.466959482297114206e-05
2.430115092343069117e-05
2.393314543912615857e-05
2.356578688104277254e-05
2.319930039560736478e-05
2.283390004777150460e-05
2.246980014156366737e-05
2.210716718960419554e-05
2.174628408486976554e-05
2.138729015811386184e-05
2.103040520594797851e-05
2.067580145146207148e-05
2.032364333534487103e-05
1.997412602898042950e-05
1.962739553274676013e-05
1.928357539792203932e-05
1.894290656993782889e-05
1.860546845648760968e-05
1.827142940881783153e-05
1.794090604576184880e-05
1.761399855477089219e-05
1.729087745273747163e-05
1.697161109130761945e-05
1.665626562731169544e-05
1.634504008953210043e-05
1.603794554925556780e-05
1.573510208577424927e-05
1.543655974052136467e-05
1.514235251366536309e-05
1.485263270175560743e-05
1.456738627618166596e-05
1.428662584026523002e-05
1.401050811910136641e-05
1.373897277125030384e-05
1.347210323772479840e-05
1.320988339209298499e-05
1.295228377638710599e-05
1.269944798843339110e-05
1.245128094381018756e-05
1.220775583088734441e-05
1.196899227403355756e-05
1.173485639773758294e-05
1.150541589162034929e-05
1.128059733492706645e-05
1.106031009007969794e-05
1.084470523713821201e-05
1.063361558362853362e-05
1.042699076820883326e-05
1.022491711001416467e-05
1.002719751410584395e-05
9.833903355868409921e-06
9.644908019926490725e-06
9.460074003917071661e-06
9.279570268693721033e-06
9.103167782153568510e-06
8.930815541616194075e-06
8.762562647611210818e-06
8.598172720717543041e-06
8.437733704069244931e-06
8.281074074827690082e-06
8.128025291172413016e-06
7.978779400479133903e-06
7.833057263556322870e-06
7.690824760411138090e-06
7.552095255516438867e-06
7.416609723298770621e-06
7.284490735458858336e-06
7.155527898086796859e-06
7.029540988706748432e-06
6.906745521122704304e-06
6.786825130373913663e-06
6.669774854477145220e-06
6.555575084703752457e-06
6.443958105152640857e-06
6.335096326335409095e-06
6.228745391488557788e-06
6.124731641047742902e-06
6.023287569919760580e-06
5.924070953856196722e-06
5.827116480960267845e-06
5.732375129492826052e-06
5.639586944162162171e-06
5.548978522357810812e-06
5.460272911830900081e-06
5.373315820888990804e-06
5.288347791634771656e-06
5.205019737354698491e-06
5.123415265762314132e-06
5.043456002377524631e-06
4.964896183454965026e-06
4.888009777921173567e-06
4.812498246540744004e-06
4.738244082212364117e-06
4.665480541367040640e-06
4.593861448331262821e-06
4.523520237036598185e-06
4.454360092988381300e-06
4.386156304395549486e-06
4.319210170965883869e-06
4.253211885919551688e-06
4.188098728041503998e-06
4.124081341987274507e-06
4.060822561305316561e-06
3.998502388361841997e-06
3.937018904569849595e-06
3.876165227448470498e-06
3.816253305984680580e-06
3.756982559183509828e-06
3.698340446853377004e-06
3.640500100814831362e-06
3.583161379950246067e-06
3.526528247039391804e-06
3.470496363757132361e-06
3.414894636983190671e-06
3.360020199634795416e-06
3.305594179570784918e-06
3.251659540708939380e-06
3.198334230187748894e-06
3.145387233973030526e-06
3.093019753837773020e-06
3.041139950186241221e-06
2.989620173560858152e-06
2.938722448959723937e-06
2.888201011698159816e-06
2.838122752985398250e-06
2.788543927988984511e-06
2.739267826289286467e-06
2.690448178678614173e-06
2.641961014824577363e-06
2.593678542577077327e-06
2.545770591044658526e-06
2.497999023922568809e-06
2.450418497506287205e-06
2.403042007877158234e-06
2.355731221732646462e-06
2.308645356996503351e-06
2.261718665744843220e-06
2.214927649251973234e-06
2.168466199248617263e-06
2.122226026408839460e-06
2.076343575413114612e-06
2.030884260582713331e-06
1.985812671648461763e-06
1.941301443367858567e-06
1.897325844019342601e-06
1.853902524683670780e-06
1.811167914155654151e-06
1.769038183329283890e-06
1.727607016584659011e-06
1.686888145193158433e-06
1.646833596707008824e-06
1.607531372853565420e-06
1.568926012536100963e-06
1.531007944809419234e-06
1.493825031275064054e-06
1.457293095779247493e-06
1.421450451544082092e-06
1.386275926497781028e-06
1.351720185111789257e-06
1.317812593146173060e-06
1.284501143378764505e-06
1.251775130778522189e-06
1.219640503628766751e-06
1.188044511662279704e-06
1.157001401290724998e-06
1.126494429233701628e-06
1.096498454504856315e-06
1.067017437652025795e-06
1.038028834789329718e-06
1.009533217390431086e-06
9.815229745405820969e-07
9.539837093446748365e-07
9.269156073477462435e-07
9.003167305035031723e-07
8.741854742929070253e-07
8.485092084857650885e-07
8.232918821252158284e-07
7.985374991992136086e-07
7.742351926014387145e-07
7.503978450672847643e-07
7.270125457390948675e-07
7.040870098810198827e-07
6.816316877013908480e-07
6.596227204970250037e-07
6.380810486463499277e-07
6.170048236146959439e-07
5.963827913154640377e-07
5.762349839549538807e-07
5.565365213076563544e-07
5.373019002548406988e-07
5.185430554987930337e-07
5.002267146411502782e-07
4.823786034951637318e-07
4.649874492482417400e-07
4.480423085608785775e-07
4.315642197361639968e-07
4.155221948669493610e-07
3.999262752304660138e-07
3.847836151297225857e-07
3.700615326776528987e-07
3.557844051865346725e-07
3.419302319969742260e-07
3.284931304753964712e-07
3.154833875876152049e-07
3.028700702625699970e-07
2.906646908669598237e-07
2.788622958559984839e-07
2.674340752307797564e-07
2.564007639274415282e-07
2.457405832778456261e-07
2.354385679803669039e-07
2.255092151640593997e-07
2.159191854975331230e-07
2.066727657423411391e-07
1.977695156450164804e-07
1.891837692304631241e-07
1.809245265727045603e-07
1.729699999121850434e-07
1.653185560936810270e-07
1.579623301193862246e-07
1.508872587912200696e-07
1.440928825270942704e-07
1.375636230970527265e-07
1.312980833551421730e-07
1.252854570715677625e-07
1.195160989892939119e-07
1.139830218459432186e-07
1.086782840955664129e-07
1.035952539643027002e-07
9.872767561582461845e-08
9.406735685422937773e-08
8.960063112098617032e-08
8.533275397584261524e-08
8.125046137418296629e-08
7.734044518022116459e-08
7.360572800445994292e-08
7.003514018398909188e-08
6.662634294321259907e-08
6.337039777305474581e-08
6.025861513493752681e-08
5.729041858521395125e-08
5.446008271312072317e-08
5.175847759370455271e-08
4.917563313869581041e-08
4.672074476091987511e-08
4.437854158669439883e-08
4.214304595079211427e-08
4.002146724269588175e-08
3.798984133901166617e-08
3.606409331511652998e-08
3.423047598426330143e-08
3.247284060743511077e-08
3.081589930452827002e-08
2.923071407425367125e-08
2.772265831892697909e-08
2.629764248041900221e-08
2.492884095443650630e-08
2.363908938120011316e-08
2.241121586196673734e-08
2.123493555800303168e-08
2.013112599928577308e-08
1.907349286502932635e-08
1.807161349692643392e-08
1.712456845527634862e-08
1.621631172391899565e-08
1.536359421784088703e-08
1.455136086692388450e-08
1.377506764225528841e-08
1.304674098485040822e-08
1.235026039603736650e-08
1.169284301330077023e-08
1.107039741749757995e-08
1.047476190614243448e-08
9.917037217499099173e-09
9.385735669902549274e-09
8.878438698328187952e-09
8.402825296550469672e-09
7.948569204978582288e-09
7.521039040625371888e-09
7.116317522872099098e-09
6.728407509618010272e-09
6.367628574151811299e-09
6.023583830472327468e-09
5.694644375035483817e-09
5.387924008230656139e-09
5.093116679175300084e-09
4.816945866005746658e-09
4.555954811033356096e-09
4.303571507283383941e-09
4.071991935064921430e-09
3.850476950397429249e-09
3.638708695828384386e-09
3.443574050847811302e-09
3.253692730565674206e-09
3.077601911523600752e-09
2.911130212752290006e-09
2.747638950764206848e-09
2.600021384434835619e-09
2.456908857067077940e-09
2.320403764993211009e-09
2.195710795142367280e-09
2.072717789653015654e-09
1.960523076489674442e-09
1.854688309441446552e-09
1.749642291542336397e-09
1.657056756687419895e-09
1.565986231282337618e-09
1.479758641392873310e-09
1.401355993498355189e-09
1.322488896814651653e-09
1.251691800478126319e-09
1.184351092076981082e-09
1.116654234829335281e-09
1.057892519863168415e-09
9.989525489169915886e-10
9.437644452856162698e-10
8.936494715141457640e-10
8.425888218979353089e-10
7.977313575222168235e-10
7.548012224116879603e-10
7.115407668701664446e-10
6.745925053719856406e-10
6.369132887785753883e-10
6.021683680761439283e-10
5.705027122394538037e-10
5.378514843516176372e-10
5.097179040737276456e-10
4.824626628686209709e-10
4.550133316972395384e-10
4.318025616088182396e-10
4.077830753926345231e-10
3.859952398720310785e-10
3.659929984719206335e-10
3.451833011343278272e-10
3.275187377033795516e-10
3.100836630909839527e-10
2.926192455045878933e-10
2.778573075254440859e-10
2.623380536703014435e-10
2.484181523341909191e-10
2.355463223295133552e-10
2.221149783913691723e-10
2.108121474707867684e-10
1.995000234026687592e-10
1.883563253435983422e-10
1.789265339466997630e-10
1.689486235627283943e-10
1.600607576694203951e-10
1.517999001096161676e-10
1.431768181489944880e-10
1.360057485138223194e-10
1.287326230214589777e-10
1.216888059478426605e-10
1.156009198162385131e-10
1.092248805225156964e-10
1.035631499455308657e-10
9.829107869226108854e-11
9.278449579386709463e-11
8.820252327394922208e-11
8.348417913241453693e-11
7.903243901691880638e-11
7.507760227295078322e-11
7.099341805218868669e-11
6.735122363748562888e-11
6.394778205921294414e-11
6.042585159556524035e-11
5.745423939932873386e-11
5.440886066690480829e-11
5.155617053892195976e-11
4.899066047021312302e-11
4.635524318036145526e-11
4.401898774949113442e-11
4.179360080176649874e-11
3.953191998679974984e-11
3.760135729502117050e-11
3.562567978578668923e-11
3.379559528628753216e-11
3.211660701465565721e-11
3.040734218900256148e-11
2.888482309008352322e-11
2.743399203408704338e-11
2.597103596298902375e-11
2.470912234997631567e-11
2.341626845015276776e-11
2.223074604022243406e-11
2.112700692730996558e-11
2.001653126034516507e-11
1.902777965806743166e-11
1.806858512024922252e-11
1.712685438342935896e-11
1.628993184859250099e-11
1.544471756407149721e-11
1.466456778980106129e-11
1.393580481762752016e-11
1.320773316080490024e-11
1.255322841032542468e-11
1.191829526002507107e-11
1.129733651178710199e-11
1.074124462032284639e-11
1.018090357914502751e-11
9.662982776184371656e-12
9.176298351213129680e-12
8.692197307329159214e-12
8.254021954562683747e-12
7.825834716366488844e-12
7.412365866267780512e-12
7.033214675774116603e-12
6.656731942642238917e-12
6.306936264937359212e-12
5.973163930251871299e-12
5.646235125298886845e-12
5.344305448063983042e-12
5.049543464445097327e-12
4.768304117828942812e-12
4.502844919405795937e-12
4.243473080273692873e-12
3.998256878815471734e-12
3.764043867133810450e-12
3.535594488867157542e-12
3.321699751192966634e-12
3.113114385879928762e-12
2.913363278888945514e-12
2.724495870632498477e-12
2.540434325106472022e-12
2.365480802310593121e-12
2.198859149158211750e-12
2.036868458708209226e-12
1.885235394945416258e-12
1.738464409762532973e-12
1.599307591014332367e-12
1.468170322548818255e-12
1.342916731981105713e-12
1.225642034210368116e-12
1.115287168259650289e-12
1.012080266403619615e-12
9.165878816531134497e-13
8.279225525175937939e-13
7.472132447276049602e-13
6.735731412370252222e-13
6.077458894820752591e-13
5.488980361976627832e-13
4.971057634629093862e-13
4.527562068361010470e-13
4.144646914034638595e-13
3.826441771744228737e-13
3.565707154632269420e-13
3.354276998570142284e-13
3.186603245796424163e-13
3.046462065976085671e-13
2.939065617635887691e-13
2.855948331358747704e-13
2.781811957103819177e-13
2.711496065720507209e-13
2.634613482806822181e-13
2.545580214642597378e-13
2.444613846271166049e-13
2.320093263329468312e-13
2.177721605595295030e-13
2.018728755652342581e-13
1.841435758710985865e-13
1.657590509018809686e-13
1.470229316892532661e-13
1.287295470119292276e-13
1.121489318347517371e-13
9.732642542625780335e-14
8.533048990569463333e-14
7.654150925807067748e-14
7.053739138995881466e-14
6.761350708883786253e-14
6.681260908068000932e-14
6.729876222205068477e-14
6.851999276687368196e-14
6.883415273564001194e-14
6.792441915135399176e-14
6.516883791612234722e-14
6.017124536487553959e-14
5.369928402921299335e-14
4.609305944009897414e-14
3.846665955206381420e-14
3.203829777341621932e-14
2.720704777836010946e-14
2.482583792549678742e-14
2.455742748542497832e-14
2.572732714341082276e-14
2.745902099734320488e-14
2.844887139543379785e-14
2.790156020692338379e-14
2.562238837841016258e-14
2.174423500778552249e-14
1.741903058660146343e-14
1.376146498420792219e-14
1.161415097053979486e-14
1.148195818628947721e-14
1.264373307573275189e-14
1.410545315841385226e-14
1.471436044958488902e-14
1.362690722428021185e-14
1.121342398500243439e-14
8.408237694643411160e-15
6.456727171570183473e-15
6.175785270078635410e-15
7.165193378986291809e-15
8.340250464322249071e-15
8.521047680416277472e-15
7.176511632140390298e-15
5.181013514393601349e-15
3.779662139075487340e-15
3.797593141359033467e-15
4.830279064327362209e-15
5.498902425424613683e-15
4.896917484178470356e-15
3.431875970876848874e-15
2.361411680370992153e-15
2.606753113501594838e-15
3.482950559261870565e-15
3.643648049800706430e-15
2.696683668885276038e-15
1.674108596396526335e-15
1.742378256887196127e-15
2.487497525397130273e-15
2.520428043286890896e-15
1.645985385372243141e-15
1.100590879662283560e-15
1.549604434711076307e-15
1.953969125912522185e-15
1.384324248604595584e-15
8.108365531242597596e-16
1.146717592809925566e-15
1.465714537291954974e-15
9.487932743251789798e-16
6.194152861120678442e-16
1.026208127114819244e-15
1.024296881811569439e-15
5.093721049390705012e-16
6.625955146524311173e-16
8.837152619052648022e-16
4.735591677077535202e-16
4.749973331698820581e-16
7.191235727645693398e-16
3.754499776565904389e-16
4.138642828191289973e-16
5.580854311517558514e-16
2.720587508177789737e-16
4.036542919001687334e-16
3.923131701042476531e-16
2.140958110985702191e-16
4.014867562636981597e-16
1.961049668174946675e-16
2.926084788866768213e-16
2.368928465329284346e-16
1.950952956408647215e-16
2.453619840406841946e-16
1.462419042015644810e-16
2.214557381034478581e-16
1.259628138200494589e-16
1.878680580398919549e-16
1.144620217068737198e-16
1.570571939849697834e-16
1.039557977704180271e-16
1.319181415013283690e-16
9.310833131592088103e-17
1.117852821043060382e-16
8.235952896121820476e-17
9.544064189678351781e-17
7.222654976695982387e-17
8.192236535017885752e-17
6.298681809954521623e-17
7.057377276644342057e-17
5.472790318942902423e-17
6.094846805719305569e-17
4.743233832001879639e-17
5.272970283378201911e-17
4.103373319457757894e-17
4.568092390978088946e-17
3.544709166126754997e-17
3.961764511379737233e-17
3.058389575670515092e-17
3.439132740282565869e-17
2.635919804765325855e-17
2.987971539957814613e-17
2.269468405679440910e-17
2.598068351715276689e-17
1.951972974468699248e-17
2.260806432816659393e-17
1.677147450142202175e-17
1.968865754001452626e-17
1.439442579326671144e-17
1.715998357018986889e-17
1.233985979558797831e-17
1.496853422593454928e-17
1.056515385322883321e-17
1.306837348809299239e-17
9.033120153102832814e-18
1.141999558929000489e-17
7.711375180058569660e-18
9.989379535545249796e-18
6.571759928091276561e-18
8.747198131195808598e-18
5.589816819136020117e-18
7.668151035246084723e-18
4.744322882147421519e-18
6.730399222803094311e-18
4.016876598782774645e-18
5.915083571838475550e-18
3.391534306591692133e-18
5.205913678836157471e-18
2.854491453595991816e-18
4.588815967235554088e-18
2.393804178194942372e-18
4.051632112948067347e-18
1.999146734437876605e-18
3.583860289026098766e-18
1.661600669197736586e-18
3.176433147612329332e-18
1.373471963519514979e-18
2.821527275502020470e-18
1.128132913624831377e-18
2.512399911170182002e-18
9.198857550385856007e-19
2.243249172418547485e-18
7.438454603489796069e-19
2.009094736318268232e-18
5.958395033356738925e-19
1.805676481090874548e-18
4.723226496008450674e-19
1.629368832233810144e-18
3.703052575460725453e-19
1.477109076649921632e-18
2.872935426176601661e-19
1.346338217982846335e-18
2.212409699259629594e-19
1.234953139771193710e-18
1.705096726604991219e-19
1.141269228175500956e-18
1.338414183543584261e-19
1.063992805561263857e-18
1.103375880520259700e-19
1.002202888889929722e-18
9.944799700829627548e-20
9.553420862904350253e-19
1.009684468886646037e-19
