# bin_2_1
2.667077201560795965e-08
7.415844968645879609e-09
2.572211800793869209e-08
7.562263422849366966e-09
2.523840750275359817e-08
8.131281066123609218e-09
2.523472112218763042e-08
9.147770303379522320e-09
2.573919791182905494e-08
1.064989438349486868e-08
2.679418517685996421e-08
1.269046619176259254e-08
2.845774861160775114e-08
1.533867688328183657e-08
3.080557070969503175e-08
1.868222530003498857e-08
3.393327022386660279e-08
2.282988200212809622e-08
3.795917544823288394e-08
2.791452056089326790e-08
4.302758310648859432e-08
3.409664690953287850e-08
4.931252969835161786e-08
4.156844924275865627e-08
5.702209327916618337e-08
5.055837965270151356e-08
6.640322534310613843e-08
6.133625617320762631e-08
7.774708978997656296e-08
7.421884537278239429e-08
9.139484683967578057e-08
8.957583986349187524e-08
1.077437696868606822e-07
1.078360866388504811e-07
1.272535111479263720e-07
1.294938394546655607e-07
1.504522446800371074e-07
1.551147044459346113e-07
1.779422847097655050e-07
1.853408125411173085e-07
2.104046413523285476e-07
2.208945859617545574e-07
2.486017797316683145e-07
2.625802649617382193e-07
2.933776377354640985e-07
3.112821271679629857e-07
3.456537059911194137e-07
3.679580711257619575e-07
4.064197066881037331e-07
4.336269641205263802e-07
4.767171374182271636e-07
5.093478954622360757e-07
5.576137106168766648e-07
5.961892760930375309e-07
6.501665689696241274e-07
6.951856449061308011e-07
7.553721703125906838e-07
8.072801752984602772e-07
8.741010184363622698e-07
9.332513433102951911e-07
1.007016108369288409e-06
1.073623176982897225e-06
1.154475224459685242e-06
1.228560136755813429e-06
1.316419268872309492e-06
1.397750170734995542e-06
1.492251789043057665e-06
1.580283011563151791e-06
1.680718949178886242e-06
1.774535413827340639e-06
1.879804353954506393e-06
1.978080666375498727e-06
2.086659139155103563e-06
2.187645934167624008e-06
2.297593952368766710e-06
2.399146878049551894e-06
2.508164634481154745e-06
2.607832990597202558e-06
2.713385606233992238e-06
2.808576777810965466e-06
2.908101347132395131e-06
2.996332098746122290e-06
3.087533388650999951e-06
3.166767909534081655e-06
3.247994188760156756e-06
3.317049883555343142e-06
3.387717311921281304e-06
3.446692254110893162e-06
3.507695631375316729e-06
3.558338356507763744e-06
3.612351693160826487e-06
3.658260759561742341e-06
3.709801906424804776e-06
3.756321169652784960e-06
3.811445472750729364e-06
3.865129035305994922e-06
3.930647691188927731e-06
3.998227188614912091e-06
4.080437211801749212e-06
4.167350812089928626e-06
4.270426006135844089e-06
4.379163161982376978e-06
4.503573619900512575e-06
4.632316220633463401e-06
4.773856863469694224e-06
4.916067445797793860e-06
5.066167440900583567e-06
5.211748033581450502e-06
5.359547818846098377e-06
5.497816559561729107e-06
5.633912690519743274e-06
5.757854313191676079e-06
5.878656822006984216e-06
5.988866475370398187e-06
6.099527240520855308e-06
6.205508674405788967e-06
6.319058533619124775e-06
6.435870089605311658e-06
6.567367058536467198e-06
6.707693008796572023e-06
6.865120783481373305e-06
7.030357638458753386e-06
7.207580072439097599e-06
7.384398243047802788e-06
7.562754352005319623e-06
7.730408052387834062e-06
7.891274247629622050e-06
8.037568270338240814e-06
8.178552297219561948e-06
8.312216727520295090e-06
8.451688996948779613e-06
8.596275200329984558e-06
8.756319239096579054e-06
8.925237494249979291e-06
9.105142140590115411e-06
9.282071483152507045e-06
9.453729221602475712e-06
9.607460005144957403e-06
9.747626216891064135e-06
9.872149055170780120e-06
9.995172657975868197e-06
1.011954453034376474e-05
1.025582951802687027e-05
1.039590856167073902e-05
1.053618250837874961e-05
1.065900626449744444e-05
1.076148910263785040e-05
1.083830735864547454e-05
1.090377529794295537e-05
1.096432521220159360e-05
1.103128106841270843e-05
1.109395361161618467e-05
1.114313311440014486e-05
1.116032104924255987e-05
1.114890755732095718e-05
1.111538856897520634e-05
1.107924009074419817e-05
1.103828186917694352e-05
1.098398174746507123e-05
1.089371741452854120e-05
1.076875792091163695e-05
1.061937644061897653e-05
1.046706681101214487e-05
1.030427292941855044e-05
1.011551344883594067e-05
9.884666648950322395e-06
9.631095665411722222e-06
9.371939459972792875e-06
9.109202935824566372e-06
8.815517162052405846e-06
8.491643984275648696e-06
8.158892802355737609e-06
7.836745785814644349e-06
7.500525671230260047e-06
7.142254450327998199e-06
6.784110044046427986e-06
6.450171317203401112e-06
6.113189607073627776e-06
5.770559657900667865e-06
5.452182951524349565e-06
5.167436586563865821e-06
4.883154586849770883e-06
4.624102224513096913e-06
4.411139724303578828e-06
4.218934565467187252e-06
4.046840151305642109e-06
3.931990458160891910e-06
3.836473252057342846e-06
3.768053321215492751e-06
3.747785186834820193e-06
3.740609756858714852e-06
3.757110763377866235e-06
3.807413872781245687e-06
3.846894390306959388e-06
3.917248082986283561e-06
3.971362054424651068e-06
4.028284135196493626e-06
4.075609691722312529e-06
4.100961309744088308e-06
4.118957350143284465e-06
4.105564079932561204e-06
4.084441736408922952e-06
4.035771745360201466e-06
3.982703456083070048e-06
3.914255826535310005e-06
3.850259228976213221e-06
3.786445023353012653e-06
3.738165831750738734e-06
3.703437232691508744e-06
3.691689196760553358e-06
3.699130978491663039e-06
3.728268043273883617e-06
3.771578551530946336e-06
3.825653841106733158e-06
3.880586959104997757e-06
3.930816718217287240e-06
3.968216742093655090e-06
3.990294635332047778e-06
3.995100167428378817e-06
3.986598926492538434e-06
3.969880578849356731e-06
3.953658881492288103e-06
3.945359636635367953e-06
3.951781975522785722e-06
3.975172340467732974e-06
4.014153940620041492e-06
4.062509572300346086e-06
4.111940146669116337e-06
4.153683842082128502e-06
4.182003503448056336e-06
4.195861672851546590e-06
4.199733321166093695e-06
4.202073443590129848e-06
4.212028956824938175e-06
4.235869962000449410e-06
4.273760035982593407e-06
4.319884709909094459e-06
4.364414716291775432e-06
4.398954388763129962e-06
4.420268643543276473e-06
4.433105396135749362e-06
4.446846546109578538e-06
4.470956489847321021e-06
4.507934076721324803e-06
4.552460051103638785e-06
4.593674159864894038e-06
4.624052450001815619e-06
4.644045005940699138e-06
4.663231684791396265e-06
4.691356089073325045e-06
4.731124476032254763e-06
4.774175770541353951e-06
4.810043867650189792e-06
4.835147189359679474e-06
4.858087889627698556e-06
4.889246868323948489e-06
4.930441233264432055e-06
4.971131213836170781e-06
5.002542584266677587e-06
5.027600875988826943e-06
5.058667866558672924e-06
5.098994288802077776e-06
5.139188223353813301e-06
5.169851168576169747e-06
5.197837127427913550e-06
5.233800026319504708e-06
5.275347897448189399e-06
5.309801934042585423e-06
5.338922179390168702e-06
5.374272470423195264e-06
5.415453837848938148e-06
5.449596129495450880e-06
5.480255777209554105e-06
5.518195649997004101e-06
5.557738626775713932e-06
5.589249153590006407e-06
5.624080118015948946e-06
5.664194536101109895e-06
5.698223461414258623e-06
5.731467137896791687e-06
5.771679708229103589e-06
5.805739744576230926e-06
5.840011779636055300e-06
5.879313909473584731e-06
5.912915803947734582e-06
5.948614413696780077e-06
5.986962744759805473e-06
6.019169860294711820e-06
6.058145237744347303e-06
6.091720196766432302e-06
6.127947819220794543e-06
6.163824076857352193e-06
6.197947547188894473e-06
6.234713124237022224e-06
6.268019586116535283e-06
6.304493184187363898e-06
6.337684871629554033e-06
6.373466635265277416e-06
6.406636719383076258e-06
6.441503247135296250e-06
6.474631500720881939e-06
6.508671147892887592e-06
6.541436435086662364e-06
6.574758166694571467e-06
6.606960047541391307e-06
6.639599271831021833e-06
6.671160009284393703e-06
6.702904349033269992e-06
6.733840924984012173e-06
6.764649833987262882e-06
6.794748805139153371e-06
6.824651345004275046e-06
6.853746017701877416e-06
6.882700049004269729e-06
6.910739569061772875e-06
6.938508888368229562e-06
6.965501464298975386e-06
6.992008179778449807e-06
7.017776235552322490e-06
7.043000548787312073e-06
7.067367511607883225e-06
7.091253415486700341e-06
7.114160663849554281e-06
7.136490289273704314e-06
7.157903156688478245e-06
7.178573872583761827e-06
7.198346268445579023e-06
7.217308326549949106e-06
7.235267985293481893e-06
7.252448363133463176e-06
7.268513826064972426e-06
7.283727948296643202e-06
7.297842880354258340e-06
7.310977207474562891e-06
7.323013333517078886e-06
7.333996699461898492e-06
7.343797034024595226e-06
7.352550162163422272e-06
7.360026746225797045e-06
7.366400381108926642e-06
7.371486609867328368e-06
7.375368179079174305e-06
7.377953265689180422e-06
7.379270353824920456e-06
7.379228333185018866e-06
7.377910202366653954e-06
7.375159023393622387e-06
7.371089103741164416e-06
7.365567804368386421e-06
7.358659739327384286e-06
7.350290123012606834e-06
7.340483389077320610e-06
7.329174766073785259e-06
7.316421507548873259e-06
7.302120990794019749e-06
7.286351063646084822e-06
7.269020952627246502e-06
7.250184020236877534e-06
7.229788327744811650e-06
7.207860502121404523e-06
7.184358087114288767e-06
7.159328699733109800e-06
7.132709948434042128e-06
7.104563314325418448e-06
7.074833599289838603e-06
7.043572011545839045e-06
7.010747595551551882e-06
6.976395694475905963e-06
6.940496200062489495e-06
6.903096082522780267e-06
6.864165056268833587e-06
6.823762069142025555e-06
6.781862985775186881e-06
6.738520688011661552e-06
6.693725065911301298e-06
6.647520840415445613e-06
6.599911350050915994e-06
6.550950000785849574e-06
6.500633868662880889e-06
6.449022334895681778e-06
6.396115915458724960e-06
6.341973695426567050e-06
6.286607125361448007e-06
6.230072681461214706e-06
6.172388533956174191e-06
6.113614157392192144e-06
6.053767623236858719e-06
5.992912205452901693e-06
5.931069560890444619e-06
5.868302084347347606e-06
5.804636789564351604e-06
5.740138264154345705e-06
5.674836373018649955e-06
5.608795488724068461e-06
5.542047079027494521e-06
5.474655510475715772e-06
5.406656047407172717e-06
5.338111406469397553e-06
5.269057255789148128e-06
5.199561199915427167e-06
5.129658909831241827e-06
5.059414134440045501e-06
4.988864311951550487e-06
4.918071375765902865e-06
4.847076233786556711e-06
4.775936661786772681e-06
4.704690034117060047e-06
4.633401812035219399e-06
4.562106309849278251e-06
4.490862142614853337e-06
4.419705689509462366e-06
4.348689507767931634e-06
4.277856214521914527e-06
4.207253699546247533e-06
4.136914508789766583e-06
4.066896797594046337e-06
3.997227522590170336e-06
3.927957046589222118e-06
3.859113479661953190e-06
3.790738033663990166e-06
3.722869109134936194e-06
3.655541068756460017e-06
3.588778216778149706e-06
3.522627845835008524e-06
3.457105444968551849e-06
3.392250947497718412e-06
3.328081455630697891e-06
3.264623784700995926e-06
3.201911010720124668e-06
3.139961224046554155e-06
3.078789460340374210e-06
3.018430501647853336e-06
2.958886162952655992e-06
2.900186361721149200e-06
2.842335155238854424e-06
2.785344658543740348e-06
2.729242718821047047e-06
2.674031210118720209e-06
2.619716570143012044e-06
2.566320595281129131e-06
2.513832427550345226e-06
2.462273677592484547e-06
2.411635168571126797e-06
2.361915806666780256e-06
2.313139341641487503e-06
2.265292795517542165e-06
2.218375810884892286e-06
2.172398215427288028e-06
2.127338039142540792e-06
2.083212613314459003e-06
2.040000467947734209e-06
1.997689968684736756e-06
1.956303068002845951e-06
1.915813435992802309e-06
1.876216661246622231e-06
1.837511936608013037e-06
1.799668625526894419e-06
1.762704833040451683e-06
1.726588162367738038e-06
1.691299526694354397e-06
1.656861174569376763e-06
1.623234953636483669e-06
1.590415924791916097e-06
1.558394383775403644e-06
1.527134325304283519e-06
1.496659484179305642e-06
1.466926773930213609e-06
1.437912413875915137e-06
1.409640749188438499e-06
1.382064869568229521e-06
1.355183833934270641e-06
1.328979813468918964e-06
1.303412967849348536e-06
1.278516292523379685e-06
1.254237532986115103e-06
1.230552384920690280e-06
1.207487553237542276e-06
1.184988520574975021e-06
1.163062397866489082e-06
1.141685331296398486e-06
1.120815151331993227e-06
1.100494837903724544e-06
1.080663967792285324e-06
1.061303274468438997e-06
1.042440840143318066e-06
1.024014612976797465e-06
1.006043643688279287e-06
9.885005116767435292e-07
9.713404024182025499e-07
9.546164443754628907e-07
9.382630822988838293e-07
9.222682340000921268e-07
9.066587211983968343e-07
8.913697473943238033e-07
8.764317418834757286e-07
8.618137888108360421e-07
8.474723168547570290e-07
8.334671575347586028e-07
8.197295559414690965e-07
8.062585597141487594e-07
7.930742347076093125e-07
7.801163441692549170e-07
7.674227167649232454e-07
7.549607711687767902e-07
7.426909693171038929e-07
7.306753595526423336e-07
7.188455479444267557e-07
7.072108071840620663e-07
6.957840875880111751e-07
6.845116975372417059e-07
6.734374018483452354e-07
6.625270599332919400e-07
6.517481802118869974e-07
6.411604084085692567e-07
6.306990319991310885e-07
6.203815210881181202e-07
6.102142445752168971e-07
6.001515360738679936e-07
5.902409696455948981e-07
5.804481490491202299e-07
5.707499519065978192e-07
5.612007858530212697e-07
5.517431906990415944e-07
5.424014774596001275e-07
5.331772516778782386e-07
5.240339061160814672e-07
5.150185622797182712e-07
5.060955130692382081e-07
4.972474287976271795e-07
4.885161257895223832e-07
4.798476131695374251e-07
4.712636873523453045e-07
4.627557242720080041e-07
4.542896849359462525e-07
4.459048148471457434e-07
4.375648803700157840e-07
4.292600199809865854e-07
4.210236376420868194e-07
4.128148942804826987e-07
4.046622135501894096e-07
3.965631623286632700e-07
3.885002269308128079e-07
3.805154832075601775e-07
3.725854729911237492e-07
3.647152590046479943e-07
3.569342877240491572e-07
3.492150869682154247e-07
3.415866259379311925e-07
3.340477008470863879e-07
3.265863958176304357e-07
3.192357650040968686e-07
3.119764544246841810e-07
3.048155265370139874e-07
2.977708147546767498e-07
2.908224856762758904e-07
2.839915137249468855e-07
2.772741924572073747e-07
2.706611060671078312e-07
2.641721555737909689e-07
2.577897567586902125e-07
2.515190466499721071e-07
2.453649384518916941e-07
2.393131994031004923e-07
2.333735579273402901e-07
2.275405875590864492e-07
2.218065399356298316e-07
2.161802150473028526e-07
2.106487711591621352e-07
2.052154665288754588e-07
1.998799926018037118e-07
1.946344262788826907e-07
1.894826402597834377e-07
1.844211916988945466e-07
1.794464955313690728e-07
1.745607884145514727e-07
1.697578219345263582e-07
1.650396646212612381e-07
1.604051533932380751e-07
1.558519549570258434e-07
1.513800442488092020e-07
1.469889154461594671e-07
1.426784316264171055e-07
1.384471758875390638e-07
1.342948032827219681e-07
1.302221092390095744e-07
1.262282840850819267e-07
1.223142693552079407e-07
1.184771668804714681e-07
1.147191825266517031e-07
1.110413756759384249e-07
1.074398443290061565e-07
1.039175973038198905e-07
1.004729005322574752e-07
9.710566730910395408e-08
9.381865097299378961e-08
9.060632034728105356e-08
8.747181604728452730e-08
8.441646637448090514e-08
8.143503282153647261e-08
7.853170139768632833e-08
7.570302505855727793e-08
7.294912655770758301e-08
7.027227593154820117e-08
6.766616515327276401e-08
6.513486566884373182e-08
6.267706595727082794e-08
6.028819823082385709e-08
5.797280969669565790e-08
5.572573522712610487e-08
5.354669847720238731e-08
5.143803770096526770e-08
4.939298590288667318e-08
4.741471095159347849e-08
4.550230178154805527e-08
4.365044986375009998e-08
4.186327139255291234e-08
4.013528135376847398e-08
3.846614291860420124e-08
3.685709837647562728e-08
3.530243120781788832e-08
3.380471226170449223e-08
3.236107730423605897e-08
3.096976935333289976e-08
2.963091320611792167e-08
2.834109427333424220e-08
2.710001679837183049e-08
2.590680486033348082e-08
2.475872181471372748e-08
2.365619847754864954e-08
2.259684679365761375e-08
2.157909982928141903e-08
2.060286387737828170e-08
1.966562323703438269e-08
1.876621912150875341e-08
1.790424034794492178e-08
1.707711616989573633e-08
1.628554366056659572e-08
1.552721578335772162e-08
1.480001863717545664e-08
1.410475526424562359e-08
1.343928502229389588e-08
1.280233231694531875e-08
1.219311169822365074e-08
1.161035964705658274e-08
1.105400685226853021e-08
1.052224546012144270e-08
1.001391848151661616e-08
9.528120179062822512e-09
9.065144142913021810e-09
8.623048012550239955e-09
8.200061465645535186e-09
7.797794706833341174e-09
7.413466011314296782e-09
7.047192151254318694e-09
6.698531982474980804e-09
6.364475786656303930e-09
6.048061976780928242e-09
5.746094105005135904e-09
5.457132027919720065e-09
5.184079572196251068e-09
4.922458932508834216e-09
4.674149827597192007e-09
4.438401972402279100e-09
4.212125316996045473e-09
3.998977461253115799e-09
3.795376193568857067e-09
3.600908249418028795e-09
3.417772690821301494e-09
3.242144257668624207e-09
3.076091869718736392e-09
2.918467269873121446e-09
2.767179635269149765e-09
2.625127735367634998e-09
2.489399764151520100e-09
2.360214861636897166e-09
2.238571433055163484e-09
2.122108025177283848e-09
2.012235336869050652e-09
1.907859680917570244e-09
1.807697586144424404e-09
1.713904133311087814e-09
1.624283715868576457e-09
1.539237908073930775e-09
1.459163952701010817e-09
1.382560533111011099e-09
1.310527886329762742e-09
1.242113049652731489e-09
1.176272198177071764e-09
1.114914291706363084e-09
1.056146003360260232e-09
1.000412881013820341e-09
9.480614227510929603e-10
8.977486979079452796e-10
8.508438720489585376e-10
8.063447154288826451e-10
7.633268284206591268e-10
7.236841206957804672e-10
6.854715027794912336e-10
6.492936648312186851e-10
6.153716099385994710e-10
5.823575733524973382e-10
5.519092384339589535e-10
5.229017965051498957e-10
4.946379420789312011e-10
4.689681265422882886e-10
4.440051583698691160e-10
4.205875333752400766e-10
3.987587483410479647e-10
3.772645983798066242e-10
3.578259575002441503e-10
3.392038176896809663e-10
3.209175986444742365e-10
3.045197038435271898e-10
2.882800064951226838e-10
2.731737014739844003e-10
2.590705059485836275e-10
2.449600160693129365e-10
2.324136281204463659e-10
2.202575454264259734e-10
2.083037668715670564e-10
1.977295789745090024e-10
1.870859010832804432e-10
1.773221893891977113e-10
1.682148411701985918e-10
1.589919196145134993e-10
1.509435618018673139e-10
1.430414268585367165e-10
1.353192902127386476e-10
1.285506383476209250e-10
1.216383168090171124e-10
1.153864564287654108e-10
1.095577960903822790e-10
1.035889580279988688e-10
9.845930255905117967e-11
9.334015159579811109e-11
8.838755738848405288e-11
8.401617661473449799e-11
7.951648174427846952e-11
7.547412550538146163e-11
7.168322376335146382e-11
6.778262434771621441e-11
6.445909152351141842e-11
6.109506039246878489e-11
5.789572747945655014e-11
5.503348269691519815e-11
5.210070952624382254e-11
4.947515860625151138e-11
4.700043497651539078e-11
4.446033320259483900e-11
4.229680152838806691e-11
4.008473752434068463e-11
3.801834203289911289e-11
3.615478846862874311e-11
3.423805188037801510e-11
3.252593740883664483e-11
3.090154389031196438e-11
2.925162470434915410e-11
2.783585395130326853e-11
2.639070976036852137e-11
2.504515719602537078e-11
2.381510855476122925e-11
2.255928907504345118e-11
2.144829796211063404e-11
2.037717521909303730e-11
1.930447126896478439e-11
1.837392295485470829e-11
1.742436235570605587e-11
1.654746068777510566e-11
1.573636392085841578e-11
1.491393986713378752e-11
1.418354708299658400e-11
1.347744379157736362e-11
1.277633647064564295e-11
1.216192350156244759e-11
1.153332918633717392e-11
1.095769140373731867e-11
1.041692631239882427e-11
9.874746910914277337e-12
9.391130060220180601e-12
8.919423195504654452e-12
8.456100305881238057e-12
8.042272682126538773e-12
7.625412460594493863e-12
7.240261757585032040e-12
6.879415173823575317e-12
6.515979682735096451e-12
6.190885901207042452e-12
5.871963509004713143e-12
5.561866711062192204e-12
5.281378958312502421e-12
4.998263843847571110e-12
4.737423584236478319e-12
4.488708479115965600e-12
4.242311885956669399e-12
4.017860095157376990e-12
3.796797842126377648e-12
3.584313535740688340e-12
3.387604538784660382e-12
3.191745071691471411e-12
3.008245259863177542e-12
2.833252446077758002e-12
2.659993049602928670e-12
2.500580651576300705e-12
2.343770131310719513e-12
2.192965366636919917e-12
2.051730244191909653e-12
1.912218846347460662e-12
1.781116634038254049e-12
1.655728540842418567e-12
1.533102821830655277e-12
1.419339860981741096e-12
1.308409022676035784e-12
1.203777022176725784e-12
1.104896994235773678e-12
1.010157211779147857e-12
9.218693070851553447e-13
8.387253958567971812e-13
7.604630305279204046e-13
6.887801508518113543e-13
6.218753289661567548e-13
5.607874693799949004e-13
5.057123398499612617e-13
4.555648869580504111e-13
4.114544609783513112e-13
3.727206065265752369e-13
3.387931720194003467e-13
3.104822236321230944e-13
2.863276530195805777e-13
2.665989621169463624e-13
2.509466677796599412e-13
2.382114833159196767e-13
2.284913044968837046e-13
2.207527863110954483e-13
2.144426310171156111e-13
2.090830490272037649e-13
2.037259182625003164e-13
1.980878481819735509e-13
1.915882120471359798e-13
1.838617516224264561e-13
1.746824042494357384e-13
1.639495431337330128e-13
1.519152244120575427e-13
1.386175054536777261e-13
1.246894318425003211e-13
1.105126107249300627e-13
9.675335627167259449e-14
8.411439737739629945e-14
7.298468614225305046e-14
6.391286430049894603e-14
5.724763752719609485e-14
5.277915621575436383e-14
5.059790187679753328e-14
5.004772523163027858e-14
5.056025447694465918e-14
5.146435479945117456e-14
5.181285701023331086e-14
5.113398181031131602e-14
4.905549190799029831e-14
4.532124031096835078e-14
4.040353805912829662e-14
3.464084016079927212e-14
2.889291862521556214e-14
2.396689256681007089e-14
2.038042576785014706e-14
1.855244256698735688e-14
1.839201054605766166e-14
1.930275372595050724e-14
2.064284782203480927e-14
2.140862067357340841e-14
2.102735389495072507e-14
1.927970377598680642e-14
1.636410893663820079e-14
1.307322208168607371e-14
1.029682141033424400e-14
8.687384572678160227e-15
8.585711923695089251e-15
9.485971865883208132e-15
1.061860086192717384e-14
1.107442762048484497e-14
1.027162534694216458e-14
8.427451349192479239e-15
6.306936445229754689e-15
4.823213314852127165e-15
4.618142535471540891e-15
5.372893286493823125e-15
6.285892099330343557e-15
6.411966802288130226e-15
5.408644497335264389e-15
3.880233376945272348e-15
2.826052565737275093e-15
2.837653075668766012e-15
3.633139849332061742e-15
4.139462583855743004e-15
3.693742508026282130e-15
2.567926202780176367e-15
1.768394137923118732e-15
1.946216100594478293e-15
2.625478504234237031e-15
2.743421443988204688e-15
2.028964411185336217e-15
1.246679840449559213e-15
1.307207366191175703e-15
1.868852286034721998e-15
1.902964334378293269e-15
1.231748857578447638e-15
8.226496797419400551e-16
1.162362571709857342e-15
1.474410630138203614e-15
1.038458695695084823e-15
6.064872933635457341e-16
8.586237401328826868e-16
1.107463102889286377e-15
7.097122333204672500e-16
4.638384838278798357e-16
7.706986954804667966e-16
7.731993145405720892e-16
3.783092048971448375e-16
4.991307096028706150e-16
6.641288814282955910e-16
3.563407841125473030e-16
3.539263093604764181e-16
5.437735275842989726e-16
2.794100928299738818e-16
3.117286635524095549e-16
4.192151622670989935e-16
2.045505303411672486e-16
3.019914408263345982e-16
2.968010939220749306e-16
1.581775219016173907e-16
3.041194810349676049e-16
1.451288802216141844e-16
2.214102964641516543e-16
1.767531277136781781e-16
1.473758036655840506e-16
1.836304628714432712e-16
1.104177550764844035e-16
1.657611474046275754e-16
9.520504519971315697e-17
1.404679227884016769e-16
8.664460487696300192e-17
1.172567464059546212e-16
7.880753946209473498e-17
9.833860883050500867e-17
7.068122190985237880e-17
8.320917468330725447e-17
6.260586430911808511e-17
7.094287470877115373e-17
5.497962758827414027e-17
6.080925104900863980e-17
4.801717859469870208e-17
5.231027775418730849e-17
4.178790057821317046e-17
4.510798027667162128e-17
3.628068092007024331e-17
3.896295889474101195e-17
3.144677322766306688e-17
3.369670343973280890e-17
2.722297009036719669e-17
2.917017223662850171e-17
2.354314761353582881e-17
2.527152737238820965e-17
2.034370788257728367e-17
2.190879135009478556e-17
1.756594244556859285e-17
1.900517726623476699e-17
1.515686272304156517e-17
1.649592815137015609e-17
1.306927585470531165e-17
1.432605399652569374e-17
1.126150056436770672e-17
1.244863429798498752e-17
9.696924919083398186e-18
1.082349785333838598e-17
8.343510034114453229e-18
9.416167515130793290e-18
7.173292919755867464e-18
8.196999712762811776e-18
6.161914948708437202e-18
7.140472410647816253e-18
5.288187902588406860e-18
6.224589609690239614e-18
4.533701919884806970e-18
5.430379383554020029e-18
3.882475437729626989e-18
4.741468391943617124e-18
3.320645200822692099e-18
4.143719593205778967e-18
2.836193205797834511e-18
3.624922904864643061e-18
2.418707278091080693e-18
3.174530384786061368e-18
2.059171716656356491e-18
2.783429180334567684e-18
1.749784777888787028e-18
2.443746655481085895e-18
1.483799823288739409e-18
2.148682985359607298e-18
1.255387406260834236e-18
1.892367360434015780e-18
1.059515732788632617e-18
1.669734478866116839e-18
8.918472851829920221e-19
1.476418559718395162e-18
7.486496650145148490e-19
1.308662555291940727e-18
6.267189282243129023e-19
1.163240544060893873e-18
5.233139487825554796e-19
1.037391666267658011e-18
4.361005420916113540e-19
9.287642026787179209e-19
3.631042769168734710e-19
8.353686121826325066e-19
3.026710692878429794e-19
7.555385795686713206e-19
2.534348369341134842e-19
6.878993194388710427e-19
2.142916097665098921e-19
6.313424817518902533e-19
1.843796483295201012e-19
5.850072585678692247e-19
1.630652596833991187e-19
5.482673278941003464e-19
1.499340955344794499e-19
