# bin_4_2
3.919830578124265346e-08
9.073646358895696831e-09
3.836170442354342113e-08
9.889391041278607803e-09
3.821959976681682479e-08
1.134793495833795084e-08
3.881112218320698799e-08
1.350297235047601978e-08
4.019598092083921439e-08
1.642942846863382106e-08
4.245667032204058482e-08
2.022599031853268101e-08
4.570125793182613263e-08
2.501824305594479318e-08
5.006681311466155061e-08
3.096246907201753724e-08
5.572352911013436904e-08
3.825016898935460175e-08
6.287960418386604809e-08
4.711336560024529924e-08
7.178693369162574912e-08
5.783074374049458340e-08
8.274766597153835653e-08
7.073466923915183304e-08
9.612165126847485818e-08
8.621910441970116531e-08
1.123347875306057520e-07
1.047484064125024477e-07
1.318882238715535033e-07
1.268669378502727988e-07
1.553683170344134436e-07
1.532093476630404178e-07
1.834571509129632533e-07
1.845112738043386102e-07
2.169433058613493728e-07
2.216200830607661224e-07
2.567324085605077971e-07
2.655050806273687628e-07
3.038567864867570225e-07
3.172663941239680133e-07
3.594832951069152796e-07
3.781414477874859798e-07
4.249180705104579564e-07
4.495076022954115710e-07
5.016065869137291222e-07
5.328791324716217171e-07
5.911269755918485606e-07
6.298962711104073779e-07
6.951740983193993822e-07
7.423035804163775073e-07
8.155314109068836373e-07
8.719144719244299966e-07
9.540272463705784390e-07
1.020558350298242760e-06
1.112471891033430629e-06
1.190006721163929638e-06
1.292571849622292842e-06
1.381874829810408003e-06
1.495818179691314114e-06
1.597496198260077155e-06
1.723346959724135736e-06
1.837769069568157232e-06
1.975772130060907294e-06
2.102976557056297204e-06
2.252994434175886600e-06
2.392586565371054263e-06
2.553995309037045254e-06
2.705043580420507439e-06
2.876631547842974281e-06
3.037572351139246406e-06
3.217455397376529006e-06
3.386023133938988344e-06
3.571595030730666082e-06
3.744798814065256114e-06
3.932740962748780294e-06
4.106914306736891165e-06
4.293292853514126399e-06
4.464245469409127128e-06
4.644724901218437290e-06
4.808024229389279479e-06
4.978221834458870193e-06
5.129623252357807094e-06
5.285615327931051906e-06
5.421640849760875459e-06
5.560606074073110352e-06
5.679239021170104300e-06
5.800184964244267416e-06
5.901601744127986611e-06
6.006068072766310060e-06
6.093271319395050662e-06
6.185844487717383801e-06
6.265004912960416964e-06
6.353429114803083337e-06
6.433706660200885653e-06
6.528359956770353642e-06
6.620988554901689012e-06
6.733545649763886380e-06
6.850066367440393113e-06
6.991325648543145642e-06
7.141069851724181110e-06
7.318200394386710382e-06
7.505457726885133057e-06
7.719295273495968332e-06
7.940989063662669980e-06
8.184374499790309559e-06
8.429358170778728014e-06
8.687668324313520490e-06
8.938710028296010087e-06
9.193413803250225527e-06
9.432292253230139750e-06
9.667361341356451183e-06
9.882142008034080084e-06
1.009151010924400309e-05
1.028329683005006305e-05
1.047587353414401325e-05
1.066103261180033507e-05
1.085922914756598413e-05
1.106365191836433250e-05
1.129336917853833597e-05
1.153890584541347373e-05
1.181396124884604607e-05
1.210316942972605501e-05
1.241324298109466097e-05
1.272350747834813186e-05
1.303687599426088235e-05
1.333292388670549745e-05
1.361796526497310204e-05
1.387919696066914419e-05
1.413211012491575576e-05
1.437378307488496111e-05
1.462634838833031386e-05
1.488913596936870987e-05
1.517954172957874560e-05
1.548681765067504203e-05
1.581429971243153719e-05
1.613861676867821737e-05
1.645558898388316398e-05
1.674408667734557946e-05
1.701135548118982692e-05
1.725437386466298749e-05
1.749715798434598162e-05
1.774512526483298141e-05
1.801619547158498188e-05
1.829702561538843635e-05
1.858132300099000605e-05
1.883944888438251867e-05
1.906634904041042209e-05
1.925347720476686581e-05
1.942524642059078536e-05
1.959323096256186423e-05
1.977674233164220284e-05
1.995804723291485613e-05
2.012132321001255903e-05
2.023545801429787354e-05
2.030619007392594377e-05
2.034515743120108720e-05
2.038561083799302282e-05
2.042429794140882161e-05
2.044649999389167085e-05
2.041391890064213045e-05
2.032855336606784828e-05
2.020832062870396654e-05
2.008975128853580829e-05
1.996014051509153485e-05
1.979263039178472166e-05
1.955972196012477403e-05
1.929405656054005680e-05
1.902489828766583564e-05
1.875502173519554155e-05
1.843733736090749634e-05
1.807231563915179449e-05
1.769598327760007442e-05
1.734066619297066505e-05
1.696349674503794944e-05
1.654963319365211323e-05
1.613622940239725116e-05
1.576317036990904560e-05
1.538290100233459978e-05
1.498956614383423272e-05
1.463338110303365612e-05
1.432902099352898538e-05
1.401883825160592532e-05
1.374399198758062741e-05
1.353950604058635731e-05
1.336109203160675285e-05
1.320732243054998781e-05
1.314125077124912352e-05
1.309816023650037918e-05
1.309138822821409329e-05
1.315770789862558708e-05
1.323775797530621367e-05
1.335095987081156690e-05
1.351581261734247381e-05
1.365769413838278290e-05
1.384946847592102574e-05
1.401243483996262048e-05
1.418070688631331687e-05
1.433478997589246961e-05
1.445461995205644799e-05
1.456634559637870123e-05
1.462917589283716232e-05
1.468381293719436415e-05
1.469568959562518000e-05
1.470364244715848204e-05
1.468734148511641409e-05
1.467924505359357004e-05
1.467010626679458214e-05
1.468467189268092416e-05
1.471796564492135484e-05
1.478535616306157786e-05
1.487988440543408121e-05
1.500640371230385182e-05
1.515297549655937258e-05
1.531559608483850008e-05
1.547916484952715162e-05
1.563637411984943317e-05
1.577489845686423688e-05
1.589173289742046042e-05
1.598361557182436846e-05
1.605676704374799291e-05
1.611818392290508776e-05
1.618084911557711035e-05
1.625518119604648157e-05
1.635130549863834254e-05
1.647218448195384333e-05
1.661605876844650788e-05
1.677369356956820567e-05
1.693328828625498424e-05
1.708197961062851754e-05
1.721165840353162740e-05
1.732067689844129049e-05
1.741567658904407331e-05
1.750876030450347382e-05
1.761329294638779204e-05
1.773821951976760331e-05
1.788387392955535860e-05
1.804172350563037846e-05
1.819762445548923896e-05
1.833932615784514896e-05
1.846221952481209974e-05
1.857309372896324016e-05
1.868559426871910497e-05
1.881335209588373035e-05
1.896004160728685491e-05
1.911789767083055876e-05
1.927123201895712619e-05
1.940907387203057651e-05
1.953208606846132677e-05
1.965407263979398916e-05
1.978917538709739265e-05
1.994128830011678244e-05
2.009834315562323697e-05
2.024513038296160583e-05
2.037643680607426801e-05
2.050463573073425555e-05
2.064475981869650062e-05
2.079943127080106913e-05
2.095341685544892645e-05
2.109395738964877672e-05
2.122524044883247315e-05
2.136511095061925978e-05
2.151829664261945444e-05
2.167118344365074185e-05
2.181010840848755618e-05
2.194489953038916965e-05
2.209097763849583393e-05
2.224491153762852647e-05
2.238832359918800337e-05
2.252363717528750212e-05
2.266752879534695547e-05
2.281944334435899300e-05
2.296073844470971826e-05
2.309645559489009899e-05
2.324212958242768954e-05
2.338954587228256915e-05
2.352468214804443480e-05
2.366390094253701884e-05
2.381005420491837980e-05
2.394657663523916530e-05
2.408104044853689999e-05
2.422478383734525089e-05
2.435869760968385240e-05
2.449172509016753446e-05
2.463102995521161898e-05
2.476104128125531257e-05
2.489271294089330091e-05
2.502707461241332357e-05
2.515122158169035737e-05
2.528363320658209970e-05
2.540701974673499448e-05
2.553247891716223347e-05
2.565586594147375345e-05
2.577525471462939989e-05
2.589644947476621461e-05
2.601107760536521080e-05
2.612829847031810656e-05
2.623877097576146535e-05
2.635114076488198159e-05
2.645744372858475720e-05
2.656409779198831174e-05
2.666606340047917729e-05
2.676685819472267419e-05
2.686357241721380802e-05
2.695852569251699834e-05
2.704927239044516192e-05
2.713813057713987363e-05
2.722261063303857724e-05
2.730462081944260149e-05
2.738261360674229373e-05
2.745741120120204380e-05
2.752825416461730204e-05
2.759567222798352644e-05
2.765874882478366986e-05
2.771843299991503485e-05
2.777344112474218935e-05
2.782470880692373489e-05
2.787139407030980184e-05
2.791384804038294791e-05
2.795168174300345751e-05
2.798507293955286956e-05
2.801352392484455996e-05
2.803751621377088967e-05
2.805625960416789866e-05
2.807031516640624182e-05
2.807911442583581096e-05
2.808287330267608478e-05
2.808131903908156514e-05
2.807453253526640907e-05
2.806220720256090531e-05
2.804462465717903814e-05
2.802128487570830758e-05
2.799253315116368207e-05
2.795798665874547911e-05
2.791780751564979033e-05
2.787180819457801823e-05
2.782005599022839191e-05
2.776235790715129642e-05
2.769890108459855006e-05
2.762938459957259665e-05
2.755405252740637212e-05
2.747266906475834606e-05
2.738537568615796708e-05
2.729206060376338706e-05
2.719281366920734547e-05
2.708753999863244212e-05
2.697639374639534558e-05
2.685921883974025566e-05
2.673622629652128231e-05
2.660729756438172242e-05
2.647258478647109527e-05
2.633205531203485747e-05
2.618583476636671549e-05
2.603390824914871406e-05
2.587644093957138606e-05
2.571339523898814359e-05
2.554497537442285921e-05
2.537116263565921732e-05
2.519213606254712941e-05
2.500793555053396056e-05
2.481872775617762234e-05
2.462456737111157966e-05
2.442565006355304686e-05
2.422202734941216658e-05
2.401389571008178067e-05
2.380133070844882696e-05
2.358454213388296529e-05
2.336362296276729187e-05
2.313877818715774298e-05
2.291011905788869959e-05
2.267785344949888396e-05
2.244210031491717310e-05
2.220308021642546242e-05
2.196091533147372934e-05
2.171582234694012108e-05
2.146793926345244235e-05
2.121749381576958009e-05
2.096462703115951949e-05
2.070955976985980955e-05
2.045244441339189685e-05
2.019349857260539921e-05
1.993287693622705943e-05
1.967079098864817302e-05
1.940739405045649921e-05
1.914292019665954996e-05
1.887751637521573156e-05
1.861139644812114609e-05
1.834472155575141334e-05
1.807768749239061908e-05
1.781045873352829964e-05
1.754322400350815704e-05
1.727612627550346980e-05
1.700938929749688707e-05
1.674314531085045843e-05
1.647758143366865235e-05
1.621284357164454781e-05
1.594909194196395970e-05
1.568648315927445908e-05
1.542516496971869434e-05
1.516525532219806406e-05
1.490695260754186930e-05
1.465034969267016950e-05
1.439560213488326667e-05
1.414282061441053989e-05
1.389212087054286516e-05
1.364364206078120643e-05
1.339747825195292481e-05
1.315371014578842569e-05
1.291250161247774856e-05
1.267390049691581118e-05
1.243802227705010326e-05
1.220493317579382190e-05
1.197469850257567637e-05
1.174743910630333154e-05
1.152318923856405637e-05
1.130198851245398107e-05
1.108396487627626928e-05
1.086911439721864744e-05
1.065751828642635454e-05
1.044919289362945072e-05
1.024415372307270682e-05
1.004250629675393297e-05
9.844224664613958510e-06
9.649313509081702120e-06
9.457866746710852894e-06
9.269825620379624852e-06
9.085249015963680702e-06
8.904107365735142800e-06
8.726367883856139045e-06
8.552130897660961396e-06
8.381315075551320470e-06
8.213899344412403813e-06
8.049947285122583562e-06
7.889350673188680308e-06
7.732159254540818739e-06
7.578300752146859538e-06
7.427702207647699954e-06
7.280468711393012812e-06
7.136469934786183560e-06
6.995674946587544572e-06
6.858116536543922509e-06
6.723651964284964246e-06
6.592333601147111614e-06
6.464052062447794593e-06
6.338705493787231041e-06
6.216410297138984424e-06
6.096995105331935013e-06
5.980431947521355879e-06
5.866725773284799037e-06
5.755710444345765615e-06
5.647456737272114214e-06
5.541822763562850554e-06
5.438690764965083158e-06
5.338192782372816739e-06
5.240124367502432846e-06
5.144471178975432865e-06
5.051213222231586345e-06
4.960170989644702260e-06
4.871448871277472320e-06
4.784876303064213394e-06
4.700332852359257879e-06
4.617965658011428404e-06
4.537544066870509886e-06
4.459078117915108491e-06
4.382526078117713773e-06
4.307707036490791185e-06
4.234767018572717189e-06
4.163506959979406804e-06
4.093813225629954173e-06
4.025844769598782563e-06
3.959357323217300409e-06
3.894395827136104366e-06
3.830896507649170458e-06
3.768681597558288803e-06
3.707938267944708242e-06
3.648445791914262231e-06
3.590111778633896054e-06
3.533097313397991129e-06
3.477150622548035992e-06
3.422356316709803000e-06
3.368635711409090523e-06
3.315819817368398213e-06
3.264124710805464244e-06
3.213314586968206071e-06
3.163334594625226973e-06
3.114336345915836589e-06
3.066064651134124230e-06
3.018644904718790503e-06
2.971992859660247486e-06
2.925946772571548248e-06
2.880740169907693348e-06
2.836137289426292091e-06
2.792120294453652687e-06
2.748818220040837439e-06
2.705994534367134449e-06
2.663799958754521567e-06
2.622145737237867662e-06
2.580892053758766615e-06
2.540269233282002407e-06
2.500050547219395373e-06
2.460260455593286220e-06
2.420986982200475109e-06
2.382037042709658316e-06
2.343563303960168458e-06
2.305481082436175357e-06
2.267679227206029372e-06
2.230368923033929060e-06
2.193348302253139520e-06
2.156673801295037006e-06
2.120403449461121533e-06
2.084390504296858969e-06
2.048786462109544225e-06
2.013512387812620128e-06
1.978488592836988729e-06
1.943887398610164798e-06
1.909526471460004625e-06
1.875459385693542351e-06
1.841694727145851785e-06
1.808095511701349864e-06
1.774770680249543193e-06
1.741618655112697302e-06
1.708567242315492463e-06
1.675734848144374960e-06
1.642969322163929969e-06
1.610336347635399108e-06
1.577847180510890885e-06
1.545429865283099668e-06
1.513213918359663378e-06
1.481154636731384237e-06
1.449256313293756387e-06
1.417649169027106902e-06
1.386263544677393918e-06
1.355201531475522292e-06
1.324497013691118586e-06
1.294128521293018174e-06
1.264212595322012869e-06
1.234720855255924823e-06
1.205670005043945010e-06
1.177139061038335917e-06
1.149067633810725881e-06
1.121516486678255768e-06
1.094482860327740701e-06
1.067931024487701947e-06
1.041912407832776258e-06
1.016378939453373818e-06
9.913256325367088290e-07
9.667717639275664677e-07
9.426592420457780562e-07
9.190095510088030357e-07
8.958033640065256359e-07
8.730077642792469058e-07
8.506377282965248632e-07
8.286567908388400865e-07
8.070610499579436751e-07
7.858487272191732695e-07
7.649903674987620938e-07
7.444925123063777179e-07
7.243451712943604170e-07
7.045357915920092330e-07
6.850638938349814765e-07
6.659171853431072415e-07
6.470989583739395786e-07
6.286024263397419668e-07
6.104249611794854668e-07
5.925624570381103674e-07
5.750173342418739511e-07
5.577920529014836657e-07
5.408753131908925345e-07
5.242741026451627343e-07
5.079907736990419277e-07
4.920188004448235039e-07
4.763693539418326156e-07
4.610303052144857235e-07
4.460102323163691378e-07
4.313165326399134797e-07
4.169304433389500086e-07
4.028696609480878336e-07
3.891289421586378539e-07
3.757027385848095878e-07
3.626057066046527523e-07
3.498168032657175592e-07
3.373474219490345623e-07
3.252056042270403258e-07
3.133673376881362179e-07
3.018502512893076272e-07
2.906438622800139988e-07
2.797422894503392879e-07
2.691588991981209394e-07
2.588693124008114183e-07
2.488839518148809279e-07
2.392023408899363201e-07
2.298038047619765073e-07
2.207052014012716459e-07
2.118885593332362485e-07
2.033503809632437565e-07
1.950970529324607926e-07
1.871061434761985851e-07
1.793854712538667882e-07
1.719320962056045009e-07
1.647244572789016418e-07
1.577773366718080076e-07
1.510733685343123309e-07
1.446041818481224273e-07
1.383779836022303285e-07
1.323719454162840842e-07
1.265906628434410146e-07
1.210294015121695526e-07
1.156758252385388214e-07
1.105315799623511707e-07
1.055829869548442822e-07
1.008296949718283879e-07
9.626416584174820010e-08
9.187969567683953524e-08
8.767444544147723257e-08
8.363774278388919674e-08
7.976840458121476461e-08
7.605963045895250923e-08
7.250563880223314766e-08
6.909964995169424467e-08
6.583853363127663370e-08
6.271629443955369085e-08
5.973037730738839940e-08
5.687493314901573359e-08
5.413949145794900510e-08
5.152915017918986554e-08
4.903483139635654522e-08
4.664827516840289531e-08
4.436999489262307058e-08
4.219408264142657194e-08
4.011906558786563547e-08
3.813833776658705718e-08
3.624800021274491247e-08
3.444431852776203213e-08
3.272739753285459334e-08
3.109024362281421108e-08
2.952419080018502854e-08
2.803929958192897892e-08
2.662183803917596176e-08
2.527065186340635852e-08
2.399015485218764024e-08
2.276219189821583650e-08
2.160141673262361109e-08
2.049607207780577655e-08
1.943648521224564328e-08
1.844000753176753634e-08
1.748528154705059189e-08
1.657900695447847875e-08
1.572259694347541205e-08
1.489950551217181939e-08
1.412592308727547290e-08
1.338868739699479453e-08
1.268327995027835708e-08
1.202180609780068502e-08
1.138778337017965377e-08
1.078846752336138592e-08
1.022119106125677491e-08
9.677220631295942129e-09
9.167394442120224020e-09
8.681461298774829630e-09
8.217976369415296578e-09
7.782854288922270665e-09
7.366860438102035150e-09
6.974585054051604753e-09
6.602764177482024232e-09
6.246900763445333894e-09
5.914387363818436221e-09
5.597461531570133368e-09
5.295413595675120007e-09
5.012198001623810864e-09
4.741287427270794703e-09
4.486630247993794525e-09
4.245519734627623756e-09
4.013808489326978466e-09
3.799074715976234637e-09
3.594095330860610193e-09
3.398524712538033370e-09
3.216364402590728027e-09
3.040690125507808463e-09
2.876686344529963377e-09
2.721522770234773773e-09
2.570785602820023539e-09
2.433151884101097493e-09
2.300847307806678681e-09
2.174905219013116139e-09
2.058819898316449742e-09
1.945456807053185691e-09
1.841032349657351934e-09
1.742167259453724948e-09
1.644698536657433483e-09
1.557258097434684486e-09
1.471868592903503347e-09
1.390863529803334812e-09
1.316664503639045311e-09
1.242989723513067969e-09
1.176384998283532572e-09
1.113237898127047950e-09
1.050402232369692770e-09
9.953249904018281395e-10
9.407020517744954575e-10
8.894950532576157715e-10
8.427396811752415144e-10
7.954484697850135737e-10
7.534744918587247039e-10
7.132595158456882477e-10
6.728779702094241512e-10
6.379635364445206692e-10
6.026240792877586267e-10
5.698776363799274219e-10
5.399149726803026497e-10
5.092102789785872970e-10
4.825495027807899331e-10
4.567405549610649267e-10
4.308533440940686677e-10
4.087363115563598432e-10
3.860114372088892796e-10
3.652877080054836723e-10
3.462439251406550794e-10
3.265288731018980253e-10
3.097371827510474743e-10
2.932371015171023573e-10
2.767973955262551930e-10
2.628397813666153300e-10
2.483013149015514204e-10
2.352376236772167850e-10
2.231622426143838990e-10
2.105652588222195118e-10
1.999646214715692295e-10
1.893537195166339066e-10
1.788897332033625958e-10
1.699640890522261697e-10
1.605585888854165559e-10
1.521806208659334885e-10
1.444017197403107805e-10
1.362660907151175854e-10
1.294648036558069859e-10
1.225721634768219677e-10
1.158923586107206206e-10
1.101067908485264380e-10
1.040360222548687719e-10
9.867478357544353014e-11
9.367333360307294682e-11
8.843508238249685684e-11
8.405612966882719803e-11
7.957309429876090507e-11
7.533621101094075477e-11
7.157197964473074513e-11
6.768558799990686487e-11
6.422849319224596059e-11
6.098219356058431909e-11
5.762532805116825213e-11
5.481457828728083702e-11
5.190121159898743203e-11
4.919519441785318157e-11
4.674788688061047130e-11
4.423474392657231811e-11
4.200510223440164243e-11
3.989154111374416660e-11
3.773238522339616607e-11
3.589681544361347613e-11
3.401219732414490374e-11
3.226309481508891493e-11
3.066268888966522991e-11
2.902984676111094130e-11
2.758652654569445869e-11
2.619581577487387084e-11
2.480565964987514717e-11
2.360350912143660948e-11
2.236808758116958928e-11
2.123543669684198431e-11
2.018307435916829627e-11
1.912612969834992779e-11
1.818043656914558041e-11
1.727005731189439160e-11
1.636434853180115755e-11
1.556861609390735609e-11
1.476164371156785087e-11
1.401709626713307171e-11
1.332255811466932826e-11
1.262485422046831271e-11
1.200113332097490650e-11
1.139313835479080344e-11
1.080117437244913595e-11
1.026851705124619350e-11
9.733899927789427419e-12
9.240783191115574502e-12
8.774075087347308943e-12
8.312091955839425687e-12
7.892253079412508320e-12
7.483942466491605610e-12
7.088281761994727115e-12
6.727512274596715502e-12
6.366904875947884206e-12
6.031996526083372907e-12
5.714471991657021130e-12
5.400648411802151487e-12
5.112481021361057828e-12
4.831340835575636975e-12
4.560545188198543565e-12
4.308706775906181895e-12
4.059487955221337026e-12
3.825651590164712733e-12
3.601674373853196517e-12
3.382821131479788962e-12
3.178686167408610384e-12
2.978894508791801237e-12
2.788429690154564642e-12
2.606842599965817522e-12
2.430632768121086964e-12
2.263709272471038095e-12
2.103666872789940490e-12
1.949380311673863156e-12
1.803828933906400052e-12
1.663716330423774407e-12
1.530449605713598598e-12
1.405132326684298681e-12
1.284970057770506760e-12
1.172714155271487678e-12
1.067172483953213927e-12
9.680754194306071077e-13
8.768774751804128698e-13
7.920589669568473900e-13
7.145191732651417392e-13
6.445330787652314740e-13
5.810745415647750833e-13
5.249494239568336347e-13
4.754765705788415537e-13
4.327566429870873397e-13
3.962524410600919516e-13
3.656695518769126327e-13
3.405728404055209791e-13
3.202071973990744571e-13
3.042420323679537177e-13
2.915131042596151926e-13
2.813775703899106248e-13
2.734632434683407428e-13
2.661558469329542654e-13
2.594213629272543346e-13
2.520979938736231717e-13
2.436166126633368582e-13
2.339850482571020410e-13
2.221798541612766742e-13
2.084123713167092519e-13
1.930700006033556860e-13
1.760158093076893090e-13
1.585069814864271137e-13
1.405651583072758393e-13
1.231745619788464546e-13
1.072372868131430050e-13
9.310698567563230466e-14
8.161792255703482204e-14
7.318795467870976191e-14
6.745623548670132902e-14
6.468437468084768775e-14
6.386413324804362897e-14
6.440772961661698769e-14
6.550715452445104773e-14
6.586264464328480421e-14
6.499063198084101326e-14
6.234556143149349026e-14
5.758300145007175482e-14
5.138557527884037834e-14
4.408415415652041334e-14
3.680771106050382506e-14
3.060797550305028852e-14
2.603386770443419816e-14
2.372274629634876346e-14
2.349173501175189076e-14
2.459951211422640282e-14
2.627815441548849229e-14
2.721050551301143281e-14
2.670760932176438706e-14
2.450773115516641193e-14
2.080852671924267018e-14
1.665839194651532305e-14
1.315624639332987162e-14
1.110643403748238450e-14
1.097592740287303982e-14
1.209363531906608560e-14
1.349667593226435244e-14
1.407792921048927097e-14
1.304156505263122458e-14
1.072433868024463097e-14
8.045133685404670620e-15
6.167663590976866047e-15
5.909629119748894437e-15
6.846711332609215955e-15
7.987960351397366585e-15
8.145344458133273403e-15
6.874856845624218958e-15
4.947281694713834285e-15
3.619640062895131919e-15
3.624295516034566783e-15
4.627514424202242442e-15
5.255376223520302542e-15
4.692140043129717831e-15
3.276050551371321043e-15
2.262964283140340892e-15
2.486811446618235350e-15
3.337711110918487863e-15
3.482492711358638392e-15
2.583325781635189620e-15
1.596512137028959116e-15
1.669634934648080448e-15
2.376648199912023079e-15
2.414942695365198087e-15
1.571438059187757756e-15
1.054424518411391572e-15
1.479800208140659251e-15
1.872385290550399791e-15
1.321717622520778342e-15
7.774157882551147058e-16
1.094314765162901509e-15
1.405303545250642932e-15
9.047414119634275873e-16
5.946839793608314715e-16
9.793289926443276879e-16
9.825117148490395850e-16
4.845714289899669931e-16
6.359734041691547699e-16
8.435212429969169159e-16
4.548067952045314910e-16
4.523669830712651059e-16
6.898486993419755169e-16
3.574213636164827762e-16
3.973072465024320818e-16
5.325460280106584289e-16
2.615854673555295957e-16
3.846163691730866031e-16
3.768947401505777018e-16
2.031289346972595197e-16
3.856515567423006099e-16
1.860872253027179415e-16
2.812647557024694349e-16
2.253436423293179764e-16
1.877869233299584654e-16
2.335951274164948617e-16
1.409510937864366500e-16
2.108004108649936679e-16
1.214996753643131598e-16
1.787158987358308225e-16
1.104582836329141461e-16
1.492837882711510671e-16
1.003674198863521256e-16
1.252794968715412673e-16
8.994765758441592162e-17
1.060657148842340935e-16
7.962128114956016234e-17
9.047575089104243444e-17
6.988443547112436403e-17
7.758837265477239373e-17
6.100337202186196558e-17
6.677479778595670141e-17
5.306229471713471178e-17
5.760773439643404303e-17
4.604467712155784806e-17
4.978409511951636616e-17
3.988705687275625718e-17
4.307760275013020603e-17
3.450810282960908804e-17
3.731183561445637965e-17
2.982307910271259481e-17
3.234478235563603917e-17
2.575064782788785958e-17
2.805958491994591553e-17
2.221580840768638269e-17
2.435864448798197507e-17
1.915091452367663563e-17
2.115962732390532335e-17
1.649574683564621159e-17
1.839260136665669677e-17
1.419713644906067333e-17
1.599788623190986906e-17
1.220839237026293431e-17
1.392437930799449087e-17
1.048866337371055857e-17
1.212821700649342620e-17
9.002300837644472136e-18
1.057168227173272076e-17
7.718255389103569581e-18
9.222300331743239281e-18
6.609522361511247173e-18
8.052082010418173219e-18
5.652641120314795251e-18
7.036885894209885910e-18
4.827248366075390176e-18
6.155877482344859151e-18
4.115682619438881710e-18
5.391068708963802375e-18
3.502636156275466446e-18
4.726924729999583945e-18
2.974849786413049911e-18
4.150027358975416022e-18
2.520846234532825278e-18
3.648786580910724987e-18
2.130697711942103291e-18
3.213193003599697035e-18
1.795823852899812722e-18
2.834605393431658972e-18
1.508816397045121203e-18
2.505568266899299629e-18
1.263287460233066467e-18
2.219655466457220989e-18
1.053738526205134884e-18
1.971336158167211432e-18
8.754477345744116089e-19
1.755860301341524221e-18
7.243732860816771030e-19
1.569161173572377485e-18
5.970711527211858331e-19
1.407772774439653625e-18
4.906254706256961557e-19
1.268760453827788029e-18
4.025903812015716111e-19
1.149663309300353239e-18
3.309421482734704506e-19
1.048447210374382732e-18
2.740407563346702012e-19
9.634675445995851684e-19
2.306003060384827356e-19
8.934410097749676976e-19
1.996676930082511860e-19
8.374259799741978561e-19
1.806093587233264610e-19
7.948111873907030216e-19
1.731059623682282726e-19
