# bin_3_2
3.724997659387032880e-08
9.153490505823915805e-09
3.639657222562778672e-08
9.846497741777288669e-09
3.620545995735774754e-08
1.115277900672155356e-08
3.671207043500129469e-08
1.312157555867008317e-08
3.797135388326714371e-08
1.582224018142854932e-08
4.005982706267850960e-08
1.934659377438375235e-08
4.307817364523916226e-08
2.381185341018264760e-08
4.715444591570254967e-08
2.936418624410961186e-08
5.244792381845662928e-08
3.618294367709426776e-08
5.915368644238498683e-08
4.448563256761493020e-08
6.750794954973076035e-08
5.453367480126471884e-08
7.779421530490007150e-08
6.663899274543828308e-08
9.035026281815461212e-08
8.117143983358536983e-08
1.055759828249104380e-07
9.856706073875544617e-08
1.239420184939359058e-07
1.193371163635418582e-07
1.459991157115174194e-07
1.440777387690625096e-07
1.723880028333382531e-07
1.734799836840972199e-07
2.038495051198245299e-07
2.083399179683479853e-07
2.412344543900282920e-07
2.495682099254428324e-07
2.855127572783803583e-07
2.981984732644329689e-07
3.377807468012690846e-07
3.553933482746345280e-07
3.992656449237191568e-07
4.224469788772144489e-07
4.713256141217678128e-07
5.007821700205637879e-07
5.554434759203870149e-07
5.919400897464018834e-07
6.532117426267012316e-07
6.975599425001147835e-07
7.663061753432003125e-07
8.193456266001567808e-07
8.964447013089708899e-07
9.590160635596566710e-07
1.045328282838237852e-06
1.118235760339105681e-06
1.214560350999598765e-06
1.298522377959903585e-06
1.405541872388724158e-06
1.501128833292692656e-06
1.619340230142957067e-06
1.726899001736573936e-06
1.856532143658748065e-06
1.976098710514627360e-06
2.117024129693036835e-06
2.248227722992223610e-06
2.399858818617476005e-06
2.541824080738530207e-06
2.703021995657951957e-06
2.854279618610708535e-06
3.023273539932889655e-06
3.181694532630306895e-06
3.356035094336842734e-06
3.518808883043836304e-06
3.695377283723396297e-06
3.859058393461180834e-06
4.034157642220001280e-06
4.194808324711469739e-06
4.364363938116884125e-06
4.517818705764481704e-06
4.677711769117918779e-06
4.819981632877224467e-06
4.966524450694029338e-06
5.094340688282997813e-06
5.224881321036128548e-06
5.336348215713238309e-06
5.449953135551860869e-06
5.545235580671326732e-06
5.643350422803868977e-06
5.725268833161948434e-06
5.812202000217469431e-06
5.886553501810804806e-06
5.969580380403677233e-06
6.044970706601412846e-06
6.133841349783200970e-06
6.220824763931038235e-06
6.326507279981649511e-06
6.435926246386734274e-06
6.568564861574903709e-06
6.709184970433503387e-06
6.875513031404731836e-06
7.051361736244172550e-06
7.252160716473858190e-06
7.460342867309483104e-06
7.688880956071504126e-06
7.918917519640519776e-06
8.161448248453456560e-06
8.397141048418514181e-06
8.636244709617414044e-06
8.860464640379655171e-06
9.081072040216524890e-06
9.282596076878106800e-06
9.478997512113343681e-06
9.658852750197689747e-06
9.839409140056830713e-06
1.001296243342715373e-05
1.019871970840594752e-05
1.039028605218237560e-05
1.060556685129083032e-05
1.083566128425548888e-05
1.109343093723476476e-05
1.136443677210404780e-05
1.165497610342920815e-05
1.194561895005239825e-05
1.223909301928039971e-05
1.251620028528603010e-05
1.278286472542239827e-05
1.302704719045233194e-05
1.326329519773462741e-05
1.348885209180663932e-05
1.372450602147700002e-05
1.396961317811347975e-05
1.424051042289753916e-05
1.452708105169499496e-05
1.483244958067291636e-05
1.513463467988460566e-05
1.542969758154934604e-05
1.569776008134275380e-05
1.594561847544656726e-05
1.617040711661640217e-05
1.639467981463480097e-05
1.662349767705935001e-05
1.687368461341322406e-05
1.713267017995554530e-05
1.739452529265066182e-05
1.763136414922353935e-05
1.783842032144745499e-05
1.800762564620429020e-05
1.816190249519310145e-05
1.831208767481782169e-05
1.847630973398585580e-05
1.863786522989271837e-05
1.878186925070874779e-05
1.887904692378836497e-05
1.893477557873603234e-05
1.895995344910049004e-05
1.898581419938823747e-05
1.900926795893793681e-05
1.901647884418100403e-05
1.897143188868915427e-05
1.887600853799806415e-05
1.874702680101122102e-05
1.861882806103522765e-05
1.847946793658651314e-05
1.830373800207533530e-05
1.806580770314631688e-05
1.779639582194470301e-05
1.752302881245299459e-05
1.724838090763735607e-05
1.692825227827662242e-05
1.656317422750577510e-05
1.618707094530185496e-05
1.583042994785657603e-05
1.545306244987929554e-05
1.504115473378584339e-05
1.462973028481615017e-05
1.425641650283482417e-05
1.387665051041623188e-05
1.348508679234270891e-05
1.312903623793768670e-05
1.282244063270875508e-05
1.251124337848120130e-05
1.223425251130074001e-05
1.202446311420559994e-05
1.184035320467836014e-05
1.168061894240116150e-05
1.160454941597722935e-05
1.155130741936703014e-05
1.153339733703992273e-05
1.158527741585727250e-05
1.165106712978024759e-05
1.174885025030974727e-05
1.189584634955261106e-05
1.202171723545465804e-05
1.219473064261470736e-05
1.234069784676264081e-05
1.249147879743414062e-05
1.262854877569767805e-05
1.273291431354642458e-05
1.282902127486339699e-05
1.287850251848251703e-05
1.291959808753166171e-05
1.291991617426102694e-05
1.291606852071026597e-05
1.288915213500720644e-05
1.286986953378772426e-05
1.284977853448467611e-05
1.285233474267959125e-05
1.287305662353612985e-05
1.292648433714140036e-05
1.300612718787367247e-05
1.311647059984886538e-05
1.324616477290053919e-05
1.339121238350545540e-05
1.353717919055972177e-05
1.367692029082986951e-05
1.379865114907409871e-05
1.389939786428118375e-05
1.397609101254145132e-05
1.403466212142865181e-05
1.408191051864315640e-05
1.413029307554308240e-05
1.418989257396291926e-05
1.427041927986724309e-05
1.437476223605722620e-05
1.450118844162543818e-05
1.464083074167639487e-05
1.478229126236498202e-05
1.491320608824049368e-05
1.502574251872466999e-05
1.511834005247048082e-05
1.519738070877072742e-05
1.527454515543959617e-05
1.536269148536937394e-05
1.547045075794527472e-05
1.559812740871759456e-05
1.573751338830231406e-05
1.587497241164619087e-05
1.599871886931962997e-05
1.610430892934624993e-05
1.619829862217298601e-05
1.629382764404428677e-05
1.640403459695641763e-05
1.653244882689335228e-05
1.667159487361546526e-05
1.680635603051401484e-05
1.692617682097958092e-05
1.703169973679565004e-05
1.713623342422154110e-05
1.725339700401459903e-05
1.738694191706798269e-05
1.752523735312273403e-05
1.765363997118342339e-05
1.776713583865184129e-05
1.787765674655709565e-05
1.799968403024328702e-05
1.813574242437438052e-05
1.827115517435127208e-05
1.839364112119610162e-05
1.850724536689038753e-05
1.862916568330418097e-05
1.876395314024590139e-05
1.889849386860262051e-05
1.901963625241343486e-05
1.913686252107081576e-05
1.926503091988533432e-05
1.940083237097068973e-05
1.952656861276314579e-05
1.964459095837147853e-05
1.977097335627767393e-05
1.990517807127384510e-05
2.002925134709163249e-05
2.014806570285142116e-05
2.027659341738430321e-05
2.040692092122630877e-05
2.052555295540113380e-05
2.064826272640008314e-05
2.077779686013857499e-05
2.089821139395869244e-05
2.101681847603297139e-05
2.114452988080610572e-05
2.126295025226836960e-05
2.138072632003595389e-05
2.150474244449738741e-05
2.162000630726133317e-05
2.173710946683923435e-05
2.185701947891906531e-05
2.196732842413635486e-05
2.208586432497467608e-05
2.219593798707809157e-05
2.230829979429775519e-05
2.241894080829409449e-05
2.252600125275553631e-05
2.263512945975901326e-05
2.273821616769736744e-05
2.284413290016829769e-05
2.294388209663790061e-05
2.304578641548471124e-05
2.314221137027094261e-05
2.323933062347310709e-05
2.333229957433304206e-05
2.342453576413102209e-05
2.351322069136486815e-05
2.360061889238262189e-05
2.368437831735561132e-05
2.376673589915399113e-05
2.384531484577738202e-05
2.392195337209509945e-05
2.399517286371422132e-05
2.406577950844123877e-05
2.413304225176784391e-05
2.419748779894671177e-05
2.425823827591553603e-05
2.431621615469883792e-05
2.437019448944903658e-05
2.442108004005450516e-05
2.446807043023913866e-05
2.451151075415902505e-05
2.455103188355151989e-05
2.458681230923491303e-05
2.461837693465059333e-05
2.464619637424980548e-05
2.466951157220183686e-05
2.468886894543188639e-05
2.470372378016817477e-05
2.471428662286860161e-05
2.472029784422517153e-05
2.472183634550051030e-05
2.471860773250965428e-05
2.471088570761980106e-05
2.469818503948432471e-05
2.468084020129181864e-05
2.465847910732997780e-05
2.463125597984986082e-05
2.459898777371000153e-05
2.456173472292590547e-05
2.451930637905966540e-05
2.447187931172816995e-05
2.441915466819679308e-05
2.436136345496209307e-05
2.429826921480007033e-05
2.423000068593786192e-05
2.415644127856289203e-05
2.407766727732764132e-05
2.399357693858361344e-05
2.390430867034831465e-05
2.380969764618067828e-05
2.370993697489391904e-05
2.360489752689006186e-05
2.349471286268470330e-05
2.337933695311469973e-05
2.325887507868735517e-05
2.313329739156042711e-05
2.300274781995892932e-05
2.286717109358785808e-05
2.272674889097291192e-05
2.258144392021009677e-05
2.243141172724473826e-05
2.227667229207779020e-05
2.211736643780516019e-05
2.195352825937948863e-05
2.178532809189515624e-05
2.161279380923490328e-05
2.143609673347580250e-05
2.125528859852729405e-05
2.107055319422962444e-05
2.088196014313843237e-05
2.068968560627431328e-05
2.049381782128079432e-05
2.029453802079390418e-05
2.009193917579701584e-05
1.988621675349445502e-05
1.967746746053710124e-05
1.946588271630429132e-05
1.925157712604996549e-05
1.903474952885656052e-05
1.881551904809823566e-05
1.859408139265036612e-05
1.837056424165484892e-05
1.814516318090453906e-05
1.791800883655021194e-05
1.768929121472573093e-05
1.745914333928761007e-05
1.722777289436698610e-05
1.699530905279844793e-05
1.676194441688196602e-05
1.652781958102536372e-05
1.629311368422722505e-05
1.605797060239639036e-05
1.582256364578012674e-05
1.558702072141683265e-05
1.535154331201392511e-05
1.511625207681585432e-05
1.488131825692584882e-05
1.464687321877205057e-05
1.441306716737968773e-05
1.418004020149166812e-05
1.394793200167313734e-05
1.371685162830205215e-05
1.348697996804840790e-05
1.325840564834134933e-05
1.303127400785740011e-05
1.280568795203532506e-05
1.258175990541576708e-05
1.235961598610617767e-05
1.213935011801419445e-05
1.192104038504487850e-05
1.170483754763605491e-05
1.149079242527142081e-05
1.127901499519729028e-05
1.106957054440428856e-05
1.086252732470614192e-05
1.065799516356279388e-05
1.045601580094486024e-05
1.025663152349826150e-05
1.005996074609521491e-05
9.866009313542267392e-06
9.674855850509259971e-06
9.486521899512701911e-06
9.301031305115236214e-06
9.118478984412537255e-06
8.938853448693035358e-06
8.762165294909895748e-06
8.588501540074368744e-06
8.417819678832366278e-06
8.250176403767768733e-06
8.085552185439687830e-06
7.923927294671164099e-06
7.765389971106950140e-06
7.609879083671032433e-06
7.457380867031554630e-06
7.307953996544327663e-06
7.161511608292855427e-06
7.018099599124715978e-06
6.877659830241364153e-06
6.740135644512841368e-06
6.605617352580672600e-06
6.473999511170003538e-06
6.345257473334780714e-06
6.219421476817488957e-06
6.096372811359215166e-06
5.976157121431819353e-06
5.858682397259320734e-06
5.743864807069398360e-06
5.631802878692398271e-06
5.522353743815986092e-06
5.415493083835438412e-06
5.311225635409501462e-06
5.209410463887073880e-06
5.110107250538916494e-06
5.013194238668160110e-06
4.918571733259977774e-06
4.826351001414167447e-06
4.736358587891845117e-06
4.648580136255909614e-06
4.562997648670656251e-06
4.479456798862257771e-06
4.398045399640762754e-06
4.318615418702993575e-06
4.241062931198344873e-06
4.165512317348105841e-06
4.091765434583467759e-06
4.019827876774176191e-06
3.949662007441685747e-06
3.881110732199724822e-06
3.814298141929200208e-06
3.749050058499080411e-06
3.685266754594734438e-06
3.623083678824495057e-06
3.562288923220521555e-06
3.502918065548673372e-06
3.444913645374697401e-06
3.388119831118050826e-06
3.332697688896067217e-06
3.278452729025635007e-06
3.225302428288464881e-06
3.173385394766544207e-06
3.122481119116805818e-06
3.072660332915596797e-06
3.023851986151308532e-06
2.975906529780159305e-06
2.929012111342734335e-06
2.882959487108614049e-06
2.837698297005431197e-06
2.793360323639237105e-06
2.749719811251778940e-06
2.706884604811255892e-06
2.664778247948546733e-06
2.623256190169631525e-06
2.582524094033872207e-06
2.542371149178259626e-06
2.502779370222993612e-06
2.463861942359730279e-06
2.425407362211579431e-06
2.387547555944126044e-06
2.350201409450582026e-06
2.313242549724181633e-06
2.276875999357275568e-06
2.240897430692287019e-06
2.205326808074361582e-06
2.170242170405950142e-06
2.135469225082075155e-06
2.101144023378925921e-06
2.067188891557772384e-06
2.033502528116813840e-06
2.000275086089941536e-06
1.967322767019773874e-06
1.934694293221464206e-06
1.902440584967372859e-06
1.870426605311228459e-06
1.838788419331710065e-06
1.807452712382857032e-06
1.776346714462789883e-06
1.745629600423786121e-06
1.715137369573570931e-06
1.684921850275995750e-06
1.654994951786280394e-06
1.625234696093673999e-06
1.595744429092279521e-06
1.566431735607982222e-06
1.537229667525290465e-06
1.508246299809925854e-06
1.479337175512294665e-06
1.450557095905687898e-06
1.421909787532370504e-06
1.393320719986192784e-06
1.364902989559864839e-06
1.336606280999365848e-06
1.308426528936702107e-06
1.280479606063739430e-06
1.252694265894652017e-06
1.225161265923019773e-06
1.197908898951045507e-06
1.170914553901499753e-06
1.144288390373468282e-06
1.118002970716197597e-06
1.092074757738258361e-06
1.066582058618506012e-06
1.041469684514362702e-06
1.016798934553962827e-06
9.925705974519503060e-07
9.687539105720151515e-07
9.454039066599656840e-07
9.224770832983141438e-07
8.999719045919017559e-07
8.779122027716481778e-07
8.562438092269666566e-07
8.349913823533631122e-07
8.141382423057264691e-07
7.936534969829930567e-07
7.735561583913096199e-07
7.538101582203765743e-07
7.344125291052962922e-07
7.153643986288959042e-07
6.966351171872061844e-07
6.782334039015536674e-07
6.601487370539795201e-07
6.423671905129047855e-07
6.248915890311518860e-07
6.077067449675865156e-07
5.908157558636756616e-07
5.742132243041972188e-07
5.578931030497198360e-07
5.418537797668412627e-07
5.260957955051277000e-07
5.106191454141412196e-07
4.954160579595434492e-07
4.804895226058753579e-07
4.658420950791945337e-07
4.514683525784575497e-07
4.373763103955589580e-07
4.235565580407570783e-07
4.100157505657843954e-07
3.967598042485664151e-07
3.837736702523464409e-07
3.710711017271963905e-07
3.586488687786693633e-07
3.465021889632654901e-07
3.346432167553080177e-07
3.230544822605924691e-07
3.117462883839734852e-07
3.007253332702801979e-07
2.899713042099190774e-07
2.794997057731598919e-07
2.693018332500232030e-07
2.593729681838969862e-07
2.497251280040929779e-07
2.403371107157772432e-07
2.312181319919237281e-07
2.223692880228795345e-07
2.137717275361716231e-07
2.054406062697618287e-07
1.973606347576455722e-07
1.895292075308802149e-07
1.819523663565153647e-07
1.746099873160971638e-07
1.675101677020752419e-07
1.606497718594445101e-07
1.540102115673398210e-07
1.476051216519358678e-07
1.414189306557177594e-07
1.354445937219971055e-07
1.296899770418161782e-07
1.241340901549986655e-07
1.187818390602007717e-07
1.136298400909751181e-07
1.086651667434827002e-07
1.038916994204541267e-07
9.929623181876156372e-08
9.487808915855111071e-08
9.063241817776620388e-08
8.655111333771558786e-08
8.263388268584929352e-08
7.887130536828915776e-08
7.526198588765869987e-08
7.180008595642911687e-08
6.847984113236765916e-08
6.529632765441724429e-08
6.224592859480469767e-08
5.932341016582876155e-08
5.652667347630567673e-08
5.385008689173622615e-08
5.128501292640580028e-08
4.883525385146842681e-08
4.649275442008610184e-08
4.425025081414993327e-08
4.210857825370049715e-08
4.006129385554324076e-08
3.810802650401892287e-08
3.624276697136946998e-08
3.446066513223811777e-08
3.276045712912437622e-08
3.114034715268545202e-08
2.959445671104308138e-08
2.811620796962677021e-08
2.671216605930927464e-08
2.537222803709786301e-08
2.409434238108161559e-08
2.288154426805642020e-08
2.171941589490817661e-08
2.061929385444257472e-08
1.957135385609856921e-08
1.856706719908781997e-08
1.762099226782991560e-08
1.671501073127103653e-08
1.585432160533238425e-08
1.504033400240451637e-08
1.425823438996666442e-08
1.352234195411229953e-08
1.282094206647671982e-08
1.214966236771632143e-08
1.151966084109364726e-08
1.091574063137661331e-08
1.034445680846051403e-08
9.803642995688939783e-09
9.284856375146384717e-09
8.798305247526193257e-09
8.334450573394352762e-09
7.891881653584879961e-09
7.476241225507801009e-09
7.078656806269036272e-09
6.703543547927728195e-09
6.347976342308728986e-09
6.007619451547605515e-09
5.689305114219937173e-09
5.385846483132086718e-09
5.096679940915946981e-09
4.825266835904701798e-09
4.565689349549314343e-09
4.321482966845162971e-09
4.090183379213385768e-09
3.868127921725940678e-09
3.661916073814893473e-09
3.465137675077323161e-09
3.277521096489313141e-09
3.102372229301101573e-09
2.933755069580265572e-09
2.776052351582160836e-09
2.626764272242687988e-09
2.482077913522652626e-09
2.349480787306251636e-09
2.222216036769070519e-09
2.101143047041051477e-09
1.989208185904317355e-09
1.880255455627249815e-09
1.779601820963076231e-09
1.684260784469012721e-09
1.590571790836605230e-09
1.506090738810515629e-09
1.423823898269319114e-09
1.345768038936394162e-09
1.274044956753497916e-09
1.203122620455126732e-09
1.138766716176829377e-09
1.077753841550942627e-09
1.017256527386984743e-09
9.639272714662777639e-10
9.112446461904863620e-10
8.618095679434967436e-10
8.165492647777972341e-10
7.709666233975170982e-10
7.303349175310472275e-10
6.914270061512616597e-10
6.524772781964463975e-10
6.186101764671534514e-10
5.844761493797745432e-10
5.527936266037204302e-10
5.237449971507162382e-10
4.940957284237848883e-10
4.682402658868437748e-10
4.432397034716897686e-10
4.182224932656361702e-10
3.967435826534572046e-10
3.747658918225300238e-10
3.546838561813310310e-10
3.362038175851608643e-10
3.171384043601511680e-10
3.008346341498550475e-10
2.848392183792048958e-10
2.689261060285786087e-10
2.553628115620670402e-10
2.412867357798532510e-10
2.286139572453656053e-10
2.168884630428481737e-10
2.046905339832012067e-10
1.943890753605582348e-10
1.840950392644679708e-10
1.739497494247831277e-10
1.652712312720661736e-10
1.561515668963164822e-10
1.480143658185465731e-10
1.404540739024197034e-10
1.325636721437450484e-10
1.259484245282497240e-10
1.192554290408618708e-10
1.127688252757174854e-10
1.071410873742045200e-10
1.012465988784799760e-10
9.603517506972587009e-11
9.117176786642429603e-11
8.608437553251540743e-11
8.182276027233683342e-11
7.746603935100986615e-11
7.334703199431955997e-11
6.968458714695693703e-11
6.590704439029570604e-11
6.254425658973585785e-11
5.938586554136703980e-11
5.612207604755843793e-11
5.338626379049419320e-11
5.055262600943246953e-11
4.791984309230929238e-11
4.553800323288179559e-11
4.309287882937725257e-11
4.092290458791256710e-11
3.886573068331504148e-11
3.676437712986172503e-11
3.497720519442634133e-11
3.314301712891212226e-11
3.144005556089107180e-11
2.988190052772403059e-11
2.829188206968970241e-11
2.688666683622233147e-11
2.553234266907043066e-11
2.417839419429873955e-11
2.300773079606149443e-11
2.180441076507663976e-11
2.070117297972805415e-11
1.967622299816403472e-11
1.864642339855741475e-11
1.772533541926960398e-11
1.683855599222149746e-11
1.595579133316556690e-11
1.518071382362632809e-11
1.439429279515250800e-11
1.366876185704491378e-11
1.299211655907566312e-11
1.231181983138328033e-11
1.170417844124345213e-11
1.111161246583270499e-11
1.053439949789154867e-11
1.001541543425148881e-11
9.494118971136263344e-12
9.013469593764862120e-12
8.558594385069534036e-12
8.107927520502560799e-12
7.698770766516801128e-12
7.300675729441872550e-12
6.914696626050998885e-12
6.563128771760108251e-12
6.211314988922563010e-12
5.884768100575373071e-12
5.575219724328616099e-12
5.268941573737010380e-12
4.988040610010884057e-12
4.713821348985683278e-12
4.449584651195242025e-12
4.204088287981373812e-12
3.960857168486596217e-12
3.732802267127932246e-12
3.514359595718719695e-12
3.300712427393920636e-12
3.101671799113126552e-12
2.906709587238402925e-12
2.720841349079408480e-12
2.543735214158760354e-12
2.371719330381810670e-12
2.208881585060912442e-12
2.052745611342929020e-12
1.902104179520038116e-12
1.760140783210271293e-12
1.623385605744394434e-12
1.493305898470543937e-12
1.371068468579744437e-12
1.253734402895693425e-12
1.144213541362965622e-12
1.041229442635116518e-12
9.444587580809336760e-13
8.555064190114967216e-13
7.727077000776364655e-13
6.970257223527928946e-13
6.287628371864042994e-13
5.667924963173864405e-13
5.120511027837828020e-13
4.637833478796412293e-13
4.220712241927966658e-13
3.864864511167136406e-13
3.566393957000333973e-13
3.321618190892734093e-13
3.123218511994395386e-13
2.967335703934616959e-13
2.843490917089184362e-13
2.744770746650776149e-13
2.667575895843408420e-13
2.596600251912130581e-13
2.530955339355599956e-13
2.459635358605177936e-13
2.377097733050347033e-13
2.283032399379173979e-13
2.168024741401588901e-13
2.033672505006230188e-13
1.883857558910662352e-13
1.717495329808202062e-13
1.546547899478974521e-13
1.371414902972591783e-13
1.201745624487628559e-13
1.046048885483046329e-13
9.082251756722073352e-14
7.960638318466683707e-14
7.137697056879698296e-14
6.579119155438503617e-14
6.308710360696161868e-14
6.229216418691037471e-14
6.283445034825669708e-14
6.390573072202845904e-14
6.426502600062697369e-14
6.341539258445893443e-14
6.083546734706632072e-14
5.619003110116143899e-14
5.013881201516224813e-14
4.301021850498685645e-14
3.590967269188248315e-14
2.985179050925999303e-14
2.539156552751058233e-14
2.313443630045527170e-14
2.291170613482793999e-14
2.399686970445311728e-14
2.563805136223160773e-14
2.655033730392591808e-14
2.606327388200120648e-14
2.391287799992336545e-14
2.030438782747114206e-14
1.625016105042657927e-14
1.283169895421570347e-14
1.083071529109177744e-14
1.070439310422937422e-14
1.179689805769904185e-14
1.316975946677100273e-14
1.373650398936511206e-14
1.272708672207062152e-14
1.046313502275241534e-14
7.847814013669004775e-15
6.014296728401971061e-15
5.763180218027557300e-15
6.678655033047918377e-15
7.795029603292042034e-15
7.947901099369712197e-15
6.708866068133580746e-15
4.825400406290094253e-15
3.529852381498448313e-15
3.534327637898572776e-15
4.514963638912539110e-15
5.128152437981523330e-15
4.579104101204666973e-15
3.195245858642007072e-15
2.206954317298923802e-15
2.425028290557859748e-15
3.257078757000878921e-15
3.398278711177381120e-15
2.520552570191448097e-15
1.556475784083278912e-15
1.628642394638097178e-15
2.318720417681954576e-15
2.357005564616478335e-15
1.532602248540373314e-15
1.028265862203918412e-15
1.443486266166689972e-15
1.827411712814878105e-15
1.289296512494535268e-15
7.581828708058010048e-16
1.067297734417868991e-15
1.371700001468828224e-15
8.823458628312498782e-16
5.800036771775978593e-16
9.554256955959672684e-16
9.589196153022377382e-16
4.722990885472537438e-16
6.205877656539122457e-16
8.229822948988208923e-16
4.437565392046911611e-16
4.410337273844816832e-16
6.733843672742459664e-16
3.484266525133668387e-16
3.876930829535036427e-16
5.195587806672426420e-16
2.552072022206605771e-16
3.751155047269442190e-16
3.679042740682032594e-16
1.979039828365145470e-16
3.764978939405584125e-16
1.813216138985286652e-16
2.745661820351301254e-16
2.197205359164553859e-16
1.832889478257710401e-16
2.278240447544903971e-16
1.375690024148854258e-16
2.055950278305800864e-16
1.185942804880835152e-16
1.742871190944474557e-16
1.078305054714484113e-16
1.455663614796016704e-16
9.799169155465619027e-17
1.221442590916390635e-16
8.782863515211411422e-17
1.033986447117306751e-16
7.775429885638367034e-17
8.819021597736817457e-17
6.825370903095434969e-17
7.561941072325222317e-17
5.958726303076391890e-17
6.507230488628313121e-17
5.183748057364516025e-17
5.613176169259234889e-17
4.498844574177374977e-17
4.850193935897888965e-17
3.897836148792429452e-17
4.196199832318366338e-17
3.372794824642355482e-17
3.633977449313797855e-17
2.915457688657852289e-17
3.149669505031088368e-17
2.517891727713042315e-17
2.731873856272532864e-17
2.172781225987587432e-17
2.371068007914040750e-17
1.873527354618028931e-17
2.059219153536130715e-17
1.614255481738709857e-17
1.789504668577053277e-17
1.389778566315817844e-17
1.556102244584707589e-17
1.195541390432444692e-17
1.354026527418635740e-17
1.027558349126298242e-17
1.178998459842520323e-17
8.823513293567958265e-18
1.027338678508675455e-17
7.568908678848459346e-18
8.958792682435630909e-18
6.485420646527841852e-18
7.818899307606301085e-18
5.550157492635814628e-18
6.830157466672200636e-18
4.743249038939068180e-18
5.972244023925186539e-18
4.047460852149605293e-18
5.227612605992519765e-18
3.447854649775691248e-18
4.581109910731955274e-18
2.931490546790375725e-18
4.019647290765009178e-18
2.487166887679516500e-18
3.531919295333424863e-18
2.105193480777276152e-18
3.108162049388925571e-18
1.777194413409242582e-18
2.739945923168207887e-18
1.495936923513084236e-18
2.419997500277876153e-18
1.255183296168490622e-18
2.142046866454362528e-18
1.049562957821944265e-18
1.900696738344639322e-18
8.744623631294120757e-19
1.691310631708805765e-18
7.259305985570264479e-19
1.509917544705027607e-18
6.005989275568028587e-19
1.353131203603446020e-18
4.956126297502940600e-19
1.218082128183802704e-18
4.085739904433635026e-19
1.102361129598880267e-18
3.374952489969179968e-19
1.003973129140547001e-18
2.807607460636647108e-19
9.213003874902389294e-19
2.370975339975700573e-19
8.530744578801076344e-19
2.055540401004904649e-19
7.983564236043676968e-19
1.854864410841426464e-19
7.565251075776643260e-19
1.765526373926611202e-19
