# bin_3_1
2.799179362170563667e-08
7.737072062733341113e-09
2.703463178895097663e-08
7.928451998282503462e-09
2.656708997953523847e-08
8.565961801515770231e-09
2.660618276280967728e-08
9.676906329290112588e-09
2.718275242750958511e-08
1.130268500777434388e-08
2.834271354433120049e-08
1.350025697237400982e-08
3.014867934549008924e-08
1.634399924769102250e-08
3.268200162592321995e-08
1.992799163499918182e-08
3.604525867351653312e-08
2.436876428310794355e-08
4.036522612602717055e-08
2.980854305580089177e-08
4.579636583512679653e-08
3.641902589527242132e-08
5.252486082729266959e-08
4.440571456882598377e-08
6.077321568051206341e-08
5.401281290971071351e-08
7.080542291829120853e-08
6.552868109077800151e-08
8.293266964278844449e-08
7.929180179072108419e-08
9.751951947407109702e-08
9.569716841543743418e-08
1.149904490194506825e-07
1.152029401771793046e-07
1.358365442209420998e-07
1.383371229612919966e-07
1.606220622262553452e-07
1.657039218843173431e-07
1.899904368326801221e-07
1.979892680267265957e-07
2.246691451476901551e-07
2.359648432008753940e-07
2.654726571606921134e-07
2.804897121679202648e-07
3.133024558719015613e-07
3.325084222298946391e-07
3.691428522487569582e-07
3.930441512252921829e-07
4.340510306642082737e-07
4.631851950271796932e-07
5.091394734727195181e-07
5.440628093929313726e-07
5.955486613536392954e-07
6.368182065954255802e-07
6.944077850815432739e-07
7.425564216652803106e-07
8.067812192789473289e-07
8.622849053434559464e-07
9.335988101870256886e-07
9.968352000194266243e-07
1.075568768899983643e-06
1.146767079091228290e-06
1.233073318368089902e-06
1.312256271160951293e-06
1.406049419535351694e-06
1.492969554000137885e-06
1.593860097745794604e-06
1.687934766833012942e-06
1.795166243866556028e-06
1.895418236105165673e-06
2.007814279681536144e-06
2.112828130232494973e-06
2.228761492736605070e-06
2.336668901862100984e-06
2.454067476877847272e-06
2.562578271601878626e-06
2.678985655597227523e-06
2.785482468819549042e-06
2.898191208507501406e-06
2.999905115529630103e-06
3.106177857688974952e-06
3.200456789501166477e-06
3.297842122466098637e-06
3.382511938497964437e-06
3.469245822279115307e-06
3.543043743374191806e-06
3.618502807684039960e-06
3.681533988308158500e-06
3.746674262819195289e-06
3.800806778057152189e-06
3.858484743361136538e-06
3.907562752576880321e-06
3.962604384607517224e-06
4.012336289493780748e-06
4.071209868832202978e-06
4.128596844871301014e-06
4.198578102161034830e-06
4.270811079595070188e-06
4.358626698475428734e-06
4.451515214322573853e-06
4.561624257965946087e-06
4.677828519749144030e-06
4.810734336176256113e-06
4.948313877310000465e-06
5.099526526064548915e-06
5.251500422800578778e-06
5.411867217636638218e-06
5.567451908712162525e-06
5.725375949026230237e-06
5.873164626791391514e-06
6.018604739674446384e-06
6.151107371288792515e-06
6.280232286822148009e-06
6.398088092153606242e-06
6.516404325414180798e-06
6.629768466257972561e-06
6.751198770558598993e-06
6.876160044121910725e-06
7.016793243089909628e-06
7.166905609357525259e-06
7.335275429400199786e-06
7.512037451583806279e-06
7.701597367815471191e-06
7.890779906888272934e-06
8.081606963995583684e-06
8.261061094385973528e-06
8.433273846401793041e-06
8.589985193948513310e-06
8.741040679457730365e-06
8.884347085768453089e-06
9.033880976424048880e-06
9.188953038885682776e-06
9.360569255796181079e-06
9.541748272131174313e-06
9.734706260153499729e-06
9.924580255763326478e-06
1.010888022854776071e-05
1.027413758250073092e-05
1.042497690467021419e-05
1.055922560082464265e-05
1.069195859619738623e-05
1.082626437161721304e-05
1.097339720131208691e-05
1.112473153732497089e-05
1.127639540820700427e-05
1.140958791698194560e-05
1.152119598725828138e-05
1.160557864793638523e-05
1.167800153714710062e-05
1.174537953251559414e-05
1.181978613755219592e-05
1.188984783185281187e-05
1.194570755256591807e-05
1.196764956222530271e-05
1.195927577296078756e-05
1.192756550310604753e-05
1.189330244640323501e-05
1.185419678654423723e-05
1.180111642593333475e-05
1.170993459174670117e-05
1.158198674997170977e-05
1.142827817434191855e-05
1.127174429559048813e-05
1.110434228388262601e-05
1.090951109438691885e-05
1.067005325405696441e-05
1.040662070131886137e-05
1.013753490673011034e-05
9.864901888662272461e-06
9.559496418930137090e-06
9.222090298492284892e-06
8.875443150513955673e-06
8.540314863467680367e-06
8.190337927572303954e-06
7.816934942668638046e-06
7.443776201162889682e-06
7.096518072185878907e-06
6.746031471000721460e-06
6.389467213508226493e-06
6.058734134248436091e-06
5.763780340658978109e-06
5.469151938146257196e-06
5.201236489109414609e-06
4.982290142326541954e-06
4.785199617959479252e-06
4.609259882428681698e-06
4.494092444178930630e-06
4.399204555759132803e-06
4.332867697856813296e-06
4.317591437690354010e-06
4.315929139015082668e-06
4.339227759575427070e-06
4.398324015312729083e-06
4.445615149242306532e-06
4.525674134727042379e-06
4.588251269718460882e-06
4.653735285538029402e-06
4.708946892587631845e-06
4.740701761440154869e-06
4.764667956600989046e-06
4.755189201675229168e-06
4.737562850410033285e-06
4.690603557686061661e-06
4.639029590817022515e-06
4.571064140101963384e-06
4.507853899071543180e-06
4.444774136868934232e-06
4.398181799727789583e-06
4.365898647700873872e-06
4.357975123772205317e-06
4.370336086564431562e-06
4.405676664665908573e-06
4.455981947269306539e-06
4.517672446885065745e-06
4.580219121649540448e-06
4.637760139210044074e-06
4.681665084695267911e-06
4.709324060095007017e-06
4.718658838297198664e-06
4.713899970182864654e-06
4.700430447385067045e-06
4.687505127937928982e-06
4.682978967786933770e-06
4.694069334440479597e-06
4.723139340587860898e-06
4.768737753695120784e-06
4.824260655818328505e-06
4.880923176932027979e-06
4.929431637794389074e-06
4.963720758716038168e-06
4.982687940079632575e-06
4.991090170667916900e-06
4.997882863127681137e-06
5.012768007207260687e-06
5.042380386794249238e-06
5.086896711584677181e-06
5.140144726236059572e-06
5.191713167979349446e-06
5.232699981317223720e-06
5.259686455400841727e-06
5.277702336938220591e-06
5.296697810781476765e-06
5.326696993312646389e-06
5.370350475301841348e-06
5.422013328003687127e-06
5.470179548373318422e-06
5.506871824502210092e-06
5.532573406570578826e-06
5.557433973786664731e-06
5.591783200305275355e-06
5.638483720440922700e-06
5.688676913564502415e-06
5.731267087096355308e-06
5.762462200858260777e-06
5.791375082973862760e-06
5.829009205615426025e-06
5.877285955202211771e-06
5.925037963088093741e-06
5.962963805145848286e-06
5.994166480566559682e-06
6.031743193135679935e-06
6.079140427274460869e-06
6.126401231864349085e-06
6.163566037063536886e-06
6.197894444164850559e-06
6.240679067288279834e-06
6.289383937512956319e-06
6.330574187135186104e-06
6.366109770947015439e-06
6.408244610226263406e-06
6.456554080655809772e-06
6.497400875183921066e-06
6.534549845689444313e-06
6.579406490632109022e-06
6.625951891682079885e-06
6.663974853773692815e-06
6.705504745600191623e-06
6.752622235902266086e-06
6.793270637149704533e-06
6.833066939105818438e-06
6.880235445644701697e-06
6.920863904385585090e-06
6.961683136050598790e-06
7.007814172822742804e-06
7.047881846948433276e-06
7.090131971366897540e-06
7.135163723974208704e-06
7.173653055628448566e-06
7.219271005760568907e-06
7.259142617224740282e-06
7.301767587405833355e-06
7.343978563223236132e-06
7.384298769515762440e-06
7.427349727213522277e-06
7.466697734796344434e-06
7.509340799799020282e-06
7.548442251173766764e-06
7.590242940265260327e-06
7.629194951841962342e-06
7.669883908067457389e-06
7.708667210464745641e-06
7.748328641608592351e-06
7.786575611494547659e-06
7.825325985888121656e-06
7.862802262106797591e-06
7.900666199775858788e-06
7.937284244566957509e-06
7.974008933118366415e-06
8.009782325322837394e-06
8.045310958242081186e-06
8.079990752826366244e-06
8.114349218020307607e-06
8.147737303975099502e-06
8.180866468932789751e-06
8.212899333182298198e-06
8.244526703579614898e-06
8.275202899032715396e-06
8.305229954581110912e-06
8.334342604696484639e-06
8.362738051766209550e-06
8.390081393974618227e-06
8.416770693214640611e-06
8.442269426120485666e-06
8.467004462214335633e-06
8.490608939215981538e-06
8.513265304882632693e-06
8.534805003376847972e-06
8.555317076912335550e-06
8.574594319779799142e-06
8.592870547211711989e-06
8.609785695494288213e-06
8.625617291232521756e-06
8.640097873199689596e-06
8.653351493723865180e-06
8.665249284542599257e-06
8.675837926957814426e-06
8.684975776213878435e-06
8.692804315073345960e-06
8.699078699554071552e-06
8.703980284956581480e-06
8.707311336965031502e-06
8.709158635828635774e-06
8.709421713941256348e-06
8.708130942755623176e-06
8.705187341042971492e-06
8.700677908702897045e-06
8.694436373751095293e-06
8.686582494905760495e-06
8.676975606185837250e-06
8.665684481510593817e-06
8.652628996886579758e-06
8.637836943201536650e-06
8.621239290737103049e-06
8.602897830564966956e-06
8.582705667261566654e-06
8.560746251125866770e-06
8.536925536705816295e-06
8.511302307259132940e-06
8.483823187422788372e-06
8.454520316340779685e-06
8.423350821031256268e-06
8.390368638258644169e-06
8.355511659731524682e-06
8.318848520062730955e-06
8.280325180196475662e-06
8.240000343273057125e-06
8.197845460043332345e-06
8.153904024276287075e-06
8.108159244450514487e-06
8.060666663725809457e-06
8.011400326270033028e-06
7.960428308954722846e-06
7.907731554814644541e-06
7.853372525885357191e-06
7.797346896658727088e-06
7.739709963909663010e-06
7.680471489726704089e-06
7.619695464469195830e-06
7.557386414396614607e-06
7.493614399745325421e-06
7.428387926172950927e-06
7.361777074370864934e-06
7.293801403332757375e-06
7.224529598450798595e-06
7.153988109626689596e-06
7.082248098082599604e-06
7.009336800603695247e-06
6.935328714254981572e-06
6.860255058016839453e-06
6.784189418325480598e-06
6.707167796729294935e-06
6.629267373757480722e-06
6.550526654027070034e-06
6.471021522013647713e-06
6.390792728584815009e-06
6.309915120920378521e-06
6.228433695296211119e-06
6.146421213985333002e-06
6.063921756794073287e-06
5.981014642428880267e-06
5.897743067534616635e-06
5.814180909797162456e-06
5.730373603586128456e-06
5.646391723674880696e-06
5.562284994945574721e-06
5.478118910902455476e-06
5.393937509825647636e-06
5.309816163159275911e-06
5.225794534835904503e-06
5.141939231954801334e-06
5.058292320565438973e-06
4.974912389003059007e-06
4.891849398713389094e-06
4.809155908058776659e-06
4.726868763146709376e-06
4.645053736106842724e-06
4.563740325010632470e-06
4.482984535949821684e-06
4.402817364953618810e-06
4.323283147694399018e-06
4.244426041311350983e-06
4.166281756080095143e-06
4.088876545336305833e-06
4.012262959875035535e-06
3.936455949640103329e-06
3.861499097201017655e-06
3.787409627446732616e-06
3.714214592429643002e-06
3.641951642033271188e-06
3.570637082021022728e-06
3.500285898050070296e-06
3.430935974449745587e-06
3.362585735796210788e-06
3.295267361720498615e-06
3.228982453267414341e-06
3.163740901325809865e-06
3.099574517190374607e-06
3.036480643441272236e-06
2.974464415679761564e-06
2.913548795340242768e-06
2.853717378790816672e-06
2.794993375872259418e-06
2.737362955200002076e-06
2.680820936264994205e-06
2.625395013371856681e-06
2.571065396830507845e-06
2.517829918788231240e-06
2.465697983465276838e-06
2.414640549649837914e-06
2.364676868944197728e-06
2.315778991235950815e-06
2.267930036947923073e-06
2.221156407294923698e-06
2.175423115415445154e-06
2.130724091253951517e-06
2.087056804965692419e-06
2.044382582990395380e-06
2.002722776581915805e-06
1.962036954325943810e-06
1.922300282897373139e-06
1.883540241017461390e-06
1.845708482204527779e-06
1.808799246129797597e-06
1.772800071674216559e-06
1.737666580330985115e-06
1.703427835170087322e-06
1.670031175847417083e-06
1.637447058060347296e-06
1.605705992227870566e-06
1.574749895631425136e-06
1.544578625117954492e-06
1.515170580497622454e-06
1.486477416094989349e-06
1.458539888363185017e-06
1.431294876818225998e-06
1.404713040936048222e-06
1.378827918100917501e-06
1.353572989114170942e-06
1.328958317344617253e-06
1.304955573677101292e-06
1.281514162893023715e-06
1.258686941067928943e-06
1.236401515241719298e-06
1.214635267533503397e-06
1.193423284409671988e-06
1.172690715037800646e-06
1.152462091682703049e-06
1.132705218008542381e-06
1.113366817308091523e-06
1.094511579621327289e-06
1.076061529147985182e-06
1.058003089975324723e-06
1.040369507988750933e-06
1.023083459294135395e-06
1.006182793710940740e-06
9.896314913507807059e-07
9.733782834037293243e-07
9.574951675700399210e-07
9.419009640641621501e-07
9.265955680395540719e-07
9.116037195728451277e-07
8.968543820458812877e-07
8.823935353688701040e-07
8.681835405738656815e-07
8.541783855892303776e-07
8.404517786075442574e-07
8.269236291882470683e-07
8.136057907379385635e-07
8.005141413672997962e-07
7.875860268287209526e-07
7.748734772530319449e-07
7.623372522232549289e-07
7.499399532191081457e-07
7.377514646835889028e-07
7.256967940464556381e-07
7.137972402848817371e-07
7.020609942172224271e-07
6.904358280208320746e-07
6.789779063188289023e-07
6.676488184990589217e-07
6.564232735314722111e-07
6.453650535767367557e-07
6.344090337314464744e-07
6.235843115354819444e-07
6.128931164596618096e-07
6.022931284284962794e-07
5.918372591137990294e-07
5.814834957796752084e-07
5.712104799362594324e-07
5.610636412566381141e-07
5.509796992221606959e-07
5.409822180729500408e-07
5.310606154320660532e-07
5.211760766243521333e-07
5.113731232336516086e-07
5.016122116500229600e-07
4.918842041812455538e-07
4.822286014093258179e-07
4.726022163343603019e-07
4.630399196891090208e-07
4.535420383966302760e-07
4.440918584429951790e-07
4.347384416267987659e-07
4.254580838622335165e-07
4.162583167542756156e-07
4.071726634165237246e-07
3.981717036324926918e-07
3.892878535314845417e-07
3.805200820998957852e-07
3.718553245375452940e-07
3.633290465888093337e-07
3.549198545061389832e-07
3.466350166716508697e-07
3.384928199769070441e-07
3.304711317816345860e-07
3.225915845183706715e-07
3.148494291931907819e-07
3.072337544689457005e-07
2.997643706371343735e-07
2.924218143882485990e-07
2.852108188600861487e-07
2.781353917700179962e-07
2.711800417076979467e-07
2.643539437237261435e-07
2.576510470644493809e-07
2.510629454330517504e-07
2.445976081947043518e-07
2.382417835028775353e-07
2.319986102529922240e-07
2.258670994725469843e-07
2.198393824381178096e-07
2.139185843335724779e-07
2.081015712494029470e-07
2.023849820243232753e-07
1.967699798768922195e-07
1.912510592465371172e-07
1.858301375479223841e-07
1.805058042878331433e-07
1.752766893232760786e-07
1.701417626615897736e-07
1.651012174288812993e-07
1.601554697999129819e-07
1.553019842635569665e-07
1.505417163216805093e-07
1.458751084378709249e-07
1.413012342774004093e-07
1.368219113097608759e-07
1.324328950800500614e-07
1.281375118066094963e-07
1.239371239440225900e-07
1.198265156024742256e-07
1.158099536906945849e-07
1.118849331533731234e-07
1.080512022246320365e-07
1.043125396859507968e-07
1.006618809966556460e-07
9.710296392604779783e-08
9.363735856229619957e-08
9.025862655859893985e-08
8.697191496528237162e-08
8.377269024867070734e-08
8.066126946562105852e-08
7.763990967898953806e-08
7.470123578971097903e-08
7.185010808860570076e-08
6.908451795401234271e-08
6.639907738610117472e-08
6.379916669572088180e-08
6.127863279070622653e-08
5.883658983350764829e-08
5.647617945676195078e-08
5.418915931080916863e-08
5.197898481167771260e-08
4.984479633392681306e-08
4.778016576259319692e-08
4.578973341682480018e-08
4.386702165389958363e-08
4.201180561439667175e-08
4.022490562504056459e-08
3.850030190784577760e-08
3.684051275881746558e-08
3.524187825261158845e-08
3.370313040074977899e-08
3.222341142018891006e-08
3.079941648260996903e-08
2.943053254624223397e-08
2.811543496850142582e-08
2.685144147386843815e-08
2.563864185695460832e-08
2.447444627638316928e-08
2.335674321552971332e-08
2.228570091065732631e-08
2.125841893866187294e-08
2.027327804825281496e-08
1.933001611918214160e-08
1.842555400479583351e-08
1.756078776868196535e-08
1.673304354255909829e-08
1.593977138637679759e-08
1.518195894092516284e-08
1.445730402446474771e-08
1.376422746893161542e-08
1.310159743388567995e-08
1.246853114338785165e-08
1.186442251072484852e-08
1.128741043143806348e-08
1.073649446892365797e-08
1.020991684632758864e-08
9.708819451415228905e-09
9.230592921916822996e-09
8.772996282796635792e-09
8.338658243450243795e-09
7.923534109370739454e-09
7.528283466717008999e-09
7.152519723548529577e-09
6.792277877710278147e-09
6.451669491614896766e-09
6.126666026132772433e-09
5.815688270098547972e-09
5.522347208030736328e-09
5.241158600084063566e-09
4.974566909616312071e-09
4.721657745302649870e-09
4.478852053030979942e-09
4.250469153813249522e-09
4.032328307279322306e-09
3.824076524115940816e-09
3.628141790539912942e-09
3.440266043761768331e-09
3.262787157754870336e-09
3.094376260355797789e-09
2.932767114296623579e-09
2.781185335361387755e-09
2.636381456867648834e-09
2.498626757891670604e-09
2.368976085657543710e-09
2.244899021912943830e-09
2.127929975489385801e-09
2.016850127150660243e-09
1.910244014183030115e-09
1.810548509372584642e-09
1.715299884223510531e-09
1.624927399453266176e-09
1.539914441994770696e-09
1.458557953688487423e-09
1.382151508259305246e-09
1.309612603410372598e-09
1.239728074283965811e-09
1.174763411896647882e-09
1.112504223675624424e-09
1.053464950253616808e-09
9.981039850102723064e-10
9.447993666695059186e-10
8.952218991526759079e-10
8.481958374740098238e-10
8.026314983386621380e-10
7.608096929756033205e-10
7.204183455382548512e-10
6.821997920593822265e-10
6.464498781580607428e-10
6.115433776080465807e-10
5.794732434227777574e-10
5.489131496344263815e-10
5.190488042503563337e-10
4.920670141294992949e-10
4.657353463906123411e-10
4.410655374960091970e-10
4.181218335717063112e-10
3.954305226835732459e-10
3.750106053141002659e-10
3.554272526383524145e-10
3.361412600556632766e-10
3.189492817956536183e-10
3.018468945298824140e-10
2.859744443397035892e-10
2.711864944996662311e-10
2.563214730847201651e-10
2.431796168828353585e-10
2.304220529999979386e-10
2.178480846450185183e-10
2.067885007912557490e-10
1.956006668998180161e-10
1.853661479982037270e-10
1.758347749866263753e-10
1.661380373413685776e-10
1.577253392899065246e-10
1.494434187072638500e-10
1.413385830991589636e-10
1.342688236584676313e-10
1.270138888907193327e-10
1.204707374145625318e-10
1.143773935067134443e-10
1.081119021368822498e-10
1.027566496107605928e-10
9.739640555768517558e-11
9.220876088714496977e-11
8.764661389596664401e-11
8.293244544509048222e-11
7.870842785139003911e-11
7.475034222146016459e-11
7.066464180205926848e-11
6.719960544210303721e-11
6.368174633221286554e-11
6.033787689500178135e-11
5.735287813319000006e-11
5.428605391879166371e-11
5.154601987780984494e-11
4.896469823023471411e-11
4.630914782708872272e-11
4.405536882484631126e-11
4.174529499161305036e-11
3.958890290420588941e-11
3.764623235481991536e-11
3.564509325224995448e-11
3.386037746922754485e-11
3.216735041689966754e-11
3.044525939100223214e-11
2.897121497223378741e-11
2.746364412716526223e-11
2.606133908881647529e-11
2.477998075399508932e-11
2.347072965631070983e-11
2.231333732933764303e-11
2.119775640241906939e-11
2.007963604737945466e-11
1.911112954472155060e-11
1.812160048822152740e-11
1.720850568010075964e-11
1.636400156028466314e-11
1.550751386035928791e-11
1.474713965987527868e-11
1.401208095567998224e-11
1.328213007267913730e-11
1.264277805567082763e-11
1.198845360865273202e-11
1.138942587168399076e-11
1.082676084789459824e-11
1.026268176282142132e-11
9.759464273074107592e-12
9.268741293334804289e-12
8.786861764737268486e-12
8.356472050413643426e-12
7.922883112811011874e-12
7.522380434831035466e-12
7.147020964098909957e-12
6.769311452431864543e-12
6.431179437619598023e-12
6.099617010677784226e-12
5.777339829654744022e-12
5.485680791398450687e-12
5.191483543448288935e-12
4.920347147786985003e-12
4.661811444954630770e-12
4.405898130900642580e-12
4.172554325399167657e-12
3.942891131943775546e-12
3.722179563719527916e-12
3.517723054552708613e-12
3.314320150904871415e-12
3.123690588951321027e-12
2.941856393415069689e-12
2.762040393658921919e-12
2.596371043896571486e-12
2.433543452980309251e-12
2.276983429027331786e-12
2.130248454897357602e-12
1.985455145586182357e-12
1.849305176602197112e-12
1.719075285185319725e-12
1.591864373578733006e-12
1.473680825695976670e-12
1.358560248967757519e-12
1.249942348687686608e-12
1.147269666675694393e-12
1.048967275416681696e-12
9.573007644190566040e-13
8.709762835254451882e-13
7.897958673667672795e-13
7.153387695481035332e-13
6.459136391317142284e-13
5.825045016321861452e-13
5.253065631005510426e-13
4.732818884369102384e-13
4.274683596838585144e-13
3.872332773009248297e-13
3.520451174596997828e-13
3.226007794102156739e-13
2.975306803366733885e-13
2.770279606664478133e-13
2.607380462883609661e-13
2.475199909809944070e-13
2.373870679550081793e-13
2.293198800957083387e-13
2.227678601845566220e-13
2.171535490635663608e-13
2.115868546815217086e-13
2.057087595748233188e-13
1.989369118676315222e-13
1.909195485149420840e-13
1.813707601963886799e-13
1.702218941708222936e-13
1.577408686861151550e-13
1.439240966033300356e-13
1.294803417828077572e-13
1.147656640170775868e-13
1.004839200364477271e-13
8.737950112675229969e-14
7.582262985323244636e-14
6.640699876754964689e-14
5.949405873662775735e-14
5.484318005610774281e-14
5.257956879070413605e-14
5.199684512421706672e-14
5.251657305332598585e-14
5.345217814025562673e-14
5.380122479082077874e-14
5.309158635078103306e-14
5.093447903587317068e-14
4.705286215988516822e-14
4.195446496764812447e-14
3.597425898354187534e-14
3.000972049163541709e-14
2.490356048902774258e-14
2.117840065108437790e-14
1.928070712310884068e-14
1.911246376117859751e-14
2.005024354859474442e-14
2.143912513913187222e-14
2.222862112727357768e-14
2.182992755193630540e-14
2.001838966055735461e-14
1.699183012731509201e-14
1.357934490163814086e-14
1.070013150590183398e-14
9.028480678293142652e-15
8.923117295611361901e-15
9.853672740651504577e-15
1.102588100398812084e-14
1.149824147850554185e-14
1.066362553526879341e-14
8.751396057170321314e-15
6.552499625939899316e-15
5.012724587519019726e-15
4.800240321193642810e-15
5.581002965671035089e-15
6.526433605366065353e-15
6.656984048628207579e-15
5.615624507766145797e-15
4.031013836717273770e-15
2.937787400997445226e-15
2.948761551564168720e-15
3.773432612997182136e-15
4.297295208210874421e-15
3.834814320896501467e-15
2.667768796720649779e-15
1.838240085356991166e-15
2.022418640496526885e-15
2.726146538115420927e-15
2.847824805562732467e-15
2.107335940033921792e-15
1.295906076751731022e-15
1.358421215603602711e-15
1.940512012238736056e-15
1.975418414089761751e-15
1.279615132842072929e-15
8.553654313045941717e-16
1.207167801454481278e-15
1.530670567258594342e-15
1.078448353695333815e-15
6.305925947667554092e-16
8.918898604921510004e-16
1.149564393357803488e-15
7.372508200399336667e-16
4.822743214257084683e-16
8.001748696480800336e-16
8.027868026510572578e-16
3.932727915080690599e-16
5.184714888272747928e-16
6.894537054606799921e-16
3.702720130110178152e-16
3.677673266691748465e-16
5.644749164322877910e-16
2.903588852331583446e-16
3.238622714300285466e-16
4.351802333614124040e-16
2.126419086743291503e-16
3.136140792917400082e-16
3.081619289252430933e-16
1.644716836195032575e-16
3.156826026172843969e-16
1.508680977493141609e-16
2.298998586614247986e-16
1.835821362070493115e-16
1.531105852530186849e-16
1.906593751037574845e-16
1.147547579314479698e-16
1.720955714089851628e-16
9.894360409140389154e-17
1.458428429023556947e-16
9.003342279977240045e-17
1.217528011309085730e-16
8.187831442889919898e-17
1.021164920410237389e-16
7.342792257978209733e-17
8.641071463782079665e-17
6.503418903587666306e-17
7.367570769036159526e-17
5.710923733907938320e-17
6.315397153563945923e-17
4.987509918816330262e-17
5.432895492543830010e-17
4.340329717575568972e-17
4.685003611153662476e-17
3.768198055323535504e-17
4.046880239808717778e-17
3.266034000851263266e-17
3.499998709184236089e-17
2.827261774963735536e-17
3.029926341683910801e-17
2.445006697840522674e-17
2.625052869111659794e-17
2.112658789148108856e-17
2.275828966174787495e-17
1.824117329911601686e-17
1.974281921008896576e-17
1.573876582021216500e-17
1.713687763398136054e-17
1.357033359017879687e-17
1.488336463967580287e-17
1.169257324792692752e-17
1.293355787589062842e-17
1.006744939819199257e-17
1.124574266346064186e-17
8.661678365966610744e-18
9.784116649897052572e-18
7.446211311700625508e-18
8.517896541328439121e-18
6.395744137511548907e-18
7.420578854825231067e-18
5.488266495325787755e-18
6.469321649534258591e-18
4.704654427303377582e-18
5.644423349002906807e-18
4.028306670638472631e-18
4.928880923518200412e-18
3.444822555312315258e-18
4.308013736165482399e-18
2.941718391471634484e-18
3.769142319051034226e-18
2.508178708341857046e-18
3.301313407973811650e-18
2.134838821419899874e-18
2.895064186723454803e-18
1.813595225241429208e-18
2.542219932630395945e-18
1.537440619273683924e-18
2.235720224397092639e-18
1.300320671244282231e-18
1.969469642659099524e-18
1.097009890467522996e-18
1.738209550289263432e-18
9.230042899500115223e-19
1.537408105946844087e-18
7.744288323443050844e-19
1.363166031009253813e-18
6.479578752508955115e-19
1.212136104680313354e-18
5.407470716714802145e-19
1.081454668725288658e-18
4.503754483281955808e-19
9.686836590002437830e-19
3.747965045667243944e-19
8.717619845241264911e-19
3.122974554855601233e-19
7.889652623138242724e-19
2.614658047368321065e-19
7.188730903704512940e-19
2.211626864559816805e-19
6.603432579154765810e-19
1.905024865887763840e-19
6.124924044567485397e-19
1.688384208731757470e-19
5.746828325973454470e-19
1.557538967728626857e-19
