# bin_4_1
2.858074624858031551e-08
7.882447526188655073e-09
2.762028049599048376e-08
8.094210958130038746e-09
2.716048701586458241e-08
8.762665546864438426e-09
2.721925803030959495e-08
9.916216293997876939e-09
2.782865882386277532e-08
1.159772397463034784e-08
2.903621523309803262e-08
1.386601806084880611e-08
3.090659237280902728e-08
1.679781349885488197e-08
3.352369846002875457e-08
2.049006561626304044e-08
3.699324839986862938e-08
2.506280014516620050e-08
4.144582400051678555e-08
3.066245554669456874e-08
4.704046618348285363e-08
3.746577005932117053e-08
5.396882868270666603e-08
4.568424060907859302e-08
6.245991305387672855e-08
5.556916382295024729e-08
7.278538551520910695e-08
6.741724858469705009e-08
8.526544937286303356e-08
8.157675521301899357e-08
1.002752059144566164e-07
9.845406827898354718e-08
1.182513800319477600e-07
1.185205440983659824e-07
1.396992101292287792e-07
1.423193843989509651e-07
1.651991993719748394e-07
1.704721722028170709e-07
1.954132945194736453e-07
2.036845579959310905e-07
2.310898931685963981e-07
2.427504007543664791e-07
2.730668787653413312e-07
2.885534478113301214e-07
3.222716421535161063e-07
3.420653804311483611e-07
3.797167769473178029e-07
4.043387658117951587e-07
4.464898399526426775e-07
4.764931572543696232e-07
5.237352719733328667e-07
5.596923006756055850e-07
6.126263149981917175e-07
6.551101843026229288e-07
7.143245971420685543e-07
7.638835816312313474e-07
8.299250705712221626e-07
8.870488822644478284e-07
9.603842990450168944e-07
1.025461520514051306e-06
1.106430851830644453e-06
1.179697364150939871e-06
1.268457956240405700e-06
1.349937216761187524e-06
1.446400801433137579e-06
1.535838327811801869e-06
1.639604172706572475e-06
1.736400675176014106e-06
1.846690574396327926e-06
1.949840874263872563e-06
2.065444672849994179e-06
2.173492760784552431e-06
2.292736490240191546e-06
2.403760527735954984e-06
2.524512602183269879e-06
2.636156773651980380e-06
2.755890291270675929e-06
2.865462202800430708e-06
2.981392019723042050e-06
3.086043379358473760e-06
3.195353609425334310e-06
3.292356347601693413e-06
3.392525272362790888e-06
3.479642981956672954e-06
3.568856006323446850e-06
3.644789820412603457e-06
3.722405785802166301e-06
3.787264059500285505e-06
3.854266571662920659e-06
3.909971211722749190e-06
3.969298912239231457e-06
4.019804665233679785e-06
4.076422264037768276e-06
4.127601671155767568e-06
4.188163371667439293e-06
4.247218905278225801e-06
4.319209595458520377e-06
4.393538989505162223e-06
4.483878819267850344e-06
4.579458835783685698e-06
4.692735327505720930e-06
4.812303089062558625e-06
4.949034604806838823e-06
5.090594609210312611e-06
5.246163015179787023e-06
5.402534751180589866e-06
5.567525472317510854e-06
5.727616795660251230e-06
5.890101055653511181e-06
6.042178871367903306e-06
6.191828480861731222e-06
6.328189115225970856e-06
6.461064276572762270e-06
6.582366908406987148e-06
6.704133921297693562e-06
6.820827118545696205e-06
6.945810428152773173e-06
7.074447065717747268e-06
7.219199745070288997e-06
7.373725513200200395e-06
7.547029124672531556e-06
7.728988762593768112e-06
7.924112279020015644e-06
8.118871942807223634e-06
8.315324563483013852e-06
8.500103953713059003e-06
8.677438290052424467e-06
8.838854617803749774e-06
8.994460263280117590e-06
9.142125418256243330e-06
9.296208133910109582e-06
9.456022197438129190e-06
9.632870928083053403e-06
9.819594925080729953e-06
1.001845650520433142e-05
1.021418795464372185e-05
1.040421140782579935e-05
1.057469313775183464e-05
1.073037521508212089e-05
1.086904380561790801e-05
1.100619237093328105e-05
1.114501885994907493e-05
1.129708747806898693e-05
1.145354563282087069e-05
1.161039813193626526e-05
1.174832470789942678e-05
1.186411183270628506e-05
1.195197664935705105e-05
1.202761279575932838e-05
1.209815336382394788e-05
1.217600902228567868e-05
1.224949912785924981e-05
1.230847493037702653e-05
1.233267360552223516e-05
1.232579215158404003e-05
1.229502836135771460e-05
1.226175437903622152e-05
1.222363184605519252e-05
1.217125825681764008e-05
1.207983021599295382e-05
1.195071270135128998e-05
1.179524113784281196e-05
1.163699946460648183e-05
1.146772612463708971e-05
1.127037334853459384e-05
1.102725955834294449e-05
1.075961608372541879e-05
1.048629672771207049e-05
1.020945198441692119e-05
9.899020625252373645e-06
9.555777644768871987e-06
9.203134986446712991e-06
8.862426230658882067e-06
8.506522076346060215e-06
8.126573507707817126e-06
7.746921606148470606e-06
7.393930984874327953e-06
7.037624751997222760e-06
6.675041870638634985e-06
6.338993599102180938e-06
6.039683126976844928e-06
5.740625363085510022e-06
5.468936467036198479e-06
5.247500165510332071e-06
5.048400152958818788e-06
4.870904735144514142e-06
4.755754614549736414e-06
4.661295644910292363e-06
4.596027516419802225e-06
4.583116026031617739e-06
4.584040609607061628e-06
4.610493804599874790e-06
4.673634143107955516e-06
4.724520741577935660e-06
4.809024067359120994e-06
4.875485070219674184e-06
4.944898335847589736e-06
5.003738375030294159e-06
5.038459189974122826e-06
5.065203095149355749e-06
5.057583829014076174e-06
5.041636120237652762e-06
4.995558365625610625e-06
4.944774078566116015e-06
4.877145983761826416e-06
4.814411296475118057e-06
4.751782180364280201e-06
4.706065565251933915e-06
4.674993671008111761e-06
4.668895186619682951e-06
4.683566227151892412e-06
4.721788111212190238e-06
4.775325235660166467e-06
4.840523803636515317e-06
4.906577301551080790e-06
4.967491676794406961e-06
5.014411798785514245e-06
5.044676646073611764e-06
5.056150428348840500e-06
5.053182162913478920e-06
5.041284419257593556e-06
5.029952907889764564e-06
5.027232504564866873e-06
5.040526720847232640e-06
5.072249919835310684e-06
5.120918209220401203e-06
5.179755549399342526e-06
5.239761785354236775e-06
5.291406795569634785e-06
5.328479994913637640e-06
5.349849599518336769e-06
5.360398098601578091e-06
5.369302792563083317e-06
5.386512301639188485e-06
5.418823029523334332e-06
5.466417676313599592e-06
5.522964910340568524e-06
5.577795258043130641e-06
5.621781669669898457e-06
5.651424065726994145e-06
5.671877135623932543e-06
5.693343460113575131e-06
5.726095464355059025e-06
5.772851190283587904e-06
5.827820973080102296e-06
5.879212202640923972e-06
5.918846139995480297e-06
5.947220786587483641e-06
5.974738629442942321e-06
6.011989568017768691e-06
6.061905561407990030e-06
6.115407170644487355e-06
6.161119079765645406e-06
6.195155785126839384e-06
6.226856650748078878e-06
6.267501530814132458e-06
6.319058040292289500e-06
6.370080235869806051e-06
6.411032515356152373e-06
6.445096574145908190e-06
6.485695962468028026e-06
6.536364106108359898e-06
6.586893175882464235e-06
6.627074453732053323e-06
6.664347397513102665e-06
6.710288116955994873e-06
6.762296711105600514e-06
6.806602647004414044e-06
6.845110016619507007e-06
6.890378996318788222e-06
6.941973579432401601e-06
6.985915887754021985e-06
7.026063091862572190e-06
7.074105883010270290e-06
7.123873564788507969e-06
7.164899281250637937e-06
7.209512592787046188e-06
7.259846448221978822e-06
7.303538637732712203e-06
7.346346577221012230e-06
7.396703464418173091e-06
7.440345826931508969e-06
7.484166635287602041e-06
7.533421733773664339e-06
7.576449588132035382e-06
7.621694754101113332e-06
7.669777362024152794e-06
7.711136366129986260e-06
7.759780460284095347e-06
7.802521847181960034e-06
7.848057584131988654e-06
7.893148113536960667e-06
7.936283342124289027e-06
7.982184567965404129e-06
8.024271326270617649e-06
8.069705948639591171e-06
8.111479663195441623e-06
8.155997326626348006e-06
8.197556873355489376e-06
8.240867306551109218e-06
8.282193579973138136e-06
8.324378801793003201e-06
8.365083167483032602e-06
8.406262891818149600e-06
8.446095536478442556e-06
8.486289204315384011e-06
8.525158073387799614e-06
8.564094753289871412e-06
8.602011577759691079e-06
8.639626962596553040e-06
8.676326915492324940e-06
8.712645241656880320e-06
8.747916140652929655e-06
8.782870473327247102e-06
8.816642941355372907e-06
8.849944728230156011e-06
8.882212745894872756e-06
8.913754177540923082e-06
8.944297881633508121e-06
8.974042317539499903e-06
9.002643041122982155e-06
9.030507602385732477e-06
9.057082505294335932e-06
9.082805805464574150e-06
9.107298428072117913e-06
9.130746413071035787e-06
9.152975499382722975e-06
9.174075415767257943e-06
9.193832166109367168e-06
9.212484242356346449e-06
9.229660969671235591e-06
9.245645895012227113e-06
9.260162988315040217e-06
9.273338784220187787e-06
9.285039347870490406e-06
9.295312066003267120e-06
9.304010236116866465e-06
9.311277869396855457e-06
9.316863406421696335e-06
9.320951590772441676e-06
9.323338926513490980e-06
9.324114038520557341e-06
9.323172657701932995e-06
9.320546123257457017e-06
9.316132011395518453e-06
9.310019161046996944e-06
9.302037298270512285e-06
9.292308635070422362e-06
9.280689079385666613e-06
9.267249337490322499e-06
9.251907004951840448e-06
9.234691492963421119e-06
9.215531979277299284e-06
9.194492378469980363e-06
9.171464050349867824e-06
9.146533017122631979e-06
9.119603935235588962e-06
9.090738113535799721e-06
9.059881672327644068e-06
9.027069350886392376e-06
8.992258225390492189e-06
8.955505179003404545e-06
8.916748405527618351e-06
8.876059840932088219e-06
8.833386137851226606e-06
8.788789475060782735e-06
8.742242532101300524e-06
8.693792605999281034e-06
8.643424535880532116e-06
8.591197835782071334e-06
8.537088668034108264e-06
8.481169311782220908e-06
8.423423162656008866e-06
8.363917093500241291e-06
8.302649518775836633e-06
8.239680633519001242e-06
8.175023219864894464e-06
8.108746142623294125e-06
8.040857434100242036e-06
7.971432040510296481e-06
7.900482214027055992e-06
7.828083067787657787e-06
7.754257920729943618e-06
7.679081086088808956e-06
7.602582830602219709e-06
7.524839664927813030e-06
7.445883071900746949e-06
7.365792648587415939e-06
7.284604044505834894e-06
7.202395925105122084e-06
7.119208409311006642e-06
7.035124456667436953e-06
6.950186498418755204e-06
6.864475658021521084e-06
6.778036937567530495e-06
6.690949905331867346e-06
6.603264035775469710e-06
6.515056602418031521e-06
6.426375494675830056e-06
6.337305385135249803e-06
6.247892836828769000e-06
6.158216307971597335e-06
6.068324853099840873e-06
5.978292894621567026e-06
5.888174197330248943e-06
5.798037662185281515e-06
5.707930303968646060e-06
5.617932007650084858e-06
5.528084769496769340e-06
5.438458788451913789e-06
5.349098662782210123e-06
5.260065610174734659e-06
5.171412956471396003e-06
5.083195246259407866e-06
4.995451203369738336e-06
4.908250058562411215e-06
4.821622332514327552e-06
4.735626555640907378e-06
4.650294955388566823e-06
4.565673158843917144e-06
4.481807968759741242e-06
4.398735549433381033e-06
4.316482960240460908e-06
4.235105132796484450e-06
4.154616618985637113e-06
4.075062633885565785e-06
3.996460365805008136e-06
3.918836839499873932e-06
3.842231824743011863e-06
3.766660648065228580e-06
3.692138204478003849e-06
3.618703777107438308e-06
3.546354092401914125e-06
3.475122353140427969e-06
3.405008948579947647e-06
3.336022631057187375e-06
3.268197067711174743e-06
3.201527376090233109e-06
3.136018056374185257e-06
3.071692583936533041e-06
3.008531894219418746e-06
2.946559937880427352e-06
2.885760678905357358e-06
2.826126970994029304e-06
2.767688365232081338e-06
2.710421825497649429e-06
2.654324344044583099e-06
2.599405115091811247e-06
2.545631768288166398e-06
2.493024459372348478e-06
2.441552213522597123e-06
2.391195684055779328e-06
2.341983362260942241e-06
2.293876197629164340e-06
2.246867371347737883e-06
2.200953553598999409e-06
2.156092330016625471e-06
2.112306573827420855e-06
2.069552133720920708e-06
2.027801507895631833e-06
1.987084621086949636e-06
1.947348388623442249e-06
1.908586700141232434e-06
1.870785827487537224e-06
1.833897524904445947e-06
1.797953336087459018e-06
1.762896192002619708e-06
1.728693895419791273e-06
1.695379826737811843e-06
1.662890744136127388e-06
1.631226904995374378e-06
1.600364984917772473e-06
1.570252731366192436e-06
1.540934496055175434e-06
1.512342172485202276e-06
1.484444117544906435e-06
1.457277038778622899e-06
1.430768899375125133e-06
1.404931153661717936e-06
1.379733433366908355e-06
1.355121287064165906e-06
1.331152131068869237e-06
1.307748092852789550e-06
1.284885035249262317e-06
1.262601287792442415e-06
1.240816133526771713e-06
1.219556653997119276e-06
1.198788483673544618e-06
1.178454484026307871e-06
1.158624671998339539e-06
1.139215399370132108e-06
1.120212432349954922e-06
1.101651993629344419e-06
1.083451039434876497e-06
1.065650860992779431e-06
1.048213134999749150e-06
1.031083098561382792e-06
1.014338346406026035e-06
9.978920279516616250e-07
9.817444321988372637e-07
9.659224227401826600e-07
9.503499755991152430e-07
9.350767411843264026e-07
9.200626914019774470e-07
9.052587706307890153e-07
8.907439368752596103e-07
8.764327040445936728e-07
8.623380937442392478e-07
8.484773513025867552e-07
8.347838026040523768e-07
8.213133689995020297e-07
8.080246384300905557e-07
7.948781493289121482e-07
7.819486288195761461e-07
7.691565742080684552e-07
7.565251909479389043e-07
7.440636310324343702e-07
7.317167763793393593e-07
7.195447634909285595e-07
7.075073897472106623e-07
6.955783753395355594e-07
6.838257134161444443e-07
6.721807227796512113e-07
6.606745744479696480e-07
6.493096550680396698e-07
6.380409117414559387e-07
6.269237329145651801e-07
6.159131198619124036e-07
6.049857756633712097e-07
5.941886570330245450e-07
5.834542083771558372e-07
5.728067477083790113e-07
5.622347879120725573e-07
5.516973632620438433e-07
5.412413950125129258e-07
5.308259086279561624e-07
5.204421744410874493e-07
5.101325176766354360e-07
4.998528038339312230e-07
4.896409108680612826e-07
4.794985174758704611e-07
4.694093740099041692e-07
4.594257478247379377e-07
4.495239104161884874e-07
4.397125617087282268e-07
4.300270686240875742e-07
4.204371711987640430e-07
4.109768241835098054e-07
4.016450752050099535e-07
3.924283411212936801e-07
3.833631124568298285e-07
3.744270767146900639e-07
3.656275632285276625e-07
3.569830034799518954e-07
3.484702309066693443e-07
3.401111129479638083e-07
3.319004054588906747e-07
3.238265117420391948e-07
3.159091342697937677e-07
3.081279723325691654e-07
3.004875476381867650e-07
2.929914186524825955e-07
2.856235413435945936e-07
2.783927880269673539e-07
2.712928328218566850e-07
2.643149840211279560e-07
2.574667829683486210e-07
2.507348176790552754e-07
2.441221636539635953e-07
2.376275073113272249e-07
2.312430334883370616e-07
2.249715053348990550e-07
2.188099364559698707e-07
2.127550811960583530e-07
2.068075938571042094e-07
2.009623465486043216e-07
1.952211647755844849e-07
1.895825359608699848e-07
1.840455382516080639e-07
1.786086713414889617e-07
1.732724615949739377e-07
1.680375801303684001e-07
1.629009646053346757e-07
1.578641854678151315e-07
1.529275250065625487e-07
1.480899770702033022e-07
1.433537920591779975e-07
1.387140841976905226e-07
1.341746899319515791e-07
1.297371235089181356e-07
1.253955619581476448e-07
1.211548345684524751e-07
1.170120735309875931e-07
1.129669756856682577e-07
1.090237483662974225e-07
1.051746514027169890e-07
1.014236893928525498e-07
9.777250555337460751e-08
9.421414936979748228e-08
9.075418116899314608e-08
8.738757863240633184e-08
8.411472781725596536e-08
8.093788538475088545e-08
7.784918814624356512e-08
7.485384474402636212e-08
7.194954192990511060e-08
6.913047862555905506e-08
6.640245214517222222e-08
6.375884133995414649e-08
6.119846084532123018e-08
5.872484246949529542e-08
5.632905707236720216e-08
5.401468683272249446e-08
5.178089066235917483e-08
4.962075215563992025e-08
4.753911204927973070e-08
4.552905897605170434e-08
4.359043328425123160e-08
4.172381272564140961e-08
3.992309881816367984e-08
3.819074446217763031e-08
3.652272281113173994e-08
3.491803266082312235e-08
3.337530835789099957e-08
3.189133982604764281e-08
3.046535285848642903e-08
2.909580815465177806e-08
2.778007052425754684e-08
2.651805358033621632e-08
2.530709216470521822e-08
2.414480897649653389e-08
2.303150823635428958e-08
2.196410904507464224e-08
2.094077590862529191e-08
1.996132743665239049e-08
1.902244009732145306e-08
1.812511188748425054e-08
1.726649959721664411e-08
1.644384798227956060e-08
1.565823936442337267e-08
1.490729343983941378e-08
1.418929577198467696e-08
1.350295129541047563e-08
1.284756143137120469e-08
1.222226747121234395e-08
1.162518675431612819e-08
1.105539844678122436e-08
1.051074172630042695e-08
9.992761699452574206e-09
9.498538133870851960e-09
9.025610483787699200e-09
8.577089067018901038e-09
8.148335448174460164e-09
7.740267916716363486e-09
7.352527523281590263e-09
6.980703159018988723e-09
6.629409126393497714e-09
6.294230119980970095e-09
5.973525049027766880e-09
5.671233385941925610e-09
5.381404841741573875e-09
5.106747602117393388e-09
4.846271284616492486e-09
4.596173297587103481e-09
4.361077232686980689e-09
4.136527912131274668e-09
3.922202237769426013e-09
3.720630924662362749e-09
3.527361165064914474e-09
3.344852854707614488e-09
3.171694241125720540e-09
3.005541665188274391e-09
2.849767970373793021e-09
2.700971475425316507e-09
2.559447814874047042e-09
2.426276061038939931e-09
2.298851749329447605e-09
2.178764155868503281e-09
2.064737939695015170e-09
1.955298253221331563e-09
1.853010248063539654e-09
1.755288858081084219e-09
1.662575630646817224e-09
1.575394200039564018e-09
1.491949117669256301e-09
1.413622882789998453e-09
1.339273934551575796e-09
1.267611231045113162e-09
1.201064495265038856e-09
1.137271988996280347e-09
1.076779937001261230e-09
1.020099164895797293e-09
9.654788922279281350e-10
9.147293267768780433e-10
8.665950760382534965e-10
8.199104941666071032e-10
7.771343913485210133e-10
7.357858834224208547e-10
6.966708457404121320e-10
6.601198299732178139e-10
6.243800931414164409e-10
5.915987599890069371e-10
5.603572121203032716e-10
5.297878234347994534e-10
5.022315372812685331e-10
4.752978065239130288e-10
4.500779268164117192e-10
4.266457302754364860e-10
4.034271087029329478e-10
3.825773391802674005e-10
3.625721711578212151e-10
3.428457908893364341e-10
3.253062167275767695e-10
3.078239365439032289e-10
2.916147529097738131e-10
2.765263860034349143e-10
2.613284860840744136e-10
2.479254410529276059e-10
2.349033392791610293e-10
2.220558486280650955e-10
2.107834619620125993e-10
1.993556456827910508e-10
1.889140132187472474e-10
1.791963713641073453e-10
1.692904439958004190e-10
1.607178123753692294e-10
1.522686350672185853e-10
1.439950050235384574e-10
1.367931075983424568e-10
1.293870260511427233e-10
1.227157180840038494e-10
1.165060483492750879e-10
1.101096062084658903e-10
1.046552787597986139e-10
9.918876481330403033e-11
9.389744772735886003e-11
8.925140832914276598e-11
8.444253639706458008e-11
8.013845590553223347e-11
7.610672931583016087e-11
7.193921866774833510e-11
6.841189020241451288e-11
6.482609764320495529e-11
6.141842093185120588e-11
5.837929405168969175e-11
5.525323781012161915e-11
5.246266953962960798e-11
4.983430303101170549e-11
4.712770202416658037e-11
4.483411009946206719e-11
4.248068756543487621e-11
4.028453591912624458e-11
3.830693172020744479e-11
3.626847127653935563e-11
3.445165029553280534e-11
3.272828331028723881e-11
3.097426846180104104e-11
2.947446210414522500e-11
2.793926663037054932e-11
2.651185156608308111e-11
2.520779249923279139e-11
2.387489706350747681e-11
2.269697112190295684e-11
2.156170662491639972e-11
2.042348922707560881e-11
1.943817431273922991e-11
1.843094855670780904e-11
1.750182633972437819e-11
1.664252301694796076e-11
1.577095917106663947e-11
1.499729467700357006e-11
1.424940628014155904e-11
1.350668583031671236e-11
1.285627749815612676e-11
1.219054908871218742e-11
1.158115656333059630e-11
1.100877144582578913e-11
1.043499839887746073e-11
9.923079865386550229e-12
9.423922615174559657e-12
8.933819815403081930e-12
8.496069793889829317e-12
8.055067608081860087e-12
7.647750315089856232e-12
7.265947194158035462e-12
6.881911316265566120e-12
6.537984323959605152e-12
6.200811181823954076e-12
5.873132506514536308e-12
5.576505716318775005e-12
5.277392360255601457e-12
5.001683101104797776e-12
4.738779155307671491e-12
4.478647290137186043e-12
4.241346349122862818e-12
4.007862267750808377e-12
3.783497840520183988e-12
3.575594067331581786e-12
3.368842734613994284e-12
3.175042127072758897e-12
2.990164417673927062e-12
2.807437142243902184e-12
2.638981849188159778e-12
2.473480771795464463e-12
2.314361004794479000e-12
2.165178459249701008e-12
2.018037102358089669e-12
1.879641186709924310e-12
1.747256010209142771e-12
1.618007048601405002e-12
1.497854372959468239e-12
1.380869995528058602e-12
1.270479284237455925e-12
1.166117033029927268e-12
1.066230518668257640e-12
9.730598215114944034e-13
8.853189366859124091e-13
8.028410821364659539e-13
7.271478939466079497e-13
6.566019669360769017e-13
5.921594535941130484e-13
5.340166541785433199e-13
4.811568993044215503e-13
4.345853627532405244e-13
3.936824966292482167e-13
3.579336311485385497e-13
3.279851349480391813e-13
3.025082646675265754e-13
2.816614848870345755e-13
2.650886099204128150e-13
2.516562289148676721e-13
2.413404351680048942e-13
2.331276761025534591e-13
2.264687845414093606e-13
2.207417603781750335e-13
2.150824665728164917e-13
2.090981323534222525e-13
2.022056062680724795e-13
1.940591021275406388e-13
1.843461993325829761e-13
1.730123179538813347e-13
1.603325671632434759e-13
1.462847048853538612e-13
1.316113946978283465e-13
1.166571682053823824e-13
1.021427692123369649e-13
8.883096499879900820e-14
7.708394522092990081e-14
6.751522342169344216e-14
6.049203376182750936e-14
5.576006313798528566e-14
5.345995596128573145e-14
5.286301922234227693e-14
5.338631165321645731e-14
5.433612765337452616e-14
5.468569034581900535e-14
5.396246622044416548e-14
5.177042443264201273e-14
4.782325697436790128e-14
4.264436322161842270e-14
3.656724775858355207e-14
3.050625622504031900e-14
2.531974985379215112e-14
2.153291193956821887e-14
1.960418972119625038e-14
1.943255424467560050e-14
2.038252789073851096e-14
2.179323021660371092e-14
2.259340150036561612e-14
2.218704157354654727e-14
2.034700211426351385e-14
1.727105692502603242e-14
1.380434453452750206e-14
1.087931895269715610e-14
9.179976909653781069e-15
9.072995887171086085e-15
1.001712326271485057e-14
1.120705226188533589e-14
1.168679190881575923e-14
1.083805446936258565e-14
8.895469949245213324e-15
6.661641983991722512e-15
5.096889010377641183e-15
4.881116112359808603e-15
5.673513725322676736e-15
6.633451668124141854e-15
6.765998288608442468e-15
5.707709391796055555e-15
4.098028800452259747e-15
2.987402424578812121e-15
2.998118087393490212e-15
3.835818298187721037e-15
4.367525167695657104e-15
3.897586458671881807e-15
2.712141917129434147e-15
1.869256749050102726e-15
2.056269832905849819e-15
2.770931234959662404e-15
2.894284512359787214e-15
2.142186907825078507e-15
1.317761033439936200e-15
1.381175739622234303e-15
1.972386567471238442e-15
2.007664884598026731e-15
1.300887981724703254e-15
8.698887919872394662e-16
1.227089831172793017e-15
1.555706983616466104e-15
1.096230273602812771e-15
6.412940246382602182e-16
9.066768391999360373e-16
1.168303939803763112e-15
7.494906002830981848e-16
4.904589270664741748e-16
8.132873934960790102e-16
8.159515709013308646e-16
3.999151686555429098e-16
5.270706560890155612e-16
7.007217894867083725e-16
3.764629137476991645e-16
3.739157472400604672e-16
5.736888656259201736e-16
2.952217292419119937e-16
3.292558571995686412e-16
4.422840231876905549e-16
2.162354341764640213e-16
3.187821125355905340e-16
3.132170628452986432e-16
1.672644452241262484e-16
3.208297364446160056e-16
1.534156287545140438e-16
2.336769612171866282e-16
1.866179165339926068e-16
1.556598725664544289e-16
1.937859029867391471e-16
1.166816698951293734e-16
1.749134777487127874e-16
1.006046701307012803e-16
1.482336928868795209e-16
9.153945472589560219e-17
1.237524397735085616e-16
8.324330721181840628e-17
1.037965061758524179e-16
7.464905745818303781e-17
8.783428601848141039e-17
6.611390116088428529e-17
7.489077264060186323e-17
5.805620874162691250e-17
6.419641076571769192e-17
5.070131165201352086e-17
5.522639289710492113e-17
4.412169829601164471e-17
4.762446298875433701e-17
3.830519795104507906e-17
4.113819467100172586e-17
3.320008875721017476e-17
3.557931348783883268e-17
2.873948173139046110e-17
3.080114056749107912e-17
2.485346552977021638e-17
2.668567562738676745e-17
2.147482899700204701e-17
2.313586134140124354e-17
1.854154353722643765e-17
2.007066272287378971e-17
1.599763237089579985e-17
1.742173577977576997e-17
1.379324626328810548e-17
1.513104166759145744e-17
1.188436082107426291e-17
1.314905670204202666e-17
1.023230788048042207e-17
1.143337980438517535e-17
8.803250385697363083e-18
9.947619320351561137e-18
7.567656769201711940e-18
8.660485138797178779e-18
6.499802573907539476e-18
7.545037373125037443e-18
5.577311951511638989e-18
6.578057927213772737e-18
4.780743444975571218e-18
5.739520788459335371e-18
4.093220252883610592e-18
5.012142948371289651e-18
3.500102774023145873e-18
4.381002077590734518e-18
2.988700246156572994e-18
3.833210021102564890e-18
2.548017892001386727e-18
3.357633309587506820e-18
2.168535850040011159e-18
2.944653535274210998e-18
1.842016440643347884e-18
2.585961686196562270e-18
1.561336466797053482e-18
2.274381498038031850e-18
1.320341610927830511e-18
2.003717709876166408e-18
1.113720261440682757e-18
1.768625756348606307e-18
9.368944211815748957e-19
1.564499997019110377e-18
7.859256502109251605e-19
1.387377952906994390e-18
6.574342121713289220e-19
1.233858525696893691e-18
5.485298985600277971e-19
1.101032397006844722e-18
4.567531758023584256e-19
9.864231779489603349e-19
3.800255568712812284e-19
8.879380432837232439e-19
3.166082074371837530e-19
8.038268722632430390e-19
2.650680712217777384e-19
7.326490890721313079e-19
2.242508625425779619e-19
6.732475442005699768e-19
1.932604593166092126e-19
6.247289999919412679e-19
1.714444059874010616e-19
5.864508694628039066e-19
1.583852754656693694e-19
