# bin_4_1
8.368159299789482098e-05
8.249829740386058045e-05
8.132112833369710631e-05
8.014999444744059425e-05
7.898533210315025440e-05
7.782715718773576736e-05
7.667578653822667320e-05
7.553131602883972708e-05
7.439402301409290283e-05
7.326398156455811493e-05
7.214151692704188796e-05
7.102666151023398098e-05
6.991971977712076484e-05
6.882077404691043867e-05
6.773006518547475176e-05
6.664770653273248034e-05
6.557392438170407938e-05
6.450882782576227142e-05
6.345263502626284473e-05
6.240541195488648655e-05
6.136740826335020712e-05
6.033870493097041215e-05
5.931949318355227109e-05
5.830987958415271259e-05
5.731003457705841195e-05
5.632004766876671646e-05
5.534010286215842246e-05
5.437026383879939632e-05
5.341070503080925857e-05
5.246149925303301021e-05
5.152278902952986297e-05
5.059465073054550199e-05
4.967721436822783893e-05
4.877054175050830030e-05
4.787475990748067998e-05
4.698991611831678682e-05
4.611612703234339508e-05
4.525343621483947289e-05
4.440193759936026996e-05
4.356167020366398111e-05
4.273271719616338938e-05
4.191510314189320031e-05
4.110890098383960557e-05
4.031412639814836398e-05
3.953084073363731315e-05
3.875904851061636749e-05
3.799879007603526652e-05
3.725006568774456812e-05
3.651290828254873339e-05
3.578730104222030113e-05
3.507326151066135278e-05
3.437076723525513003e-05
3.367982391458892587e-05
3.300039448885402725e-05
3.233247043252127458e-05
3.167600150875821266e-05
3.103097567116592213e-05
3.039732985056687423e-05
2.977502853141579132e-05
2.916401085029213486e-05
2.856422598034600094e-05
2.797559804880165229e-05
2.739806555224917663e-05
2.683153524681918827e-05
2.627595010560806148e-05
2.573120233887627340e-05
2.519720845472196206e-05
2.467386934966527310e-05
2.416108311408597146e-05
2.365873825946654928e-05
2.316672731732509499e-05
2.268491437798909839e-05
2.221320724415100459e-05
2.175145767233789310e-05
2.129954406239591835e-05
2.085733329829130697e-05
2.042468202938780663e-05
2.000145125057501322e-05
1.958749600295137870e-05
1.918264858041829153e-05
1.878679086592888392e-05
1.839974404397883126e-05
1.802136081392891477e-05
1.765148392231426978e-05
1.728994205595859484e-05
1.693658193928194465e-05
1.659123392839397695e-05
1.625371214112662191e-05
1.592388671307163410e-05
1.560156216714605424e-05
1.528658086051580317e-05
1.497877488343783567e-05
1.467796081596508283e-05
1.438398800115834502e-05
1.409667689432199820e-05
1.381584068280644049e-05
1.354135287208263632e-05
1.327301664270464484e-05
1.301068089148860506e-05
1.275418104650183808e-05
1.250333896527855186e-05
1.225802307111269153e-05
1.201805887898353769e-05
1.178327326802035455e-05
1.155355715338449506e-05
1.132872719324757113e-05
1.110865402599673546e-05
1.089318869066167969e-05
1.068217106282310367e-05
1.047550184666183432e-05
1.027302287173883995e-05
1.007458701508933072e-05
9.880111955379512184e-06
9.689436546471897452e-06
9.502463717423192550e-06
9.319067896773368045e-06
9.139114282627110389e-06
8.962542020504005481e-06
8.789214618398226547e-06
8.619018603599675415e-06
8.451901409252037884e-06
8.287725861398445118e-06
8.126432041379438046e-06
7.967920626509207034e-06
7.812082375010920204e-06
7.658895674976535638e-06
7.508246765489265375e-06
7.360056310890787459e-06
7.214298135451932118e-06
7.070858347484918025e-06
6.929712268295509407e-06
6.790782764072184153e-06
6.653983949104041330e-06
6.519328480385642630e-06
6.386721391870258982e-06
6.256115645044692864e-06
6.127502490352686437e-06
6.000790171825818399e-06
5.875982933090637578e-06
5.753019963925638782e-06
5.631834557166155584e-06
5.512465761476584725e-06
5.394832205106420623e-06
5.278913286724112897e-06
5.164710073841710493e-06
5.052147315307005491e-06
4.941253410337649991e-06
4.831976413474321885e-06
4.724264436871924682e-06
4.618174555239834222e-06
4.513633399533351236e-06
4.410639724888749597e-06
4.309197399493958018e-06
4.209241385701819272e-06
4.110820298204804344e-06
4.013884140398429346e-06
3.918391668239653883e-06
3.824409929341944751e-06
3.731867639129055035e-06
3.640777218021044627e-06
3.551139462886009566e-06
3.462895554622891179e-06
3.376110336441587891e-06
3.290728993581670793e-06
3.206716320423397521e-06
3.124142695520134826e-06
3.042936206311536982e-06
2.963120172417368671e-06
2.884687290475591578e-06
2.807580230903663120e-06
2.731876009968632736e-06
2.657511967048019429e-06
2.584458228690844810e-06
2.512782777209117605e-06
2.442409571250384842e-06
2.373370981133196025e-06
2.305650871708928446e-06
2.239191124029808019e-06
2.174075959693661329e-06
2.110232967396996276e-06
2.047640211627957995e-06
1.986359371424509039e-06
1.926307354467516744e-06
1.867526127869173039e-06
1.809992839265721646e-06
1.753645663986280902e-06
1.698573806407898653e-06
1.644698312097759588e-06
1.592005246687778193e-06
1.540546730443253834e-06
1.490238138346837973e-06
1.441129550033381883e-06
1.393191624599125209e-06
1.346363486741162974e-06
1.300734884400835694e-06
1.256220515807736466e-06
1.212815604218404393e-06
1.170551737348858153e-06
1.129342908094516317e-06
1.089232672801295522e-06
1.050175105755697943e-06
1.012099632905058256e-06
9.750787417971080372e-07
9.390137781299818997e-07
9.039000721171093829e-07
8.697494409675029456e-07
8.364803203931636098e-07
8.041421461216562208e-07
7.726908544685589264e-07
7.420728820265930750e-07
7.123645736550508911e-07
6.834826023897187923e-07
6.554427723453852496e-07
6.282568784236464333e-07
6.018605649467616521e-07
5.763128410334809750e-07
5.515723473415503647e-07
5.275995250186069947e-07
5.044618519765501048e-07
4.820827511269229237e-07
4.604833522950644445e-07
4.396642715158701062e-07
4.195670959884190926e-07
4.002436335804443480e-07
3.816444838217209867e-07
3.637326232206129878e-07
3.465517738574437389e-07
3.300233747215980053e-07
3.141586862819315284e-07
2.989371574344608398e-07
2.842958057262886132e-07
2.702656667935134871e-07
