# bin_4_3
2.654630037903744975e-04
2.611115398959521243e-04
2.567969205272299616e-04
2.525193907435738217e-04
2.482801270067366991e-04
2.440795161120741042e-04
2.399185089767987933e-04
2.357975962150044155e-04
2.317176369651507539e-04
2.276790750455349988e-04
2.236827614493503270e-04
2.197290848654899573e-04
2.158188397228592262e-04
2.119524295634031379e-04
2.081305177480555300e-04
2.043535329326976195e-04
2.006220558146841373e-04
1.969364505168807317e-04
1.932972940320175272e-04
1.897048812434268760e-04
1.861596989137760064e-04
1.826620260260386041e-04
1.792122743551029446e-04
1.758106869911187087e-04
1.724575906507474067e-04
1.691531671114636761e-04
1.658976968052777040e-04
1.626912989659289087e-04
1.595342002380531021e-04
1.564264600938030725e-04
1.533682160616616711e-04
1.503594918779221294e-04
1.474003473582061684e-04
1.444907355386697875e-04
1.416306590040798056e-04
1.388200166700327611e-04
1.360587496174969183e-04
1.333466812811518343e-04
1.306836734019142636e-04
1.280694977779336691e-04
1.255039582570673183e-04
1.229867555059481986e-04
1.205176115786264307e-04
1.180962060015440182e-04
1.157222003477864847e-04
1.133951904079243936e-04
1.111147835995926502e-04
1.088805065317305148e-04
1.066919492189519604e-04
1.045485802892738971e-04
1.024498817990969924e-04
1.003953463321522236e-04
9.838439501837232669e-05
9.641644291512867931e-05
9.449088538621060749e-05
9.260705618204247386e-05
9.076438691672668562e-05
8.896215854822433339e-05
8.719968647393570968e-05
8.547632628762492262e-05
8.379132833119731099e-05
8.214399562986475630e-05
8.053358691441407863e-05
7.895931108893258256e-05
7.742052094462649426e-05
7.591639178363745663e-05
7.444615559148836791e-05
7.300910886787571137e-05
7.160441458264131640e-05
7.023135137554991172e-05
6.888912227196849407e-05
6.757689933618837017e-05
6.629404016123678926e-05
6.503969688595515042e-05
6.381311265431371406e-05
6.261359539012552615e-05
6.144031309214840683e-05
6.029259732792275212e-05
5.916967458801027118e-05
5.807075845677206949e-05
5.699528532218330507e-05
5.594245745502260695e-05
5.491160405532384396e-05
5.390210475588889981e-05
5.291320323127312550e-05
5.194434947996218416e-05
5.099485040270744756e-05
5.006402175892047827e-05
4.915142851383366723e-05
4.825637217930820578e-05
4.737831518504987961e-05
4.651674496361374593e-05
4.567102158655824855e-05
4.484075480492501518e-05
4.402536171015957904e-05
4.322429120269374511e-05
4.243725814242779677e-05
4.166368283622331233e-05
4.090317893503441019e-05
4.015535234263084498e-05
3.941969447738104867e-05
3.869598991525013488e-05
3.798376434708323113e-05
3.728260320249471451e-05
3.659236690433180473e-05
3.591259236569546741e-05
3.524304487450650991e-05
3.458343465198445257e-05
3.393337210741325717e-05
3.329280897728867372e-05
3.266136317110479988e-05
3.203874371578843081e-05
3.142493446206392419e-05
3.081956486602173222e-05
3.022253611275041828e-05
2.963363994596043613e-05
2.905257926835689316e-05
2.847944733038398034e-05
2.791392385133265939e-05
2.735582800458228204e-05
2.680523275870645179e-05
2.626182230356506497e-05
2.572561526521667570e-05
2.519645977381774652e-05
2.467411505812510761e-05
2.415878791835611070e-05
2.365019534145904791e-05
2.314824107488840061e-05
2.265304860944495512e-05
2.216433248899229806e-05
2.168220198261622695e-05
2.120652798339420461e-05
2.073710127149791996e-05
2.027421017390261711e-05
1.981758044118109172e-05
1.936718661207083395e-05
1.892315585769388918e-05
1.848522581150678510e-05
1.805356796551706701e-05
1.762804970174851985e-05
1.720847681472063661e-05
1.679518772849979952e-05
1.638789816389356094e-05
1.598663455358548087e-05
1.559150175716414149e-05
1.520224460889385093e-05
1.481908882577727612e-05
1.444187746232772503e-05
1.407042477268026705e-05
1.370509669093073752e-05
1.334558775624691161e-05
1.299196187681676895e-05
1.264428657208737420e-05
1.230230194924304098e-05
1.196628917004668464e-05
1.163605271003422526e-05
1.131141480494029185e-05
1.099274937452862773e-05
1.067972080767994404e-05
1.037242592172006303e-05
1.007088667865465627e-05
9.774838557718302566e-06
9.484616376166304656e-06
9.199973183252789180e-06
8.920737464850617954e-06
8.647274812745465113e-06
8.379224017838088649e-06
8.116719682368127899e-06
7.859730815550418926e-06
7.607981151047031255e-06
7.361847496833140652e-06
7.121032123380833469e-06
6.885382463810318078e-06
6.655235686699203990e-06
6.430202219816183554e-06
6.210454028649139556e-06
5.995915006056235432e-06
5.786298831826974863e-06
5.581998288422864066e-06
5.382667705745780531e-06
5.188194520173684281e-06
4.998868381621521520e-06
4.814270762570082225e-06
4.634608989195572237e-06
4.459776649373566467e-06
4.289474191302865363e-06
4.124088534371375827e-06
3.963250822028436101e-06
3.806889911654662301e-06
3.655229195645087044e-06
3.507862001192815641e-06
3.365012135756580466e-06
3.226551036705576747e-06
3.092203507595278163e-06
2.962326820859965747e-06
2.836555908382247139e-06
2.714884147607311854e-06
2.597451048301276912e-06
2.483914650229330828e-06
2.374481976493719556e-06
2.269013614110493166e-06
2.167262978011626105e-06
2.069502205346331973e-06
1.975356606895031867e-06
1.884803670229756749e-06
1.797841329609969033e-06
1.714107957554193105e-06
1.633686857310219246e-06
1.556335376949371925e-06
1.481761929136797738e-06
1.410070270032299695e-06
1.340863932855593248e-06
1.274090792253660173e-06
1.209681425609526283e-06
1.147355128726624759e-06
1.087203955549535065e-06
1.029070614766143147e-06
9.728201536282375319e-07
9.185915210001763223e-07
8.661724125248350023e-07
8.156299957295908103e-07
7.669730508651137037e-07
7.200768069155424883e-07
6.750603982857443667e-07
6.318434194957583121e-07
5.903793541877821842e-07
5.507605699961827330e-07
5.128514740507193169e-07
4.767009866606837967e-07
4.422888419547570123e-07
4.095231697283886036e-07
3.784487276054514664e-07
