# bin_3_1
7.659790290261000382e-05
7.553381580829939717e-05
7.447457762431691341e-05
7.342008948487946569e-05
7.237077619766073820e-05
7.132664158060414243e-05
7.028798061775365152e-05
6.925488411987206492e-05
6.822762202596919395e-05
6.720625533922112776e-05
6.619109158680712532e-05
6.518216174406580015e-05
6.417976829820798217e-05
6.318397717216917106e-05
6.219502393071295798e-05
6.121302464555015239e-05
6.023819075016339440e-05
5.927061522706227465e-05
5.831054937748979852e-05
5.735805709430743333e-05
5.641335460501469402e-05
5.547653252976160248e-05
5.454779390505043571e-05
5.362723763969223968e-05
5.271504281765674774e-05
5.181130219719188093e-05
5.091619939781402059e-05
5.002980732616628493e-05
4.915230875725411138e-05
4.828377434967086291e-05
4.742436278038122792e-05
4.657415579770895391e-05
4.573328970415599344e-05
4.490183882714164046e-05
4.407994152864944755e-05
4.326765250404313138e-05
4.246510452727609062e-05
4.167234677129321601e-05
4.088949219075181993e-05
4.011659221550113264e-05
3.935374033033151112e-05
3.860097892385184760e-05
3.785839600264213190e-05
3.712601941607886902e-05
3.640392933634400150e-05
3.569214263058519544e-05
3.499072372722164781e-05
3.429968233155670560e-05
3.361906841129919278e-05
3.294888531420717457e-05
3.228916850363856855e-05
3.163991158719596687e-05
3.100113927031132431e-05
3.037283118708109379e-05
2.975499810881572073e-05
2.914760949332677076e-05
2.855066882830948390e-05
2.796413178024053040e-05
2.738798526296411777e-05
2.682218072362565505e-05
2.626669138202591231e-05
2.572145549528657597e-05
2.518643348423995414e-05
2.466154913009190925e-05
2.414676217097303459e-05
2.364198448436945630e-05
2.314715264600278549e-05
2.266218043251804853e-05
2.218698892326810803e-05
2.172148047339726533e-05
2.126556722292409775e-05
2.081913215940625028e-05
2.038209637557886585e-05
1.995433054432577602e-05
1.953573111705521142e-05
1.912617784849130118e-05
1.872554850314423868e-05
1.833371601148367367e-05
1.795055387813882140e-05
1.757591125895948219e-05
1.720968151352057196e-05
1.685170339052559555e-05
1.650184467526393089e-05
1.615996016217945196e-05
1.582589685144600528e-05
1.549951134957058848e-05
1.518065048275111571e-05
1.486914336503920846e-05
1.456486868122710762e-05
1.426764643303675252e-05
1.397733151326677753e-05
1.369376565712363241e-05
1.341678193359672584e-05
1.314623569493930502e-05
1.288196256226889909e-05
1.262378755575506975e-05
1.237158954529896953e-05
1.212518531500590780e-05
1.188443292831962121e-05
1.164917558383021367e-05
1.141924881764388419e-05
1.119452314556359680e-05
1.097483718595599531e-05
1.076002710389521902e-05
1.054998592876342528e-05
1.034454167451835112e-05
1.014357066828866678e-05
9.946929876097197838e-06
9.754470246840583864e-06
9.566090748107682119e-06
9.381644417603005051e-06
9.200990800854589495e-06
9.024046786785749701e-06
8.850660998271844211e-06
8.680738498401455771e-06
8.514158136504403372e-06
8.350794207285696169e-06
8.190580638326847406e-06
8.033390883111981242e-06
7.879115632332895421e-06
7.727699449097589788e-06
7.579013967801419521e-06
7.432998301673378810e-06
7.289556492844934623e-06
7.148587164578328757e-06
7.010060699635427885e-06
6.873872664952492253e-06
6.739945770197786700e-06
6.608249908242242834e-06
6.478679607410582008e-06
6.351206619909944457e-06
6.225756989602770993e-06
6.102251883591287496e-06
5.980694091141056428e-06
5.860997857401299264e-06
5.743116250716571650e-06
5.627036762770183157e-06
5.512675424449347132e-06
5.400031104493288413e-06
5.289046256301447770e-06
5.179660600216945414e-06
5.071902215867425876e-06
4.965699067200809336e-06
4.861029013408319669e-06
4.757890089987837512e-06
4.656214427394613506e-06
4.556023602921786086e-06
4.457269542374225431e-06
4.359906224521292971e-06
4.263979571793009049e-06
4.169425830793816561e-06
4.076241103715895050e-06
3.984427388040002142e-06
3.893926916434757360e-06
3.804780434417936161e-06
3.716942792643625343e-06
3.630378037849012311e-06
3.545142755045261557e-06
3.461175672803060765e-06
3.378485896531351823e-06
3.297073850166854015e-06
3.216887927869179894e-06
3.137984733529639811e-06
3.060315579529487945e-06
2.983850086614264821e-06
2.908649620543623192e-06
2.834652460417010908e-06
2.761878266590991738e-06
2.690320978725148261e-06
2.619930438839119313e-06
2.550775707683049347e-06
2.482801290463103821e-06
2.415981460907892596e-06
2.350377126823068490e-06
2.285922374622068256e-06
2.222645885609577441e-06
2.160534013912483537e-06
2.099535520040963433e-06
2.039727542803928174e-06
1.981045448104310280e-06
1.923470422791936789e-06
1.867059101176138661e-06
1.811738087183057523e-06
1.757545747435194877e-06
1.704462328404282134e-06
1.652432439005845044e-06
1.601539154023644483e-06
1.551710924769886595e-06
1.502935596642891650e-06
1.455261434217977930e-06
1.408611162060511602e-06
1.363030050765122604e-06
1.318490161755062902e-06
1.274933978675952488e-06
1.232444526645519782e-06
1.190942507540928830e-06
1.150424768175664984e-06
1.110924236678359953e-06
1.072366734463004856e-06
1.034800867704302493e-06
9.981934806029765941e-07
9.624890539193349291e-07
9.277670337470825162e-07
8.939441418922523929e-07
8.610233470879415892e-07
8.290206559907153463e-07
7.978611547277591967e-07
7.675908321223436989e-07
7.381647350387929022e-07
7.095268719163789059e-07
6.817442705411158215e-07
6.547311282069099287e-07
6.284961346123452654e-07
6.030449255405991946e-07
5.783115791965273192e-07
5.543491352827182860e-07
5.311156091012461266e-07
5.085716264896858166e-07
4.867821959113615429e-07
4.656742050936706941e-07
4.452692117951321278e-07
4.255695209597697744e-07
4.065210484010257436e-07
3.881765104184872867e-07
3.704909630037865848e-07
3.534314361063507339e-07
3.370440071619824343e-07
3.212555622113786081e-07
3.060804534357546181e-07
2.915020180828584547e-07
2.774621115278723412e-07
2.639942957566787114e-07
