# bin_1_1
3.922951001660915236e-05
3.874211444125310764e-05
3.825593101548711541e-05
3.777079849937238265e-05
3.728700050201765482e-05
3.680447477704566273e-05
3.632338272344435805e-05
3.584374167785524902e-05
3.536570068828379332e-05
3.488924039534110243e-05
3.441456345814631750e-05
3.394161730488344487e-05
3.347059505322421379e-05
3.300149171897374370e-05
3.253443560335312913e-05
3.206947193488349370e-05
3.160671912663701817e-05
3.114619245957604330e-05
3.068804977337713969e-05
3.023228090922412946e-05
2.977904368622716249e-05
2.932835512272237755e-05
2.888033450988842490e-05
2.843501325005121761e-05
2.799250101405855427e-05
2.755283983482544562e-05
2.711614794125301428e-05
2.668244497775564117e-05
2.625185704916360580e-05
2.582440643883119458e-05
2.540020297911469783e-05
2.497928428769158560e-05
2.456175018181501812e-05
2.414763070006046696e-05
2.373703589238574651e-05
2.332998696571688663e-05
2.292658789632289842e-05
2.252686853589204528e-05
2.213091927669337883e-05
2.173877197563505597e-05
2.135051012804263230e-05
2.096616910202331378e-05
2.058583132383996078e-05
2.020952163430483163e-05
1.983732070419758349e-05
1.946925527967215640e-05
1.910539477474815028e-05
1.874576814900157773e-05
1.839043851546509837e-05
1.803943025577672729e-05
1.769280509597600704e-05
1.735058005480770543e-05
1.701281643656130406e-05
1.667952789128297400e-05
1.635076431327489591e-05
1.602654005996316237e-05
1.570689924606626035e-05
1.539185115668668561e-05
1.508143466312763452e-05
1.477565521263559531e-05
1.447454639538483833e-05
1.417810940110461063e-05
1.388636945784588373e-05
1.359932287721408869e-05
1.331699209440346472e-05
1.303936715035303962e-05
1.276646337522777001e-05
1.249826731040194386e-05
1.223478797640505428e-05
1.197600534106405431e-05
1.172192162200852224e-05
1.147251063317840185e-05
1.122777322088812606e-05
1.098767717484130897e-05
1.075221279503855449e-05
1.052134643055850010e-05
1.029506043036492778e-05
1.007331645638174605e-05
9.856090992989893418e-06
9.643336086918880289e-06
9.435030213948910358e-06
9.231119811879227386e-06
9.031572184644961335e-06
8.836334428519389118e-06
8.645364253810915549e-06
8.458606443343502749e-06
8.276014545544312451e-06
8.097521722965890937e-06
7.923088046858048236e-06
7.752641397663840296e-06
7.586130435307911364e-06
7.423486384969537524e-06
7.264648091227846716e-06
7.109548537188757546e-06
6.958123558082288869e-06
6.810293681139268406e-06
6.666006542459543765e-06
6.525177223705986582e-06
6.387743433302191030e-06
6.253626767902554204e-06
6.122754691484291220e-06
5.995056410327297399e-06
5.870457749381074935e-06
5.748873995987013539e-06
5.630248228369047952e-06
5.514491264997035667e-06
5.401538428904987717e-06
5.291309169323036523e-06
5.183728459015551550e-06
5.078729745342035270e-06
4.976237415151576317e-06
4.876169967071840259e-06
4.778473858086007625e-06
4.683063192821777382e-06
4.589879385550602712e-06
4.498847148643978350e-06
4.409896405556594135e-06
4.322971951976631053e-06
4.238003229679705485e-06
4.154919453955505646e-06
4.073676152643088964e-06
3.994196104877795563e-06
3.916433140855427718e-06
3.840322560532687998e-06
3.765803918034312494e-06
3.692837741849194188e-06
3.621363194155950481e-06
3.551324275407652244e-06
3.482688338502332432e-06
3.415390130764096915e-06
3.349398665176056000e-06
3.284661520063881783e-06
3.221130220148828661e-06
3.158781994795138891e-06
3.097567019924703012e-06
3.037445613264375605e-06
2.978396124598748595e-06
2.920366580696382128e-06
2.863340756274144124e-06
2.807277855263167237e-06
2.752141196972488926e-06
2.697923077513405515e-06
2.644583822610884848e-06
2.592098634587649487e-06
2.540454839573476714e-06
2.489612068806776013e-06
2.439567463985110894e-06
2.390289244559821183e-06
2.341750949183879858e-06
2.293956949141824635e-06
2.246875470844258694e-06
2.200493694740152781e-06
2.154804954008668187e-06
2.109777668210200114e-06
2.065420432195061689e-06
2.021707303517184738e-06
1.978619717492451665e-06
1.936170624518420950e-06
1.894333093771340911e-06
1.853103255863311378e-06
1.812477426190326471e-06
1.772430286647184763e-06
1.732979829225904282e-06
1.694102344153601843e-06
1.655784325147628194e-06
1.618044115098701414e-06
1.580857406693992566e-06
1.544227227595121488e-06
1.508149864456570503e-06
1.472603302396355096e-06
1.437612959458334723e-06
1.403154941258178704e-06
1.369219363194598401e-06
1.335827194611180385e-06
1.302954234198946927e-06
1.270609087037040318e-06
1.238786661335503293e-06
1.207466201874278168e-06
1.176678432650871130e-06
1.146397029342892772e-06
1.116615271690719635e-06
1.087353930294505012e-06
1.058585421938360957e-06
1.030322504384407065e-06
1.002556977431017206e-06
9.752656399434015600e-07
9.484823146252003224e-07
9.221771315238249591e-07
8.963454436104666929e-07
8.710059481627627616e-07
8.461289229448642211e-07
8.217317911817511669e-07
7.978037796451468337e-07
7.743215455630594945e-07
7.513222783089060720e-07
7.287736418162748578e-07
7.066757258589054667e-07
6.850431469302747152e-07
6.638466245682131411e-07
6.431070148105052476e-07
6.228107836909909871e-07
6.029344639232182169e-07
5.835162480685732149e-07
5.645212081179054145e-07
5.459529634536913771e-07
5.278211555631569804e-07
5.100961345339886812e-07
4.928019906842044004e-07
4.759213440297140689e-07
4.594313260691274418e-07
4.433689480978391093e-07
4.276970905774786651e-07
4.124223937049223469e-07
3.975493671109763937e-07
3.830483551689931254e-07
3.689465953608426148e-07
3.552232253349437466e-07
3.418576036974052179e-07
3.288842121873230272e-07
3.162652084437022152e-07
3.040105062002594102e-07
2.921201801612876354e-07
2.805660491700802369e-07
2.693772526410732117e-07
2.585297653039689640e-07
2.480059310667533086e-07
2.378354681096168784e-07
2.279808668602701651e-07
2.184538461627384573e-07
2.092490174591706632e-07
2.003383949697169646e-07
1.917484538749073255e-07
