# bin_2_1
5.981119361573951002e-05
5.900927299450961760e-05
5.821023686614012566e-05
5.741397531252293756e-05
5.662083800390374006e-05
5.583081784345768963e-05
5.504414997518707834e-05
5.426089855666334650e-05
5.348127645875696098e-05
5.270533242220581472e-05
5.193331873668132772e-05
5.116524305323892125e-05
5.040135658234752596e-05
4.964171514644128037e-05
4.888650544696921736e-05
4.813581950842880876e-05
4.738983427409648497e-05
4.664862838194285905e-05
4.591239874974022784e-05
4.518119990052296025e-05
4.445523786389297076e-05
4.373457880611478406e-05
4.301937569551272743e-05
4.230973052444095874e-05
4.160579339344978032e-05
4.090764711921328356e-05
4.021545650364420589e-05
3.952928432918340095e-05
3.884929144702743459e-05
3.817555115490744555e-05
3.750819912380740258e-05
3.684731727095888254e-05
3.619303228332818213e-05
3.554541620519375585e-05
3.490459774920897290e-05
3.427063809752393199e-05
3.364366037468678776e-05
3.302372429619825263e-05
3.241093710292648305e-05
3.180535943542973448e-05
3.120708849054670570e-05
3.061617654492704673e-05
3.003271601183212029e-05
2.945675025590337699e-05
2.888836410871757420e-05
2.832759467308090446e-05
2.777451323553722519e-05
2.722915374685675756e-05
2.669157719916209537e-05
2.616180635430686557e-05
2.563989526235313556e-05
2.512585965019411901e-05
2.461974443632302680e-05
2.412155542752171617e-05
2.363132308792466416e-05
2.314904779975426172e-05
2.267475180562958151e-05
2.220842522696835398e-05
2.175007772314247021e-05
2.129969266587654732e-05
2.085727092091199333e-05
2.042278369775492742e-05
1.999622022002937272e-05
1.957754202348008371e-05
1.916673380583460055e-05
1.876374618637613605e-05
1.836854829762257996e-05
1.798108831229668054e-05
1.760132290007781691e-05
1.722918939112784553e-05
1.686463576904619031e-05
1.650758597461571956e-05
1.615798921829641303e-05
1.581575986890265670e-05
1.548082860728987605e-05
1.515311205261410727e-05
1.483252734334581777e-05
1.451898364021827719e-05
1.421239231864009597e-05
1.391264554751520159e-05
1.361966426070233915e-05
1.333333227088593998e-05
1.305355203219366255e-05
1.278021445780460621e-05
1.251320715572865556e-05
1.225242017148478936e-05
1.199773832501823019e-05
1.174903275314518758e-05
1.150620686354750437e-05
1.126912463579905523e-05
1.103767241123688058e-05
1.081172623340775991e-05
1.059115735240784616e-05
1.037584938914491394e-05
1.016567394249623134e-05
9.960493940821683165e-06
9.760208518185538269e-06
9.564674414298197764e-06
9.373776218879377600e-06
9.187387466718790010e-06
9.005377423880340981e-06
8.827637423894681829e-06
8.654038256496463302e-06
8.484448261588252603e-06
8.318774488944066155e-06
8.156879874443340685e-06
7.998660213868393162e-06
7.843997770619584218e-06
7.692771738689546687e-06
7.544892881384527838e-06
7.400241992859863554e-06
7.258703857397307974e-06
7.120202727293093170e-06
6.984616660831832821e-06
6.851862447524538952e-06
6.721839073542263216e-06
6.594443366109913426e-06
6.469612328633399911e-06
6.347242984054477820e-06
6.227243919650501858e-06
6.109561098788446261e-06
5.994091196034891576e-06
5.880777262118707838e-06
5.769538738295171614e-06
5.660292290509901578e-06
5.553003456597138604e-06
5.447587807347818487e-06
5.343979447555595676e-06
5.242145390484579793e-06
5.142001604815955687e-06
5.043517217284921724e-06
4.946630472501599990e-06
4.851277202851818395e-06
4.757449192695931700e-06
4.665078556478763514e-06
4.574124046635251998e-06
4.484568560177186269e-06
4.396346472485602894e-06
4.309449187813819516e-06
4.223829756520988849e-06
4.139440186030994207e-06
4.056293387333774463e-06
3.974334231540644595e-06
3.893541794176927248e-06
3.813909500725019727e-06
3.735385752018773468e-06
3.657980687022707570e-06
3.581656618816355444e-06
3.506378038382311456e-06
3.432173256418642554e-06
3.358995299380151711e-06
3.286838272356361526e-06
3.215700700922373114e-06
3.145540083591314572e-06
3.076382329544636733e-06
3.008193677512673987e-06
2.940947373939122244e-06
2.874681574205706665e-06
2.809352507882292740e-06
2.744964957042124450e-06
2.681517899605691550e-06
2.618974446221001153e-06
2.557373706261023347e-06
2.496680434987447001e-06
2.436872660791505540e-06
2.377993863739392647e-06
2.320000647629342661e-06
2.262906396695751044e-06
2.206706364004879953e-06
2.151365221017693885e-06
2.096932898947861527e-06
2.043369637273406638e-06
1.990657082170570640e-06
1.938840084364825246e-06
1.887872172105748061e-06
1.837774246981591723e-06
1.788536527555963576e-06
1.740122799588400631e-06
1.692590768280456498e-06
1.645893721730419355e-06
1.600018298513042162e-06
1.555007625895840216e-06
1.510808733783965227e-06
1.467450549096399345e-06
1.424918616138854838e-06
1.383172629479606226e-06
1.342276274424887353e-06
1.302176578635763401e-06
1.262864732636938052e-06
1.224378676564805405e-06
1.186661120302550639e-06
1.149747636654846025e-06
1.113617765588340384e-06
1.078229161504431322e-06
1.043648065919730000e-06
1.009815224428188719e-06
9.767293011900237857e-07
9.444178876584496316e-07
9.128246389912501335e-07
8.819889707107416347e-07
8.518857151665554840e-07
8.224729747832072882e-07
7.938163814398373674e-07
7.658534581900134081e-07
7.385900597944050437e-07
7.120442400880913111e-07
6.861617559333295753e-07
6.609858842728458722e-07
6.364862507893250752e-07
6.126237008774785579e-07
5.894582282130119678e-07
5.669247980687703777e-07
5.450327722345442181e-07
5.237883069517943029e-07
5.031373200589181926e-07
4.831223030019390608e-07
4.637059455635403593e-07
4.448526955027637100e-07
4.266133033778636714e-07
4.089239443386742637e-07
3.917987382828458235e-07
3.752367890608824147e-07
3.591905191478371657e-07
3.437030726744948907e-07
3.287357985490019379e-07
3.142611186520405517e-07
3.003194917860063262e-07
2.868513411247712867e-07
2.738714180382054859e-07
2.613691046727699435e-07
2.492983930092332245e-07
2.376922011810690913e-07
