# bin_3_2
1.512468795430486988e-04
1.489338732462179766e-04
1.466353819755913425e-04
1.443514681118300612e-04
1.420828597808215159e-04
1.398297511058861522e-04
1.375927111364455406e-04
1.353720231761603224e-04
1.331682096382936185e-04
1.309815346059046417e-04
1.288125497487733453e-04
1.266614675150227066e-04
1.245288222439596847e-04
1.224148747002123234e-04
1.203200681785767301e-04
1.182446956935986237e-04
1.161891710481833975e-04
1.141537613695895294e-04
1.121388865288869112e-04
1.101447745434447025e-04
1.081718379074192486e-04
1.062203041578960768e-04
1.042905069722932537e-04
1.023826970167944034e-04
1.004971829819589952e-04
9.863417648250806904e-05
9.679398358154100914e-05
9.497677717561606484e-05
9.318283870393285887e-05
9.141233218323314849e-05
8.966548748419937264e-05
8.794245878374313890e-05
8.624344317901878638e-05
8.456856103875356188e-05
8.291798991056751765e-05
8.129181998163503267e-05
7.969020038319592127e-05
7.811319351292724238e-05
7.656090338261671764e-05
7.503337245834815130e-05
7.353067228723080429e-05
7.205280822282012550e-05
7.059981924941073498e-05
6.917168561546062377e-05
6.776841496302586079e-05
6.638995077011338678e-05
6.503625900404969896e-05
6.370725632912206356e-05
6.240288454825594752e-05
6.112302040231589503e-05
5.986756305320429562e-05
5.863637735607639845e-05
5.742932945110542281e-05
5.624624329346850462e-05
5.508695034010785809e-05
5.395123991492737400e-05
5.283893633561862976e-05
5.174979363467425010e-05
5.068358113491696476e-05
4.964005836892807102e-05
4.861895983032299743e-05
4.762000800976194968e-05
4.664291908287161536e-05
4.568737068426591394e-05
4.475309588561767968e-05
4.383974331121697832e-05
4.294698667938833100e-05
4.207450305289259289e-05
4.122192661450548658e-05
4.038891170025645465e-05
3.957509110444327083e-05
3.878006736424396213e-05
3.800351885833960265e-05
3.724502836051393593e-05
3.650421571572715638e-05
3.578071223234864618e-05
3.507409804459438532e-05
3.438400219597204338e-05
3.371001620397629227e-05
3.305171314033811573e-05
3.240876044436826083e-05
3.178071894256980157e-05
3.116720386303285437e-05
3.056784045356001912e-05
2.998220310231039976e-05
2.940994028111791308e-05
2.885064608676843936e-05
2.830390955906192469e-05
2.776942855030126511e-05
2.724678361713840172e-05
2.673562646237581745e-05
2.623561284173530454e-05
2.574635083317936213e-05
2.526754706055091271e-05
2.479883274107634703e-05
2.433984718895703029e-05
2.389034899837622563e-05
2.344996693138573409e-05
2.301841805957813820e-05
2.259541229091308967e-05
2.218061752088398719e-05
2.177382340237543019e-05
2.137471569650438934e-05
2.098300270776068754e-05
2.059851798209354253e-05
2.022095391057635925e-05
1.985010756243962198e-05
1.948575049363085462e-05
1.912761861681767502e-05
1.877559310318936304e-05
1.842941818739509863e-05
1.808887642930585564e-05
1.775387566342931091e-05
1.742417005208084693e-05
1.709963755882090602e-05
1.678010826883745342e-05
1.646538052523140720e-05
1.615542098310530306e-05
1.585002404905243152e-05
1.554904383153607358e-05
1.525245079374206755e-05
1.496004662165597402e-05
1.467178373391202159e-05
1.438754045172392622e-05
1.410716272785116499e-05
1.383069032757225773e-05
1.355795640256030856e-05
1.328887494497728936e-05
1.302346015848716127e-05
1.276154894846627705e-05
1.250315388443830228e-05
1.224818401739392690e-05
1.199651926655060746e-05
1.174825549416280179e-05
1.150324918195675572e-05
1.126146422385582093e-05
1.102293472740671497e-05
1.078752522016714084e-05
1.055529183799427470e-05
1.032615805764308025e-05
1.010002556134929494e-05
9.877028095314524086e-06
9.657031861932796190e-06
9.440036876915273073e-06
9.226079947658212210e-06
9.015040383773425503e-06
8.807008954662519311e-06
8.601908039768286633e-06
8.399652083665036222e-06
8.200397545879726055e-06
8.004009109429373548e-06
7.810510315858418183e-06
7.619928057902875407e-06
7.432145464098307623e-06
7.247284840046374323e-06
7.065255997664351104e-06
6.885980665240767706e-06
6.709626234936833024e-06
6.536046539595067880e-06
6.365282617121590530e-06
6.197343725265584691e-06
6.032113201477620861e-06
5.869743775321414248e-06
5.710122591649397366e-06
5.553173848751217047e-06
5.399067789114284701e-06
5.247646154385210978e-06
5.098969179068325824e-06
4.953022532845110021e-06
4.809683616458576597e-06
4.669132892744977544e-06
4.531232469174703788e-06
4.395913266534633825e-06
4.263340247455335585e-06
4.133338439341714354e-06
4.005989526743205946e-06
3.881258051378408566e-06
3.759013658651042781e-06
3.639455754321074042e-06
3.522419575100156463e-06
3.407853272419962241e-06
3.295908376462249982e-06
3.186387954865436250e-06
3.079398208479402401e-06
2.974888266962586547e-06
2.872714539490939397e-06
2.773087086258001712e-06
2.675822043175741854e-06
2.580885531104362360e-06
2.488403778477390854e-06
2.398171677636671715e-06
2.310311383485298667e-06
2.224754583267977893e-06
2.141356414961762733e-06
2.060321093326927358e-06
1.981450178309631950e-06
1.904736646842483432e-06
1.830263715262954028e-06
1.757841046855280460e-06
1.687591130653614200e-06
1.619435710320265755e-06
1.553241411556213913e-06
1.489193627688591554e-06
1.427097256505009367e-06
1.366970120594475280e-06
1.308861662446636161e-06
1.252606851162041271e-06
1.198327237102264028e-06
1.145938937707478351e-06
1.095330196849780482e-06
1.046649079483780022e-06
9.997050201249567725e-07
9.545131441794815815e-07
9.110690962924271876e-07
8.692037826695608396e-07
8.289908535923136073e-07
7.903055431903908442e-07
7.530245353078336789e-07
7.172194229196741029e-07
6.826921388194363033e-07
6.494377089317122815e-07
6.174121843268516467e-07
5.864670405858380487e-07
5.566555508113761562e-07
5.278684953670462905e-07
5.000298340857519131e-07
4.731991329943046104e-07
4.472466711972329773e-07
4.222071182784742521e-07
3.980693249465157492e-07
3.747593854998810942e-07
3.523468593790968382e-07
