# bin_4_2
1.673535641391981602e-04
1.647613730934627306e-04
1.621863877745437124e-04
1.596286997031524707e-04
1.570891010969159812e-04
1.545678187404591773e-04
1.520654776907882130e-04
1.495823953429211252e-04
1.471191444620970144e-04
1.446760219981149675e-04
1.422536261526528476e-04
1.398522000510188433e-04
1.374723202720866844e-04
1.351142767951629426e-04
1.327785497113950644e-04
1.304654590823662436e-04
1.281754507417367530e-04
1.259088155507425680e-04
1.236660016143112286e-04
1.214472573344787631e-04
1.192530192071008399e-04
1.170835316077430593e-04
1.149391467205958288e-04
1.128201285645350426e-04
1.107267993062284201e-04
1.086593791648651861e-04
1.066181834401297326e-04
1.046033899577643772e-04
1.026152848232751464e-04
1.006540322038032114e-04
9.871986118363354783e-05
9.681292207705364822e-05
9.493340656807307937e-05
9.308142591820577289e-05
9.125714731727687767e-05
8.946064889566339906e-05
8.769206476223756486e-05
8.595143944494545692e-05
8.423885673204385780e-05
8.255433675363987563e-05
8.089792746944775401e-05
7.926960644201248212e-05
7.766938277135663463e-05
7.609720797007772327e-05
7.455305529533333756e-05
7.303683336857279588e-05
7.154847013150135589e-05
7.008784227805811269e-05
6.865485309442295411e-05
6.724933477910273417e-05
6.587114017285543961e-05
6.452009208471765761e-05
6.319600605507340373e-05
6.189865850863401073e-05
6.062782903926146295e-05
5.938325340931022937e-05
5.816470746149697167e-05
5.697188822842191901e-05
5.580450805769956519e-05
5.466227586263026450e-05
5.354486472011682144e-05
5.245194302636361860e-05
5.138316714506206565e-05
5.033815381988725234e-05
4.931658409422785935e-05
4.831804375730320130e-05
4.734214621792610825e-05
4.638851557490570243e-05
4.545672114181152873e-05
4.454636367043232712e-05
4.365701512974040920e-05
4.278821712758086609e-05
4.193959937525520412e-05
4.111068306125297017e-05
4.030103183365121313e-05
3.951022770576471824e-05
3.873778991267165495e-05
3.798330077899197580e-05
3.724629620387804387e-05
3.652629469598555283e-05
3.582292405810851796e-05
3.513569054004446555e-05
3.446416296968569362e-05
3.380792562194311020e-05
3.316650114653317392e-05
3.253950288190981470e-05
3.192647861182053060e-05
3.132697339043798667e-05
3.074065780013329302e-05
3.016706808872683372e-05
2.960582219799778734e-05
2.905654543394408463e-05
2.851880547692118515e-05
2.799228771978349328e-05
2.747658762880940444e-05
2.697131244993374049e-05
2.647620645192476821e-05
2.599086469457488431e-05
2.551498328037526354e-05
2.504825185668257834e-05
2.459030905971230113e-05
2.414093702471976796e-05
2.369979497293690700e-05
2.326656992470023440e-05
2.284109241502232086e-05
2.242303023157200849e-05
2.201217092408093475e-05
2.160827358833403906e-05
2.121105381644427244e-05
2.082039706618261428e-05
2.043602772448215304e-05
2.005771568634935088e-05
1.968537424377178114e-05
1.931873915682575331e-05
1.895768797261018705e-05
1.860204347718600928e-05
1.825158959045016711e-05
1.790630628196403213e-05
1.756597172412947106e-05
1.723043404709709853e-05
1.689967443933437926e-05
1.657347892918107862e-05
1.625180660369335693e-05
1.593453117332750780e-05
1.562148696467710712e-05
1.531273355436431428e-05
1.500808921569389858e-05
1.470746647285668122e-05
1.441089239467868737e-05
1.411818897824975045e-05
1.382938035850161482e-05
1.354437113668467768e-05
1.326303046495762525e-05
1.298547817068242207e-05
1.271155515945767144e-05
1.244122732044669849e-05
1.217454056471139020e-05
1.191134474255935396e-05
1.165171054564747050e-05
1.139555542408028928e-05
1.114277007818794343e-05
1.089351429947458352e-05
1.064763678484461461e-05
1.040514180700928205e-05
1.016607519263371592e-05
9.930300816508641615e-06
9.697926516186218480e-06
9.468865746090546266e-06
9.243021427714023542e-06
9.020576727649827205e-06
8.801376319167850050e-06
8.585449483664476202e-06
8.372828588015722261e-06
8.163380054226385983e-06
7.957246158327779475e-06
7.754324271759603136e-06
7.554524375278936692e-06
7.358040251391869741e-06
7.164702976300901661e-06
6.974560868044352370e-06
6.787624907282275278e-06
6.603760798945567103e-06
6.423144325494735984e-06
6.245646152720701891e-06
6.071178738873777325e-06
5.899937626884534431e-06
5.731739731961209523e-06
5.566654820205365264e-06
5.404666432695448245e-06
5.245633268185933253e-06
5.089761411098160795e-06
4.936892840298765862e-06
4.786947918808665993e-06
4.640114706778505899e-06
4.496191390266880324e-06
4.355271624910729848e-06
4.217314749220387257e-06
4.082170940152848472e-06
3.950066081036267176e-06
3.820812013450847867e-06
3.694349083901447825e-06
3.570848474869845291e-06
3.450084498548793598e-06
3.332177596707693577e-06
3.217069689183433592e-06
3.104596833551682875e-06
2.994994775814854923e-06
2.888054777376625253e-06
2.783738045225602957e-06
2.682185759692108960e-06
2.583165217925759183e-06
2.486813828516165607e-06
2.393054936808644160e-06
2.301725423057884033e-06
2.213052734044113792e-06
2.126813933156762238e-06
2.043000859385606676e-06
1.961704484454252292e-06
1.882709729961330539e-06
1.806150084293970987e-06
1.731935517606414048e-06
1.659913957641585000e-06
1.590285737984832584e-06
1.522830893870552506e-06
1.457566929888625043e-06
1.394545834640309454e-06
1.333583973150573467e-06
1.274813449170330738e-06
1.218141227054483043e-06
1.163442605813500204e-06
1.110874551472027465e-06
1.060223203080133366e-06
1.011499104486852201e-06
9.646895325522550931e-07
9.196026830992080399e-07
8.763099046943167309e-07
8.346699206800486304e-07
7.945443887565730599e-07
7.560048398544109456e-07
7.188352614003582866e-07
6.830295551819522288e-07
6.485402864109319341e-07
6.152097909245662078e-07
5.830955384795026918e-07
5.520848086378754474e-07
5.221008997769361288e-07
4.932087707390073868e-07
4.652754555973612230e-07
4.383417491519399078e-07
4.123995805598255935e-07
3.873749721221797816e-07
3.633409809411426267e-07
