# bin_2_2
1.209373230505226095e-04
1.191639865009855119e-04
1.173998246732412540e-04
1.156448325077142611e-04
1.138996144386325571e-04
1.121642920242463427e-04
1.104393241830398733e-04
1.087249199808196042e-04
1.070215022462960974e-04
1.053292627558968954e-04
1.036486617812313850e-04
1.019798429242111645e-04
1.003232574421209471e-04
9.867910109720658314e-05
9.704774344741930311e-05
9.542941780852249060e-05
9.382447354986582586e-05
9.223312433944537913e-05
9.065573375303217542e-05
8.909248284262022270e-05
8.754373649622317825e-05
8.600968269946677872e-05
8.449061738689524160e-05
8.298675988269643353e-05
8.149839155359899022e-05
8.002570195045873090e-05
7.856897895310038403e-05
7.712838130613661940e-05
7.570418184178376959e-05
7.429654068452646979e-05
7.290569029517423281e-05
7.153178972052720271e-05
7.017504862144511148e-05
6.883560324087566889e-05
6.751365366625465775e-05
6.620931323161911169e-05
6.492276322552990831e-05
6.365410111833577503e-05
6.240347471654754407e-05
6.117097063408001340e-05
5.995671207180370893e-05
5.876076056821222411e-05
5.758321918633175091e-05
5.642412830844915922e-05
5.528356914412290899e-05
5.416155812094063652e-05
5.305814371088783432e-05
5.197332597691632985e-05
5.090713163570931017e-05
4.985953097255580460e-05
4.883052379444801944e-05
4.782006532942235911e-05
4.682813124445357094e-05
4.585464743577004690e-05
4.489955840457974222e-05
4.396276762868905810e-05
4.304420677031396811e-05
4.214375138572325999e-05
4.126129503233946430e-05
4.039670711684477118e-05
3.954985532372743654e-05
3.872057914681277074e-05
3.790872516660403541e-05
3.711410140056482202e-05
3.633655635608178867e-05
3.557587286923978901e-05
3.483185606032206187e-05
3.410429791673770408e-05
3.339297253908381295e-05
3.269765004593038892e-05
3.201809474929445367e-05
3.135403878309714088e-05
3.070526775600142396e-05
3.007149462427053806e-05
2.945246027512986081e-05
2.884790147558399017e-05
2.825752759028476782e-05
2.768106715712000186e-05
2.711822958660815801e-05
2.656870162715167937e-05
2.603223648331398396e-05
2.550850758455325333e-05
2.499722776246656253e-05
2.449810726899990780e-05
2.401082721771265592e-05
2.353510851192460194e-05
2.307064011280582358e-05
2.261709942985491056e-05
2.217424110674988595e-05
2.174173348573212356e-05
2.131929636129934228e-05
2.090664525166771248e-05
2.050346802314287838e-05
2.010951216775860959e-05
1.972447855845584956e-05
1.934806728035667900e-05
1.898006421000447165e-05
1.862016113604500592e-05
1.826811424674014233e-05
1.792366965854174773e-05
1.758654959204146692e-05
1.725655464178891990e-05
1.693341885786495241e-05
1.661688736706045159e-05
1.630679615445354094e-05
1.600288027831971974e-05
1.570495124615623009e-05
1.541279952566291416e-05
1.512619584014681057e-05
1.484500780557085066e-05
1.456901326811191088e-05
1.429801344993627308e-05
1.403190102119946235e-05
1.377045972187126700e-05
1.351356346232175934e-05
1.326105054815383362e-05
1.301274207678700256e-05
1.276857337209550677e-05
1.252836502241673147e-05
1.229197687824021218e-05
1.205935393137271225e-05
1.183032229740388896e-05
1.160481691429192185e-05
1.138271952665514460e-05
1.116389379116409314e-05
1.094833618599988696e-05
1.073590396718448767e-05
1.052650887188222931e-05
1.032013628205036690e-05
1.011664683194551661e-05
9.916027070155212600e-06
9.718190204621183486e-06
9.523033015543796992e-06
9.330601066047029308e-06
9.140777184687129260e-06
8.953517484608165651e-06
8.768830241831989343e-06
8.586604467567961305e-06
8.406865601407519385e-06
8.229545560447609304e-06
8.054564588302739537e-06
7.882003099725522262e-06
7.711758655859482698e-06
7.543820477587525074e-06
7.378206019413621285e-06
7.214821960492931648e-06
7.053724476284401654e-06
6.894851372460478493e-06
6.738137979403240766e-06
6.583686963302680866e-06
6.431400496949817911e-06
6.281289600747792738e-06
6.133369628989394572e-06
5.987554731890081987e-06
5.843927435724406888e-06
5.702420833479982551e-06
5.562978956846044711e-06
5.425716235062494213e-06
5.290530297411909263e-06
5.157447154958971430e-06
5.026472240425132781e-06
4.897522462743245650e-06
4.770704422959056512e-06
4.645937084390691525e-06
4.523167502370186658e-06
4.402514732681474706e-06
4.283869016135990314e-06
4.167270958074954581e-06
4.052709957472516252e-06
3.940099600506587545e-06
3.829568327596920766e-06
3.721017583578114357e-06
3.614398904443012539e-06
3.509829725434015432e-06
3.407188097674828698e-06
3.306530601085005221e-06
3.207831386713273472e-06
3.110998228995009473e-06
3.016176042600074710e-06
2.923246223692269742e-06
2.832171928636280126e-06
2.743063540829339200e-06
2.655781578550685694e-06
2.570402031403237072e-06
2.486887540041291559e-06
2.405134854590779722e-06
2.325300910747715914e-06
2.247251460073679331e-06
2.170961985830002192e-06
2.096527520065307984e-06
2.023799222020477803e-06
1.952868020309072165e-06
1.883682927177696786e-06
1.816137077344050801e-06
1.750388566899780473e-06
1.686289288735720065e-06
1.623834255953335667e-06
1.563089329759262815e-06
1.503911533427590411e-06
1.446396077791116377e-06
1.390481996401327581e-06
1.336066429214592927e-06
1.283297765757144437e-06
1.232024217511063987e-06
1.182258515390592157e-06
1.134040979623673496e-06
1.087241319699084462e-06
1.041958751204538250e-06
9.981266632354657062e-07
9.556586010793518231e-07
9.146860225322531794e-07
8.750649879635005468e-07
8.368212496563788303e-07
7.999703854348957289e-07
7.643929159726144396e-07
7.301753165405234279e-07
6.972340115233484073e-07
6.654851981087046185e-07
6.350131017347673516e-07
6.056639264504176966e-07
5.774434055604426099e-07
5.503203173771290904e-07
5.241658234744100279e-07
4.990269642230047043e-07
4.747978601452684890e-07
4.513984380792862317e-07
4.288740463856471270e-07
4.070926490483596009e-07
3.860706435254610366e-07
3.657841172665994801e-07
3.461519927273589831e-07
3.272349056591480209e-07
