# bin_3_3
2.293439808295350934e-04
2.256524749844578668e-04
2.219897323167557845e-04
2.183559523225783727e-04
2.147521779651519940e-04
2.111787459176895840e-04
2.076364957774165456e-04
2.041258687913633288e-04
2.006476307589550819e-04
1.972021817685070115e-04
1.937902935295333071e-04
1.904123180256273636e-04
1.870689848833802867e-04
1.837606686110499507e-04
1.804879837375108391e-04
1.772513383264873101e-04
1.740512796621866828e-04
1.708881629795615221e-04
1.677625442620531073e-04
1.646747193516874725e-04
1.616251679609541304e-04
1.586141824517876017e-04
1.556421833493310230e-04
1.527094377630242397e-04
1.498162956605600979e-04
1.469629775054428751e-04
1.441497995657499995e-04
1.413769279049581886e-04
1.386446376660498689e-04
1.359530494129304167e-04
1.333023631073183748e-04
1.306926744202419445e-04
1.281241161134084882e-04
1.255967271835648641e-04
1.231105981836851267e-04
1.206657164260979551e-04
1.182621230237826084e-04
1.158997461953480070e-04
1.135785559571172868e-04
1.112984417082342291e-04
1.090593190091180317e-04
1.068610164580879635e-04
1.047033868621680499e-04
1.025862295817777254e-04
1.005093470085331779e-04
9.847246969642052615e-05
9.647534635342339972e-05
9.451765252946466933e-05
9.259911193776804075e-05
9.071934874541549073e-05
8.887800005034897854e-05
8.707469504066464366e-05
8.530901844392084867e-05
8.358053240122916450e-05
8.188878963919913364e-05
8.023328579368140684e-05
7.861359027749440550e-05
7.702914922195259497e-05
7.547943683225907265e-05
7.396394489447632526e-05
7.248209100014895974e-05
7.103331831469534446e-05
6.961703986264709950e-05
6.823262102233195456e-05
6.687953809274361562e-05
6.555712293991766855e-05
6.426475141528607913e-05
6.300184015479857102e-05
6.176770571555778935e-05
6.056174389675163743e-05
5.938329404889701793e-05
5.823166436726014519e-05
5.710630808260050591e-05
5.600651220426540304e-05
5.493163530538765633e-05
5.388108017529140859e-05
5.285414252655596583e-05
5.185023900139982059e-05
5.086870608137457664e-05
4.990886493264771112e-05
4.897021334542926149e-05
4.805206068324546342e-05
4.715381747909043632e-05
4.627492992423741091e-05
4.541473945520447500e-05
4.457274593754541493e-05
4.374833884754752978e-05
4.294091128743751786e-05
4.215005585105825628e-05
4.137515409621847457e-05
4.061571710942986487e-05
3.987127338283215816e-05
3.914125361381247669e-05
3.842528383212905665e-05
3.772284045951853856e-05
3.703342332383085991e-05
3.635674629368539415e-05
3.569228820225696418e-05
3.503968422899457686e-05
3.439856220319934395e-05
3.376846246124441518e-05
3.314915700690223438e-05
3.254021563441108746e-05
3.194125470134566501e-05
3.135211256075557784e-05
3.077236987076299425e-05
3.020179202209221595e-05
2.964010022296457522e-05
2.908693964837822982e-05
2.854222667466217654e-05
2.800561536662458690e-05
2.747683215835236407e-05
2.695582531175331757e-05
2.644226107523336394e-05
2.593602490487244232e-05
2.543691515354461820e-05
2.494466257747579227e-05
2.445930867182046192e-05
2.398056875273687688e-05
2.350826922179101859e-05
2.304244132764756041e-05
2.258280688665095478e-05
2.212935654566389814e-05
2.168194523120116625e-05
2.124035998665341844e-05
2.080474435972363859e-05
2.037485438784589811e-05
1.995059490143031314e-05
1.953204792002630685e-05
1.911896985478500594e-05
1.871143332929651172e-05
1.830932113471560476e-05
1.791245483918226561e-05
1.752105269754284614e-05
1.713488665790747746e-05
1.675392664955990764e-05
1.637826583612126855e-05
1.600768676339607135e-05
1.564231883010823985e-05
1.528204864485360447e-05
1.492671609535375590e-05
1.457658632065561520e-05
1.423142891485343427e-05
1.389126050472094211e-05
1.355616132731745685e-05
1.322592406065809834e-05
1.290072579710729396e-05
1.258043709365309084e-05
1.226490779956383437e-05
1.195442975221417629e-05
1.164875829079971543e-05
1.134794258852380446e-05
1.105203544715785196e-05
1.076082772154333652e-05
1.047454434150335871e-05
1.019302625336108666e-05
9.916130701319809257e-06
9.644159707380131001e-06
9.376844707613338486e-06
9.114262418946030735e-06
8.856430033525769890e-06
8.603135160986854701e-06
8.354649907696889903e-06
8.110773442858403020e-06
7.871367435728268195e-06
7.636731358273731100e-06
7.406575089325391206e-06
7.181007529325699456e-06
6.960003380861824094e-06
6.743339909379636056e-06
6.531328824488868450e-06
6.323726732930066844e-06
6.120409562296064746e-06
5.921658471948799939e-06
5.727157569728275238e-06
5.537049113600732130e-06
5.351270984423278143e-06
5.169590013707465322e-06
4.992337656747625004e-06
4.819228400038900896e-06
4.650170177876777875e-06
4.485410066365189953e-06
4.324603155576363327e-06
4.167925259926188792e-06
4.015288621316162279e-06
3.866444900236585386e-06
3.721727601861100835e-06
3.580827206038217167e-06
3.443684555601960206e-06
3.310494438086665709e-06
3.180913181689564617e-06
3.055132908602600972e-06
2.933041832706425305e-06
2.814402390043491849e-06
2.699524408503717548e-06
2.588090061543981174e-06
2.480089479861663997e-06
2.375645636163470708e-06
2.274462683377737563e-06
2.176728760157609100e-06
2.082331362389877834e-06
1.991071231525075532e-06
1.903217791720967868e-06
1.818472160350474127e-06
1.736850717244422896e-06
1.658396136785607428e-06
1.582828103173700087e-06
1.510264585328938821e-06
1.440520672150365540e-06
1.373358885707887552e-06
1.308893944633583109e-06
1.246770812531250244e-06
1.186935181519868432e-06
1.129311464029796722e-06
1.073620125139069500e-06
1.019925266632993367e-06
9.680528779311489803e-07
9.178498533554688372e-07
8.694268803315996166e-07
8.225628583946652803e-07
7.773024759117038435e-07
7.336415948620496325e-07
6.914498153049773145e-07
6.508402759390843206e-07
6.117309891953629348e-07
5.740757762179156829e-07
5.379734471840012875e-07
5.032949494659239274e-07
4.700967503291780439e-07
4.383700140637214665e-07
4.080315894010513353e-07
3.791451552867289685e-07
