# bin_4_4
2.998257278432043637e-04
2.948058455435755118e-04
2.898336886996857420e-04
2.849095110435539025e-04
2.800345740559014160e-04
2.752092753807394254e-04
2.704346407539768475e-04
2.657111547899234098e-04
2.610397128176949176e-04
2.564207537756535904e-04
2.518551548914880296e-04
2.473432789474008429e-04
2.428859102866411795e-04
2.384834299213428566e-04
2.341364776207190937e-04
2.298454248294859675e-04
2.256108204734150148e-04
2.214329785353150908e-04
2.173123763999377166e-04
2.132492330181396864e-04
2.092439920608610477e-04
2.052968272621311606e-04
2.014080410877954722e-04
1.975777785207906629e-04
1.938062445242563195e-04
1.900934927742464135e-04
1.864396767176452129e-04
1.828447742848622864e-04
1.793088611730015737e-04
1.758318514359045732e-04
1.724137112303554575e-04
1.690542994694517844e-04
1.657535081221470975e-04
1.625111058354161990e-04
1.593269061753590599e-04
1.562006349361084935e-04
1.531320292181980347e-04
1.501207250731152970e-04
1.471663765294413948e-04
1.442685479406075413e-04
1.414268482422288145e-04
1.386407593866415011e-04
1.359097834598341475e-04
1.332334071266326621e-04
1.306110612165998098e-04
1.280421364887378245e-04
1.255260136107213458e-04
1.230620045321454737e-04
1.206494987489421870e-04
1.182877391773618034e-04
1.159759864864052181e-04
1.137135453705667004e-04
1.114996109463213899e-04
1.093334047204809023e-04
1.072141133473156579e-04
1.051408620498947647e-04
1.031129103604983276e-04
1.011293356305319934e-04
9.918925520189764784e-05
9.729187170642274380e-05
9.543623168601321483e-05
9.362148561648840433e-05
9.184671427454021823e-05
9.011095646687903584e-05
8.841343642030704685e-05
8.675316267393518217e-05
8.512921621250152024e-05
8.354078364174336382e-05
8.198686698750588700e-05
8.046664252064398789e-05
7.897918184195400117e-05
7.752353039460813978e-05
7.609897346471756953e-05
7.470454152559085714e-05
7.333938025663979863e-05
7.200273278883599192e-05
7.069365419854858651e-05
6.941142605552211048e-05
6.815518757374692703e-05
6.692407196731387463e-05
6.571749414537906924e-05
6.453457664480630250e-05
6.337460058245900237e-05
6.223691964998018396e-05
6.112070659288466423e-05
6.002540687359192895e-05
5.895027598772744606e-05
5.789458678219736054e-05
5.685792409571892655e-05
5.583954160091334011e-05
5.483889152901161822e-05
5.385546318127398699e-05
5.288857488007786686e-05
5.193786893768715193e-05
5.100273274638012340e-05
5.008259912823028278e-05
4.917723134597190039e-05
4.828602018786964397e-05
4.740859476771337597e-05
4.654457746949529763e-05
4.569343573837134699e-05
4.485501355540258558e-05
4.402881624477648719e-05
4.321442712217652495e-05
4.241177161916729482e-05
4.162036457663117073e-05
4.084000356020061858e-05
4.007041711853680769e-05
3.931119914012807018e-05
3.856237867265788796e-05
3.782355177865920175e-05
3.709443181364633041e-05
3.637507377817763513e-05
3.566508265872162176e-05
3.496440179498961286e-05
3.427283632105842647e-05
3.359007044884624183e-05
3.291628606007773993e-05
3.225113173163754080e-05
3.159443353001637964e-05
3.094633461296657158e-05
3.030648344830718874e-05
2.967494845964631237e-05
2.905158176050613239e-05
2.843611542176423493e-05
2.782885148574738095e-05
2.722946284074148821e-05
2.663786082269086540e-05
2.605423106954247916e-05
2.547823984846296532e-05
2.491005148969026520e-05
2.434952788030125901e-05
2.379642294333831812e-05
2.325112291604614439e-05
2.271329491346194164e-05
2.218292365516805195e-05
2.166018442929906521e-05
2.114475857099185508e-05
2.063687676148846063e-05
2.013638536897041631e-05
1.964304661520864287e-05
1.915729780379171420e-05
1.867878409545561670e-05
1.820754766494576634e-05
1.774372754729758398e-05
1.728700751832060387e-05
1.683767926785886433e-05
1.639555356633650554e-05
1.596039896853924592e-05
1.553267799014828281e-05
1.511200560671170981e-05
1.469846740456872237e-05
1.429215142571634975e-05
1.389273328688014413e-05
1.350056698458202223e-05
1.311541376090763538e-05
1.273705191821077045e-05
1.236594514110221041e-05
1.200167193763353571e-05
1.164435696192732987e-05
1.129402923576060261e-05
1.095035877587787963e-05
1.061375572576945927e-05
1.028391883967579948e-05
9.960636380881543841e-06
9.644350457505896889e-06
9.334611278554821824e-06
9.031585439592781895e-06
8.735235484316904880e-06
8.445220085714194423e-06
8.161986468112145883e-06
7.885174871834181254e-06
7.614599683531910142e-06
7.350655815349272452e-06
7.092866528016414668e-06
6.841435979853929927e-06
6.596271608616185322e-06
6.357026080818481190e-06
6.124149611738667809e-06
5.897231880814713211e-06
5.676137233727322229e-06
5.461191638096039839e-06
5.251896862465966704e-06
5.048488426704680775e-06
4.850839073513138453e-06
4.658596082568718819e-06
4.472187151407332018e-06
4.291186057884800687e-06
4.115509521401086982e-06
3.945400202565332708e-06
3.780394778969516618e-06
3.620744150318090704e-06
3.466310338911041721e-06
3.316794054259585507e-06
3.172591445466731363e-06
3.033311122856186556e-06
2.898958884770390059e-06
2.769684392372722932e-06
2.645106215871234883e-06
2.525417324402261186e-06
2.410419503732606794e-06
2.299774592580787345e-06
2.193667357402228759e-06
2.091590561891103622e-06
1.993410676168421938e-06
1.899015204168945632e-06
1.807940691951629228e-06
1.720206827873957319e-06
1.635534919644415451e-06
1.553626255516800732e-06
1.474601295537773352e-06
1.398102617396666240e-06
1.324136658293254821e-06
1.252691373144587922e-06
1.183549971476948034e-06
1.116850026195431717e-06
1.052486897064222981e-06
9.903685505344620414e-07
9.306447603237088702e-07
8.731312292368021906e-07
8.179025293525924996e-07
7.649654201369666133e-07
7.142012383214765523e-07
6.657023389562062259e-07
6.193897868840073722e-07
5.752081762303925658e-07
5.332043132768007439e-07
4.932396354125939715e-07
4.553384662063586073e-07
4.194623379641823477e-07
3.855096452231361111e-07
3.534707622959663475e-07
