# bin_4_2
2.957632843650510722e-05
2.965602837075152713e-05
2.973161308510627977e-05
2.980270154368528640e-05
2.986949686281956272e-05
2.993173354377215724e-05
2.998948370433553086e-05
3.004257373358269138e-05
3.009104120880660402e-05
3.013471007618825413e-05
3.017365603572870871e-05
3.020766859624418230e-05
3.023682892018184337e-05
3.026098033302778031e-05
3.028013969680257218e-05
3.029419876842727664e-05
3.030316337406481681e-05
3.030692291923130110e-05
3.030550855863599100e-05
3.029879436734397830e-05
3.028682762169309614e-05
3.026949967746393353e-05
3.024681165874653542e-05
3.021870055790917663e-05
3.018516533221084967e-05
3.014613383995647439e-05
3.010162867667779256e-05
3.005156918416973058e-05
2.999598456819286725e-05
2.993481083168030986e-05
2.986805884594437234e-05
2.979568670010736953e-05
2.971770510593713552e-05
2.963407273729977285e-05
2.954481563720227940e-05
2.944990060528146763e-05
2.934936203837313696e-05
2.924317219674268204e-05
2.913135894655779939e-05
2.901391356965620207e-05
2.889087220740422138e-05
2.876222696593226476e-05
2.862801986195637655e-05
2.848826330488475421e-05
2.834300739605284520e-05
2.819226416909934954e-05
2.803608446580074836e-05
2.787449516816511885e-05
2.770757016254684238e-05
2.753533427121663963e-05
2.735785651570508395e-05
2.717520249806761677e-05
2.698744528661697743e-05
2.679464678849657219e-05
2.659689073877328212e-05
2.639424165689793113e-05
2.618682840602783654e-05
2.597471429608649125e-05
2.575800288715876331e-05
2.553681876766411874e-05
2.531126081201617490e-05
2.508145055779067775e-05
2.484750847986204794e-05
2.460953913292836557e-05
2.436773193297974593e-05
2.412218423443728354e-05
2.387304660692748820e-05
2.362049400456027175e-05
2.336465242264012195e-05
2.310570252265734686e-05
2.284379697656683844e-05
2.257907608979768600e-05
2.231178445784895681e-05
2.204204751764767732e-05
2.177005419081273256e-05
2.149601787149176089e-05
2.122008203007016541e-05
2.094247413187389585e-05
2.066336241957833500e-05
2.038290684695721983e-05
2.010138889542878205e-05
1.981894147074046770e-05
1.953577715392643618e-05
1.925211592250585890e-05
1.896810399075075918e-05
1.868399030506846573e-05
1.839993149393036786e-05
1.811608756473632263e-05
1.783274442607374053e-05
1.755001769491581427e-05
1.726811649489195090e-05
1.698723640130387220e-05
1.670750116432735124e-05
1.642915596450107092e-05
1.615231921062227396e-05
1.587712313767422845e-05
1.560383212221224343e-05
1.533251603881628406e-05
1.506335657009913024e-05
1.479650090895230054e-05
1.453202741154808745e-05
1.427016128595845106e-05
1.401095755207691096e-05
1.375450227527572540e-05
1.350101813235000515e-05
1.325051486818912950e-05
1.300313561041453905e-05
1.275896029960322746e-05
1.251801234237737047e-05
1.228048713894318318e-05
1.204636654710525260e-05
1.181568792896202662e-05
1.158862110128038536e-05
1.136511165497557609e-05
1.114526417450154822e-05
1.092909044995522243e-05
1.071655817143480998e-05
1.050783293828626522e-05
1.030282625350191965e-05
1.010153685334257690e-05
9.904083760346022412e-06
9.710349761019011232e-06
9.520413939400850081e-06
9.334230759613461719e-06
9.151717327342356152e-06
8.973020220813745796e-06
8.797994057382221310e-06
8.626612859679094134e-06
8.458949961946722680e-06
8.294842272443863691e-06
8.134355545464440435e-06
7.977397040867014786e-06
7.823850400723892387e-06
7.673852733846709252e-06
7.527217159310225602e-06
7.383912905871457412e-06
7.243970345579046032e-06
7.107205904497116580e-06
6.973681038505658203e-06
6.843269203330151811e-06
6.715837023014620930e-06
6.591520101354304016e-06
6.470105342066071326e-06
6.351569495482488898e-06
6.235909311589368365e-06
6.122935026026372440e-06
6.012719572026996952e-06
5.905111126502536525e-06
5.799974714431099875e-06
5.697450216104328959e-06
5.597310111311629891e-06
5.499545831078807469e-06
5.404128842724568791e-06
5.310872354372704375e-06
5.219876332817943191e-06
5.130969095357291943e-06
5.044024893479426465e-06
4.959190426267751022e-06
4.876229596707276958e-06
4.795155691665278045e-06
4.715921100470343756e-06
4.638350492538042009e-06
4.562580822308964844e-06
4.488419741174813644e-06
4.415754872756861972e-06
4.344741050836360044e-06
4.275141286079723586e-06
4.206999978978938256e-06
4.140250965221879314e-06
4.074728944741153928e-06
4.010611466195042110e-06
3.947688718621068554e-06
3.885870465835020584e-06
3.825315087246105234e-06
3.765783104980356911e-06
3.707356909459654853e-06
3.649958095847699482e-06
3.593430146223116165e-06
3.537983964170269405e-06
3.483393749232371267e-06
3.429605051297467764e-06
3.376771894679737074e-06
3.324647903524005629e-06
3.273359170686459413e-06
3.222822631341296591e-06
3.172883992518736631e-06
3.123779355502003632e-06
3.075277643747898666e-06
3.027360447199224907e-06
2.980164825443811018e-06
2.933454499319643726e-06
2.887387304009811802e-06
2.841874469967647773e-06
2.796777179444884115e-06
2.752335356457424714e-06
2.708319307765408851e-06
2.664753491774430623e-06
2.621735410984662403e-06
2.579063552986841593e-06
2.536901987346882353e-06
2.495162505228602855e-06
2.453729755480264241e-06
2.412826383188777064e-06
2.372240292639605133e-06
2.332028822191227025e-06
2.292255175376139149e-06
2.252757987218021212e-06
2.213697180172265767e-06
2.174984094367982915e-06
2.136529814661975884e-06
2.098512560277635520e-06
2.060736635465772444e-06
2.023259793661837998e-06
1.986097209533961805e-06
1.949107567141563481e-06
1.912416952870449784e-06
1.875929204188505662e-06
1.839581110723289496e-06
1.803506958433037982e-06
1.767557349140172940e-06
1.731810728347710242e-06
1.696286167587522245e-06
1.660910391625535476e-06
1.625817739704059966e-06
1.590961781177778506e-06
1.556346161572615535e-06
1.522097012166405305e-06
1.488139605911659847e-06
1.454573563618398785e-06
1.421429409509583402e-06
1.388681092135807925e-06
1.356437188626544400e-06
