# bin_2_2
1.837809481149681127e-05
1.844318777188395139e-05
1.850600298912258269e-05
1.856622780409330562e-05
1.862404882883248388e-05
1.867925382901992152e-05
1.873191154545229359e-05
1.878189008625632609e-05
1.882922939098647338e-05
1.887379014828136219e-05
1.891564990219213562e-05
1.895463202872691637e-05
1.899081976692754031e-05
1.902408395715082166e-05
1.905444725504322668e-05
1.908182357969597656e-05
1.910622553379849489e-05
1.912756159950186255e-05
1.914586687095890338e-05
1.916103145632010792e-05
1.917310475484083305e-05
1.918199093936416970e-05
1.918769496809387038e-05
1.919016252613069750e-05
1.918939630325734667e-05
1.918533134178333947e-05
1.917799011249089598e-05
1.916729483840743341e-05
1.915327216277397772e-05
1.913585940699183530e-05
1.911506487824670854e-05
1.909084275988632006e-05
1.906319832088197106e-05
1.903208515288335096e-05
1.899751988109595128e-05
1.895945583967462354e-05
1.891791439768851686e-05
1.887285451032883398e-05
1.882428970064370759e-05
1.877219231572485754e-05
1.871657666356425971e-05
1.865741602474406421e-05
1.859473086029998239e-05
1.852850025546643172e-05
1.845874977913156140e-05
1.838546033501341551e-05
1.830865338992426620e-05
1.822832215378801320e-05
1.814449547749227108e-05
1.805716495626531192e-05
1.796636194799418012e-05
1.787209395448988345e-05
1.777439672869092436e-05
1.767327705297416161e-05
1.756877118554223938e-05
1.746089393459707034e-05
1.734970117204773338e-05
1.723520803575343601e-05
1.711746130460027132e-05
1.699650349430832338e-05
1.687238360816184455e-05
1.674514314959046129e-05
1.661483953536684456e-05
1.648151197693365044e-05
1.634525225291048168e-05
1.620609773773753391e-05
1.606412360091616113e-05
1.591940676342095469e-05
1.577201375721469466e-05
1.562202623989214644e-05
1.546952496921963916e-05
1.531457612084735108e-05
1.515731057756309168e-05
1.499779007480381563e-05
1.483611869816798526e-05
1.467240738897874363e-05
1.450674027681141981e-05
1.433923866041144363e-05
1.417000253278197249e-05
1.399912136397869578e-05
1.382676038069867700e-05
1.365299860783405228e-05
1.347796652806756537e-05
1.330179406194268648e-05
1.312457963173274110e-05
1.294647277645919602e-05
1.276758029465020561e-05
1.258800680407606623e-05
1.240793491713266035e-05
1.222744820987987569e-05
1.204668914874964557e-05
1.186578862387626393e-05
1.168484484913924277e-05
1.150401967892289482e-05
1.132341032816030274e-05
1.114311765383444399e-05
1.096332432357909605e-05
1.078409814879103419e-05
1.060557609850693318e-05
1.042787161596331086e-05
1.025106440773494608e-05
1.007531419120946980e-05
9.900687956370405669e-06
9.727266298052770531e-06
9.555213702890226921e-06
9.384567438860424269e-06
9.215445818886636688e-06
9.047926550122354096e-06
8.882058665767352063e-06
8.717986630032989603e-06
8.555734518200314981e-06
8.395354232130719323e-06
8.236978168579054251e-06
8.080604047188498016e-06
7.926324801900483583e-06
7.774174973984881410e-06
7.624166491562027841e-06
7.476422177094744431e-06
7.330919082639162546e-06
7.187680841190566404e-06
7.046803718899951500e-06
6.908241810373327263e-06
6.772065826813959960e-06
6.638269486586439971e-06
6.506826696452782698e-06
6.377841695242748950e-06
6.251249437355672568e-06
6.127050737910630387e-06
6.005306523824562823e-06
5.885935055391309367e-06
5.768990520719542284e-06
5.654430263403876113e-06
5.542199457857673480e-06
5.432388635034308467e-06
5.324899401718476521e-06
5.219721583931117294e-06
5.116882355057757195e-06
5.016279602253878705e-06
4.917956789110586106e-06
4.821843580613586696e-06
4.727867225360798861e-06
4.636110380722100170e-06
4.546451859743327710e-06
4.458879252341487587e-06
4.373393087296038375e-06
4.289881063240413171e-06
4.208386941319981281e-06
4.128819581760810874e-06
4.051099541754592835e-06
3.975306973995182045e-06
3.901306987003578993e-06
3.829091048518799244e-06
3.758639849067409768e-06
3.689838608750764362e-06
3.622742652666923870e-06
3.557245338805304653e-06
3.493269097755077461e-06
3.430895133878081440e-06
3.369980323955926456e-06
3.310525833039250564e-06
3.252498020565646278e-06
3.195786964893083273e-06
3.140467779887329216e-06
3.086419384174587692e-06
3.033569964309121234e-06
2.982004586291695602e-06
2.931578103844609478e-06
2.882308266243547002e-06
2.834148553828422306e-06
2.786994472475042778e-06
2.740945591146298456e-06
2.695869013341238690e-06
2.651704550251678631e-06
2.608540261941040824e-06
2.566228499792667652e-06
2.524809373331275396e-06
2.484227867521421461e-06
2.444384318911633525e-06
2.405401084497696225e-06
2.367133926842469765e-06
2.329543060599621634e-06
2.292716492269329993e-06
2.256500072051766590e-06
2.220962353281372185e-06
2.186044614928682438e-06
2.151646850971154385e-06
2.117912110504702644e-06
2.084690079902194099e-06
2.051962383652706676e-06
2.019810408855938417e-06
1.988081749122391434e-06
1.956869302116345145e-06
1.926109571601388905e-06
1.895709260150381000e-06
1.865821390919707396e-06
1.836292557933025954e-06
1.807132431976491385e-06
1.778402263206921090e-06
1.749966722385807586e-06
1.721930736318971946e-06
1.694230123786526757e-06
1.666784139173806323e-06
1.639743501161585814e-06
1.612960825484762395e-06
1.586469572451349897e-06
1.560311526680874521e-06
1.534372255345960994e-06
1.508762809363420059e-06
1.483418296619405274e-06
1.458276358282278259e-06
1.433471141097819329e-06
1.408866898416483942e-06
1.384508942733928930e-06
1.360415586651171961e-06
1.336487878885155681e-06
1.312825083071362090e-06
1.289353980663834146e-06
1.266023017712328440e-06
1.242931263213882386e-06
1.219953461233896313e-06
1.197133520702673530e-06
1.174469124486910279e-06
1.151881774126603359e-06
1.129459265036541939e-06
1.107139680455655342e-06
1.084902356930575863e-06
1.062833856432759727e-06
1.040854443701141134e-06
1.019030747303445262e-06
9.973771558310252995e-07
9.758630765424332745e-07
9.545821764653951267e-07
