# bin_3_3
4.232194899262076366e-05
4.240251823489788461e-05
4.247664274711026016e-05
4.254387776450087050e-05
4.260444407747864773e-05
4.265801935458792324e-05
4.270468137464122850e-05
4.274421963329949240e-05
4.277667303537208170e-05
4.280182403736815244e-05
4.281974913813889002e-05
4.283021537364023587e-05
4.283330205093236978e-05
4.282882336104536301e-05
4.281679827222073704e-05
4.279710607152174801e-05
4.276974382658287743e-05
4.273458749178195580e-05
4.269168278374005078e-05
4.264089202236132260e-05
4.258224406260880014e-05
4.251564116516206210e-05
4.244110452994226732e-05
4.235855931744274006e-05
4.226801201130318239e-05
4.216939615139077350e-05
4.206273973919294045e-05
4.194797920034749829e-05
4.182515839608335912e-05
4.169422258780639950e-05
4.155520409903352936e-05
4.140808193721839053e-05
4.125288580508248011e-05
4.108960189091806627e-05
4.091828253943213453e-05
4.073893102629422898e-05
4.055161576242834968e-05
4.035634390866107513e-05
4.015318275769259892e-05
3.994216690491803930e-05
3.972337922224113935e-05
3.949685910388624546e-05
3.926269339837483511e-05
3.902096351417825556e-05
3.877176928852589218e-05
3.851518626041587693e-05
3.825132815682504744e-05
3.798028209024361898e-05
3.770220692391399711e-05
3.741719475728119563e-05
3.712538147222292471e-05
3.682693489486138538e-05
3.652199179282139769e-05
3.621071058196467541e-05
3.589325667603604703e-05
3.556977654152150618e-05
3.524051506562627994e-05
3.490561263329682701e-05
3.456526480510268938e-05
3.421971764650145472e-05
3.386914627324262697e-05
3.351378998995491112e-05
3.315386086860731525e-05
3.278955533162599475e-05
3.242119675199510816e-05
3.204896421005585557e-05
3.167310688903764631e-05
3.129392709103011842e-05
3.091162370223912969e-05
3.052650209899466366e-05
3.013879891450998525e-05
2.974874078211043468e-05
2.935670583424943454e-05
2.896288638867290785e-05
2.856756360540951066e-05
2.817106212576400432e-05
2.777357953722616810e-05
2.737545506457200086e-05
2.697691739705044707e-05
2.657818865465167628e-05
2.617966744381346249e-05
2.578152312235892704e-05
2.538403859876668257e-05
2.498751314446980373e-05
2.459211634388325555e-05
2.419818538833645819e-05
2.380590102079835999e-05
2.341545333801788048e-05
2.302721818975947109e-05
2.264131026225895801e-05
2.225798146119113441e-05
2.187746744905803546e-05
2.149988228691312702e-05
2.112553478919186852e-05
2.075452873053523325e-05
2.038699525471635921e-05
2.002326101224506931e-05
1.966335934270435000e-05
1.930748942320241511e-05
1.895580328515817219e-05
1.860834112250168076e-05
1.826537479463211984e-05
1.792691041881224248e-05
1.759300827422808321e-05
1.726393238439086309e-05
1.693962836212777720e-05
1.662024205127826546e-05
1.630582950044990630e-05
1.599635680977529623e-05
1.569205941938087211e-05
1.539284449746455372e-05
1.509871083176786583e-05
1.480985605810578925e-05
1.452614347607425036e-05
1.424767635930721407e-05
1.397442392159770397e-05
1.370628585083260171e-05
1.344346972956899936e-05
1.318579534368808528e-05
1.293322180101939949e-05
1.268588915745230491e-05
1.244358523366515451e-05
1.220639465056686113e-05
1.197421908889569102e-05
1.174690225903632413e-05
1.152464170009588563e-05
1.130719123446422498e-05
1.109449154195533114e-05
1.088663262862789988e-05
1.068335208582383844e-05
1.048473283521857130e-05
1.029062300352031530e-05
1.010083350917012596e-05
9.915563783862592944e-06
9.734521468965787056e-06
9.557655248227733558e-06
9.385005681386917554e-06
9.216294365357530021e-06
9.051612529700770582e-06
8.890770701739047243e-06
8.733567162736794793e-06
8.580210730423481946e-06
8.430380905585676990e-06
8.284048430581626539e-06
8.141213975158840337e-06
8.001599682208193162e-06
7.865324565446260962e-06
7.732169901665309053e-06
7.601939537355548609e-06
7.474855805989040438e-06
7.350583183091213656e-06
7.229121718263835691e-06
7.110440918260463608e-06
6.994272187957088898e-06
6.880781023446505505e-06
6.769723547723441240e-06
6.660921623500729690e-06
6.554610502124168335e-06
6.450445100756819511e-06
6.348463089197449005e-06
6.248608988860095653e-06
6.150632236214448067e-06
6.054754323151185682e-06
5.960703515150401391e-06
5.868324891546630147e-06
5.777864080238418090e-06
5.688976277909668809e-06
5.601747672556344166e-06
5.516097346890264571e-06
5.431790043144739944e-06
5.349102187882068507e-06
5.267739528661783250e-06
5.187583422561961786e-06
5.108878730788162507e-06
5.031280774383536029e-06
4.954929663015268101e-06
4.879727996775918990e-06
4.805456357884989299e-06
4.732428934111789638e-06
4.660334146020649042e-06
4.589108110805301133e-06
4.518979725981768247e-06
4.449603762094668235e-06
4.381175064723173697e-06
4.313590886036423111e-06
4.246641937413530068e-06
4.180662320955939527e-06
4.115341966052742401e-06
4.050668986572884773e-06
3.986837242284758804e-06
3.923529602531590487e-06
3.860971771170786566e-06
3.799056052633895322e-06
3.737603769357588535e-06
3.676937114413111582e-06
3.616760851985871188e-06
3.557121691287958398e-06
3.498152789780519235e-06
3.439601566949857696e-06
3.381688480784470975e-06
3.324311834422543262e-06
3.267329768233435108e-06
3.211018027558512038e-06
3.155104768870195500e-06
3.099655138513753271e-06
3.044726118870612148e-06
2.990097322638366586e-06
2.935934415570006726e-06
2.882105785542564864e-06
2.828479979895098689e-06
2.775243964191128690e-06
2.722154973788976456e-06
2.669286322802112402e-06
2.616667736591512473e-06
2.564165252975475858e-06
2.511959597596718322e-06
2.459994336864851926e-06
2.408255850359285569e-06
2.356947967881707805e-06
2.305963658127682718e-06
2.255447621700806568e-06
2.205468107777065833e-06
2.155988207001096781e-06
2.107177744534224602e-06
2.059011932743024269e-06
2.011507300536006198e-06
1.964789407433693177e-06
1.918773646679259927e-06
1.873547304181379829e-06
1.829119216530781786e-06
1.785439965031065262e-06
1.742581815261327502e-06
