# bin_4_4
6.456419916790193862e-05
6.462312455259814226e-05
6.467127515996511664e-05
6.470808874033988291e-05
6.473382691500208078e-05
6.474808351225456353e-05
6.475097296242394139e-05
6.474221266643083645e-05
6.472185889047519993e-05
6.468964576708478831e-05
6.464567715622776697e-05
6.458967421627630190e-05
6.452173241419194543e-05
6.444164805017601029e-05
6.434945858833727029e-05
6.424502195801997566e-05
6.412836601701469078e-05
6.399936995678902124e-05
6.385807738509813704e-05
6.370436315817125806e-05
6.353832196470239016e-05
6.335985900053514607e-05
6.316902446308263295e-05
6.296578038448925245e-05
6.275017079988293850e-05
6.252216037178893700e-05
6.228183519898045984e-05
6.202917930475759063e-05
6.176429607686751821e-05
6.148719259302550108e-05
6.119796186222537003e-05
6.089665262810118631e-05
6.058338129945658047e-05
6.025820196289936463e-05
5.992125279643437070e-05
5.957264840000270090e-05
5.921254381457224621e-05
5.884105369423736463e-05
5.845834943992262399e-05
5.806456819197512384e-05
5.765993389925161053e-05
5.724458788214137383e-05
5.681873592629051916e-05
5.638262343987640081e-05
5.593646276595313572e-05
5.548048099743023063e-05
5.501492669014265046e-05
5.454002690253144793e-05
5.405612641750006314e-05
5.356344404488175834e-05
5.306226454898312393e-05
5.255295644578197075e-05
5.203578734982167159e-05
5.151110004101309357e-05
5.097921629529018509e-05
5.044043068823369835e-05
4.989520740743485052e-05
4.934382047710461763e-05
4.878662339954475106e-05
4.822407999647571606e-05
4.765648583122382182e-05
4.708427995017920028e-05
4.650782007702972869e-05
4.592744414891339008e-05
4.534369775415328689e-05
4.475687166229287174e-05
4.416736465241319039e-05
4.357567687982188189e-05
4.298209817973340258e-05
4.238711969635140830e-05
4.179108984877447102e-05
4.119434096444980878e-05
4.059745443732928351e-05
4.000068997228667172e-05
3.940444783628086714e-05
3.880920483625939152e-05
3.821520309737878483e-05
3.762293426437807994e-05
3.703268457731195948e-05
3.644473294650569232e-05
3.585964463069946372e-05
3.527759877886160489e-05
3.469895794569584981e-05
3.412411457624942864e-05
3.355323138433814441e-05
3.298675922622640847e-05
3.242487635810861269e-05
3.186777958551280138e-05
3.131597105915590387e-05
3.076951813755264830e-05
3.022871320806352281e-05
2.969382709126716045e-05
2.916491894637944108e-05
2.864238227596978132e-05
2.812626139275344183e-05
2.761665360974192290e-05
2.711397749370137158e-05
2.661816939834012747e-05
2.612943993734033487e-05
2.564792809862832202e-05
2.517358391338270752e-05
2.470675044146129545e-05
2.424732726354974919e-05
2.379531230447382812e-05
2.335103908107822129e-05
2.291432140164061034e-05
2.248530479017164986e-05
2.206399381736066315e-05
2.165024341106691462e-05
2.124436193802391602e-05
2.084611529047978272e-05
2.045542851417940131e-05
2.007255538461527779e-05
1.969720472897918984e-05
1.932948292304812604e-05
1.896928272399072099e-05
1.861638180294235298e-05
1.827107323000909454e-05
1.793301129743621845e-05
1.760208700099841453e-05
1.727849007903411335e-05
1.696183693325713633e-05
1.665223380177107410e-05
1.634949208145473163e-05
1.605332775165272579e-05
1.576404446655774527e-05
1.548121668504871156e-05
1.520473189797030193e-05
1.493472414671654715e-05
1.467075382306417979e-05
1.441294999453104094e-05
1.416106041867360806e-05
1.391477047176377415e-05
1.367440725679231712e-05
1.343949046802238493e-05
1.320994037651847254e-05
1.298582936965714633e-05
1.276671047042176667e-05
1.255274513261649168e-05
1.234363719559186533e-05
1.213906703263413313e-05
1.193938963651624168e-05
1.174409236250615212e-05
1.155314505386298875e-05
1.136656758525783533e-05
1.118392508801433278e-05
1.100543523006325961e-05
1.083076551122549082e-05
1.065961452565852877e-05
1.049236346429544015e-05
1.032848354881051007e-05
1.016800101636016113e-05
1.001089228179915483e-05
9.856743083423113826e-06
9.705847927992618639e-06
9.557840823653624576e-06
9.412455853627365047e-06
9.270091508304700289e-06
9.130210843348492969e-06
8.992905296411224814e-06
8.858114177066297288e-06
8.725455459163394389e-06
8.595304435351912325e-06
8.467258521295159649e-06
8.341096057708515164e-06
8.217220677969073678e-06
8.095104477012534229e-06
7.974913743759852146e-06
7.856549932564791771e-06
7.739661786239274805e-06
7.624692253860840205e-06
7.511213970044352166e-06
7.399068936962391203e-06
7.288642647498665439e-06
7.179422280364973541e-06
7.071647003379896518e-06
6.965194593753153752e-06
6.859748811920060608e-06
6.755784939987306975e-06
6.652863581580023807e-06
6.550912528884301503e-06
6.450273653906911325e-06
6.350455386654813392e-06
6.251759426310721332e-06
6.154058112888080764e-06
6.057064998297597695e-06
5.961257353707527241e-06
5.866216643100255846e-06
5.771948492965617449e-06
5.678730535511910990e-06
5.586140660743908675e-06
5.494507916644341346e-06
5.403709315186870340e-06
5.313521588261118228e-06
5.224382596486175187e-06
5.135911988714537620e-06
5.048183305343163655e-06
4.961357894333401050e-06
4.875088911419251908e-06
4.789625784896393151e-06
4.704796464335146506e-06
4.620364013535421868e-06
4.536605469066626915e-06
4.453121808012512472e-06
4.369954397623810272e-06
4.287141126778620956e-06
4.204414617726322188e-06
4.121999961106072085e-06
4.039802315768129165e-06
3.957750150694479185e-06
3.876157650625873228e-06
3.794854149265499393e-06
3.714046319997699703e-06
3.633874563606758714e-06
3.554287622752400516e-06
3.475563853677669850e-06
3.397708099983690638e-06
3.320750400658173083e-06
3.244927005002465364e-06
3.170129655707835409e-06
3.096508550852103511e-06
3.024113052933040566e-06
2.952878995060100233e-06
2.882936377885772097e-06
2.814227922964532458e-06
2.746733739444502128e-06
2.680525739506556497e-06
2.615485443404773345e-06
2.551660214117767175e-06
2.489022749563848289e-06
2.427500060831824316e-06
2.367114805420338391e-06
