# bin_4_3
5.130484590817809432e-05
5.138055153917151093e-05
5.144810936540318048e-05
5.150702631839672817e-05
5.155754087322736494e-05
5.159929399125473315e-05
5.163237336473542623e-05
5.165654012564308581e-05
5.167183905525980152e-05
5.167802953365405514e-05
5.167519401185228107e-05
5.166308120219861426e-05
5.164177628545266988e-05
5.161107999515011620e-05
5.157101610989917251e-05
5.152145562108672038e-05
5.146240027697369929e-05
5.139372074275008984e-05
5.131547111124317568e-05
5.122751366007793504e-05
5.112988760683662712e-05
5.102249773212047990e-05
5.090537591273080180e-05
5.077845486475118510e-05
5.064175327016207838e-05
5.049521323265017522e-05
5.033887904654850182e-05
5.017270337776862712e-05
4.999674924399752639e-05
4.981097909132304409e-05
4.961544667751026534e-05
4.941015352162856565e-05
4.919515649205924624e-05
4.897046551402493142e-05
4.873616159319377753e-05
4.849228566529517305e-05
4.823893682978466123e-05
4.797615770471232226e-05
4.770405292813487971e-05
4.742269342869457238e-05
4.713221027313514863e-05
4.683268057421264907e-05
4.652423270575281025e-05
4.620700755092893043e-05
4.588114589017179313e-05
4.554677790971112152e-05
4.520406840988591327e-05
4.485315426738209114e-05
4.449426365995221981e-05
4.412753732609131507e-05
4.375316643557133146e-05
4.337139575550625579e-05
4.298241148045282259e-05
4.258644320109307592e-05
4.218371649386497675e-05
4.177443650536804171e-05
4.135893293264712316e-05
4.093739968138303297e-05
4.051009565978087450e-05
4.007735283755510145e-05
3.963939646459886012e-05
3.919654589693338575e-05
3.874907368263595209e-05
3.829723487057427937e-05
3.784144355503314911e-05
3.738192742893998749e-05
3.691899893859252436e-05
3.645304252102113282e-05
3.598429879165529000e-05
3.551315148782113810e-05
3.503988715910809267e-05
3.456478091200547356e-05
3.408829663878432635e-05
3.361066056069575371e-05
3.313220761018891507e-05
3.265332944636781715e-05
3.217424887710422184e-05
3.169537234155755029e-05
3.121695880121362957e-05
3.073926064138529711e-05
3.026274926883413725e-05
2.978760598463562766e-05
2.931415237682367399e-05
2.884273206279782843e-05
2.837351937942401834e-05
2.790690354336913213e-05
2.744307143355952870e-05
2.698222320260170243e-05
2.652479077570408917e-05
2.607087723186788500e-05
2.562075671400966198e-05
2.517468489615644442e-05
2.473276043694106697e-05
2.429533093173404616e-05
2.386248245290080016e-05
2.343433812617417100e-05
2.301126527964083481e-05
2.259326411804489764e-05
2.218054250073049315e-05
2.177325142940948820e-05
2.137139955478738735e-05
2.097528992634464229e-05
2.058489020504713653e-05
2.020023918964731943e-05
1.982163050176521008e-05
1.944896066440160212e-05
1.908237737372591784e-05
1.872191838056588961e-05
1.836750786875363577e-05
1.801941106566406665e-05
1.767748101394861612e-05
1.734168861452877377e-05
1.701225395565881851e-05
1.668898056135906903e-05
1.637197306431288193e-05
1.606117091271495087e-05
1.575642602108685294e-05
1.545797913716703413e-05
1.516558498784413861e-05
1.487917563054535422e-05
1.459890979671171569e-05
1.432450760047844515e-05
1.405606112283019159e-05
1.379343578088708546e-05
1.353642429479175043e-05
1.328526458394288875e-05
1.303963919293608018e-05
1.279946683328274668e-05
1.256485327811016161e-05
1.233546551225872805e-05
1.211140281991593902e-05
1.189247257647770170e-05
1.167843513325675531e-05
1.146953844301204804e-05
1.126541519548025066e-05
1.106600147428811112e-05
1.087134856610169709e-05
1.068111060489418730e-05
1.049540432532188760e-05
1.031399672555480291e-05
1.013663840108975450e-05
9.963594032464957712e-06
9.794466458250080626e-06
9.629224438653601103e-06
9.467874407724176359e-06
9.310075602572514048e-06
9.155983848461804001e-06
9.005333978050499472e-06
8.857887130794932839e-06
8.713927030823210697e-06
8.573040986108720213e-06
8.435237662104031497e-06
8.300487612680654436e-06
8.168463790461183983e-06
8.039381156660548790e-06
7.912945879263614613e-06
7.788943803750627735e-06
7.667674230527267198e-06
7.548715011374033406e-06
7.432123485329457618e-06
7.317840599174405827e-06
7.205562697669287940e-06
7.095571923843036001e-06
6.987542539650533009e-06
6.881291515235093474e-06
6.777127781134785562e-06
6.674632051624420746e-06
6.573921329805700747e-06
6.474906170670441591e-06
6.377303609065717666e-06
6.281457691875074676e-06
6.187018314341881511e-06
6.093849331107156773e-06
6.002253444852152629e-06
5.911816047915146428e-06
5.822716999095404394e-06
5.734847438328916501e-06
5.647946997000314963e-06
5.562397380076280946e-06
5.477832120589379856e-06
5.394182586949609586e-06
5.311725623853183031e-06
5.230053186872528984e-06
5.149404811642917457e-06
5.069666065392532822e-06
4.990593653435520491e-06
4.912583538642784912e-06
4.835277269921711312e-06
4.758668857478742033e-06
4.682988207480769113e-06
4.607870270658036505e-06
4.533584593123310640e-06
4.460014354122418969e-06
4.386958829854920661e-06
4.314791327458990374e-06
4.243177325606833144e-06
4.172175955038075579e-06
4.101937182428802010e-06
4.032171137134114038e-06
3.963121493398035337e-06
3.894665908209114388e-06
3.826632151055692603e-06
3.759311623390250177e-06
3.692383708879892092e-06
3.625908323112907056e-06
3.559933832956085805e-06
3.494208577500845525e-06
3.428912070078839135e-06
3.363907521937432285e-06
3.299065596431691638e-06
3.234609083447982530e-06
3.170302460967383183e-06
3.106261071546089490e-06
3.042551671797160935e-06
2.979067733198481990e-06
2.916034745073714578e-06
2.853425402167683405e-06
2.791251914869539584e-06
2.729745865703630406e-06
2.668808608917983458e-06
2.608601074429685604e-06
2.549195590409668306e-06
2.490552487318832988e-06
2.432836837930047609e-06
2.376016268397783538e-06
2.320097469866572363e-06
2.265190270851359165e-06
2.211196317722979660e-06
2.158189403428692834e-06
2.106163819999804648e-06
2.055058706986252922e-06
2.004926721901338676e-06
