# bin_3_1
1.076476138322453661e-05
1.080467852702404706e-05
1.084334544839915890e-05
1.088051156442065718e-05
1.091634982066610912e-05
1.095069016829581180e-05
1.098359999365905648e-05
1.101498749422583354e-05
1.104489722548489027e-05
1.107321737163850163e-05
1.110002851962609736e-05
1.112519410052637507e-05
1.114879843538367991e-05
1.117073525546588604e-05
1.119103838709481486e-05
1.120965027256135376e-05
1.122658664549157298e-05
1.124177843362029885e-05
1.125528012575064425e-05
1.126700008950333798e-05
1.127697359435549583e-05
1.128513873212428859e-05
1.129152496493358843e-05
1.129608340398073305e-05
1.129882914181587386e-05
1.129971604625760090e-05
1.129877026600358937e-05
1.129593596545482667e-05
1.129124733699970827e-05
1.128465321211040803e-05
1.127617616945649145e-05
1.126578289429627157e-05
1.125348524843950907e-05
1.123925355071059581e-05
1.122311034678708949e-05
1.120501897627887680e-05
1.118500781078338415e-05
1.116304427217407308e-05
1.113915054414569154e-05
1.111330614931034878e-05
1.108552741391146189e-05
1.105579741417503537e-05
1.102413820465383165e-05
1.099053239667479245e-05
1.095500664684391916e-05
1.091754432207820033e-05
1.087817052885177306e-05
1.083687418702912355e-05
1.079368109565135587e-05
1.074858579225814686e-05
1.070161264832748188e-05
1.065276177817047718e-05
1.060205982780987421e-05
1.054950606376631159e-05
1.049512791655769723e-05
1.043892806877115984e-05
1.038094213324214073e-05
1.032117202333409120e-05
1.025964981326979541e-05
1.019638897970575066e-05
1.013142124655644250e-05
1.006475999265077743e-05
9.996438420201261536e-06
9.926469046695632909e-06
9.854900324297193566e-06
9.781743761347298449e-06
9.707037604111439907e-06
9.630810651045586430e-06
9.553096857260830237e-06
9.473926671742597934e-06
9.393337967800621154e-06
9.311353659890424798e-06
9.228036043165182414e-06
9.143404183678780040e-06
9.057506015544280082e-06
8.970384214343128209e-06
8.882075885513961519e-06
8.792628389445018258e-06
8.702085275061503198e-06
8.610477948090686763e-06
8.517884053300306925e-06
8.424329215755635295e-06
8.329872048498939571e-06
8.234565415469220163e-06
8.138451313384290357e-06
8.041593544617250369e-06
7.944038923508249772e-06
7.845828042435664822e-06
7.747050318185887626e-06
7.647736141018090275e-06
7.547953947189610342e-06
7.447761571890526940e-06
7.347205093062197085e-06
7.246361492416684574e-06
7.145277835003759314e-06
7.043999641851044170e-06
6.942623914109953727e-06
6.841180419248958279e-06
6.739742776035025854e-06
6.638368548781764491e-06
6.537102074779018912e-06
6.436029643193718066e-06
6.335190864477719624e-06
6.234630033834591288e-06
6.134444435152046244e-06
6.034656644832670514e-06
5.935340055813473379e-06
5.836542635875338790e-06
5.738300767609672824e-06
5.640702800578844573e-06
5.543773023391126196e-06
5.447549010460368814e-06
5.352118700886995578e-06
5.257490768308970121e-06
5.163732138868597251e-06
5.070873911767285573e-06
4.978938194189965079e-06
4.888007803024647889e-06
4.798085748105423660e-06
4.709199086450922246e-06
4.621419706966465054e-06
4.534735562505006981e-06
4.449204385305174776e-06
4.364837046613046910e-06
4.281635961928670952e-06
4.199675343748222978e-06
4.118935056323741678e-06
4.039429855491998463e-06
3.961211539423012393e-06
3.884247299915572907e-06
3.808584630975931657e-06
3.734212603716496115e-06
3.661115221481195637e-06
3.589356979106182569e-06
3.518895913236053883e-06
3.449737970247658531e-06
3.381912488452217079e-06
3.315371882238944519e-06
3.250154076360684932e-06
3.186228871000447549e-06
3.123566014095988954e-06
3.062221444116899392e-06
3.002135870318866732e-06
2.943310010140389722e-06
2.885753611517990650e-06
2.829409133612975252e-06
2.774310257186454925e-06
2.720410957548636445e-06
2.667672805819070929e-06
2.616145785908381208e-06
2.565758640073438985e-06
2.516510587360987586e-06
2.468396002125086071e-06
2.421352116961423224e-06
2.375414727540984175e-06
2.330525711124686377e-06
2.286644272511454513e-06
2.243816817231277190e-06
2.201964461625836634e-06
2.161088997332552916e-06
2.121173557116665044e-06
2.082155360167121726e-06
2.044077152507794309e-06
2.006870934904493992e-06
1.970497280898561246e-06
1.935001171264449419e-06
1.900301158780689735e-06
1.866405892138255069e-06
1.833289459067172118e-06
1.800891190897338237e-06
1.769263582255689997e-06
1.738331891959759804e-06
1.708062460099954321e-06
1.678498985597371388e-06
1.649559223250800364e-06
1.621261694823204856e-06
1.593574869532494332e-06
1.566441574823473555e-06
1.539923570152861092e-06
1.513941121846431772e-06
1.488471258802398703e-06
1.463555568232303684e-06
1.439110631823781932e-06
1.415167838028475373e-06
1.391693355032693444e-06
1.368631729454750938e-06
1.346053768492912529e-06
1.323878025705530961e-06
1.302092225633276407e-06
1.280733256592306224e-06
1.259720314567305380e-06
1.239095462956151306e-06
1.218821614661552779e-06
1.198847198927738000e-06
1.179247574202549998e-06
1.159940083726597918e-06
1.140926038569604419e-06
1.122232464350566028e-06
1.103788000276189079e-06
1.085641972771280917e-06
1.067756892351456074e-06
1.050087379786597964e-06
1.032709480603989291e-06
1.015541897138993341e-06
9.985964635963715882e-07
9.818895180537177293e-07
9.653565882785321411e-07
9.490512965286133382e-07
9.329333261612077057e-07
9.169652404687612442e-07
9.012198297387273783e-07
8.856224905913375149e-07
8.701977343998863545e-07
8.549582807883309517e-07
8.398540781454872948e-07
8.249478562214188495e-07
8.102040390495209633e-07
7.956003291460046369e-07
7.812052409687491301e-07
7.669540701136207505e-07
7.528788705873450661e-07
7.389844723933901983e-07
7.252281240051434096e-07
7.116667393694726436e-07
6.982593771222414361e-07
6.849870121977753194e-07
6.718987210582119097e-07
6.589321251393654185e-07
6.461145106721338338e-07
6.334381510611891862e-07
6.208641816877348902e-07
6.084386870901066395e-07
