# bin_1_1
4.525752211773353267e-06
4.548355185694807471e-06
4.570591912939356370e-06
4.592268008774244918e-06
4.613532514108000043e-06
4.634266510430102682e-06
4.654517526797258238e-06
4.674236698876078552e-06
4.693456418373613658e-06
4.712099837011745276e-06
4.730244868621497469e-06
4.747783235495144918e-06
4.764790009321333137e-06
4.781193885906446179e-06
4.797017111938636072e-06
4.812233168720429788e-06
4.826853247603228727e-06
4.840828858512746058e-06
4.854205770149173947e-06
4.866912800277871483e-06
4.878999668327357337e-06
4.890416340883101507e-06
4.901181483441227546e-06
4.911259939663215300e-06
4.920664068963512528e-06
4.929369411746202862e-06
4.937395587288379699e-06
4.944700278514274164e-06
4.951312669454818190e-06
4.957193011929582983e-06
4.962359500553399831e-06
4.966787060209996088e-06
4.970486723776683796e-06
4.973429787502984524e-06
4.975638304083510129e-06
4.977077433812772948e-06
4.977767761166561679e-06
4.977683286452088103e-06
4.976835914373907431e-06
4.975204218912500206e-06
4.972797601996599629e-06
4.969600493434376091e-06
4.965623860825371023e-06
4.960846350665162060e-06
4.955281479515258676e-06
4.948912017390569466e-06
4.941745808112833038e-06
4.933771043475707446e-06
4.924994055828648517e-06
4.915402992685228726e-06
4.905006807079529900e-06
4.893791683627372799e-06
4.881770545632793522e-06
4.868929899459630803e-06
4.855277825223687262e-06
4.840805890778918231e-06
4.825522333937173578e-06
4.809418782519325016e-06
4.792503585104444292e-06
4.774770400779093065e-06
4.756228167192628516e-06
4.736871389386902409e-06
4.716707161463268702e-06
4.695731207754071940e-06
4.673954643364610793e-06
4.651372619550308773e-06
4.627995343397709217e-06
4.603821276385261465e-06
4.578860601686023019e-06
4.553111705256755250e-06
4.526585099508720622e-06
4.499279435543943701e-06
4.471211706923591565e-06
4.442380182240423020e-06
4.412798015994255341e-06
4.382469750828480100e-06
4.351406843742229463e-06
4.319615949026093961e-06
4.287109930869954741e-06
4.253892132248558312e-06
4.219985933401264013e-06
4.185394381193835479e-06
4.150135779794212567e-06
4.114221333582977754e-06
4.077665648627885036e-06
4.040484441051387262e-06
4.002694095776524326e-06
3.964304438283196679e-06
3.925346365456271109e-06
3.885828217026493813e-06
3.845774776278094118e-06
3.805203726000864156e-06
3.764134449967989268e-06
3.722592320986307010e-06
3.680597500502593140e-06
3.638166676147613688e-06
3.595338348420952818e-06
3.552125169051330597e-06
3.508558790177608380e-06
3.464662579494839124e-06
3.420459562460275762e-06
3.375984766369005201e-06
3.331260433573479126e-06
3.286308169668349308e-06
3.241172208880280652e-06
3.195867801789099024e-06
3.150431691564734886e-06
3.104889283085148303e-06
3.059265325160716011e-06
3.013601091024951129e-06
2.967917878882856771e-06
2.922239498533423736e-06
2.876611439975232873e-06
2.831047966909934689e-06
2.785587447431805063e-06
2.740253001295830833e-06
2.695067249370368893e-06
2.650073080660666232e-06
2.605286373012754069e-06
2.560729775191747943e-06
2.516444943706549393e-06
2.472440397824540557e-06
2.428752558269226459e-06
2.385398413260770659e-06
2.342393821598016845e-06
2.299779387995109411e-06
2.257562256978249446e-06
2.215760516531439855e-06
2.174407866675846995e-06
2.133504208120876265e-06
2.093081071267487042e-06
2.053146011639805934e-06
2.013706113097716188e-06
1.974796760048281541e-06
1.936414518485147588e-06
1.898571953464197908e-06
1.861291659201771926e-06
1.824565192835443434e-06
1.788417496703497754e-06
1.752845829385120774e-06
1.717848494844923236e-06
1.683454481638670048e-06
1.649650177151861002e-06
1.616442756608131095e-06
1.583843686011551257e-06
1.551837099700855088e-06
1.520442518198171143e-06
1.489647519717560151e-06
1.459443473976525011e-06
1.429853545150571122e-06
1.400855782894134237e-06
1.372453217327430334e-06
1.344647727187014525e-06
1.317417959693433589e-06
1.290780614069080168e-06
1.264715306301841651e-06
1.239209098562500923e-06
1.214280672997630052e-06
1.189901943183483418e-06
1.166073848637435221e-06
1.142790892321005249e-06
1.120028978575797489e-06
1.097804678617559148e-06
1.076091229246392574e-06
1.054873610791167989e-06
1.034167761887830322e-06
1.013942291108177051e-06
9.941985223224680709e-07
9.749252879997825399e-07
9.560974933547919823e-07
9.377338461318922365e-07
9.198032601524414041e-07
9.022912028143181866e-07
8.852120267855775446e-07
8.685325361325294188e-07
8.522565977226487796e-07
8.363694824621547199e-07
8.208463251887857022e-07
8.057088446728441902e-07
7.909226001731022464e-07
7.764757241239087727e-07
7.623809784102386256e-07
7.486029357988049814e-07
7.351494352925080354e-07
7.220033418618501768e-07
7.091392982238119958e-07
6.965829740160191893e-07
6.842983961989344340e-07
6.722776973248928202e-07
6.605329067201571585e-07
6.490295448694181975e-07
6.377814343220842233e-07
6.267707457104433219e-07
6.159743084960695964e-07
6.054223641174053079e-07
5.950784001456003299e-07
5.849405207167082751e-07
5.750178953064137557e-07
5.652786919777830769e-07
5.557410610065446094e-07
5.463859357106639074e-07
5.371916042364408330e-07
5.281906946921648277e-07
5.193458205003988280e-07
5.106599920271497010e-07
5.021390405432455140e-07
4.937530207281088670e-07
4.855247648594752185e-07
4.774333097522382015e-07
4.694593407627468802e-07
4.616363603045886812e-07
4.539268711336832073e-07
4.463387919547530060e-07
4.388749101554155989e-07
4.315076720710723142e-07
4.242646424458576750e-07
4.171233346324947379e-07
4.100682516017995186e-07
4.031321434408697722e-07
3.962785493392258192e-07
3.895201249569707131e-07
3.828567215111622471e-07
3.762639217723545966e-07
3.697719898917644103e-07
3.633568320681339425e-07
3.570069370371532986e-07
3.507515550079656734e-07
3.445562843171803045e-07
3.384367715643251577e-07
3.323892173973549006e-07
3.263918512199705298e-07
3.204741434241374058e-07
