# f_z
4.930075315312390516e-01
5.051072992269981521e-01
5.170321472356299575e-01
5.287747026117245452e-01
5.403283539879192299e-01
5.516872427150099067e-01
5.628462380632576201e-01
5.738009198600731997e-01
5.845475822065545612e-01
5.950831472729105620e-01
6.054051880973053690e-01
6.155118812012565499e-01
6.254019602861904392e-01
6.350747152422827613e-01
6.445299250554904491e-01
6.537678529485870804e-01
6.627891867106102675e-01
6.715950398216909978e-01
6.801868946327986887e-01
6.885665614211369245e-01
6.967361827173494948e-01
7.046981651970611882e-01
7.124551997903111333e-01
7.200101581443926202e-01
7.273661468406874553e-01
7.345264522289655096e-01
7.414944911894273405e-01
7.482738146071341578e-01
7.548681045401272049e-01
7.612810947319467170e-01
7.675166127077374112e-01
7.735785353034402290e-01
7.794708160962249277e-01
7.851973737060028435e-01
7.907621851990122019e-01
7.961691966944921539e-01
8.014223758455660818e-01
8.065256415747906749e-01
8.114828992614556702e-01
8.162980290767085645e-01
8.209748338231485087e-01
8.255171263286291694e-01
8.299285975972500173e-01
8.342129114233621801e-01
8.383736748357515367e-01
8.424144397025907782e-01
8.463386488246297246e-01
8.501497107510985751e-01
8.538509455269767123e-01
8.574455794975197609e-01
8.609368151021312698e-01
8.643277217916720545e-01
8.676213143155496743e-01
8.708205519836502706e-01
8.739282985891807520e-01
8.769473160934725398e-01
8.798803420658339869e-01
8.827299891223855388e-01
8.854988408553311485e-01
8.881893807925431705e-01
8.908040102619647627e-01
8.933450707033424587e-01
8.958148560117038528e-01
8.982155630027651716e-01
9.005493396933620387e-01
9.028182395326388443e-01
9.050242778241993635e-01
9.071694133061176668e-01
9.092555228571835846e-01
9.112844370778032665e-01
9.132579240497175066e-01
9.151776860803775282e-01
9.170453926024783042e-01
9.188626309151797233e-01
9.206309727109942553e-01
9.223519104019443082e-01
9.240269020585023529e-01
9.256573464371278259e-01
9.272446129444574803e-01
9.287900264683648377e-01
9.302948336490819425e-01
9.317602888907559056e-01
9.331875584135964630e-01
9.345778155354986794e-01
9.359321712335032517e-01
9.372516999134707927e-01
9.385374613453619785e-01
9.397904311853744197e-01
9.410116235927218353e-01
9.422019378736613548e-01
9.433623050041798352e-01
9.444936219891630902e-01
9.455967532292346434e-01
9.466724832678390378e-01
9.477216456329213834e-01
9.487449939756603667e-01
9.497432869638372521e-01
9.507172525447031841e-01
9.516675843116888522e-01
9.525949472793681094e-01
9.535000238894514313e-01
9.543834380743646539e-01
9.552458075013156025e-01
9.560877216845135029e-01
9.569097509967683379e-01
9.577124667891059318e-01
9.584964008331904317e-01
9.592620825541535723e-01
9.600100054170210839e-01
9.607406814712984300e-01
9.614545720358236292e-01
9.621521313585652546e-01
9.628338240595494257e-01
9.635000631147726535e-01
9.641512760313826202e-01
9.647878616957251685e-01
9.654102317912385267e-01
9.660187471769300371e-01
9.666137834983454802e-01
9.671957080465398704e-01
9.677648499315116837e-01
9.683215525213598740e-01
9.688661548958309444e-01
9.693989624163710239e-01
9.699202665676085466e-01
9.704304129650358490e-01
9.709296297007152798e-01
9.714182414580503355e-01
9.718965015162801535e-01
9.723646742192649794e-01
9.728230230488230657e-01
9.732717927730231144e-01
9.737112171660716742e-01
9.741415445756410607e-01
9.745630059729122330e-01
9.749758066677428614e-01
9.753801483969573027e-01
9.757762880886935442e-01
9.761643797361114760e-01
9.765446262576411574e-01
9.769172478047221109e-01
9.772824045983227181e-01
9.776402928084854116e-01
9.779910665697462147e-01
9.783349239858226687e-01
9.786720006473688116e-01
9.790024904834255803e-01
9.793265099939775231e-01
9.796442567294137982e-01
9.799558430542091303e-01
