# sigma_8
8.048880590120370826e-01
7.969276348327064552e-01
7.890147013371351381e-01
7.811532505238071300e-01
7.733470418978052319e-01
7.655995229905404598e-01
7.579139091708267939e-01
7.502931602821281132e-01
7.427399583466673949e-01
7.352567745549150047e-01
7.278458284975559689e-01
7.205091368854986689e-01
7.132484791154428683e-01
7.060654452971589778e-01
6.989614271841226856e-01
6.919376289208755137e-01
6.849950819254637668e-01
6.781346471971968493e-01
6.713570096999913472e-01
6.646627453638168648e-01
6.580522500513061868e-01
6.515258196312071481e-01
6.450835951710599536e-01
6.387256340824202239e-01
6.324518584035677682e-01
6.262621113568923592e-01
6.201561279478938760e-01
6.141335720664949926e-01
6.081940099851702586e-01
6.023369635080442208e-01
5.965618753218212555e-01
5.908681201138340500e-01
5.852550054386054246e-01
5.797218340741303599e-01
5.742678235288394273e-01
5.688921718193971078e-01
5.635940225230509082e-01
5.583725178992150484e-01
5.532267432027118126e-01
5.481557766985547531e-01
5.431586672437161978e-01
5.382344431082496383e-01
5.333821363184247932e-01
5.286007510760236672e-01
5.238892898613409788e-01
5.192467324096411430e-01
5.146720732233779350e-01
5.101642895323124094e-01
5.057223685509429911e-01
5.013452946830062595e-01
4.970320482475544810e-01
4.927816195128867371e-01
4.885930023921058463e-01
4.844651870525946702e-01
4.803971797562884838e-01
4.763880011249425617e-01
4.724366653767592683e-01
4.685422087707865613e-01
4.647036646473064470e-01
4.609200834504976196e-01
4.571905334180590974e-01
4.535140860332192436e-01
4.498898229439173280e-01
4.463168443865275226e-01
4.427942544789460477e-01
4.393211840918519462e-01
4.358967730587855471e-01
4.325201545191977304e-01
4.291905033540708847e-01
4.259069890455898788e-01
4.226688020214626751e-01
4.194751505843081207e-01
4.163252442221396232e-01
4.132183146944314878e-01
4.101536040180090437e-01
4.071303683140411467e-01
4.041478750313907686e-01
4.012054112329491162e-01
3.983022664499651921e-01
3.954377554322819344e-01
3.926111958311880867e-01
3.898219224333692168e-01
3.870692840555400860e-01
3.843526358730273151e-01
3.816713522931999836e-01
3.790248113392173934e-01
3.764124141754778274e-01
3.738335646410848034e-01
3.712876766492521630e-01
3.687741887199819657e-01
3.662925386787007076e-01
3.638421758873996437e-01
3.614225569951787231e-01
3.590331679033703649e-01
3.566734805481497905e-01
3.543429928527091488e-01
3.520412137901776095e-01
3.497676459036163643e-01
3.475218183724670951e-01
3.453032665167279913e-01
3.431115240761803409e-01
3.409461478835250081e-01
3.388066950235979480e-01
3.366927356989627418e-01
3.346038455564899761e-01
3.325396112255361580e-01
3.304996253478241774e-01
3.284834885959493356e-01
3.264908132691025644e-01
3.245212139910897409e-01
3.225743158327406546e-01
3.206497535033001611e-01
3.187471615635069089e-01
3.168661908308250674e-01
3.150064928094884475e-01
3.131677304342797008e-01
3.113495630094314515e-01
3.095516727765743603e-01
3.077737352944208138e-01
3.060154361246201771e-01
3.042764689869852379e-01
3.025565328291285327e-01
3.008553262292991137e-01
2.991725626823600881e-01
2.975079583220763269e-01
2.958612286153570747e-01
2.942321082639435259e-01
2.926203205465262580e-01
2.910256045732415586e-01
2.894477019210656699e-01
2.878863593210167493e-01
2.863413260291521878e-01
2.848123571802276266e-01
2.832992160902568779e-01
2.818016634631119732e-01
2.803194720022764153e-01
2.788524159389006996e-01
2.774002668216580814e-01
2.759628126447470908e-01
2.745398402006301031e-01
2.731311328468276067e-01
2.717364884686506166e-01
2.703557028597133871e-01
2.689885809423244734e-01
2.676349201732111660e-01
2.662945365354496552e-01
2.649672345570612264e-01
2.636528373141071580e-01
2.623511550745825094e-01
2.610620160025880487e-01
