# f_z
4.930075297198657225e-01
5.051072937853927636e-01
5.170321506566529779e-01
5.287747098271698976e-01
5.403283623977089833e-01
5.516872447882295027e-01
5.628462360718707869e-01
5.738009198417490797e-01
5.845475733173515209e-01
5.950831494913481068e-01
6.054051907641760932e-01
6.155118867768701874e-01
6.254019701365799433e-01
6.350747182768696764e-01
6.445299258150704036e-01
6.537678436173349761e-01
6.627891841168337406e-01
6.715950458676366308e-01
6.801868875632383071e-01
6.885665607759885454e-01
6.967361779173445457e-01
7.046981634981553944e-01
7.124551904020607340e-01
7.200101511375311958e-01
7.273661484853569670e-01
7.345264556771451403e-01
7.414945003794387590e-01
7.482738170327809524e-01
7.548681008227050571e-01
7.612810826020388610e-01
7.675166042251840848e-01
7.735785439539537567e-01
7.794708197251577486e-01
7.851973773172704618e-01
7.907621928706490833e-01
7.961692006900643603e-01
8.014223778494389272e-01
8.065256371270567159e-01
8.114829019502536323e-01
8.162980302212885508e-01
8.209748459142033328e-01
8.255171190554079219e-01
8.299285952079684670e-01
8.342129095302824870e-01
8.383736834885353595e-01
8.424144403451193641e-01
8.463386543349580293e-01
8.501497101629121866e-01
8.538509406167444915e-01
8.574455822859829990e-01
8.609368078155318349e-01
8.643277156072661782e-01
8.676213216434560671e-01
8.708205546524043772e-01
8.739282996047041951e-01
8.769473243473812074e-01
8.798803392734239059e-01
8.827300032539702190e-01
8.854988498374903871e-01
8.881893792035966406e-01
8.908040153419299889e-01
8.933450805697216168e-01
8.958148658464020198e-01
8.982155647033692736e-01
9.005493329666633961e-01
9.028182364588320796e-01
9.050242837836407483e-01
9.071694171904081117e-01
9.092555324784959980e-01
9.112844418227059595e-01
9.132579261220258315e-01
9.151776767424424364e-01
9.170453879121016616e-01
9.188626295363212515e-01
9.206309761415176762e-01
9.223519226556455841e-01
9.240268929569098733e-01
9.256573605753167788e-01
9.272446215484353438e-01
9.287900282567447263e-01
9.302948266912096642e-01
9.317602788968938343e-01
9.331875552850147360e-01
9.345778234506572080e-01
9.359321802998605833e-01
9.372517065213280540e-01
9.385374557240683258e-01
9.397904360223233722e-01
9.410116138665411967e-01
9.422019349447922076e-01
9.433623138646658468e-01
9.444936330590343321e-01
9.455967569770069581e-01
9.466724896561131697e-01
9.477216460541203480e-01
9.487450019843374216e-01
9.497432869977274761e-01
9.507172575143244542e-01
9.516675826650706771e-01
9.525949567931691897e-01
9.535000290536373990e-01
9.543834428628842348e-01
9.552458099930567492e-01
9.560877173461910239e-01
9.569097543357354407e-01
9.577124707836968120e-01
9.584963956878191915e-01
9.592620814683600061e-01
9.600100121902936934e-01
9.607406858071333433e-01
9.614545748506754252e-01
9.621521398179075923e-01
9.628338211745804953e-01
9.635000687762282912e-01
9.641512799533564770e-01
9.647878734306499782e-01
9.654102380139432116e-01
9.660187520080794066e-01
9.666137962538325912e-01
9.671957050238775278e-01
9.677648451500600046e-01
9.683215629215405906e-01
9.688661615384441816e-01
9.693989593184337838e-01
9.699202738719169270e-01
9.704304147586458873e-01
9.709296355671932499e-01
9.714182421067157902e-01
9.718965044091382177e-01
9.723646727229577902e-01
9.728230383384618429e-01
9.732717971031241699e-01
9.737112304990496181e-01
9.741415620563291800e-01
9.745629996340970935e-01
9.749757986880270844e-01
9.753801540795090652e-01
9.757762898616240133e-01
9.761643752313444722e-01
9.765446250808594852e-01
9.769172455619153927e-01
9.772824079131638975e-01
9.776403029394239441e-01
9.779910752759735093e-01
9.783349179820880481e-01
9.786720097314285383e-01
9.790024939495765022e-01
9.793265266148230008e-01
9.796442657723556380e-01
9.799558576608118354e-01
