# fsigma_8
4.040752959726863769e-01
4.098979933560231714e-01
4.154090042914703185e-01
4.206105688112455887e-01
4.255057677464776367e-01
4.300984307410586349e-01
4.343930887175460054e-01
4.383948975969149120e-01
4.421095691023387286e-01
4.455433302794843953e-01
4.487028201736393829e-01
4.515950706958897776e-01
4.542274286702701613e-01
4.566075043784579290e-01
4.587431165141740985e-01
4.606422522688372601e-01
4.623130251799190127e-01
4.637636183674422874e-01
4.650022434691397089e-01
4.660371380106582695e-01
4.668764913201101097e-01
4.675284389756495518e-01
4.680010390990856917e-01
4.683022353884830902e-01
4.684398372014513812e-01
4.684215218591480934e-01
4.682547953173125110e-01
4.679469808264400399e-01
4.675052317370541610e-01
4.669364963696739923e-01
4.662475228947137174e-01
4.654448518947408298e-01
4.645348048139260611e-01
4.635235016961984367e-01
4.624168381785835336e-01
4.612204883139994216e-01
4.599399205170754401e-01
4.585803844956540809e-01
4.571469237515001227e-01
4.556443659091315435e-01
4.540773344076758367e-01
4.524502511169699037e-01
4.507673586991359227e-01
4.490326763492714091e-01
4.472500717650347291e-01
4.454231993582994376e-01
4.435555730153807885e-01
4.416505034112466754e-01
4.397111591206089298e-01
4.377405438276569249e-01
4.357415078323091384e-01
4.337167554224315991e-01
4.316688565166426628e-01
4.296002318279764642e-01
4.275131831705529240e-01
4.254098902771041857e-01
4.232924018078334516e-01
4.211626699681741970e-01
4.190225172008482102e-01
4.168736760451388079e-01
4.147177820849852758e-01
4.125563659805659977e-01
4.103908733561323352e-01
4.082226658684136589e-01
4.060530260990795615e-01
4.038831483646816989e-01
4.017141647185675235e-01
3.995471266978372071e-01
3.973830276070662859e-01
3.952227947326059088e-01
3.930672907901113233e-01
3.909173282856539533e-01
3.887736658239330234e-01
3.866370003160732871e-01
3.845079953555761709e-01
3.823872600145881706e-01
3.802753486228209745e-01
3.781728064066845474e-01
3.760801080003421393e-01
3.739977049748415272e-01
3.719260073687518653e-01
3.698654071394956167e-01
3.678162469296765158e-01
3.657788552139809024e-01
3.637535183896092317e-01
3.617405081438462844e-01
3.597400658083824143e-01
3.577524138853011570e-01
3.557777495088336739e-01
3.538162487726770333e-01
3.518680683562016576e-01
3.499333504057611788e-01
3.480122180372025587e-01
3.461047725200444569e-01
3.442111076018867788e-01
3.423313028012007764e-01
3.404654162081901525e-01
3.386134999403616619e-01
3.367755972367043049e-01
3.349517290446792916e-01
3.331419149329201690e-01
3.313461631515595140e-01
3.295644712135159526e-01
3.277968279676466978e-01
3.260432185886756873e-01
3.243036141215518975e-01
3.225779796943936684e-01
3.208662846904299926e-01
3.191684774249325396e-01
3.174845072823384573e-01
3.158143194136863174e-01
3.141578546695677487e-01
3.125150425836939472e-01
3.108858203303511147e-01
3.092701117893626450e-01
3.076678374330384380e-01
3.060789214495460153e-01
3.045032791294410290e-01
3.029408258895456840e-01
3.013914697438613288e-01
2.998551228578359984e-01
2.983316952068628680e-01
2.968210887829155209e-01
2.953232054277421526e-01
2.938379528844924926e-01
2.923652297530388022e-01
2.909049318622981550e-01
2.894569618192252558e-01
2.880212182311084890e-01
2.865975956120448975e-01
2.851859932303107414e-01
2.837863032069296021e-01
2.823984227823241877e-01
2.810222487464287267e-01
2.796576690610570459e-01
2.783045882607614874e-01
2.769628948829382931e-01
2.756324826154732399e-01
2.743132483541523281e-01
2.730050827933387381e-01
2.717078878665103447e-01
2.704215534124916887e-01
2.691459762575448833e-01
2.678810519954217262e-01
2.666266752366683868e-01
2.653827487861203371e-01
2.641491601750179385e-01
2.629258142325791026e-01
2.617126058394179111e-01
2.605094367336713290e-01
