# rs_dv
inf
1.727897748141983270e+00
8.689692739023097134e-01
5.827375349262950976e-01
4.396793860396738252e-01
3.538901637093141428e-01
2.967349535830283713e-01
2.559416287064467110e-01
2.253741090640246914e-01
2.016234480723767264e-01
1.826442671522876537e-01
1.671349532327141008e-01
1.542277574718401156e-01
1.433219253054078268e-01
1.339883421558035193e-01
1.259123208246725745e-01
1.188578435808785860e-01
1.126444246563318707e-01
1.071316852125387686e-01
1.022087993408737489e-01
9.778710623463153506e-02
9.379483314235648184e-02
9.017325749049617811e-02
8.687387016774444914e-02
8.385624796611197695e-02
8.108643661545893166e-02
7.853570694469703961e-02
7.617958743383780595e-02
7.399710405991861972e-02
7.197017740110894790e-02
7.008314030617379675e-02
6.832234890560279217e-02
6.667586654663973378e-02
6.513320518420941119e-02
6.368511239925865597e-02
6.232339491967341799e-02
6.104077154665653315e-02
5.983074992394782354e-02
5.868752275832302134e-02
5.760588000062221575e-02
5.658113419468521754e-02
5.560905674645157809e-02
5.468582329360137384e-02
5.380796669462602905e-02
5.297233642548884042e-02
5.217606338745364031e-02
5.141652930292865686e-02
5.069134001626649649e-02
4.999830213028465947e-02
4.933540250219101836e-02
4.870079019879262200e-02
4.809276057361534101e-02
4.750974118045089845e-02
4.695027928092710551e-02
4.641303073959605202e-02
4.589675013006103838e-02
4.540028190086452947e-02
4.492255247108073446e-02
4.446256314348761424e-02
4.401938373838806123e-02
4.359214686406644862e-02
4.318004275087888866e-02
4.278231458538878096e-02
4.239825428902838783e-02
4.202719869270250819e-02
4.166852606472479931e-02
4.132165295463884058e-02
4.098603131994298099e-02
4.066114590661566719e-02
4.034651185770846832e-02
4.004167252721321096e-02
3.974619747897476657e-02
3.945968065266724362e-02
3.918173868081952643e-02
3.891200934260649613e-02
3.865015014164346202e-02
3.839583699636435477e-02
3.814876303274907648e-02
3.790863747021419594e-02
3.767518459241060019e-02
3.744814279549663755e-02
3.722726370718848488e-02
3.701231137054273451e-02
3.680306148700764057e-02
3.659930071380058936e-02
3.640082601113292515e-02
3.620744403522064420e-02
3.601897057339196323e-02
3.583523001793851442e-02
3.565605487565789294e-02
3.548128531030640687e-02
3.531076871542569023e-02
3.514435931522688628e-02
3.498191779141551772e-02
3.482331093402065564e-02
3.466841131445429908e-02
3.451709697917540454e-02
3.436925116246703632e-02
3.422476201695645592e-02
3.408352236061927554e-02
3.394542943910937999e-02
3.381038470234786625e-02
3.367829359438863357e-02
3.354906535565382875e-02
3.342261283670296124e-02
3.329885232276267454e-02
3.317770336830302980e-02
3.305908864099933037e-02
3.294293377446788629e-02
3.282916722920853347e-02
3.271772016122902194e-02
3.260852629786300388e-02
3.250152183150729207e-02
3.239664526447872533e-02
3.229383736886363293e-02
3.219304104417714668e-02
3.209420123349152054e-02
3.199726483395322341e-02
3.190218061191864990e-02
3.180889912243487633e-02
3.171737263280920843e-02
3.162755505002956546e-02
3.153940185181220573e-02
3.145287002106866153e-02
3.136791798359688660e-02
3.128450554881445633e-02
3.120259385336278390e-02
3.112214530742283755e-02
3.104312354359220830e-02
3.096549336818317510e-02
3.088922071480986256e-02
3.081427260014092326e-02
3.074061708170149759e-02
3.066822321761517034e-02
3.059706102818366552e-02
3.052710145920756873e-02
3.045831634695745846e-02
3.039067838470998692e-02
3.032416109076856159e-02
3.025873877789280603e-02
3.019438652406539886e-02
3.013108014452917788e-02
3.006879616503075822e-02
3.000751179621087214e-02
2.994720490908507615e-02
2.988785401156103180e-02
2.982943822594234795e-02
2.977193726737097784e-02
2.971533142316326592e-02
2.965960153299706040e-02
