# sigma_8
8.196128286362848181e-01
8.115067796470554207e-01
8.034490771296970424e-01
7.954438080987689119e-01
7.874947853159036670e-01
7.796055370215349001e-01
7.717793260006408085e-01
7.640191614154637767e-01
7.563277811476208923e-01
7.487076901107281302e-01
7.411611710947865195e-01
7.336902509887642809e-01
7.262967664957508118e-01
7.189823358381486340e-01
7.117483582070283088e-01
7.045960684148631081e-01
6.975265080644773574e-01
6.905405589588649029e-01
6.836389409607775969e-01
6.768222050827620295e-01
6.700907834521788731e-01
6.634449516014289117e-01
6.568848755736877987e-01
6.504106013625234883e-01
6.440220488359471585e-01
6.377190613608596514e-01
6.315013733449087452e-01
6.253686420327331241e-01
6.193204232998269498e-01
6.133562320683146885e-01
6.074754869510547994e-01
6.016775614221867574e-01
5.959617641334175042e-01
5.903273687437509132e-01
5.847735796521882357e-01
5.792995859601770547e-01
5.739045143102843305e-01
5.685874861079105447e-01
5.633475735013386831e-01
5.581838360991902004e-01
5.530953069603907757e-01
5.480810036195044033e-01
5.431399295094536672e-01
5.382710711131367676e-01
5.334734147474594623e-01
5.287459212781525641e-01
5.240875750427835822e-01
5.194973286841610971e-01
5.149741461934813636e-01
5.105169970794225520e-01
5.061248443284969145e-01
5.017966537353339973e-01
4.975314065576116329e-01
4.933280795139879937e-01
4.891856498570030798e-01
4.851031281652995464e-01
4.810795092402840867e-01
4.771138042387367273e-01
4.732050383552147688e-01
4.693522415444018603e-01
4.655544597268100881e-01
4.618107548288757913e-01
4.581201864387218770e-01
4.544818436799488715e-01
4.508948163466252601e-01
4.473582079476509654e-01
4.438711445831249880e-01
4.404327561386201517e-01
4.370421882656671531e-01
4.336986089020689050e-01
4.304011819083750079e-01
4.271491080039416799e-01
4.239415747012041935e-01
4.207778049600069403e-01
4.176570258010418035e-01
4.145784820544577420e-01
4.115414297152435452e-01
4.085451296704881163e-01
4.055888804966201744e-01
4.026719641648194292e-01
3.997936962538912176e-01
3.969533961861707039e-01
3.941503986487880917e-01
3.913840517458981871e-01
3.886537144957098455e-01
3.859587617999333253e-01
3.832985712124276079e-01
3.806725416354452829e-01
3.780800834614266304e-01
3.755206136287638774e-01
3.729935605702820456e-01
3.704983688163084321e-01
3.680344877131011549e-01
3.656013841130737463e-01
3.631985288454943062e-01
3.608254083923513877e-01
3.584815190265249196e-01
3.561663546801239755e-01
3.538794463226230258e-01
3.516203047854317143e-01
3.493884685704397586e-01
3.471834781182009944e-01
3.450048854084075134e-01
3.428522530103316202e-01
3.407251489614162576e-01
3.386231504912680101e-01
3.365458452902276854e-01
3.344928261933111102e-01
3.324636965991004667e-01
3.304580642544712732e-01
3.284755491051002396e-01
3.265157781897401468e-01
3.245783807245683494e-01
3.226629975493587321e-01
3.207692799042121679e-01
3.188968745419807904e-01
3.170454480358694815e-01
3.152146668959219800e-01
3.134042024473582821e-01
3.116137387483753907e-01
3.098429586077193765e-01
3.080915541184076067e-01
3.063592274825647221e-01
3.046456802835628697e-01
3.029506247059800539e-01
3.012737701814018898e-01
2.996148445838288099e-01
2.979735702630821881e-01
2.963496801608626052e-01
2.947429124604788453e-01
2.931530011022309146e-01
2.915797047151677535e-01
2.900227643852771875e-01
2.884819411187167781e-01
2.869569942282391706e-01
2.854476886864895646e-01
2.839537935281399861e-01
2.824750770020872381e-01
2.810113289466663056e-01
2.795623218659705200e-01
2.781278446059430864e-01
2.767076857445283089e-01
2.753016374716924508e-01
2.739095056872885570e-01
2.725310835134169829e-01
2.711661784002056264e-01
2.698145937395568517e-01
2.684761487482815179e-01
2.671506535416532935e-01
2.658379300426003677e-01
