# d_m
0.000000000000000000e+00
6.403879156108583004e+01
1.276698134462943415e+02
1.908889584591500466e+02
2.536923852032553839e+02
3.160765181080308821e+02
3.780380468084811127e+02
4.395739249065765648e+02
5.006813681437737387e+02
5.613578520157062712e+02
6.216011088613897755e+02
6.814091244602328743e+02
7.407801341708563996e+02
7.997126186461748603e+02
8.582052991593360503e+02
9.162571325751102904e+02
9.738673060009916753e+02
1.031035231151860671e+03
1.087760538461334363e+03
1.144043070972168380e+03
1.199882878037086812e+03
1.255280208860306630e+03
1.310235505908884534e+03
1.364749398221659476e+03
1.418822694642288070e+03
1.472456377001384226e+03
1.525651593271390084e+03
1.578409650716291935e+03
1.630732009056830066e+03
1.682620273670350116e+03
1.734076188842980855e+03
1.785101631090379669e+03
1.835698602561815960e+03
1.885869224541033645e+03
1.935615731055946071e+03
1.984940462607928112e+03
2.033845860030227641e+03
2.082334458483823255e+03
2.130408881597930304e+03
2.178071835761269085e+03
2.225326104569203380e+03
2.272174543430935046e+03
2.318620074339995426e+03
2.364665680810504455e+03
2.410314402980871364e+03
2.455569332885914264e+03
2.500433609897716451e+03
2.544910416334964339e+03
2.589002973239944367e+03
2.632714536321923788e+03
2.676048392065149983e+03
2.719007853999367853e+03
2.761596259130367798e+03
2.803816964527776236e+03
2.845673344067044127e+03
2.887168785322354324e+03
2.928306686606954372e+03
2.969090454157296790e+03
3.009523499457166963e+03
3.049609236697956021e+03
3.089351080371074659e+03
3.128752442988470648e+03
3.167816732927204612e+03
3.206547352393965411e+03
3.244947695505421052e+03
3.283021146480332845e+03
3.320771077939356474e+03
3.358200849308505440e+03
3.395313805322292865e+03
3.432113274622623521e+03
3.468602568449592127e+03
3.504784979420391664e+03
3.540663780392615536e+03
3.576242223408348764e+03
3.611523538715506675e+03
3.646510933862954516e+03
3.681207592866100185e+03
3.715616675439671781e+03
3.749741316294527223e+03
3.783584624495473236e+03
3.817149682877081432e+03
3.850439547514695732e+03
3.883457247247841224e+03
3.916205783253378286e+03
3.948688128665849490e+03
3.980907228242547717e+03
4.012865998070920341e+03
4.044567325316052575e+03
4.076014068006024445e+03
4.107209054853044108e+03
4.138155085108358435e+03
4.168854928449000909e+03
4.199311324894526479e+03
4.229526984751997588e+03
4.259504588587496983e+03
4.289246787222586136e+03
4.318756201754161339e+03
4.348035423596232249e+03
4.377087014542235011e+03
4.405913506846552991e+03
4.434517403323947292e+03
4.462901177465726505e+03
4.491067273571477926e+03
4.519018106895273377e+03
4.546756063805332815e+03
4.574283501956118016e+03
4.601602750471963191e+03
4.628716110141323952e+03
4.655625853620822454e+03
4.682334225648272877e+03
4.708843443263952395e+03
4.735155696039380018e+03
4.761273146312942117e+03
4.787197929431723423e+03
4.812932153998927788e+03
4.838477902126325716e+03
4.863837229691196626e+03
4.889012166597236501e+03
4.914004717038975286e+03
4.938816859769233815e+03
4.963450548369200078e+03
4.987907711520737394e+03
5.012190253280522484e+03
5.036300053355686941e+03
5.060238967380610120e+03
5.084008827194565129e+03
5.107611441119915071e+03
5.131048594240601233e+03
5.154322048680644912e+03
5.177433543882453705e+03
5.200384796884683965e+03
5.223177502599453874e+03
5.245813334088739794e+03
5.268293942839737610e+03
5.290620959039048103e+03
5.312795991845523531e+03
5.334820629661629027e+03
5.356696440403187808e+03
5.378424971767389252e+03
5.400007751498943435e+03
5.421446287654280241e+03
5.442742068863696659e+03
5.463896564591370407e+03
5.484911225393148015e+03
5.505787483172052816e+03
5.526526751431427328e+03
5.547130425525674582e+03
5.567599882908523796e+03
5.587936483378785852e+03
5.608141569323556723e+03
5.628216465958824301e+03
5.648162481567459508e+03
5.667980907734550783e+03
5.687673019580071013e+03
5.707240075988850549e+03
5.726683319837839917e+03
5.746003978220660429e+03
5.765203262669417200e+03
5.784282369373788242e+03
5.803242479397370516e+03
5.822084758891297497e+03
5.840810359305110069e+03
5.859420417594910759e+03
5.877916056428791308e+03
5.896298384389539024e+03
5.914568496174655593e+03
5.932727472793666493e+03
5.950776381762772871e+03
5.968716277296822227e+03
5.986548200498652477e+03
6.004273179545796665e+03
6.021892229874586519e+03
6.039406354361663944e+03
6.056816543502933200e+03
6.074123775589963770e+03
6.091329016883869372e+03
6.108433221786694958e+03
6.125437333010330804e+03
6.142342281742967316e+03
6.159148987813143322e+03
6.175858359851376008e+03
6.192471295449440731e+03
6.208988681317286137e+03
6.225411393437645529e+03
6.241740297218346313e+03
6.257976247642366616e+03
6.274120089415645452e+03
6.290172657112686466e+03
6.306134775319984328e+03
6.322007258777293828e+03
6.337790912516777098e+03
6.353486532000045372e+03
6.369094903253143457e+03
6.384616802999479660e+03
6.400052998790745733e+03
6.415404249135855935e+03
6.430671303627916132e+03
6.445854903069268403e+03
6.460955779594628439e+03
6.475974656792347560e+03
6.490912249823820275e+03
6.505769265541069217e+03
6.520546402602536546e+03
6.535244351587100027e+03
6.549863795106342877e+03
6.564405407915110118e+03
6.578869857020370546e+03
6.593257801788403413e+03
6.607569894050348921e+03
6.621806778206143463e+03
6.635969091326855050e+03
6.650057463255449875e+03
6.664072516706020906e+03
6.678014867361491270e+03
6.691885123969812412e+03
6.705683888438706163e+03
6.719411755928937964e+03
6.733069314946170380e+03
6.746657147431409612e+03
6.760175828850065955e+03
6.773625928279653635e+03
6.787008008496147340e+03
6.800322626059024515e+03
6.813570331395000721e+03
6.826751668880498983e+03
6.839867176922849467e+03
6.852917388040255901e+03
6.865902828940551444e+03
6.878824020598744937e+03
6.891681478333395717e+03
6.904475711881822463e+03
6.917207225474186089e+03
6.929876517906423032e+03
6.942484082612095335e+03
6.955030407733152970e+03
6.967515976189609319e+03
6.979941265748184378e+03
6.992306749089900222e+03
7.004612893876665112e+03
7.016860162816849879e+03
7.029049013729881153e+03
7.041179899609868698e+03
7.053253268688271419e+03
7.065269564495627492e+03
7.077229225922369551e+03
7.089132687278713092e+03
7.100980378353671767e+03
7.112772724473181370e+03
7.124510146557357984e+03
7.136193061176914853e+03
7.147821880608734318e+03
7.159397012890614860e+03
7.170918861875220500e+03
7.182387827283216211e+03
7.193804304755631165e+03
7.205168685905446182e+03
7.216481358368429028e+03
7.227742705853208463e+03
7.238953108190627972e+03
7.250112941382375539e+03
7.261222577648891274e+03
7.272282385476586569e+03
7.283292729664376566e+03
7.294253971369525971e+03
7.305166468152831840e+03
7.316030574023161535e+03
7.326846639481330385e+03
7.337615011563350890e+03
7.348336033883067103e+03
7.359010046674159639e+03
7.369637386831554068e+03
7.380218387952235389e+03
7.390753380375478628e+03
7.401242691222492795e+03
7.411686644435515518e+03
7.422085560816337420e+03
7.432439758064280795e+03
7.442749550813640781e+03
7.453015250670593559e+03
7.463237166249583424e+03
7.473415603209190522e+03
7.483550864287498371e+03
7.493643249336962072e+03
7.503693055358783567e+03
7.513700576536800327e+03
7.523666104270912911e+03
7.533589927210029600e+03
7.543472331284559004e+03
7.553313599738450648e+03
7.563114013160781724e+03
7.572873849516918199e+03
7.582593384179232089e+03
7.592272889957395819e+03
7.601912637128265487e+03
7.611512893465344860e+03
7.621073924267844632e+03
7.630595992389346065e+03
7.640079358266068084e+03
7.649524279944749651e+03
7.658931013110150161e+03
7.668299811112175121e+03
7.677630924992632572e+03
7.686924603511627538e+03
7.696181093173595400e+03
7.705400638252985118e+03
7.714583480819597753e+03
7.723729860763575743e+03
7.732840015820066583e+03
7.741914181593546346e+03
7.750952591581821252e+03
7.759955477199704546e+03
7.768923067877484755e+03
7.777855590978011605e+03
7.786753271685985055e+03
7.795616333314803342e+03
7.804444997208621317e+03
7.813239482764207423e+03
7.822000007452501450e+03
7.830726786839898523e+03
7.839420034609248432e+03
7.848079962580576648e+03
7.856706780731541585e+03
7.865300697217616289e+03
7.873861918392009102e+03
7.882390648825329663e+03
7.890887091324991161e+03
7.899351446954365201e+03
7.907783915051692020e+03
7.916184693248735130e+03
7.924553977489208592e+03
7.932891962046958724e+03
7.941198839543909344e+03
7.949474800967790543e+03
7.957720035689621909e+03
7.965934731480985647e+03
7.974119074531077786e+03
7.982273249463533830e+03
7.990397439353050686e+03
7.998491825741792127e+03
8.006556588655588712e+03
8.014591906619929432e+03
8.022597956675759633e+03
8.030574914395067935e+03
8.038522953896289437e+03
8.046442247859511554e+03
8.054332967541481594e+03
8.062195282790441524e+03
8.070029362060766289e+03
8.077835372427423863e+03
8.085613479600255232e+03
8.093363847938081562e+03
8.101086640462626747e+03
8.108782018872278968e+03
8.116450143555676732e+03
8.124091173605126642e+03
8.131705266829864740e+03
8.139292579769141412e+03
8.146853267705159851e+03
8.154387484675849919e+03
8.161895383487484651e+03
8.169377115727150340e+03
8.176832831775055638e+03
8.184262680816701504e+03
8.191666810854896539e+03
8.199045368721630439e+03
8.206398500089806475e+03
8.213726349484826642e+03
8.221029060296041280e+03
8.228306774788066832e+03
8.235559634111959895e+03
8.242787778316258482e+03
8.249991346357899602e+03
8.257170476113002223e+03
8.264325304387517463e+03
8.271455966927760528e+03
8.278562598430813523e+03
8.285645332554808192e+03
8.292704301929086796e+03
8.299739638164241114e+03
8.306751471862035032e+03
8.313739932625216170e+03
8.320705149067203820e+03
8.327647248821667745e+03
8.334566358552001475e+03
8.341462603960671913e+03
8.348336109798476173e+03
8.355186999873678360e+03
8.362015397061048134e+03
8.368821423310791943e+03
8.375605199657384219e+03
8.382366846228293070e+03
8.389106482252611386e+03
8.395824226069578799e+03
8.402520195137019982e+03
8.409194506039677435e+03
8.415847274497451508e+03
8.422478615373547655e+03
8.429088642682530917e+03
8.435677469598285825e+03
8.442245208461896254e+03
8.448791970789425250e+03
