# h
2.334948666386640144e-04
2.349785520212764264e-04
2.364970218399475843e-04
2.380502581250249210e-04
2.396382282461187267e-04
2.412608854310207163e-04
2.429181692947538147e-04
2.446100063766218097e-04
2.463363106831921662e-04
2.480969842352109692e-04
2.498919176165321533e-04
2.517209905232281998e-04
2.535840723111457899e-04
2.554810225402690785e-04
2.574116915143580698e-04
2.593759208144366386e-04
2.613735438248146817e-04
2.634043862504386571e-04
2.654682666244759020e-04
2.675649968051473505e-04
2.696943824609302322e-04
2.718562235433597744e-04
2.740503147467584079e-04
2.762764459543219685e-04
2.785344026700864971e-04
2.808239664363885763e-04
2.831449152365182308e-04
2.854970238823450568e-04
2.878800643867714831e-04
2.902938063209398200e-04
2.927380171561819806e-04
2.952124625907644596e-04
2.977169068615314056e-04
3.002511130406014246e-04
3.028148433173181498e-04
3.054078592656923430e-04
3.080299220976111317e-04
3.106807929021203449e-04
3.133602328711107901e-04
3.160680035117663139e-04
3.188038668461450390e-04
3.215675855982866923e-04
3.243589233692474507e-04
3.271776448004745175e-04
3.300235157259397991e-04
3.328963033134566592e-04
3.357957761956030778e-04
3.387217045906797445e-04
3.416738604141225655e-04
3.446520173807937236e-04
3.476559510985619862e-04
3.506854391535838803e-04
3.537402611876843393e-04
3.568201989682320699e-04
3.599250364508891080e-04
3.630545598356125711e-04
3.662085576162667200e-04
3.693868206242015978e-04
3.725891420661336982e-04
3.758153175566628697e-04
3.790651451457391135e-04
3.823384253413839376e-04
3.856349611279623617e-04
3.889545579802852976e-04
3.922970238738107533e-04
3.956621692912034183e-04
3.990498072254985290e-04
4.024597531801054999e-04
4.058918251658723384e-04
4.093458436954284943e-04
4.128216317750046092e-04
4.163190148939250245e-04
4.198378210119503183e-04
4.233778805446491945e-04
4.269390263469582383e-04
4.305210936950836539e-04
4.341239202668961249e-04
4.377473461209496048e-04
4.413912136742582080e-04
4.450553676789519280e-04
4.487396551979245347e-04
4.524439255795832649e-04
4.561680304318005397e-04
4.599118235951608425e-04
4.636751611155948052e-04
4.674579012164798136e-04
4.712599042702869277e-04
4.750810327698449164e-04
4.789211512992900361e-04
4.827801265047622142e-04
4.866578270649079196e-04
4.905541236612430628e-04
4.944688889484241722e-04
4.984019975244780454e-04
5.023533259010283655e-04
5.063227524735619978e-04
5.103101574917703149e-04
5.143154230299973144e-04
5.183384329578291172e-04
5.223790729108486984e-04
5.264372302615834970e-04
5.305127940906700836e-04
5.346056551582550756e-04
5.387157058756521406e-04
5.428428402772743876e-04
5.469869539928535291e-04
5.511479442199640304e-04
5.553257096968616758e-04
5.595201506756488068e-04
5.637311688957744689e-04
5.679586675578811783e-04
5.722025512979997180e-04
5.764627261621038884e-04
5.807390995810265142e-04
5.850315803457429957e-04
5.893400785830234896e-04
5.936645057314594636e-04
5.980047745178625673e-04
6.023607989340401536e-04
6.067324942139462607e-04
6.111197768112080521e-04
6.155225643770277167e-04
6.199407757384579843e-04
6.243743308770500653e-04
6.288231509078729287e-04
6.332871580588996917e-04
6.377662756507587348e-04
6.422604280768507345e-04
6.467695407838202314e-04
6.512935402523865012e-04
6.558323539785256007e-04
6.603859104549991395e-04
6.649541391532302155e-04
6.695369705055153426e-04
6.741343358875749765e-04
6.787461676014341786e-04
6.833723988586286498e-04
6.880129637637336397e-04
6.926677972982095508e-04
6.973368353045600104e-04
7.020200144707960119e-04
7.067172723152049347e-04
7.114285471714143581e-04
7.161537781737504528e-04
7.208929052428831447e-04
7.256458690717545795e-04
7.304126111117844938e-04
7.351930735593505389e-04
7.399871993425329334e-04
7.447949321081266975e-04
7.496162162089083482e-04
7.544509966911598772e-04
7.592992192824367815e-04
7.641608303795855697e-04
7.690357770369959977e-04
7.739240069550905278e-04
7.788254684690447231e-04
7.837401105377299034e-04
7.886678827328815313e-04
7.936087352284803198e-04
7.985626187903499627e-04
8.035294847659594543e-04
8.085092850744314075e-04
8.135019721967506239e-04
8.185074991661671698e-04
8.235258195587929824e-04
8.285568874843838747e-04
8.336006575773097574e-04
8.386570849877006103e-04
8.437261253727716724e-04
8.488077348883205867e-04
8.539018701803938963e-04
8.590084883771196417e-04
8.641275470807011777e-04
8.692590043595717787e-04
8.744028187407012478e-04
8.795589492020582188e-04
8.847273551652201249e-04
8.899079964881280187e-04
8.951008334579851553e-04
9.003058267842951141e-04
9.055229375920369628e-04
9.107521274149730194e-04
9.159933581890891035e-04
9.212465922461615317e-04
9.265117923074502049e-04
9.317889214775164873e-04
9.370779432381555777e-04
9.423788214424535636e-04
9.476915203089536542e-04
9.530160044159391832e-04
9.583522386958245962e-04
9.637001884296541015e-04
9.690598192417080887e-04
9.744310970942092953e-04
9.798139882821340317e-04
9.852084594281205511e-04
9.906144774774723952e-04
9.960320096932594267e-04
1.001461023651511670e-03
1.006901487236501296e-03
1.012353368636115030e-03
1.017816636337314168e-03
1.023291259121680017e-03
1.028777206061039142e-03
1.034274446513174699e-03
1.039782950117617124e-03
1.045302686791507035e-03
1.050833626725544007e-03
1.056375740380002988e-03
1.061928998480827059e-03
1.067493372015790656e-03
1.073068832230735653e-03
1.078655350625873800e-03
1.084252898952154428e-03
1.089861449207706100e-03
1.095480973634333768e-03
1.101111444714082720e-03
1.106752835165868663e-03
1.112405117942160499e-03
1.118068266225729019e-03
1.123742253426449371e-03
1.129427053178165118e-03
1.135122639335602599e-03
1.140828985971344698e-03
1.146546067372855582e-03
1.152273858039556606e-03
1.158012332679959466e-03
1.163761466208841199e-03
1.169521233744476871e-03
1.175291610605910635e-03
1.181072572310289028e-03
1.186864094570222244e-03
1.192666153291204161e-03
1.198478724569075745e-03
1.204301784687522277e-03
1.210135310115624790e-03
1.215979277505449020e-03
1.221833663689671657e-03
1.227698445679252124e-03
1.233573600661141663e-03
1.239459105996031443e-03
1.245354939216136670e-03
1.251261078023020376e-03
1.257177500285452769e-03
1.263104184037304629e-03
1.269041107475476918e-03
1.274988248957868546e-03
1.280945587001366699e-03
1.286913100279883778e-03
1.292890767622417118e-03
1.298878568011142516e-03
1.304876480579541392e-03
1.310884484610557420e-03
1.316902559534778756e-03
1.322930684928654965e-03
1.328968840512743639e-03
1.335017006149976553e-03
1.341075161843961359e-03
1.347143287737312140e-03
1.353221364109996432e-03
1.359309371377716725e-03
1.365407290090318642e-03
1.371515100930215374e-03
1.377632784710845727e-03
1.383760322375152552e-03
1.389897694994084165e-03
1.396044883765119177e-03
1.402201870010818651e-03
1.408368635177393224e-03
1.414545160833297760e-03
1.420731428667847043e-03
1.426927420489848813e-03
1.433133118226260876e-03
1.439348503920870976e-03
1.445573559732990553e-03
1.451808267936171909e-03
1.458052610916945983e-03
1.464306571173574437e-03
1.470570131314826454e-03
1.476843274058767903e-03
1.483125982231571320e-03
1.489418238766346270e-03
1.495720026701981200e-03
1.502031329182004164e-03
1.508352129453465005e-03
1.514682410865827522e-03
1.521022156869880496e-03
1.527371351016666061e-03
1.533729976956419144e-03
1.540098018437528575e-03
1.546475459305507970e-03
1.552862283501981128e-03
1.559258475063687172e-03
1.565664018121495438e-03
1.572078896899432735e-03
1.578503095713731843e-03
1.584936598971885225e-03
1.591379391171716517e-03
1.597831456900464589e-03
1.604292780833879110e-03
1.610763347735329329e-03
1.617243142454926740e-03
1.623732149928657290e-03
1.630230355177526586e-03
1.636737743306718564e-03
1.643254299504762162e-03
1.649780009042714057e-03
1.656314857273347239e-03
1.662858829630355431e-03
1.669411911627564438e-03
1.675974052378088192e-03
1.682545310368277654e-03
1.689125635013076932e-03
1.695715012139183304e-03
1.702313427649649637e-03
1.708920867523159052e-03
1.715537317813301769e-03
1.722162764647878173e-03
1.728797194228193224e-03
1.735440592828373834e-03
1.742092946794685177e-03
1.748754242544864768e-03
1.755424466567454597e-03
1.762103605421154072e-03
1.768791645734172973e-03
1.775488574203593073e-03
1.782194377594744500e-03
1.788909042740579724e-03
1.795632556541064450e-03
1.802364905962574150e-03
1.809106078037294504e-03
1.815856059862634405e-03
1.822614838600640930e-03
1.829382401477427965e-03
1.836158735782607862e-03
1.842943828868728309e-03
1.849737668150723503e-03
1.856540241105364029e-03
1.863351535270717793e-03
1.870171538245617897e-03
1.877000237689135714e-03
1.883837621320059172e-03
1.890683676916380144e-03
1.897538392314788340e-03
1.904401755410166939e-03
1.911273754155097320e-03
1.918154376559373566e-03
1.925043610689514779e-03
1.931941444668288255e-03
1.938847866674238722e-03
1.945762864941220829e-03
1.952686427757937280e-03
1.959618543467487369e-03
1.966559200466909667e-03
1.973508387206746387e-03
1.980466092190595606e-03
1.987432303974681277e-03
1.994407011167423881e-03
2.001390202429012381e-03
2.008381866470988330e-03
2.015381992055831264e-03
2.022390567996544975e-03
2.029407583156256790e-03
2.036433026447815112e-03
2.043466886833392171e-03
2.050509153324094145e-03
2.057559814979573447e-03
2.064618860907647090e-03
2.071686280263916775e-03
2.078762062251393768e-03
2.085846196120133729e-03
2.092938671166865491e-03
2.100039476734630230e-03
2.107148602212427155e-03
2.114266037034857448e-03
2.121391770681771254e-03
2.128525792677928973e-03
2.135668092592650415e-03
2.142818660039483899e-03
2.149977484675866680e-03
2.157144556202792753e-03
2.164319864364490625e-03
2.171503398948095888e-03
2.178695149783328559e-03
2.185895106742180832e-03
2.193103259738597016e-03
2.200319598728170400e-03
2.207544113707830997e-03
2.214776794715541969e-03
2.222017631829999521e-03
2.229266615170340162e-03
2.236523734895836703e-03
2.243788981205615055e-03
2.251062344338363667e-03
2.258343814572045562e-03
2.265633382223620779e-03
2.272931037648763183e-03
2.280236771241585074e-03
2.287550573434364402e-03
2.294872434697274588e-03
