# hsc_theory
8.273536131019665937e-06
6.715498137121834499e-06
5.471484790964484370e-06
4.482427083204621716e-06
3.691524536382539773e-06
3.049695949699382208e-06
2.518250875378323757e-06
2.069132272076609878e-06
1.683742304748637584e-06
1.253519527808397388e-05
1.023588058461027495e-05
8.403603774102009688e-06
6.936804401353784057e-06
5.746144497773223213e-06
4.759990108969041549e-06
3.925836769038053418e-06
3.208215178040484624e-06
2.585627739918627351e-06
1.512526071274536321e-05
1.239599376173330280e-05
1.020653678476520538e-05
8.436600526764395820e-06
6.983760284285906105e-06
5.768146996212600717e-06
4.732803177268826882e-06
3.840053492370653299e-06
3.067540961070072173e-06
1.651793485011436455e-05
1.355863654585093267e-05
1.117383408452225091e-05
9.235389326555519093e-06
7.635639747760006747e-06
6.291579652517988939e-06
5.144631077222545857e-06
4.156241200600137737e-06
3.303526726710671625e-06
2.303510920012454119e-05
1.901035492527544833e-05
1.577267998183585709e-05
1.312605774116983806e-05
1.091565895797502517e-05
9.029277424243219949e-06
7.393360606146954974e-06
5.963723121655849651e-06
4.717845354606610214e-06
2.986147531794732887e-05
2.475894695765437975e-05
2.061180472378178519e-05
1.717642171054742275e-05
1.426820784819288351e-05
1.175896410543674555e-05
9.568960423793607505e-06
7.652813344738046848e-06
5.989245738837261447e-06
3.300751460965240794e-05
2.740858041014477013e-05
2.283981192407798791e-05
1.903715646845179603e-05
1.580347328987687515e-05
1.300399251675078532e-05
1.055659490568783259e-05
8.415498870069377578e-06
6.559926510149676119e-06
4.325229520456868102e-05
3.607557216348612127e-05
3.012699346583839579e-05
2.509426960454877643e-05
2.075516317993565237e-05
1.696559283779316673e-05
1.364390656970100398e-05
1.074739817132836761e-05
8.258230421815059257e-06
5.035879569875030516e-05
4.207729420778942131e-05
3.515749806907878059e-05
2.925771818219728704e-05
2.414092593352999309e-05
1.965799395225221820e-05
1.572798780046183944e-05
1.230995485952441306e-05
9.387199062035925077e-06
6.050521339488168482e-05
5.064233251516666044e-05
4.231643701591558795e-05
3.515322324503937805e-05
2.890155800350384632e-05
2.340975623154194189e-05
1.860034926697529429e-05
1.443545012958806103e-05
1.089915068642522645e-05
1.644673745277997539e-06
1.349322146722205507e-06
1.106516567440166784e-06
9.116808118963057526e-07
7.574368986577537559e-07
6.353662532241462701e-07
5.373591287671624012e-07
4.568268781525000227e-07
2.481140214770138691e-06
2.038140285863931612e-06
1.681607753620770737e-06
1.399176965474780458e-06
1.175985282663834142e-06
9.975122040343198603e-07
8.510304385353004359e-07
7.266936992669130804e-07
2.977572260507937964e-06
2.458387742475660504e-06
2.041000146740934367e-06
1.708776247058759070e-06
1.443303198442286268e-06
1.227555728629021308e-06
1.047193103557121285e-06
8.912242858636590809e-07
3.243303352361665514e-06
2.686227700362630377e-06
2.237521755663613046e-06
1.878600133006980246e-06
1.589563475502705114e-06
1.352455012680712562e-06
1.152613666001164041e-06
9.774467127160477641e-07
4.495692515183734214e-06
3.725262827272865819e-06
3.116719102442646075e-06
2.636388833163646673e-06
2.251135083964735617e-06
1.932802599303721610e-06
1.659553890555769429e-06
1.416686040099777408e-06
5.778317778607964802e-06
4.821687837327067122e-06
4.066024196301645171e-06
3.464640686352604815e-06
2.974294356249416804e-06
2.560172341316170297e-06
2.196802919575599100e-06
1.868601585255357480e-06
6.368684207976735394e-06
5.328209007888148173e-06
4.505591808987778947e-06
3.848401880504961564e-06
3.309028949535084137e-06
2.849873409689389971e-06
2.444105415200612002e-06
2.075453663965027197e-06
8.263811511642457882e-06
6.981494698616309667e-06
5.958798088208350909e-06
5.126408357440986832e-06
4.425227237899509196e-06
3.811623148872729139e-06
3.257353499088168422e-06
2.748107279161891116e-06
9.582199108650830545e-06
8.135104728678511129e-06
6.973470663914195259e-06
6.017351041528097028e-06
5.200710254782673010e-06
4.476617951551853028e-06
3.817018703122072505e-06
3.205754459594930900e-06
1.146326942772473257e-05
9.791908962138357232e-06
8.435860291358077294e-06
7.301781375358676954e-06
6.315676589694306170e-06
5.427746898226250346e-06
4.612574312309023547e-06
3.846526231938981239e-06
