# d_z
1.000000000000000000e+00
9.900770309540249947e-01
9.802133844933613727e-01
9.704141282591460804e-01
9.606839548710219834e-01
9.510270967930940511e-01
9.414476682357171278e-01
9.319491570592486340e-01
9.225350380868448941e-01
9.132085170530194196e-01
9.039721416863708559e-01
8.948284532278264480e-01
8.857798066003615967e-01
8.768280042196815449e-01
8.679748878044646343e-01
8.592219792952158208e-01
8.505704748046676311e-01
8.420213603368301714e-01
8.335757498439689828e-01
8.252342312951534975e-01
8.169972226301331908e-01
8.088650951048212967e-01
8.008381496117173981e-01
7.929163194311489304e-01
7.850995601958272729e-01
7.773876842131962617e-01
7.697802868793610642e-01
7.622769776117267471e-01
7.548772762885487264e-01
7.475805185895542104e-01
7.403860219372453422e-01
7.332930072480949857e-01
7.263006363846240543e-01
7.194079490372271568e-01
7.126140417618272993e-01
7.059178831887990002e-01
6.993183853845368336e-01
6.928145505105041124e-01
6.864051280636523922e-01
6.800889853780851535e-01
6.738650529845591208e-01
6.677319787934165030e-01
6.616886417653961017e-01
6.557337168815785544e-01
6.498660217711579312e-01
6.440842362256282705e-01
6.383871834451583238e-01
6.327734394908682836e-01
6.272418772218136818e-01
6.217912103618457031e-01
6.164200986295468310e-01
6.111273683099784915e-01
6.059116611516692785e-01
6.007717890494228552e-01
5.957064719874022307e-01
5.907145077462099270e-01
5.857946611175025575e-01
5.809457642512211306e-01
5.761665332222845048e-01
5.714558621760800206e-01
5.668125606613964029e-01
5.622353996247827501e-01
5.577233321280653522e-01
5.532752226543405927e-01
5.488899003960521217e-01
5.445662904081411959e-01
5.403033578913819523e-01
5.361000158714874786e-01
5.319551825944620616e-01
5.278678915882799583e-01
5.238370385155338704e-01
5.198617841132291417e-01
5.159409540643911107e-01
5.120737880470725978e-01
5.082591760458132768e-01
5.044962887528086082e-01
5.007841429628460128e-01
4.971218762930816881e-01
4.935086592875601030e-01
4.899435969402875513e-01
4.864257612307554823e-01
4.829544525458943638e-01
4.795287840901856224e-01
4.761479197830556509e-01
4.728111482839050805e-01
4.695177158810028839e-01
4.662667477418032114e-01
4.630576600756186045e-01
4.598896297251887644e-01
4.567618970020250746e-01
4.536738691258798695e-01
4.506248562712635297e-01
4.476141258687836855e-01
4.446410867479874685e-01
4.417050092946580575e-01
4.388053387141155337e-01
4.359414090183200141e-01
4.331126487455362328e-01
4.303184379999035469e-01
4.275581985083372616e-01
4.248313821028496529e-01
4.221373929998760155e-01
4.194756696639277416e-01
4.168458148168123212e-01
4.142470631365768874e-01
4.116790950637589375e-01
4.091412728878522365e-01
4.066332208608438581e-01
4.041543429744960392e-01
4.017042503582790580e-01
3.992823841257952533e-01
3.968883885887158347e-01
3.945217059108631630e-01
3.921819921975869261e-01
3.898687919500964938e-01
3.875816312154082843e-01
3.853201114377203251e-01
3.830838742944704389e-01
3.808724784238341488e-01
3.786855035121887147e-01
3.765226631724692963e-01
3.743834934767449885e-01
3.722676512584251474e-01
3.701747849732634488e-01
3.681045147438678500e-01
3.660565421464163638e-01
3.640304348357564779e-01
3.620259640505279486e-01
3.600427183978996970e-01
3.580804306657702218e-01
3.561387730924724382e-01
3.542174068231630502e-01
3.523160453945740067e-01
3.504343670499887042e-01
3.485721363160187436e-01
3.467290247593646790e-01
3.449047785468179472e-01
3.430990317809726187e-01
3.413116516242010179e-01
3.395422532856814946e-01
3.377906249163285524e-01
3.360565010358687044e-01
3.343396497108970244e-01
3.326397906055042486e-01
3.309566994584530186e-01
3.292901353737885950e-01
3.276398699137891835e-01
3.260056478594680618e-01
3.243872781026824748e-01
3.227845293416001238e-01
