# da
0.000000000000000000e+00
8.444376021191625625e+01
1.648948810133524603e+02
2.415723650940731204e+02
3.146796506442158261e+02
3.844060371091173351e+02
4.509279535304980300e+02
5.144100891856636508e+02
5.750064035074811954e+02
6.328610299552158267e+02
6.881090865400559551e+02
7.408774040322608698e+02
7.912851814425320072e+02
8.394445771398557099e+02
8.854612429098970097e+02
9.294348073455715848e+02
9.714593141727984857e+02
1.011623620431199356e+03
1.050011758836414629e+03
1.086703268134745940e+03
1.121773494811211094e+03
1.155293869119532019e+03
1.187332158059356516e+03
1.217952697625380779e+03
1.247216606389463095e+03
1.275181982245287600e+03
1.301904083941667523e+03
1.327435498851386683e+03
1.351826298264672914e+03
1.375124181357143016e+03
1.397374608859148111e+03
1.418620927344801657e+03
1.438904484962899915e+03
1.458264739346839860e+03
1.476739358365311318e+03
1.494364314308598523e+03
1.511173972046077097e+03
1.527201171637664629e+03
1.542477305835155448e+03
1.557032392867590261e+03
1.570895144867618455e+03
1.584093032262632278e+03
1.596652344424830062e+03
1.608598246847861446e+03
1.619954835094032433e+03
1.630745185734764163e+03
1.640991404487991076e+03
1.650714671739029654e+03
1.659935285616049896e+03
1.668672702777432278e+03
1.676945577055736521e+03
1.684771796091728447e+03
1.692168516081671896e+03
1.699152194751797424e+03
1.705738622665460070e+03
1.711942952960837374e+03
1.717779729610032064e+03
1.723262914284106500e+03
1.728405911902742218e+03
1.733221594941906460e+03
1.737722326568032940e+03
1.741919982662750954e+03
1.745825972798054863e+03
1.749451260218045945e+03
1.752806380879845392e+03
1.755901461603074495e+03
1.758746237374267594e+03
1.761350067849852167e+03
1.763721953098711992e+03
1.765870548622998967e+03
1.767804179693595643e+03
1.769530855034588285e+03
1.771058279889150299e+03
1.772393868497447102e+03
1.773544756015469602e+03
1.774517809902140243e+03
1.775319640800540810e+03
1.775956612937718774e+03
1.776434854066246771e+03
1.776760264969464515e+03
1.776938528551188256e+03
1.776975118529597012e+03
1.776875307753968627e+03
1.776644176162009217e+03
1.776286618394568450e+03
1.775807351083724825e+03
1.775210919829388331e+03
1.774501705878822804e+03
1.773683932522759733e+03
1.772761671221104734e+03
1.771738847470594237e+03
1.770619246426135760e+03
1.769406518287022436e+03
1.768104183458630587e+03
1.766715637499709828e+03
1.765244155864898630e+03
1.763692898451613246e+03
1.762064913960015929e+03
1.760363144074387719e+03
1.758590427473783166e+03
1.756749503679513737e+03
1.754843016746624471e+03
1.752873518806200536e+03
1.750843473465016359e+03
1.748755259068738042e+03
1.746611171834594188e+03
1.744413428859163332e+03
1.742164171006653760e+03
1.739865465682812328e+03
1.737519309499365818e+03
1.735127630833647117e+03
1.732692292287888904e+03
1.730215092159856340e+03
1.727697770227711544e+03
1.725142004744425776e+03
1.722549417942625951e+03
1.719921577213448245e+03
1.717259997046650824e+03
1.714566140896417892e+03
1.711841422975921660e+03
1.709087209983609000e+03
1.706304822763996981e+03
1.703495537905693482e+03
1.700660589279188571e+03
1.697801169516897289e+03
1.694918431437773506e+03
1.692013489418782456e+03
1.689087420715332655e+03
1.686141266732761324e+03
1.683176034250818930e+03
1.680192696603044396e+03
1.677192194812816524e+03
1.674175438687821952e+03
1.671143307874584934e+03
1.668096652874620759e+03
1.665036296023750083e+03
1.661963032436001868e+03
1.658877630913498933e+03
1.655780834823656733e+03
1.652673362944958171e+03
1.649555910282535478e+03
1.646429148854711002e+03
1.643293728451631068e+03
1.640150277367059743e+03
1.636999403104349994e+03
1.633841693057604971e+03
1.630677715168938676e+03
1.627508018562775078e+03
1.624333134158031271e+03
1.621153575259035961e+03
