# f_ap
0.000000000000000000e+00
2.028833885786254093e-02
4.075690347146355280e-02
6.141490885574735908e-02
8.227137850078519721e-02
1.033351294729237674e-01
1.246147591382082975e-01
1.461186334904067408e-01
1.678548770534822598e-01
1.898313643171769260e-01
2.120557126545342397e-01
2.345352766617333773e-01
2.572771438535396693e-01
2.802881316419533198e-01
3.035747855212251323e-01
3.271433783792279670e-01
3.509999108531529077e-01
3.751501126465319746e-01
3.995994447245878045e-01
4.243531023057625640e-01
4.494160185688763631e-01
4.747928689975995376e-01
5.004880762867106592e-01
5.265058157378095238e-01
5.528500210757366640e-01
5.795243906207442341e-01
6.065323937554975009e-01
6.338772776300606315e-01
6.615620740522162313e-01
6.895896065145924458e-01
7.179624973141955913e-01
7.466831747239314199e-01
7.757538801796067807e-01
8.051766754495980338e-01
8.349534497579857995e-01
8.650859268352574238e-01
8.955756718739332767e-01
9.264240983693763365e-01
9.576324748288578270e-01
9.892019313344933007e-01
1.021133465948021790e+00
1.053427950947562808e+00
1.086086138888467056e+00
1.119108668482125868e+00
1.152496070288266727e+00
1.186248772217646685e+00
1.220367104843387285e+00
1.254851306520321952e+00
1.289701528312718226e+00
1.324917838731642039e+00
1.360500228283975321e+00
1.396448613835766350e+00
1.432762842793148916e+00
1.469442697104548889e+00
1.506487897088266692e+00
1.543898105089873241e+00
1.581672928974089620e+00
1.619811925456037915e+00
1.658314603276888288e+00
1.697180426229018213e+00
1.736408816035878599e+00
1.775999155091796178e+00
1.815950789066897553e+00
1.856263029382349883e+00
1.896935155561036979e+00
1.937966417458735435e+00
1.979356037380738842e+00
2.021103212088805279e+00
2.063207114703154321e+00
2.105666896504168051e+00
2.148481688638261833e+00
2.191650603732297586e+00
2.235172737420751066e+00
2.279047169789714555e+00
2.323272966741670054e+00
2.367849181284809035e+00
2.412774854750564746e+00
2.458049017942844916e+00
2.503670692222330185e+00
2.549638890529070778e+00
2.595952618346455409e+00
2.642610874609526928e+00
2.689612652560451789e+00
2.736956940553863404e+00
2.784642722814639093e+00
2.832668980150581550e+00
2.881034690622362504e+00
2.929738830172937458e+00
2.978780373218583133e+00
3.028158293203570661e+00
3.077871563120438747e+00
3.127919155997632927e+00
3.178300045356338366e+00
3.229013205638103123e+00
3.280057612604853290e+00
3.331432243712791674e+00
3.383136078461610463e+00
3.435168098720338570e+00
3.487527289031141731e+00
3.540212636892255293e+00
3.593223133021218985e+00
3.646557771599511000e+00
3.700215550499584616e+00
3.754195471495330949e+00
3.808496540456864476e+00
3.863117767530534596e+00
3.918058167304967032e+00
3.973316758963968631e+00
4.028892566426994115e+00
4.084784618477947049e+00
4.140991948882894569e+00
4.197513596497435273e+00
4.254348603169544774e+00
4.311496022432776520e+00
4.368954906927525528e+00
4.426724316752665978e+00
4.484803317497252806e+00
4.543190980297041826e+00
4.601886381884172650e+00
4.660888604630452292e+00
4.720196736584631125e+00
4.779809871504010488e+00
4.839727108880746975e+00
4.899947553963175828e+00
4.960470317772447402e+00
5.021294517114784028e+00
5.082419274589641489e+00
5.143843718593995362e+00
5.205566983323041796e+00
5.267588208767519653e+00
5.329906540707907148e+00
5.392521130705601351e+00
5.455431136091445588e+00
5.518635719951627827e+00
5.582134051111212081e+00
5.645925304115428922e+00
5.710008659208941850e+00
5.774383302313119692e+00
5.839048425001613474e+00
5.904003224474198674e+00
5.969246903529165316e+00
6.034778670534221234e+00
6.100597739396161678e+00
6.166703329529297228e+00
6.233094665822791924e+00
6.299770978607026173e+00
6.366731503618968446e+00
6.433975481966786703e+00
6.501502160093630245e+00
6.569310789740793410e+00
