# fsigma_8
4.040787555580900303e-01
4.099015033556823173e-01
4.154125585605192295e-01
4.206141643290037813e-01
4.255094075232488393e-01
4.301021120939295117e-01
4.343968073048636858e-01
4.383986490826995430e-01
4.421133583052507254e-01
4.455471455284157334e-01
4.487066596432681131e-01
4.515989388058246901e-01
4.542313156879833613e-01
4.566114099229883205e-01
4.587470402430019467e-01
4.606461972999235654e-01
4.623169830912423062e-01
4.637675882961775353e-01
4.650062256983595321e-01
4.660411284222962247e-01
4.668804866315052760e-01
4.675324417661877452e-01
4.680050483672569261e-01
4.683062451831350170e-01
4.684438448923842757e-01
4.684255312352863521e-01
4.682588001540045619e-01
4.679509856170001036e-01
4.675092344777139752e-01
4.669404954734179825e-01
4.662515186985995985e-01
4.654488364472222917e-01
4.645387809788092959e-01
4.635274686095922081e-01
4.624207947673109054e-01
4.612244359257387516e-01
4.599438559799874926e-01
4.585843123409600319e-01
4.571508354239910421e-01
4.556482669977768296e-01
4.540812174030433024e-01
4.524541263801341584e-01
4.507712154816449490e-01
4.490365193444311731e-01
4.472538962262625484e-01
4.454270160243651300e-01
4.435593689694439234e-01
4.416542832472141189e-01
4.397149247468506994e-01
4.377442888556025702e-01
4.357452399995671577e-01
4.337204729042117290e-01
4.316725520998641596e-01
4.296039091764937701e-01
4.275168447873851085e-01
4.254135290057463048e-01
4.232960248802003500e-01
4.211662689262120618e-01
4.190260992154912767e-01
4.168772429671437352e-01
4.147213298588779962e-01
4.125598929887671629e-01
4.103943840064605553e-01
4.082261612339954659e-01
4.060565017747750360e-01
4.038866047326611919e-01
4.017176035038828585e-01
3.995505455459031907e-01
3.973864285887119263e-01
3.952261755951826383e-01
3.930706543572854983e-01
3.909206757934581833e-01
3.887769947943613968e-01
3.866403109479450428e-01
3.845112876935295465e-01
3.823905309441653633e-01
3.802786073335524542e-01
3.781760434108955016e-01
3.760833235769967531e-01
3.740009068239305012e-01
3.719291937935119141e-01
3.698685763624618428e-01
3.678193976442545865e-01
3.657819840338019657e-01
3.637566311163563104e-01
3.617436003439830072e-01
3.597431472359857718e-01
3.577554762777751529e-01
3.557807960454635876e-01
3.538192756551388762e-01
3.518710772307491186e-01
3.499363434167482856e-01
3.480151947405725754e-01
3.461077343913438464e-01
3.442140548451650961e-01
3.423342296933392093e-01
3.404683310880011748e-01
3.386164004398811711e-01
3.367784798402171376e-01
3.349545950523004634e-01
3.331447647422088876e-01
3.313489981843335541e-01
3.295672920957239405e-01
3.277996359884964295e-01
3.260460083726889891e-01
3.243063894337627762e-01
3.225807427947106065e-01
3.208690305940685161e-01
3.191712060870404710e-01
3.174872231745039519e-01
3.158170215970320105e-01
3.141605411185965369e-01
3.125177178634775954e-01
3.108884804640830168e-01
3.092727567057131921e-01
3.076704703311972655e-01
3.060815398116811803e-01
3.045058844323820790e-01
3.029434163638873856e-01
3.013940498508974608e-01
2.998576903751863365e-01
2.983342483940722989e-01
2.968236281309588054e-01
2.953257338383434849e-01
2.938404641086409530e-01
2.923677293106393682e-01
2.909074194713044959e-01
2.894594388567041099e-01
2.880236824172561771e-01
2.866000475595872898e-01
2.851884333008386507e-01
2.837887325475257905e-01
2.824008378801867725e-01
2.810246513752914232e-01
2.796600646929249256e-01
2.783069714057292976e-01
2.769652631440274182e-01
2.756348420932608900e-01
2.743155952129999742e-01
2.730074199780627153e-01
2.717102130292423645e-01
2.704238666151224657e-01
2.691482789389586516e-01
2.678833437560737551e-01
2.666289576292003027e-01
2.653850166793935705e-01
2.641514197993537483e-01
2.629280617448856994e-01
2.617148447748294249e-01
2.605116645726641700e-01
