# h
7.000000000000001421e+01
7.060149853085296456e+01
7.122190939877245341e+01
7.186121386916069298e+01
7.251937910266150311e+01
7.319635885578249201e+01
7.389209419570481430e+01
7.460651422433370783e+01
7.533953680688422594e+01
7.609106930057221518e+01
7.686100927928779925e+01
7.764924525045957182e+01
7.845565736066224360e+01
7.928011808687676876e+01
8.012249291066831347e+01
8.098264097290379482e+01
8.186041570697874192e+01
8.275566544885855080e+01
8.366823402256278541e+01
8.459796130002352754e+01
8.554468373453400432e+01
8.650823486726650913e+01
8.748844580657950587e+01
8.848514568005134606e+01
8.949816205937467828e+01
9.052732135841679906e+01
9.157244920490360585e+01
9.263337078631413135e+01
9.370991117068355436e+01
9.480189560310338948e+01
9.590914977878237835e+01
9.703150009358974160e+01
9.816877387304649005e+01
9.932079958076003834e+01
1.004874070073183674e+02
1.016684274406657096e+02
1.028636938189839896e+02
1.040730408670935105e+02
1.052963052173723355e+02
1.065333255161724395e+02
1.077839425166853715e+02
1.090479991591797813e+02
1.103253406395023717e+02
1.116158144666961363e+02
1.129192705105563590e+02
1.142355610399046952e+02
1.155645407523238646e+02
1.169060667960578570e+02
1.182599987847424359e+02
1.196261988055939582e+02
1.210045314216463481e+02
1.223948636685901619e+02
1.237970650467313050e+02
1.252110075085545589e+02
1.266365654423415634e+02
1.280736156522640385e+02
1.295220373353404000e+02
1.309817120556178622e+02
1.324525237159124060e+02
1.339343585274148438e+02
1.354271049774466178e+02
1.369306537956252612e+02
1.384448979186798852e+02
1.399697324541340038e+02
1.415050546430567806e+02
1.430507638220655053e+02
1.446067613847441180e+02
1.461729507426300074e+02
1.477492372859044281e+02
1.493355283439104539e+02
1.509317331456105649e+02
1.525377627800822040e+02
1.541535301571418017e+02
1.557789499681774430e+02
1.574139386472609203e+02
1.590584143326019273e+02
1.607122968284005822e+02
1.623755075671462862e+02
1.640479695724061457e+02
1.657296074221387698e+02
1.674203472125657584e+02
1.691201165226270859e+02
1.708288443790433462e+02
1.725464612220023639e+02
1.742728988714864329e+02
1.760080904942504390e+02
1.777519705714612428e+02
1.795044748670027275e+02
1.812655403964518825e+02
1.830351053967262374e+02
1.848131092964041216e+02
1.865994926867136599e+02
1.883941972931890518e+02
1.901971659479882248e+02
1.920083425628667158e+02
1.938276721028003351e+02
1.956551005602485702e+02
1.974905749300508262e+02
1.993340431849460117e+02
2.011854542517049538e+02
2.030447579878660633e+02
2.049119051590637071e+02
2.067868474169363537e+02
2.086695372776063948e+02
2.105599281007164052e+02
2.124579740690136873e+02
2.143636301684680348e+02
2.162768521689132513e+02
2.181975966051997489e+02
2.201258207588458049e+02
2.220614826401762514e+02
2.240045409709373416e+02
2.259549551673742087e+02
2.279126853237619912e+02
2.298776921963768132e+02
2.318499371878976376e+02
2.338293823322246112e+02
2.358159902797073357e+02
2.378097242827680873e+02
2.398105481819126794e+02
2.418184263921156969e+02
2.438333238895731085e+02
2.458552061988095829e+02
2.478840393801319237e+02
2.499197900174193592e+02
2.519624252062412495e+02
2.540119125422914692e+02
2.560682201101341775e+02
2.581313164722483862e+02
2.602011706583651289e+02
2.622777521550891038e+02
2.643610308957949542e+02
2.664509772507930165e+02
2.685475620177537621e+02
2.706507564123872953e+02
2.727605320593662555e+02
2.748768609834900758e+02
2.769997156010784920e+02
2.791290687115928222e+02
2.812648934894741046e+02
2.834071634761958762e+02
2.855558525725211325e+02
2.877109350309620481e+02
2.898723854484328513e+02
2.920401787590936920e+02
2.942142902273765230e+02
2.963946954411910610e+02
2.985813703053036079e+02
3.007742910348844703e+02
3.029734341492192584e+02
