# rs_dv
inf
1.727801490086192215e+00
8.689208651970272701e-01
5.827050716730680646e-01
4.396548922969641393e-01
3.538704491288889309e-01
2.967184230158996794e-01
2.559273706616048139e-01
2.253615538803701579e-01
2.016122159950537451e-01
1.826340923707785169e-01
1.671256424470092261e-01
1.542191657226470725e-01
1.433139411003835628e-01
1.339808779078013046e-01
1.259053064771998853e-01
1.188512222255634770e-01
1.126381494393378091e-01
1.071257171002802377e-01
1.022031054736759481e-01
9.778165869195275250e-02
9.378960800198504755e-02
9.016823410154869989e-02
8.686903058169233305e-02
8.385157648633036198e-02
8.108191943685387482e-02
7.853133186262473142e-02
7.617534360691852191e-02
7.399298181519745055e-02
7.196616807280289962e-02
7.007923610128849456e-02
6.831854279121911400e-02
6.667215215480788715e-02
6.512957673124961100e-02
6.368156461692663084e-02
6.231992299615726760e-02
6.103737107576675397e-02
5.982741686117232227e-02
5.868425338266350377e-02
5.760267088132278723e-02
5.657798216211969849e-02
5.560595886656109071e-02
5.468277684537534850e-02
5.380496915020208104e-02
5.296938543251456660e-02
5.217315675340893771e-02
5.141366498115293449e-02
5.068851609347322512e-02
4.999551681537751924e-02
4.933265411622220903e-02
4.869807716592649410e-02
4.809008141297899802e-02
4.750709449876960172e-02
4.694766376585551848e-02
4.641044515366819778e-02
4.589419330519139972e-02
4.539775273334125533e-02
4.492004991699922317e-02
4.446008621457889914e-02
4.401693149820177370e-02
4.358971842447307427e-02
4.317763726885968933e-02
4.277993126008572400e-02
4.239589235902924136e-02
4.202485743353896741e-02
4.166620478656411081e-02
4.131935100015121654e-02
4.098374806232910061e-02
4.065888074778006844e-02
4.034426422656620104e-02
4.003944187811823985e-02
3.974398329025988219e-02
3.945748242528610700e-02
3.917955593708252748e-02
3.890984162500268212e-02
3.864799701174172902e-02
3.839369803378759466e-02
3.814663783421558957e-02
3.790652564864113727e-02
3.767308577607476894e-02
3.744605662724833500e-02
3.722518984371437495e-02
3.701024948167419559e-02
3.680101125507134058e-02
3.659726183300812674e-02
3.639879818700688524e-02
3.620542698405442711e-02
3.601696402174113520e-02
3.583323370214143433e-02
3.565406854138365028e-02
3.547930871212829490e-02
3.530880161641841708e-02
3.514240148658607371e-02
3.497996901209795423e-02
3.482137099040401307e-02
3.466648000001507079e-02
3.451517409418389248e-02
3.436733651369835302e-02
3.422285541741652143e-02
3.408162362928492811e-02
3.394353840068171924e-02
3.380850118701804463e-02
3.367641743761532608e-02
3.354719639795177705e-02
3.342075092344184289e-02
3.329699730397576302e-02
3.317585509850507625e-02
3.305724697901312598e-02
3.294109858325903334e-02
3.282733837572798102e-02
3.271589751626289427e-02
3.260670973588934013e-02
3.249971123055876016e-02
3.239484050601389858e-02
3.229203833764057036e-02
3.219124762813488361e-02
3.209241332363618748e-02
3.199548232424923727e-02
3.190040339918456119e-02
3.180712710624371276e-02
3.171560571539309981e-02
3.162579313618841398e-02
3.153764484882615876e-02
3.145111783861426896e-02
3.136617053366672070e-02
3.128276274564004839e-02
3.120085561334065560e-02
3.112041154904357856e-02
3.104139418737237102e-02
3.096376833659988947e-02
3.088749993223802864e-02
3.081255599279289492e-02
3.073890457756906988e-02
3.066651474641386710e-02
3.059535652129912256e-02
3.052540084964397785e-02
3.045661956928795780e-02
3.038898537502892835e-02
3.032247178664554052e-02
3.025705311832841207e-02
3.019270444944857634e-02
3.012940159659616840e-02
3.006712108682550039e-02
3.000584013204686540e-02
2.994553660450858731e-02
2.988618901331560954e-02
2.982777648193460363e-02
2.977027872663754945e-02
2.971367603583895470e-02
2.965794925028404638e-02
