# sigma_8
8.196198429323305890e-01
8.115137199224474740e-01
8.034559568134570506e-01
7.954506186689840330e-01
7.875015338039477175e-01
7.796122128495761583e-01
7.717859300252476462e-01
7.640256993481414627e-01
7.563342519292579613e-01
7.487141041890140736e-01
7.411675163430367919e-01
7.336965420138877869e-01
7.263029931663835814e-01
7.189884890139103257e-01
7.117544467830659860e-01
7.046020926577267751e-01
6.975324769338780984e-01
6.905464763696113062e-01
6.836447884656680074e-01
6.768279996932047293e-01
6.700965131602882874e-01
6.634506301509214277e-01
6.568904943145895681e-01
6.504161641136453342e-01
6.440275601594440680e-01
6.377245228048904480e-01
6.315067822053170854e-01
6.253739960988590196e-01
6.193257228195194752e-01
6.133614754190523932e-01
6.074806863837144411e-01
6.016827189558043854e-01
5.959668680160857823e-01
5.903324235813709464e-01
5.847785888382273090e-01
5.793045471247000311e-01
5.739094263430180032e-01
5.685923530534580106e-01
5.633523957683542749e-01
5.581886158822988442e-01
5.531000448435910988e-01
5.480856931368102147e-01
5.431445750715016008e-01
5.382756766234537693e-01
5.334779820154608165e-01
5.287504523089857633e-01
5.240920636029630097e-01
5.195017744074952315e-01
5.149785534001710685e-01
5.105213663963718007e-01
5.061291750520341415e-01
5.018009511544408996e-01
4.975356702023888689e-01
4.933323038803978378e-01
4.891898402621169817e-01
4.851072820438415700e-01
4.810836254011101598e-01
4.771178889537189272e-01
4.732090883492752753e-01
4.693562566523352686e-01
4.655584450466472846e-01
4.618147080208926392e-01
4.581241104145055698e-01
4.544857359955796761e-01
4.508986724847718897e-01
4.473620348451762263e-01
4.438749471667943758e-01
4.404365267230169745e-01
4.370459332927572049e-01
4.337023211573172721e-01
4.304048659268862598e-01
4.271527614137271001e-01
4.239452026371921534e-01
4.207814072957284379e-01
4.176606035328729871e-01
4.145820338546554740e-01
4.115449523021311728e-01
4.085486328893758179e-01
4.055923521440010227e-01
4.026754122737871699e-01
3.997971184410633039e-01
3.969567932571840818e-01
3.941537736203227227e-01
3.913874029036461533e-01
3.886570440643655200e-01
3.859620637416610878e-01
3.833018521395042955e-01
3.806758021855272123e-01
3.780833170658569609e-01
3.755238250237841746e-01
3.729967535953114810e-01
3.705015420641594170e-01
3.680376371345318032e-01
3.656045152982654312e-01
3.632016388264376339e-01
3.608284964527794236e-01
3.584845881632059417e-01
3.561694073958747708e-01
3.538824747128467285e-01
3.516233169291294036e-01
3.493914592505911743e-01
3.471864503986870076e-01
3.450078393516215480e-01
3.428551884454204002e-01
3.407280655600616881e-01
3.386260497590215524e-01
3.365487262281857683e-01
3.344956883313009444e-01
3.324665412715095414e-01
3.304608926191170970e-01
3.284783605826621655e-01
3.265185731855106965e-01
3.245811582998038847e-01
3.226657603519533235e-01
3.207720244677106369e-01
3.188996074125883262e-01
3.170481622550990752e-01
3.152173654209744491e-01
3.134068865307112484e-01
3.116164053908259124e-01
3.098456101153159170e-01
3.080941941416631136e-01
3.063618505312247775e-01
3.046482875349897923e-01
3.029532160911483363e-01
3.012763464588296691e-01
2.996174084840477758e-01
2.979761203806917114e-01
2.963522164838572337e-01
2.947454336406301056e-01
2.931555139464723236e-01
2.915822020681006488e-01
2.900252486585268574e-01
2.884844127017620052e-01
2.869594505218658886e-01
2.854501306621368695e-01
2.839562232215011028e-01
2.824774955673107768e-01
2.810137318134437456e-01
2.795647148500465251e-01
2.781302240694548678e-01
2.767100536576946879e-01
2.753039956708122071e-01
2.739118514606283528e-01
2.725334147767419779e-01
2.711684982341861505e-01
2.698169027832786893e-01
2.684784482618597923e-01
2.671529414652791812e-01
2.658402074125428283e-01
