# bin_4_3
1.116432794525041104e-08
1.121472755965008739e-08
1.126698166451183748e-08
1.132112729726701525e-08
1.137719833133526117e-08
1.143523941026176250e-08
1.149532017921083117e-08
1.155751673557705614e-08
1.162191151823432114e-08
1.168860695597640400e-08
1.175770891849206098e-08
1.182932642278002242e-08
1.190355654740968922e-08
1.198042899982187643e-08
1.205995162410357445e-08
1.214213291287348944e-08
1.222703062802681548e-08
1.231474907015271211e-08
1.240544025460841820e-08
1.249926700414259896e-08
1.259636235289567606e-08
1.269673212009057771e-08
1.280033107693122987e-08
1.290714952957774437e-08
1.301732171292010788e-08
1.313109031993845504e-08
1.324868123950807108e-08
1.337012293292044611e-08
1.349530959858327006e-08
1.362423972186399039e-08
1.375719233545270012e-08
1.389449898422951918e-08
1.403620068223199356e-08
1.418214093647535244e-08
1.433244608960762752e-08
1.448757073868601888e-08
1.464769198659412961e-08
1.481258323622384161e-08
1.498239000605973326e-08
1.515760777097942686e-08
1.533814420630887782e-08
1.552377673686220934e-08
1.571493048036213482e-08
1.591162967363536487e-08
1.611357816362920176e-08
1.632114203282437625e-08
1.653418940873034395e-08
1.675262167126541117e-08
1.697674561250560309e-08
1.720632838890932528e-08
1.744168633101547377e-08
1.768274814819129535e-08
1.792971321531820735e-08
1.818264420801948345e-08
1.844168289087425609e-08
1.870679057660041649e-08
1.897802300028182406e-08
1.925528538435250661e-08
1.953855281388444183e-08
1.982776576710535511e-08
2.012296939537591920e-08
2.042428146395516162e-08
2.073192695772299396e-08
2.104610100746514399e-08
2.136693644047275120e-08
2.169454517978061944e-08
2.202895641774947376e-08
2.237019029002882137e-08
2.271830433583826979e-08
2.307320162349332795e-08
2.343479350182520025e-08
2.380293801458993230e-08
2.417731834108076633e-08
2.455747608781650708e-08
2.494292469538077653e-08
2.533320033093023716e-08
2.572788392126176597e-08
2.612670857853861310e-08
2.652949391081147805e-08
2.693616444526207896e-08
2.734676046469342482e-08
2.776152730272540187e-08
2.818083711902619505e-08
2.860505004942627145e-08
2.903409194342248061e-08
2.946776430015669336e-08
2.990541578927034147e-08
3.034616540684314841e-08
3.078904611752398184e-08
3.123317971005576193e-08
3.167775812405157811e-08
3.212225296302634279e-08
3.256644079411405091e-08
3.301028929716747917e-08
3.345368336058985122e-08
3.389621665520784144e-08
3.433733136604972977e-08
3.477634577111466862e-08
3.521309785308675811e-08
3.564758011424754032e-08
3.607949455969003011e-08
3.650797403528946059e-08
3.693161337954796129e-08
3.734861613892884431e-08
3.775745812502367002e-08
3.815760915108828541e-08
3.854915671389394623e-08
3.893258334136712687e-08
3.930811323763473266e-08
3.967513904425048766e-08
4.003243387881144608e-08
4.037842187659988085e-08
4.071126746218728850e-08
4.102959722599977701e-08
4.133279725107932114e-08
4.162113608308476327e-08
4.189467664877630467e-08
4.215313581515750961e-08
4.239533145793983941e-08
4.261983305858571888e-08
4.282537782574632676e-08
4.301092817683187616e-08
4.317549699323103291e-08
4.331874320572743481e-08
4.344100019643169677e-08
4.354214801888796909e-08
4.362119442887357282e-08
4.367642693189640758e-08
4.370659021461789007e-08
4.371169906366614086e-08
4.369207123966620347e-08
4.364782655488076757e-08
4.357825707359919643e-08
4.348246058511251891e-08
4.335957159798937034e-08
4.320980595499191719e-08
4.303356846905164934e-08
4.283108072731834028e-08
4.260200589381931322e-08
4.234589520916844392e-08
4.206282509220315405e-08
4.175350370520988805e-08
4.141855435425315217e-08
4.105804634090984110e-08
4.067214146000024445e-08
4.026138845690510647e-08
3.982664948060870499e-08
3.936885697087456441e-08
3.888844352107933270e-08
3.838605347784216662e-08
3.786285484501941039e-08
3.731993810107829391e-08
3.675818291370116595e-08
3.617853296068037583e-08
3.558226517981744728e-08
3.497061662884367826e-08
3.434468797193539034e-08
3.370569135915084525e-08
3.305492464090376992e-08
3.239369495707220891e-08
3.172320328084150360e-08
3.104468546636717550e-08
3.035949820344619067e-08
2.966878221883027950e-08
2.897374971495636832e-08
2.827559893244576652e-08
2.757542694307021504e-08
2.687431200884555497e-08
2.617329499740411227e-08
2.547334850416024809e-08
2.477539236532631043e-08
2.408030212694733073e-08
2.338889879455197278e-08
2.270195681579076856e-08
2.202020833415853907e-08
2.134434589231985151e-08
2.067503826341472346e-08
2.001292394326204152e-08
1.935862140759403080e-08
1.871275225918490911e-08
1.807591084315623988e-08
1.744871612009020548e-08
1.683177723308213558e-08
1.622570175716487888e-08
1.563110297932799802e-08
1.504858753328008380e-08
1.447873946708359474e-08
1.392212581877362427e-08
1.337926940234724418e-08
1.285063827467380677e-08
1.233663878010616290e-08
1.183759015701825765e-08
1.135372166324154867e-08
1.088515934208097966e-08
1.043192309022541252e-08
9.993932871406533578e-09
9.571014051240442183e-09
9.162917747183723129e-09
8.769339981010975335e-09
8.389943554331525049e-09
8.024383017297563473e-09
7.672322373539283994e-09
7.333452117594385977e-09
7.007496006064742268e-09
6.694210001941975425e-09
6.393372254351675723e-09
6.104766178370623088e-09
5.828159092707355261e-09
5.563285277153625388e-09
5.309835562204292826e-09
5.067455232151216197e-09
4.835751801742116537e-09
4.614310828308275997e-09
4.402715940483915114e-09
4.200567746985730075e-09
4.007494600438204307e-09
3.823152723685503318e-09
3.647218698637852056e-09
3.479376618122069921e-09
3.319307418280331906e-09
3.166685200263532372e-09
3.021179984219747762e-09
2.882465857948485000e-09
2.750228726234065308e-09
2.624170003988360146e-09
2.504005298830689288e-09
2.389460277989012410e-09
2.280267855179243922e-09
2.176168213918379409e-09
2.076910479195356011e-09
1.982254173823227985e-09
1.891969327109321961e-09
1.805835693248566642e-09
1.723642387090966623e-09
1.645188188059121386e-09
1.570281362149885362e-09
1.498739307756830071e-09
1.430388424653233660e-09
1.365064209627507725e-09
1.302611075938737544e-09
1.242881816296765745e-09
1.185737385797200812e-09
1.131046837652477266e-09
1.078687054528624858e-09
1.028542304716323245e-09
9.805039878891939631e-10
9.344704256655703153e-10
8.903464700624094570e-10
8.480431756514883589e-10
8.074775034455953194e-10
7.685719978556153058e-10
7.312544328242195202e-10
6.954574796152579675e-10
6.611183766543689665e-10
6.281786020885102415e-10
5.965835551171000690e-10
5.662822419490776985e-10
5.372269624155979834e-10
5.093730128049302052e-10
4.826784022833297574e-10
4.571035806575046487e-10
4.326111824748446236e-10
4.091657832239880984e-10
3.867336724054202614e-10
3.652826429430235522e-10
3.447817967843242818e-10
3.252013699281314219e-10
3.065125746577281755e-10
2.886874581375978048e-10
2.716987771997469162e-10
2.555198911372782565e-10
2.401246704961477020e-10
2.254874221081060304e-10
2.115828284978336743e-10
1.983858999837047336e-10
1.858719406509421661e-10
1.740165250664800545e-10
1.627954861252023301e-10
1.521849123449426163e-10
1.421611527010101813e-10
1.327008290681092745e-10
1.237808544906390524e-10
1.153784534098508670e-10
1.074711906753314165e-10
1.000369989700173562e-10
9.305420886725843455e-11
8.650157966962568485e-11
8.035833040359731799e-11
7.460417013828456147e-11
6.921932678853069514e-11
6.418457322025695047e-11
5.948125066658313031e-11
5.509128950270173841e-11
5.099722726795790896e-11
4.718222411787555400e-11
4.363007472898035353e-11
4.032521649446009932e-11
3.725273412397543472e-11
3.439836056681567467e-11
3.174847503660818863e-11
2.929009816223492205e-11
2.701088456695561354e-11
2.489911314514205178e-11
2.294367479507666185e-11
2.113405808698227968e-11
1.946033302469246720e-11
1.791313331788771159e-11
1.648363759854014946e-11
1.516354960290771405e-11
1.394507768486970466e-11
1.282091377034991604e-11
1.178421389938913334e-11
1.082857107021034757e-11
9.947999214100161478e-12
9.136910461834710866e-12
8.390093923283326883e-12
7.702695104681856690e-12
7.070195878036780711e-12
6.488394995439649927e-12
5.953389254998149501e-12
5.461555337634710623e-12
5.009532362763881230e-12
4.594205215425392225e-12
4.212688615938545279e-12
3.862312698467866698e-12
3.540607711863873156e-12
3.245288504328977580e-12
2.974245172437422953e-12
2.725529415599972905e-12
2.497343091307774998e-12
2.288027455650363770e-12
2.096053065829848969e-12
1.920010326233167360e-12
1.758601681773552781e-12
1.610631180893876784e-12
1.474996859855460447e-12
1.350685712911946772e-12
1.236765867293104749e-12
1.132380359254687199e-12
1.036741349137788061e-12
9.491266290266422037e-13
8.688690397576498974e-13
7.953572454130398360e-13
7.280299965625865216e-13
6.663719750044065604e-13
6.099115135834215550e-13
5.582136374036380842e-13
5.108792621958784635e-13
4.675429206460381299e-13
4.278700203924482735e-13
3.915537960129120560e-13
3.583108308863152714e-13
3.278826529631723713e-13
3.000334967768227228e-13
2.745457121487796120e-13
2.512193675795829561e-13
2.298727242116427711e-13
2.103392633700600558e-13
1.924644335617935396e-13
1.761088356987779455e-13
1.611441463240687110e-13
1.474514941206090462e-13
1.349247225278188701e-13
1.234636883248814747e-13
1.129785698658594605e-13
1.033866161418382940e-13
9.461153556906855080e-14
8.658463154326451261e-14
7.924154863073192943e-14
7.252483179111309461e-14
6.638072972247724238e-14
6.076066740147637941e-14
5.562035758714821819e-14
5.091830702927832737e-14
4.661817113016400789e-14
4.268512378926430339e-14
3.908786669602495165e-14
3.579837469812712617e-14
3.279024877213898305e-14
3.003941894476841599e-14
2.752407178456835469e-14
2.522424468576964799e-14
2.312180698595458388e-14
2.119989971627925201e-14
1.944313688650624431e-14
1.783751648400131573e-14
1.637022180545932615e-14
1.502952058829611370e-14
1.380472133441040355e-14
1.268611769425925168e-14
1.166457151734388153e-14
1.073183647163576098e-14
9.880362765603696097e-15
9.103598165392310183e-15
8.394910284702285196e-15
7.748655924442403053e-15
7.159619168475310470e-15
6.622922130023610170e-15
6.134100789261417814e-15
5.689337667160338085e-15
