# bin_3_2
1.037663972133210805e-08
1.042211018055703798e-08
1.046927982468268318e-08
1.051818816692065097e-08
1.056886725130969996e-08
1.062134697525544557e-08
1.067565714655451466e-08
1.073184513148655888e-08
1.078997915206401760e-08
1.085013757319492479e-08
1.091242340112833194e-08
1.097693975614468085e-08
1.104378459633773260e-08
1.111301784578213315e-08
1.118464438798443368e-08
1.125866665226958728e-08
1.133509907812191859e-08
1.141402450483662765e-08
1.149558262585464190e-08
1.157993057877787357e-08
1.166718240407307680e-08
1.175732853315883964e-08
1.185032203701937509e-08
1.194616304667601749e-08
1.204500984342419569e-08
1.214708256849029268e-08
1.225251307918158376e-08
1.236123485860485408e-08
1.247316440187467057e-08
1.258845214341617105e-08
1.270739800788406890e-08
1.283012317187932768e-08
1.295648433691197948e-08
1.308649826903954838e-08
1.322053333827436149e-08
1.335879678295346901e-08
1.350112166578080233e-08
1.364760567452219613e-08
1.379862104469309124e-08
1.395408059413154693e-08
1.411389426476017121e-08
1.427840639687120526e-08
1.444751086386636128e-08
1.462111178963930965e-08
1.479945294561059122e-08
1.498229018948386555e-08
1.516971504320169918e-08
1.536171936709146180e-08
1.555822104785901958e-08
1.575934522756193583e-08
1.596505324332180261e-08
1.617550360283942581e-08
1.639071981872847850e-08
1.661084102020630638e-08
1.683590777564422247e-08
1.706594218629209212e-08
1.730094315693098750e-08
1.754086401444717695e-08
1.778564094245772262e-08
1.803525603477755608e-08
1.828976286895547405e-08
1.854923698304179719e-08
1.881384069414666097e-08
1.908374038010386839e-08
1.935907025030436432e-08
1.963987694042746774e-08
1.992615616394476151e-08
2.021769476240430510e-08
2.051428544693409155e-08
2.081573575957602863e-08
2.112182898494484688e-08
2.143226159764399799e-08
2.174664776802692459e-08
2.206447548872784364e-08
2.238530031415155121e-08
2.270881013933239750e-08
2.303483755835722192e-08
2.336332565626481540e-08
2.369424447414774758e-08
2.402770626116169559e-08
2.436403560501172562e-08
2.470353097933054000e-08
2.504619761938947242e-08
2.539188831504192123e-08
2.574003734395240515e-08
2.608990653799770512e-08
2.644062603080791663e-08
2.679129300840057721e-08
2.714106924026285438e-08
2.748941739747553698e-08
2.783606067724619338e-08
2.818099470916494875e-08
2.852420863018040745e-08
2.886546177171809832e-08
2.920429772384763882e-08
2.954008494230351281e-08
2.987254592854824432e-08
3.020152631260702093e-08
3.052678576803180581e-08
3.084772070954105322e-08
3.116322341345384213e-08
3.147176806296951887e-08
3.177193389272613632e-08
3.206307942435368895e-08
3.234523073990950104e-08
3.261893572697522349e-08
3.288456940832851568e-08
3.314166920158741949e-08
3.338921166675337289e-08
3.362582857149797769e-08
3.384998354915824041e-08
3.406040314736813022e-08
3.425648469903546090e-08
3.443850977675479620e-08
3.460673278986522529e-08
3.476104240523272768e-08
3.490049816527377816e-08
3.502389468076201665e-08
3.513024664691189418e-08
3.521872767172013097e-08
3.528860516959248906e-08
3.533970236243192677e-08
3.537241502540194631e-08
3.538683247501302341e-08
3.538230785477596730e-08
3.535747467887890359e-08
3.531134489354851080e-08
3.524401353146319481e-08
3.515596838658889803e-08
3.504757072347006308e-08
3.491838950509666886e-08
3.476779707586698302e-08
3.459518494526728776e-08
3.440093265348631879e-08
3.418560620612012677e-08
3.394960200403163375e-08
3.369285097789423820e-08
3.341512016639218810e-08
3.311665467658728684e-08
3.279826634583324142e-08
3.246069099543786010e-08
3.210418395989401556e-08
3.172904090646702432e-08
3.133587670271502735e-08
3.092561002089649790e-08
3.049920140110757698e-08
3.005713517073815413e-08
2.960007833300329264e-08
2.912913698083711998e-08
2.864533885886021516e-08
2.814949784181404878e-08
2.764246015447435615e-08
2.712534922037463822e-08
2.659922744079548423e-08
2.606501452854837376e-08
2.552370102615920779e-08
2.497633372295167485e-08
2.442394527004234879e-08
2.386744574355070790e-08
2.330776152871570838e-08
2.274590759431858704e-08
2.218268700330478871e-08
2.161896069120605988e-08
2.105555984143160949e-08
2.049322400826207074e-08
1.993267239674301473e-08
1.937459530746505835e-08
1.881962677658255583e-08
1.826836120427412282e-08
1.772137382122837318e-08
1.717920212961711356e-08
1.664236600257998487e-08
1.611136771777986434e-08
1.558670129274152151e-08
1.506885573585867607e-08
1.455832330260829326e-08
1.405558875409158176e-08
1.356115389801574018e-08
1.307550097282607679e-08
1.259913265995097875e-08
1.213253309193574697e-08
1.167616914902989246e-08
1.123048835923316500e-08
1.079590038182767164e-08
1.037276475210248956e-08
9.961383981499145056e-09
9.561985109467752201e-09
9.174716641000244435e-09
8.799644213918635763e-09
8.436748141825236717e-09
8.085936065803987754e-09
7.747046832160739053e-09
7.419870526821678462e-09
7.104163923114022425e-09
6.799668750990411437e-09
6.506129747855030171e-09
6.223305505927799920e-09
5.950978437882205603e-09
5.688952890567405923e-09
5.437051869844891034e-09
5.195102570997505840e-09
4.962924010459824675e-09
4.740312437145658049e-09
4.527034433368294670e-09
4.322824436618288474e-09
4.127389336652820795e-09
3.940418260956081852e-09
3.761594230729120893e-09
3.590606204844781028e-09
3.427155724835305718e-09
3.270959106090874302e-09
3.121745240660498541e-09
2.979250295540492423e-09
2.843214059515340857e-09
2.713378104258608902e-09
2.589486057505124573e-09
2.471284307820762628e-09
2.358523371985339513e-09
2.250959007419794732e-09
2.148353552149057236e-09
2.050477900807489463e-09
1.957112579106821120e-09
1.868047605744129981e-09
1.783080816742141653e-09
1.702016036312154020e-09
1.624662717686806964e-09
1.550837099571087722e-09
1.480363793805650968e-09
1.413076106711291480e-09
1.348815012492935426e-09
1.287428105019603048e-09
1.228769612039307308e-09
1.172700936904828642e-09
1.119090856751411321e-09
1.067815104987635046e-09
1.018755856411529688e-09
9.718016326607028686e-10
9.268473120851128100e-10
8.837939442508545741e-10
8.425484990978211843e-10
8.030235799793483067e-10
7.651372397229975984e-10
7.288127607938339427e-10
6.939784209738817240e-10
6.605672268940266429e-10
6.285166655893144346e-10
5.977684544401361803e-10
5.682682707637520824e-10
5.399654910758437370e-10
5.128129368794826218e-10
4.867666198360949922e-10
4.617854822124879961e-10
4.378311422752896647e-10
4.148676503345129884e-10
3.928612562697412994e-10
3.717801863828196256e-10
3.515944253667947210e-10
3.322755080933645286e-10
3.137963273564853215e-10
2.961309566536149577e-10
2.792544852956699870e-10
2.631428676740192972e-10
2.477727863145371406e-10
2.331215309176812637e-10
2.191668929092091348e-10
2.058870736685602866e-10
1.932606082117585491e-10
1.812663030408744867e-10
1.698831868660601723e-10
1.590904736966937483e-10
1.488675383494018009e-10
1.391939026899352997e-10
1.300492321141834450e-10
1.214133405471531303e-10
1.132662024123287445e-10
1.055879716684385839e-10
9.835900606854934095e-11
9.155989588426840740e-11
8.517149550561593816e-11
7.917495645438898771e-11
7.355176143430392601e-11
6.828375888404655932e-11
6.335319444249234753e-11
5.874274582160830735e-11
5.443555173650054894e-11
5.041523878522060574e-11
4.666594536286536547e-11
4.317234221956731873e-11
3.991964935392463180e-11
3.689364924696007852e-11
3.408069622574603029e-11
3.146772242730164471e-11
2.904224033662205627e-11
2.679234194491149348e-11
2.470669475035941435e-11
2.277453469488310898e-11
2.098565659913216164e-11
1.933040242915774085e-11
1.779964766145827169e-11
1.638478607065270085e-11
1.507771304382010873e-11
1.387080776321480872e-11
1.275691454720275205e-11
1.172932357672667409e-11
1.078175130246086891e-11
9.908320636410803361e-12
9.103541101922834679e-12
8.362289118488293465e-12
7.679788524442337582e-12
7.051592179249889086e-12
6.473562557113239907e-12
5.941851860965214877e-12
5.452887851168572120e-12
5.003355595760568986e-12
4.590181308246044053e-12
4.210516900242589641e-12
3.861725229929744434e-12
3.541366079719485488e-12
3.247182841181275960e-12
2.977089919939423868e-12
2.729160856227537225e-12
2.501617112003147933e-12
2.292817629431001928e-12
2.101250454258653369e-12
1.925518112306979928e-12
1.764334633116624599e-12
1.616515425420212443e-12
1.480969696800102619e-12
1.356693378828629979e-12
1.242762537604020081e-12
1.138327252233789617e-12
1.042606532428782208e-12
9.548824252101562336e-13
8.744930776162943261e-13
8.008316141181032628e-13
7.333405186227811767e-13
6.715077324305312648e-13
6.148630492627238943e-13
5.629762943746538118e-13
5.154499468131146920e-13
4.719199522720426399e-13
4.320526301441767683e-13
3.955418467189135879e-13
3.621079100944259628e-13
3.314927762833513036e-13
3.034594520784095672e-13
2.777913677312986547e-13
2.542904690355477436e-13
2.327755283525652293e-13
2.130782434857505120e-13
1.950457008853129249e-13
1.785387991461990589e-13
1.634287845334578174e-13
1.495971378603145810e-13
1.369366432411691927e-13
1.253491202023232311e-13
1.147427698618613097e-13
1.050355138780380521e-13
9.615156689664572985e-14
8.802032579457028753e-14
8.057961591149539983e-14
7.376976380570545461e-14
6.753795933808066983e-14
6.183524825308745667e-14
5.661651239293398296e-14
5.184129654635344149e-14
4.747145848401862898e-14
4.347316200239960937e-14
3.981463536410256391e-14
3.646708404835225987e-14
3.340457998668765408e-14
3.060230648584048468e-14
2.803898046615691127e-14
2.569396528745654495e-14
2.354863457177184725e-14
2.158646502290412043e-14
1.979193405330428017e-14
1.815063881514330097e-14
1.664966850208301572e-14
1.527720058704986504e-14
1.402242505506792670e-14
1.287551562813596331e-14
1.182721384794766323e-14
1.086920770808262721e-14
9.993883544829166602e-15
9.194266933168789539e-15
8.464122855015232357e-15
7.797484819283978335e-15
7.188980904097600073e-15
6.633692854241312433e-15
6.127188513816192279e-15
5.665540079347539597e-15
5.244699039617632396e-15
4.861475562559537574e-15
4.512549036486518157e-15
4.195207087125657020e-15
3.906619973170759720e-15
3.644567309284991925e-15
3.406756955936644055e-15
3.191131877992382034e-15
