# bin_2_2
9.941426785053929814e-09
9.984280984540732700e-09
1.002873293790791820e-08
1.007481863539976934e-08
1.012256660768563604e-08
1.017200315215350206e-08
1.022315435472263917e-08
1.027606344621924036e-08
1.033079404162047645e-08
1.038741958406536512e-08
1.044603758178085412e-08
1.050674550102207031e-08
1.056963556846458882e-08
1.063476248459690372e-08
1.070212671441736880e-08
1.077172613378771659e-08
1.084357022002154078e-08
1.091773545219305410e-08
1.099435391943662287e-08
1.107357462891793526e-08
1.115550406954847718e-08
1.124012728809267150e-08
1.132739251601050477e-08
1.141729391193988559e-08
1.150998043694724020e-08
1.160566147882818264e-08
1.170445970924381390e-08
1.180630333506270456e-08
1.191110373563170805e-08
1.201900108853232068e-08
1.213028165467394075e-08
1.224505665096618715e-08
1.236317854315492105e-08
1.248465601029686519e-08
1.260984132293598871e-08
1.273892953054857558e-08
1.287174981795018726e-08
1.300838854015232252e-08
1.314919958262705142e-08
1.329408881348369909e-08
1.344295817673105856e-08
1.359613202115913003e-08
1.375349594185693054e-08
1.391494413811390637e-08
1.408070054360816877e-08
1.425051440583824944e-08
1.442446017120801185e-08
1.460251614864510190e-08
1.478458839676970505e-08
1.497078465883992422e-08
1.516105461988921713e-08
1.535553927867531926e-08
1.555424924032317704e-08
1.575730672625625144e-08
1.596473744358407040e-08
1.617654779760842363e-08
1.639272022368597283e-08
1.661319241128851038e-08
1.683788419862251046e-08
1.706676101810160013e-08
1.729985994037756701e-08
1.753723977331225217e-08
1.777904593706979772e-08
1.802542803888980225e-08
1.827650331597073770e-08
1.853230171119138841e-08
1.879280231473645069e-08
1.905777606689533266e-08
1.932699982101002845e-08
1.960026579174783330e-08
1.987734215643191387e-08
2.015791098991837795e-08
2.044157230736012040e-08
2.072780053402013500e-08
2.101613787299193791e-08
2.130626000055793250e-08
2.159798738101822511e-08
2.189125048491165592e-08
2.218600954184766507e-08
2.248236573642955516e-08
2.278063433103553356e-08
2.308110479722514025e-08
2.338377662544842437e-08
2.368849739158075041e-08
2.399469915991047409e-08
2.430164320539382995e-08
2.460846094102021156e-08
2.491425281618672531e-08
2.521818633834655734e-08
2.551973081402539299e-08
2.581861776843273480e-08
2.611485271082432034e-08
2.640843720138326869e-08
2.669914621469074754e-08
2.698654202014524760e-08
2.727001541749821866e-08
2.754931331136001513e-08
2.782431052983671199e-08
2.809480050521298359e-08
2.836021741817958392e-08
2.861949645528875127e-08
2.887116027195785996e-08
2.911383803056632523e-08
2.934693882242348834e-08
2.957054073131090515e-08
2.978524283105658510e-08
2.999147378219362293e-08
3.018883103128503842e-08
3.037635543913764466e-08
3.055275011512529241e-08
3.071655565947602013e-08
3.086658254171355558e-08
3.100231869256063796e-08
3.112414036359333252e-08
3.123240452189765085e-08
3.132710960339485683e-08
3.140743610571264792e-08
3.147230516086075506e-08
3.152085838550497930e-08
3.155239909022937245e-08
3.156632658456678949e-08
3.156259608537724151e-08
3.154173557889925179e-08
3.150397249855813311e-08
3.144880373321658681e-08
3.137501396647898134e-08
3.128176497841078751e-08
3.116929599135027931e-08
3.103824021813762589e-08
3.088910275722576843e-08
3.072160236766553738e-08
3.053525900554804096e-08
3.032961225251424914e-08
3.010517691046441946e-08
2.986265155939650514e-08
2.960256018640578878e-08
2.932495901111377674e-08
2.902973430537891950e-08
2.871723812183404417e-08
2.838837654496471595e-08
2.804397034857061784e-08
2.768435170383812752e-08
2.730987986922650634e-08
2.692121786208264784e-08
2.651931583986872464e-08
2.610514982742404090e-08
2.567920844717102473e-08
2.524214405731138565e-08
2.479502738843839084e-08
2.433883483047942252e-08
2.387431325556701552e-08
2.340222437484673999e-08
2.292358747363748243e-08
2.243934601481856785e-08
2.195028676588797163e-08
2.145725226417473242e-08
2.096112866498337131e-08
2.046277712181129303e-08
1.996292904170946604e-08
1.946232501037093595e-08
1.896178871792903238e-08
1.846193326596574342e-08
1.796342928347749374e-08
1.746692192272408750e-08
1.697297174024546198e-08
1.648212791528948504e-08
1.599492151408877354e-08
1.551184042912833705e-08
1.503334697953905007e-08
1.455989821019892518e-08
1.409192739922996904e-08
1.362986320795870141e-08
1.317412768092732642e-08
1.272514243003512709e-08
1.228332910450896373e-08
1.184911319193497789e-08
1.142290964228764517e-08
1.100514245350893641e-08
1.059620507886468361e-08
1.019649581001567326e-08
9.806377253211972671e-09
9.426176036430108870e-09
9.056180493738573431e-09
8.696624528561765164e-09
8.347679116949762882e-09
8.009451874322173944e-09
7.681976637616081090e-09
7.365219057638273907e-09
7.059081607921119680e-09
6.763409742101476329e-09
6.478010489919766333e-09
6.202660786148898289e-09
5.937127468864478147e-09
5.681179372167725546e-09
5.434598409498193755e-09
5.197187160046313929e-09
4.968768016707949237e-09
4.749180855751958996e-09
4.538271279956305631e-09
4.335881244856460369e-09
4.141833940724549968e-09
3.955926589196982073e-09
3.777925183729189559e-09
3.607569204029817910e-09
3.444580166984229191e-09
3.288673958646451523e-09
3.139572849479666817e-09
2.997013461567611362e-09
2.860750148885927216e-09
2.730551542275181451e-09
2.606194246202023568e-09
2.487456249631351300e-09
2.374112389088715262e-09
2.265935197985219902e-09
2.162698809013096043e-09
2.064183731054708293e-09
1.970179195632340438e-09
1.880483136151236176e-09
1.794900503156252001e-09
1.713241738297405322e-09
1.635322849873887189e-09
1.560966185958423882e-09
1.490001156867829554e-09
1.422264084538285471e-09
1.357597571669798769e-09
1.295850261512194466e-09
1.236877100790169945e-09
1.180539755277639227e-09
1.126706537686148583e-09
1.075251941158121454e-09
1.026056324835473505e-09
9.790059907982264343e-10
9.339932460523204377e-10
8.909162605093333060e-10
8.496787831147099777e-10
8.101899343098728660e-10
7.723641229638570582e-10
7.361208953386479428e-10
7.013847058962501752e-10
6.680847317469250218e-10
6.361546646777854601e-10
6.055325106361934915e-10
5.761603626377536088e-10
5.479841884480351069e-10
5.209536037589983769e-10
4.950216447939562369e-10
4.701445386892294921e-10
4.462814703790979777e-10
4.233943563371274674e-10
4.014476243329776448e-10
3.804079965532346671e-10
3.602442719687954116e-10
3.409271150609387586e-10
3.224288566950383582e-10
3.047233072825552666e-10
2.877855802471671538e-10
2.715919222971237935e-10
2.561195548620377235e-10
2.413465306284207427e-10
2.272516044045827091e-10
2.138141163616578207e-10
2.010138886985490718e-10
1.888311355974189689e-10
1.772463873004741300e-10
1.662404275384359073e-10
1.557942426968064195e-10
1.458889837844814079e-10
1.365059401791878300e-10
1.276265235149483324e-10
1.192322609753425389e-10
1.113047975926820332e-10
1.038259059774713680e-10
9.677750287016654579e-11
9.014167100620015825e-11
8.390068501726114333e-11
7.803704105128015798e-11
7.253348855234031985e-11
6.737306323711141287e-11
6.253912014147825192e-11
5.801536586931386177e-11
5.378588976975411649e-11
4.983519378923125589e-11
4.614821739795296259e-11
4.271036439931965434e-11
3.950752272697057527e-11
3.652608141262868455e-11
3.375294410770970752e-11
3.117553910985259608e-11
2.878182590687069829e-11
2.656029843300042316e-11
2.449998490411104279e-11
2.259044467051819518e-11
2.082176224680347040e-11
1.918453883170049324e-11
1.766988169946152320e-11
1.626939161649129643e-11
1.497514868811396119e-11
1.377969688405100557e-11
1.267602749955781484e-11
1.165756187529016322e-11
1.071813348574252078e-11
9.851969645976609530e-12
9.053673032813496633e-12
8.318203173830033049e-12
7.640858119974956080e-12
7.017256350906484780e-12
6.443319018402051093e-12
5.915252634672507411e-12
5.429532252618173531e-12
4.982885917317477319e-12
4.572278256759311405e-12
4.194893701403601732e-12
3.848125473127000051e-12
3.529560537692997297e-12
3.236966639870230880e-12
2.968280022219705369e-12
2.721593793280623760e-12
2.495146958911207633e-12
2.287314082221294224e-12
2.096595570294261627e-12
1.921608569870378284e-12
1.761078421830360118e-12
1.613830772556309394e-12
1.478785630604465004e-12
1.354945081880157525e-12
1.241392492711328177e-12
1.137284473857355133e-12
1.041845265262415639e-12
9.543615144843734218e-13
8.741774310361747694e-13
8.006902999901782053e-13
7.333469297693183762e-13
6.716391955648060849e-13
6.150984525028197141e-13
5.632956485583870092e-13
5.158368788596821568e-13
4.723605692842021090e-13
4.325348803432091265e-13
3.960568148034038766e-13
3.626457371753424520e-13
3.320449708495647926e-13
3.040194558892834583e-13
2.783536166222116541e-13
2.548508884564305892e-13
2.333295370100318143e-13
2.136225981193150497e-13
1.955777474318311116e-13
1.790558601732101103e-13
1.639297542216462567e-13
1.500807084881838337e-13
1.374012579772496184e-13
1.257939560869407080e-13
1.151682447501971446e-13
1.054406173095159747e-13
9.653592828582784473e-14
8.838538287164677157e-14
8.092412810180171624e-14
7.409474745783284458e-14
6.784405704318990696e-14
6.212217495799676440e-14
5.688587347985476372e-14
5.209287598872045191e-14
4.770627892741460503e-14
4.369170654492940244e-14
4.001739449440706612e-14
3.665509977305197861e-14
3.357787772616319754e-14
3.076212116529914118e-14
2.818543294279329928e-14
2.582759193830911148e-14
2.367050323831502404e-14
2.169654202737997615e-14
1.989097132783328744e-14
1.823917008177023632e-14
1.672801035299470707e-14
1.534598450177627742e-14
1.408216819542821593e-14
1.292637165044163268e-14
1.186953051052172275e-14
1.090334088800876601e-14
1.002021096616825429e-14
9.213255578008648593e-15
8.475916271211089793e-15
7.802345347682136853e-15
7.187183531768135008e-15
6.625518791232506664e-15
6.112995772902267102e-15
5.645378779620474743e-15
5.218875440605016226e-15
4.830012546459864514e-15
4.475675977264513700e-15
4.153135679759031652e-15
3.859464182906468706e-15
3.592466852572146016e-15
3.349757518352112046e-15
3.129456896603303722e-15
2.929520627169743982e-15
2.748420107097331650e-15
2.584513749912342150e-15
2.436336778437684891e-15
