# bin_4_4
1.143674747316949092e-08
1.148867427270180058e-08
1.154249192910318653e-08
1.159827730342975361e-08
1.165611484605510419e-08
1.171609427570483433e-08
1.177831076717986993e-08
1.184283717529311098e-08
1.190971026354415763e-08
1.197895792649883919e-08
1.205060321043809198e-08
1.212470000932943731e-08
1.220133784002759047e-08
1.228061397451947080e-08
1.236265313005677870e-08
1.244759137693086294e-08
1.253556513655849875e-08
1.262666377444121910e-08
1.272087772431241740e-08
1.281818287409765614e-08
1.291860201911695651e-08
1.302225074106189205e-08
1.312931503368271758e-08
1.324000233213012576e-08
1.335446040447060964e-08
1.347265167315776653e-08
1.359450250551752352e-08
1.372006219419439457e-08
1.384958746007627412e-08
1.398339805887296183e-08
1.412161586251371549e-08
1.426410765891769186e-08
1.441083300405295720e-08
1.456212500324353411e-08
1.471840162954146565e-08
1.487968251563988561e-08
1.504577696365897743e-08
1.521693198729883165e-08
1.539364872827680288e-08
1.557588520937322998e-08
1.576338916087701915e-08
1.595656820514069578e-08
1.615569209786805976e-08
1.636035050377347204e-08
1.657072194851317907e-08
1.678712529696490090e-08
1.700914246665865675e-08
1.723704229293591663e-08
1.747095580488029667e-08
1.771066566953870325e-08
1.795661791382367916e-08
1.820862274345140215e-08
1.846702539410152793e-08
1.873179647590340644e-08
1.900308936516577356e-08
1.928088865066420367e-08
1.956525093789817220e-08
1.985603979008883311e-08
2.015326234161020346e-08
2.045681658004774543e-08
2.076675100672065386e-08
2.108318966978140164e-08
2.140631068545836800e-08
2.173632581106291684e-08
2.207345428900709003e-08
2.241774899790093195e-08
2.276927090611962670e-08
2.312805010668289950e-08
2.349414280400412426e-08
2.386771896152328565e-08
2.424878146505944668e-08
2.463722910959318688e-08
2.503285658831155794e-08
2.543528405538620427e-08
2.584405831489261606e-08
2.625868829793828076e-08
2.667872725756231688e-08
2.710369996759971528e-08
2.753328274895375458e-08
2.796726308133649032e-08
2.840556942272517741e-08
2.884831042797056746e-08
2.929570631154281949e-08
2.974813002347203191e-08
3.020599731546912458e-08
3.066930737726149674e-08
3.113781030796128389e-08
3.161089788248637936e-08
3.208760902308586342e-08
3.256693739589476842e-08
3.304798046051581850e-08
3.352994850910878215e-08
3.401225452767165036e-08
3.449465449878374297e-08
3.497707673600901743e-08
3.545937329430344696e-08
3.594107831540337439e-08
3.642161377137154979e-08
3.690026101903401488e-08
3.737684515920680201e-08
3.785148389250402277e-08
3.832391610672914834e-08
3.879322737944593660e-08
3.925792281070156158e-08
3.971611207267229588e-08
4.016611715296039729e-08
4.060731985717807265e-08
4.103977095495886290e-08
4.146389385085505328e-08
4.187993818922139850e-08
4.228744480881774823e-08
4.268512584412645118e-08
4.307138531869479246e-08
4.344420736303859739e-08
4.380206588654080883e-08
4.414421794267636181e-08
4.447084794308720065e-08
4.478202592953876880e-08
4.507750548752763300e-08
4.535616539704408902e-08
4.561651834931185714e-08
4.585709673814515039e-08
4.607681748728395360e-08
4.627452016734206076e-08
4.644966751868947816e-08
4.660258984676327495e-08
4.673323504087722550e-08
4.684062423486361638e-08
4.692299377979517125e-08
4.697878370361068858e-08
4.700784279988556715e-08
4.701047196070283318e-08
4.698679938111684442e-08
4.693616076204787074e-08
4.685756081949183688e-08
4.674998676855371737e-08
4.661342142415248330e-08
4.644828012767086408e-08
4.625483211442558719e-08
4.603270226255512390e-08
4.578139017934655752e-08
4.550077354314113884e-08
4.519147762439354056e-08
4.485422777402848322e-08
4.448908821603012552e-08
4.409611264653105955e-08
4.367580405681790191e-08
4.322897123431831435e-08
4.275660398080479393e-08
4.225919642269423396e-08
4.173728829427393422e-08
4.119203766608060166e-08
4.062462318749997131e-08
4.003597108482507820e-08
3.942702751499650006e-08
3.879908050872797611e-08
3.815347849253581290e-08
3.749138521292124116e-08
3.681406488772146050e-08
3.612289341866018979e-08
3.541928504838820889e-08
3.470455552609255314e-08
3.398001684201803807e-08
3.324714218184806626e-08
3.250722603624231677e-08
3.176155943891884646e-08
3.101149249231527246e-08
3.025825408054041922e-08
2.950304545481982093e-08
2.874703775494753985e-08
2.799133313159131563e-08
2.723698415831464917e-08
2.648497900745208851e-08
2.573626757187817750e-08
2.499171951833504853e-08
2.425218203617065885e-08
2.351842495854114758e-08
2.279121261949067844e-08
2.207124521412460029e-08
2.135921230954796654e-08
2.065578312846484509e-08
1.996161049948377007e-08
1.927735046980154370e-08
1.860365304428722114e-08
1.794117269109302714e-08
1.729056379561887663e-08
1.665248160077694476e-08
1.602756447088704892e-08
1.541643959793482288e-08
1.481970228040736767e-08
1.423790410582712251e-08
1.367154262966172868e-08
1.312104513409954632e-08
1.258674916384279716e-08
1.206889631296074438e-08
1.156761506923174936e-08
1.108292260590281299e-08
1.061472482807519097e-08
1.016282765641484213e-08
9.726953115870366595e-09
9.306760998542433453e-09
8.901871905440229346e-09
8.511892659052537317e-09
8.136439808155064902e-09
7.775158717198584882e-09
7.427734970237463665e-09
7.093893756862357106e-09
6.773390461020980652e-09
6.465992695921727391e-09
6.171460740932325293e-09
5.889524208784155843e-09
5.619865877572930282e-09
5.362112985902000097e-09
5.115841315152814744e-09
4.880592743256316631e-09
4.655898894031080914e-09
4.441305801051146117e-09
4.236393609232958149e-09
4.040783403883066237e-09
3.854130774755879197e-09
3.676110088719752945e-09
3.506395014892606348e-09
3.344645845793324962e-09
3.190507776284199236e-09
3.043620406500464609e-09
2.903632416959720672e-09
2.770213355076052480e-09
2.643056883509373646e-09
2.521874926903140775e-09
2.406388422621182739e-09
2.296321368231283009e-09
2.191401801010097808e-09
2.091367152833870225e-09
1.995968779659522150e-09
1.904972356627982988e-09
1.818154732195870827e-09
1.735301422861250942e-09
1.656206579911936157e-09
1.580674521562468858e-09
1.508520499396642087e-09
1.439569783143264692e-09
1.373656759920994151e-09
1.310624725217069590e-09
1.250326010530061031e-09
1.192621732109831703e-09
1.137381288348914217e-09
1.084482039926991541e-09
1.033809018544758672e-09
9.852546033927864405e-10
9.387181324464346220e-10
8.941055826093350221e-10
8.513292033509975308e-10
8.103071385102792996e-10
7.709630683281508529e-10
7.332258477335161061e-10
6.970291475533747578e-10
6.623111038057684562e-10
6.290139656330742701e-10
5.970837592016134092e-10
5.664699636142223122e-10
5.371251974459307649e-10
5.090049186606455891e-10
4.820671362835902621e-10
4.562721403984327767e-10
4.315822508216292652e-10
4.079615823453086676e-10
3.853758285502866719e-10
3.637920627592504786e-10
3.431785564340047274e-10
3.235046161633392162e-10
3.047404405670903365e-10
2.868569941098394929e-10
2.698258987178952525e-10
2.536193416665845304e-10
2.382099983643245238e-10
2.235709715889054548e-10
2.096757431891841401e-10
1.964981393633281094e-10
1.840123075738589929e-10
1.721927032127653470e-10
1.610140862224463036e-10
1.504515254311500351e-10
1.404804071237307083e-10
1.310764548897971344e-10
1.222157496245647256e-10
1.138747539466046202e-10
1.060303391236815991e-10
9.865981358739115092e-11
9.174095220905732886e-11
8.525202562602733741e-11
7.917182822157214506e-11
7.347970459539877416e-11
6.815557406064524224e-11
6.317995269057414479e-11
5.853397310180856560e-11
5.419940125019742412e-11
5.015865056525935220e-11
4.639479303614402701e-11
4.289156665268778573e-11
3.963337918497945550e-11
3.660530829481162541e-11
3.379309897868426576e-11
3.118315881832686855e-11
2.876255097934628423e-11
2.651898465901580946e-11
2.444080268764361455e-11
2.251696675849675934e-11
2.073704093927427898e-11
1.909117394367776445e-11
1.757008043504373124e-11
1.616502127224656782e-11
1.486778292044900248e-11
1.367065790254114714e-11
1.256641678782978319e-11
1.154829293756307448e-11
1.060995830211195971e-11
9.745501641681664731e-12
8.949406998191334670e-12
8.216532517996836268e-12
7.542089769110633272e-12
6.921623631868712137e-12
6.350992790382628485e-12
5.826350901523313908e-12
5.344128458398252156e-12
4.901015405100857939e-12
4.493945280264146671e-12
4.120078545674597776e-12
3.776785394487604860e-12
3.461635280669692090e-12
3.172381795866755878e-12
2.906949905048369097e-12
2.663423903578260348e-12
2.440036096242306634e-12
2.235156153250055371e-12
2.047282046464922997e-12
1.875029120021854850e-12
1.717120390364899540e-12
1.572381379061141361e-12
1.439731123716113916e-12
1.318175079521070070e-12
1.206798519347896103e-12
1.104762124595448949e-12
1.011291370456186441e-12
9.256754110976496954e-13
8.472616417932607475e-13
7.754506867770518042e-13
7.096933453205650520e-13
6.494841154704230748e-13
5.943582316221181771e-13
5.438901990220579783e-13
4.976899961115418508e-13
4.554009486484143454e-13
4.166927367455839473e-13
3.812642430071034668e-13
3.488402939014483932e-13
3.191680375526628598e-13
2.920142138106579800e-13
2.671665772063992239e-13
2.444317359414198606e-13
2.236293157066868734e-13
2.045963585307996821e-13
1.871840398287766886e-13
1.712535292165846942e-13
1.566805356033406422e-13
1.433492611403191100e-13
1.311541645339170995e-13
1.199995931493102000e-13
1.097958678413241463e-13
1.004636545214972456e-13
9.192720086571700275e-14
8.412027361869161131e-14
7.697944233528044080e-14
7.044888447710921390e-14
6.447612879187822553e-14
5.901351284980887106e-14
5.401833713536748631e-14
4.944993307241914087e-14
4.527219522210893284e-14
4.145235722706857025e-14
3.795936156739349915e-14
3.476544429726284471e-14
3.184520316051192998e-14
2.917570443141437746e-14
2.673530423398215054e-14
2.450451424169174170e-14
2.246553213537345468e-14
2.060206644426261519e-14
1.889920761879647054e-14
1.734331025463199929e-14
1.592188542096037317e-14
1.462350225233237836e-14
1.343788957473225549e-14
1.235540399727276076e-14
1.136718261538511851e-14
1.046521727138962402e-14
9.642568708832555528e-15
8.892088249554596527e-15
8.207999557205835089e-15
7.584419829290042857e-15
7.016566105432493242e-15
