# bin_4_1
9.278476958922116762e-09
9.317367679669625778e-09
9.357647646023305546e-09
9.399373877248452240e-09
9.442609847313885934e-09
9.487423320005881051e-09
9.533886532319769398e-09
9.582050444282954175e-09
9.631931907693457609e-09
9.683538851389556192e-09
9.736873987681700077e-09
9.791967853988259373e-09
9.848883226110685813e-09
9.907689230927593536e-09
9.968479437416668913e-09
1.003135688885430231e-08
1.009642395355812090e-08
1.016373873458407761e-08
1.023326738980370913e-08
1.030496174485761385e-08
1.037881571097954114e-08
1.045490754383192208e-08
1.053337895410291340e-08
1.061438992220224249e-08
1.069804486748206964e-08
1.078427839829419002e-08
1.087299128790552064e-08
1.096419559543979225e-08
1.105809110737424542e-08
1.115493371325421936e-08
1.125479852263435733e-08
1.135752871802583736e-08
1.146305104686687182e-08
1.157162883799420063e-08
1.168360118675032603e-08
1.179894755482716397e-08
1.191745703178972573e-08
1.203930936389003304e-08
1.216490843357331453e-08
1.229417055041679286e-08
1.242682306114546471e-08
1.256317556337709400e-08
1.270341011140940115e-08
1.284710426521577575e-08
1.299435164385299837e-08
1.314536741933718902e-08
1.329971858584711966e-08
1.345757058476750466e-08
1.361897401894586159e-08
1.378367446137723984e-08
1.395199369856823418e-08
1.412370806639219521e-08
1.429905094639588479e-08
1.447793507407239907e-08
1.466041777181020858e-08
1.484641209873272628e-08
1.503587825190964059e-08
1.522860899759754459e-08
1.542451173653571302e-08
1.562340736132359005e-08
1.582525207205471255e-08
1.603007948012207478e-08
1.623797910768041947e-08
1.644907152332947961e-08
1.666348207097633487e-08
1.688117471067674626e-08
1.710211839170121909e-08
1.732625224832154890e-08
1.755354194136570178e-08
1.778406674307959481e-08
1.801774235211628803e-08
1.825438308252872511e-08
1.849370045681520857e-08
1.873523552022962102e-08
1.897845764126626056e-08
1.922280247229328203e-08
1.946775151402117250e-08
1.971276186421138007e-08
1.995744131162543921e-08
2.020151105859086126e-08
2.044484345466165508e-08
2.068748517821273206e-08
2.092960510799785813e-08
2.117152724978816726e-08
2.141362284906232337e-08
2.165585985377974025e-08
2.189797103378780277e-08
2.213933994653538271e-08
2.237901291952026194e-08
2.261600050418608710e-08
2.284942698203237196e-08
2.307854453319037040e-08
2.330281975266317571e-08
2.352206855942135720e-08
2.373628778661195673e-08
2.394540831673122323e-08
2.414906039780765650e-08
2.434677746095529478e-08
2.453797003957396308e-08
2.472260256366708567e-08
2.490094883148227507e-08
2.507293251702266786e-08
2.523784728986756031e-08
2.539442782281529863e-08
2.554104408992099221e-08
2.567629154146807259e-08
2.579982510371328813e-08
2.591198832487465304e-08
2.601350952051912634e-08
2.610496855689892476e-08
2.618627918521344181e-08
2.625657084892473583e-08
2.631469077759587772e-08
2.635910770951876856e-08
2.638878541678171785e-08
2.640349902578851878e-08
2.640395066732701619e-08
2.639076585221806183e-08
2.636427874112858956e-08
2.632401611187125428e-08
2.626917238693561582e-08
2.619899433796638413e-08
2.611311756098652742e-08
2.601112939766936106e-08
2.589323829885058011e-08
2.576050221510401192e-08
2.561363028487591227e-08
2.545243580311475041e-08
2.527597799573827987e-08
2.508352375027316254e-08
2.487570237908675154e-08
2.465359788338800255e-08
2.441811394092120286e-08
2.416938107447171765e-08
2.390719230118075105e-08
2.363131444159947477e-08
2.334244500656083704e-08
2.304167962357581468e-08
2.272993495766473893e-08
2.240747590517786731e-08
2.207439049817940532e-08
2.173108539182396345e-08
2.137863349596572735e-08
2.101813913680722414e-08
2.065000929274830041e-08
2.027456370736685345e-08
1.989247876498191838e-08
1.950464605549587943e-08
1.911204356762022669e-08
1.871509281474246184e-08
1.831416992556159217e-08
1.791015143197684523e-08
1.750384993650637150e-08
1.709575209598066496e-08
1.668627969543711572e-08
1.627610282813335493e-08
1.586587831529019259e-08
1.545602321527212350e-08
1.504699378832044833e-08
1.463930541197522046e-08
1.423347297347101514e-08
1.382989330646130744e-08
1.342894569510494191e-08
1.303115835119345722e-08
1.263689829575657332e-08
1.224654996146693688e-08
1.186057896291578676e-08
1.147937186577499107e-08
1.110333015408732482e-08
1.073287007082716870e-08
1.036838497959153613e-08
1.001026144442975229e-08
9.658862104249110719e-09
9.314539258433484100e-09
8.977591004331845319e-09
8.648303413449531439e-09
8.326893144554839339e-09
8.013561113659905667e-09
7.708434368721040067e-09
7.411607398715837056e-09
7.123128052401490388e-09
6.843000840547383529e-09
6.571205324200823024e-09
6.307688853587759635e-09
6.052379358088638911e-09
5.805189247220240173e-09
5.566021473981906755e-09
5.334763883188517192e-09
5.111303074358111637e-09
4.895519292927042711e-09
4.687290419215212872e-09
4.486498490816875452e-09
4.293029101007832861e-09
4.106767513388098027e-09
3.927600664786069926e-09
3.755405632770431496e-09
3.590047124125462407e-09
3.431369625061963061e-09
3.279193984565388960e-09
3.133320058757814964e-09
2.993531847875778961e-09
2.859608861336762438e-09
2.731335177309840972e-09
2.608506825152357510e-09
2.490932146882270723e-09
2.378428344127333962e-09
2.270814903106570520e-09
2.167910958715290435e-09
2.069535205836672005e-09
1.975510364041732982e-09
1.885665052393229386e-09
1.799834316109417603e-09
1.717857336222492212e-09
1.639575103158494589e-09
1.564829528428662105e-09
1.493463942385005833e-09
1.425323858020423852e-09
1.360258492540120400e-09
1.298123036623370114e-09
1.238780139273107944e-09
1.182099930326402348e-09
1.127958764229155020e-09
1.076238054304921080e-09
1.026823463656209738e-09
9.796042137382770800e-10
9.344729744525500509e-10
8.913266504938468118e-10
8.500673240277099022e-10
8.106026469428268858e-10
7.728457129326068288e-10
7.367144112168318282e-10
7.021307009794129161e-10
6.690203246684908588e-10
6.373129784846322941e-10
6.069425764217594522e-10
5.778472292076969318e-10
5.499689651661974959e-10
5.232533456186739594e-10
4.976492293242862033e-10
4.731087126386885508e-10
4.495870234378545015e-10
4.270423370315884811e-10
4.054355322651267703e-10
3.847299775251712892e-10
3.648913638067653924e-10
3.458875330420008951e-10
3.276882917388080064e-10
3.102652132135652138e-10
2.935914619479762282e-10
2.776416327584112420e-10
2.623915960066785805e-10
2.478183402495270209e-10
2.338998278627661536e-10
2.206148678672011612e-10
2.079429982288000897e-10
1.958643802074755911e-10
1.843597038272602160e-10
1.734101043037646905e-10
1.629970932067932159e-10
1.531025027600361940e-10
1.437084411936785620e-10
1.347972577851834143e-10
1.263515183128757604e-10
1.183539904190639929e-10
1.107876380925278994e-10
1.036356232968063660e-10
9.688131334612971522e-11
9.050829394737611697e-11
8.450038589743478250e-11
7.884166470990899427e-11
7.351648277396827128e-11
6.850949238024890011e-11
6.380566956235140924e-11
5.939033750418721949e-11
5.524918833809165732e-11
5.136830339121311469e-11
4.773417131414482109e-11
4.433370413523070751e-11
4.115425105796138525e-11
3.818360945296135061e-11
3.541003298900881503e-11
3.282223725653233590e-11
3.040939972041524472e-11
2.816116278490102510e-11
2.606763055227174248e-11
2.411936432177191514e-11
2.230737618501670811e-11
2.062312082262741654e-11
1.905848584192169268e-11
1.760578097715390348e-11
1.625772608276824114e-11
1.500743822569200313e-11
1.384841811061335470e-11
1.277453600439565022e-11
1.178001741659391582e-11
1.085942847252610538e-11
1.000766122599938048e-11
9.219918996112818177e-12
8.491701819756145556e-12
7.818792154067768177e-12
7.197240718775998379e-12
6.623352645433870486e-12
6.093673981893266515e-12
5.604978644230085084e-12
5.154255856789617132e-12
4.738698003614224373e-12
4.355688888256655141e-12
4.002792436233478990e-12
3.677741854469787465e-12
3.378429320643312605e-12
3.102896151323032410e-12
2.849323531239124311e-12
2.616025402848916539e-12
2.401433812894418514e-12
2.204097463170815222e-12
2.022671824040957333e-12
1.855911955685641117e-12
1.702665740651193432e-12
1.561867499448401453e-12
1.432531992294496645e-12
1.313748782608916215e-12
1.204676936631166847e-12
1.104540058802819007e-12
1.012621635999794582e-12
9.282606867126271695e-13
8.508484285859951223e-13
7.798236566555461904e-13
7.146670956226802216e-13
6.549018547426779316e-13
6.000887871817804553e-13
5.498236326824750238e-13
5.037343545874682517e-13
4.614786699708858761e-13
4.227417550317943685e-13
3.872350195519172485e-13
3.546925878894724232e-13
3.248685371487260923e-13
2.975381273955757298e-13
2.724948940281336556e-13
2.495492003072361796e-13
2.285269017494477816e-13
2.092697896225167544e-13
1.916296839616204338e-13
1.754714304669295880e-13
1.606714161335258618e-13
1.471162214503110122e-13
1.347029085194169464e-13
1.233357734566851893e-13
1.129262593180413305e-13
1.033941029533882426e-13
9.466603934581307065e-14
8.667593346209499966e-14
7.936009380110129186e-14
7.266183528894105112e-14
6.653005848285561066e-14
6.091736523994107697e-14
5.577889928974521465e-14
5.107500853059245613e-14
4.677040047373300142e-14
4.282975067518542384e-14
3.922285380450385268e-14
3.592246633175501594e-14
3.290128783943081380e-14
3.013697984818571862e-14
2.760725899114722606e-14
2.529218209820521555e-14
2.317440780928970079e-14
2.123613095148292640e-14
1.946359455496183528e-14
1.784135192368124066e-14
1.635808875207770911e-14
1.500089554073356064e-14
1.375996097328786682e-14
1.262503952684089353e-14
1.158706549495681142e-14
1.063852820425149412e-14
9.771132472480671160e-15
8.978253809144767893e-15
8.254043879425256853e-15
7.592208801634780695e-15
6.987549680878007488e-15
6.435300136314667702e-15
5.931347515488873753e-15
5.471364084948871439e-15
5.051651769525887922e-15
4.668844224501010355e-15
4.319852477732897894e-15
4.001841648293439908e-15
3.712209773961786146e-15
3.448568470902372296e-15
3.208725123486339679e-15
2.990812584469093561e-15
2.792927693092011935e-15
2.613298477181536421e-15
2.450378090057499026e-15
2.303026863333700593e-15
2.169618318203907930e-15
2.049208187356739658e-15
1.940509328936711912e-15
1.842749468619266533e-15
