# bin_4_2
1.056443022555824409e-08
1.061103234872047012e-08
1.065937753935096458e-08
1.070950684622625852e-08
1.076145384960617877e-08
1.081525002258300003e-08
1.087092680245272951e-08
1.092853335606911590e-08
1.098813990034334823e-08
1.104982692666390972e-08
1.111369980454282767e-08
1.117986408578123797e-08
1.124842019692366317e-08
1.131943033282273201e-08
1.139290133105919252e-08
1.146883763558494551e-08
1.154725587124888566e-08
1.162824163073493548e-08
1.171193786800717447e-08
1.179850520005090444e-08
1.188806092152672349e-08
1.198059785329007108e-08
1.207607124402041272e-08
1.217448386662995162e-08
1.227599800260819930e-08
1.238083838001287945e-08
1.248914081767860869e-08
1.260084118789134024e-08
1.271585831821425471e-08
1.283434707041531376e-08
1.295661319002885778e-08
1.308278217476769796e-08
1.321271271968530046e-08
1.334642517024293590e-08
1.348429476685933451e-08
1.362653401570993881e-08
1.377297783930603934e-08
1.392372887657012974e-08
1.407916721404506712e-08
1.423920880098079934e-08
1.440376716928679350e-08
1.457319524276190269e-08
1.474739058842477207e-08
1.492626174265474933e-08
1.511006103509295607e-08
1.529854733602790104e-08
1.549181960651585331e-08
1.568987564283817540e-08
1.589263857731844229e-08
1.610024114010535007e-08
1.631264983617842105e-08
1.653003083681843740e-08
1.675241337043103883e-08
1.697994398774063327e-08
1.721266981982570343e-08
1.745061989324111532e-08
1.769380038056413623e-08
1.794217151499950712e-08
1.819567670689023331e-08
1.845430541275880344e-08
1.871811851319000928e-08
1.898719895879645662e-08
1.926171655475666125e-08
1.954184512321351610e-08
1.982772640829661434e-08
2.011941447217242772e-08
2.041691243685525254e-08
2.072001426462028001e-08
2.102851977811165785e-08
2.134224341757821498e-08
2.166097527918445477e-08
2.198441836320058533e-08
2.231219326980537841e-08
2.264379418542593925e-08
2.297878276193886940e-08
2.331685249374838126e-08
2.365784153648572244e-08
2.400169874844386602e-08
2.434839873327090864e-08
2.469805884426221563e-08
2.505100800016433732e-08
2.540754888882807060e-08
2.576768958945670281e-08
2.613128551507672412e-08
2.649777228827551419e-08
2.686641235158177323e-08
2.723633565731865099e-08
2.760663835756870592e-08
2.797648013586241316e-08
2.834532118156937356e-08
2.871288148972346280e-08
2.907915280456407252e-08
2.944411927403490526e-08
2.980753380452246599e-08
3.016893217787212973e-08
3.052767345442395689e-08
3.088346977162724859e-08
3.123615433913826621e-08
3.158547242104387147e-08
3.193080434286815085e-08
3.227102424277815759e-08
3.260458584477306652e-08
3.293004726896766544e-08
3.324674556516048750e-08
3.355468460286929805e-08
3.385439014455099509e-08
3.414621371466819243e-08
3.442966619297726380e-08
3.470369547901304959e-08
3.496690149806038528e-08
3.521771365112389723e-08
3.545482165048208324e-08
3.567758363031854167e-08
3.588624081383151717e-08
3.608100432150377466e-08
3.626171638757024113e-08
3.642738500549858669e-08
3.657675038010554897e-08
3.670877229506829615e-08
3.682256822262525877e-08
3.691734858646134392e-08
3.699287939124702991e-08
3.704949881953161687e-08
3.708723587540287186e-08
3.710538087365845098e-08
3.710250145191535210e-08
3.707754422716520673e-08
3.703054120648177588e-08
3.696191662258445958e-08
3.687196874615706448e-08
3.676020108453842853e-08
3.662592137523196051e-08
3.646845630985090475e-08
3.628812580130392532e-08
3.608543732270376255e-08
3.586073079157502602e-08
3.561388162400993549e-08
3.534460385272600031e-08
3.505309464147172902e-08
3.474012310824074707e-08
3.440638623923293611e-08
3.405210397125172114e-08
3.367754209149460485e-08
3.328329204627789795e-08
3.287025606096194530e-08
3.243938495985399051e-08
3.199115817880225855e-08
3.152624580942670524e-08
3.104576574791886931e-08
3.055076437107775337e-08
3.004208089395186671e-08
2.952059438420356331e-08
2.898746949520205718e-08
2.844381631045653816e-08
2.789060840546687867e-08
2.732889679881714787e-08
2.675979441288556816e-08
2.618440496752766663e-08
2.560371304878900843e-08
2.501872300582263181e-08
2.443053055358446867e-08
2.384001952972473034e-08
2.324813236135096193e-08
2.265578055896318341e-08
2.206378171601489475e-08
2.147292997838266764e-08
2.088398673575107793e-08
2.029765226033219392e-08
1.971458186717295912e-08
1.913540635202537021e-08
1.856071330491469312e-08
1.799106744635047377e-08
1.742701134810569415e-08
1.686907588800636725e-08
1.631778439980105813e-08
1.577366259991662133e-08
1.523722919191890830e-08
1.470902239591876208e-08
1.418956457430046304e-08
1.367940415472112695e-08
1.317907723725110931e-08
1.268910953430823788e-08
1.221001444413855214e-08
1.174227369115749691e-08
1.128632377989216568e-08
1.084254672279259052e-08
1.041124867791183871e-08
9.992653710522171830e-09
9.586895947458394100e-09
9.194013829291040121e-09
8.813960551048018192e-09
8.446606257027167824e-09
8.091758191527241541e-09
7.749177485914646875e-09
7.418600024996074626e-09
7.099758023348735830e-09
6.792394444214738215e-09
6.496276635886155933e-09
6.211197311079793327e-09
5.936973116771895260e-09
5.673430480849732026e-09
5.420391917580107526e-09
5.177659025992036246e-09
4.945002612275302167e-09
4.722157429578399364e-09
4.508824763182121894e-09
4.304681553331018840e-09
4.109392746362534530e-09
3.922625298707325441e-09
3.744057143388035497e-09
3.573381560564529924e-09
3.410306507002841691e-09
3.254549776065094327e-09
3.105834856168781011e-09
2.963887914702136093e-09
2.828436596856937381e-09
2.699209486187426361e-09
2.575936987588291367e-09
2.458352880547619107e-09
2.346197014629374762e-09
2.239219005412964607e-09
2.137180432062231070e-09
2.039854647362457251e-09
1.947023803972410541e-09
1.858475407141291309e-09
1.774001229107269847e-09
1.693399128259775583e-09
1.616476060644527771e-09
1.543049292598692225e-09
1.472945113072040329e-09
1.405996900453111082e-09
1.342044602046282365e-09
1.280935448396075618e-09
1.222524607519153298e-09
1.166674976437824571e-09
1.113256545650118006e-09
1.062146157584745887e-09
1.013227479746044559e-09
9.663908433823936665e-10
9.215330343099017200e-10
8.785570055114525044e-10
8.373716858324926981e-10
7.978917366691750963e-10
7.600373035866598522e-10
7.237337455396800077e-10
6.889113834829717661e-10
6.555052367165274823e-10
6.234547331143579926e-10
5.927034351382487943e-10
5.631987713591347568e-10
5.348917648277630102e-10
5.077367548842817397e-10
4.816911236645419906e-10
4.567150329665995029e-10
4.327711718523270383e-10
4.098245129166494564e-10
3.878420731188668134e-10
3.667926836200482915e-10
3.466467760963987366e-10
3.273761845205116517e-10
3.089539592589553218e-10
2.913541955703745386e-10
2.745518759604658543e-10
2.585227292740696696e-10
2.432431062946480427e-10
2.286898699049572611e-10
2.148403018337737500e-10
2.016720245274893724e-10
1.891629370000846875e-10
1.772911643253475468e-10
1.660350210098314205e-10
1.553729865136712315e-10
1.452836924599169701e-10
1.357459196967549348e-10
1.267386035966936315e-10
1.182408478848302945e-10
1.102319450238499518e-10
1.026914024649770709e-10
9.559897291431819569e-11
8.893468693582553928e-11
8.267888754877377413e-11
7.681226620908219801e-11
7.131589656685821585e-11
6.617127225439614053e-11
6.136033911634823014e-11
5.686552572360566539e-11
5.266977123510012443e-11
4.875655011809165203e-11
4.510989321721090425e-11
4.171440499641906455e-11
3.855527669032802690e-11
3.561829591762708058e-11
3.288985272101291878e-11
3.035694197364486048e-11
2.800716224362415694e-11
2.582871113183328205e-11
2.381037771905835890e-11
2.194153252408875630e-11
2.021211526369375390e-11
1.861262071188203420e-11
1.713408272148391087e-11
1.576805677821025031e-11
1.450660142991506400e-11
1.334225887206623947e-11
1.226803501556253711e-11
1.127737914014426545e-11
1.036416331791100928e-11
9.522661809544589869e-12
8.747530574779542549e-12
8.033787777752506667e-12
7.376793215892078214e-12
6.772227208348724342e-12
6.216075152715091045e-12
5.704607964306566395e-12
5.234364591220757497e-12
4.802135249106126797e-12
4.404945362854065892e-12
4.040040253865315202e-12
3.704870555395615589e-12
3.397078377637511197e-12
3.114484227771846173e-12
2.855074637953705458e-12
2.616990608464442760e-12
2.398518160959096524e-12
2.198072680929202835e-12
2.014194971933251272e-12
1.845540199891240637e-12
1.690869433198352967e-12
1.549041734739387320e-12
1.419006784825036832e-12
1.299798018323463229e-12
1.190526846403470371e-12
1.090376108500043972e-12
9.985925181077513340e-13
9.144849724753694449e-13
8.374183954473616538e-13
7.668093346516710744e-13
7.021218902710380078e-13
6.428654636053882229e-13
5.885869643102540569e-13
5.388712568224033528e-13
4.933377174873466521e-13
4.516370835904096623e-13
4.134500521746162784e-13
3.784822002167678459e-13
3.464631346903013292e-13
3.171456310966597471e-13
2.903035055551990215e-13
2.657297224343382384e-13
2.432322968777899955e-13
2.226365989747750920e-13
2.037836171386154221e-13
1.865263368690032078e-13
1.707294961762239384e-13
1.562705385115474347e-13
1.430372238073491954e-13
1.309248599230968861e-13
1.198395642834184120e-13
1.096947326217474159e-13
1.004098431821566365e-13
9.191364874264164191e-14
8.413814831830684004e-14
7.702291508833164137e-14
7.051201446604883486e-14
6.455393416165507928e-14
5.910236976601109290e-14
5.411381660126535500e-14
4.954953761906794403e-14
4.537326997830707432e-14
4.155211078053593208e-14
3.805637694441309290e-14
3.485780539081943237e-14
3.193197348669455827e-14
2.925536119980899029e-14
2.680670628350363852e-14
2.456708029165633651e-14
2.251875650637179810e-14
2.064531315282153973e-14
1.893199591878047934e-14
1.736529606249441358e-14
1.593286146574875487e-14
1.462345653039930188e-14
1.342652962529743699e-14
1.233258828333808761e-14
1.133293903676186491e-14
1.041961972268520555e-14
9.585494870187466675e-15
8.823769475960210466e-15
8.128315398895859349e-15
7.493522623743290002e-15
6.914327923152256684e-15
6.386229719564060959e-15
5.904643656882036511e-15
5.465902922443845526e-15
5.066240160881597847e-15
4.702543796778536802e-15
4.371608800480278509e-15
4.070883074163831731e-15
3.797763360217383829e-15
3.549909289891017941e-15
