# bin_3_3
1.091936358526443099e-08
1.096827046746840384e-08
1.101897408824126127e-08
1.107150946575970785e-08
1.112590840327870117e-08
1.118221332941385831e-08
1.124049143972024972e-08
1.130081626412091760e-08
1.136326755094721510e-08
1.142794481232411640e-08
1.149495088602962811e-08
1.156439164442955743e-08
1.163636100896750311e-08
1.171088590729968342e-08
1.178797146098924274e-08
1.186762332648809155e-08
1.194989596518967332e-08
1.203488993466810682e-08
1.212275302490556727e-08
1.221364361798186420e-08
1.230769039759422196e-08
1.240489569035818334e-08
1.250521106902727043e-08
1.260862325114653399e-08
1.271526163282833091e-08
1.282536305460363709e-08
1.293914753531969064e-08
1.305663918309919282e-08
1.317772883329236713e-08
1.330241060193276619e-08
1.343095657807060885e-08
1.356369076343558673e-08
1.370064913882755723e-08
1.384167186860267449e-08
1.398687923291649705e-08
1.413671649601181163e-08
1.429135388402080356e-08
1.445056168150955274e-08
1.461447834341654940e-08
1.478358841254471153e-08
1.495779420909093124e-08
1.513686872876445272e-08
1.532122539891699664e-08
1.551088098676955134e-08
1.570553490917419147e-08
1.590554066017853712e-08
1.611075987367759986e-08
1.632108651812128769e-08
1.653681518807283818e-08
1.675770779912911090e-08
1.698406803942750128e-08
1.721581755669058820e-08
1.745314444549539084e-08
1.769610255417589612e-08
1.794482248214193576e-08
1.819925638300887515e-08
1.845944833886798186e-08
1.872529388150460543e-08
1.899675664141838561e-08
1.927376636048776529e-08
1.955635689449368978e-08
1.984463453495252768e-08
2.013881267989257014e-08
2.043907476671636901e-08
2.074554180921884071e-08
2.105831379371732814e-08
2.137740799517413017e-08
2.170283245820943295e-08
2.203463266634314136e-08
2.237269976731618303e-08
2.271693327490205753e-08
2.306717943609273725e-08
2.342310985763663082e-08
2.378425472393797816e-08
2.415011615332688501e-08
2.452021902705545742e-08
2.489413339194136885e-08
2.527158162353580161e-08
2.565237240754292428e-08
2.603641963566653620e-08
2.642375399515400861e-08
2.681461026893515806e-08
2.720935173762344354e-08
2.760832886993481244e-08
2.801146014462823824e-08
2.841853975683597205e-08
2.882891054352228911e-08
2.924168659031426171e-08
2.965589685531515693e-08
3.007066000027836535e-08
3.048516618964222441e-08
3.089888603726801469e-08
3.131159599828472486e-08
3.172326469609306938e-08
3.213377922019099982e-08
3.254273708035876465e-08
3.294958593007097915e-08
3.335365169583834042e-08
3.375478116512904644e-08
3.415297757323937804e-08
3.454795632243492859e-08
3.493886662976454574e-08
3.532432206464105064e-08
3.570254866611835013e-08
3.607204691386504632e-08
3.643231227736684642e-08
3.678346057154763107e-08
3.712600433744905782e-08
3.746020052556271186e-08
3.778547893229993979e-08
3.810065248355656420e-08
3.840418763175301317e-08
3.869429274924083227e-08
3.896963886774013801e-08
3.922965742093909902e-08
3.947466269146284537e-08
3.970476763516147837e-08
3.991974358443946919e-08
4.011847253967497267e-08
4.029959567685789724e-08
4.046192817190997430e-08
4.060451517651138225e-08
4.072645549078430947e-08
4.082749500994578927e-08
4.090805381031084476e-08
4.096810215698757707e-08
4.100674210272102390e-08
4.102235956474659178e-08
4.101379876701876835e-08
4.098117262903748744e-08
4.092489978842536294e-08
4.084520182686373026e-08
4.074147723781904890e-08
4.061293081426792478e-08
4.045880588786916588e-08
4.027942261140010918e-08
4.007529053738801591e-08
3.984673496511222594e-08
3.959352345545528741e-08
3.931530953811736545e-08
3.901226728165804386e-08
3.868519723820147905e-08
3.833481138870232907e-08
3.796126427807430215e-08
3.756479666973819179e-08
3.714602877481197628e-08
3.670588584021670537e-08
3.624535456906225578e-08
3.576491526079544807e-08
3.526524930804234641e-08
3.474754948732494755e-08
3.421292069407348541e-08
3.366224605860123291e-08
3.309646079053431617e-08
3.251681946610074186e-08
3.192452457581859934e-08
3.132063001667048938e-08
3.070628793148160201e-08
3.008272381517618352e-08
2.945116002482905845e-08
2.881270190104745609e-08
2.816847901962258198e-08
2.751973152229020772e-08
2.686747665443852432e-08
2.621279545485361428e-08
2.555675029418593273e-08
2.490029929283094383e-08
2.424438034653694208e-08
2.358989471316448944e-08
2.293767829462217294e-08
2.228851885571654091e-08
2.164316664566722960e-08
2.100232568866163813e-08
2.036666305962671370e-08
1.973681453350776188e-08
1.911338720080644303e-08
1.849697567379483613e-08
1.788815470640620195e-08
1.728748810123162193e-08
1.669554957864534792e-08
1.611289000471296553e-08
1.554008553245516386e-08
1.497770016008305015e-08
1.442629071581079769e-08
1.388641049711365373e-08
1.335859468133400828e-08
1.284334222695944520e-08
1.234111990032415848e-08
1.185233511855744314e-08
1.137732660580698139e-08
1.091635972915961259e-08
1.046960593093264455e-08
1.003714556898285047e-08
9.618962070495550630e-09
9.214946791349096713e-09
8.824912507918758668e-09
8.448604958679477841e-09
8.085726970090582792e-09
7.735958440904033871e-09
7.398976303706425597e-09
7.074473676166654096e-09
6.762169371112371304e-09
6.461814032762787386e-09
6.173186014866700249e-09
5.896080589446830942e-09
5.630293765263005926e-09
5.375603876001276821e-09
5.131754417393694540e-09
4.898445675121932670e-09
4.675335754353500365e-09
4.462049983008959875e-09
4.258197174820520385e-09
4.063388612271161867e-09
3.877254782446478706e-09
3.699455295940958264e-09
3.529678258167330336e-09
3.367630375706590498e-09
3.213024262148214199e-09
3.065566929286230364e-09
2.924955541939616304e-09
2.790881856850209341e-09
2.663041199952312943e-09
2.541141902300318106e-09
2.424909667988043667e-09
2.314085760996080504e-09
2.208421495990337285e-09
2.107673333820451707e-09
2.011602214875506841e-09
1.919976345442628456e-09
1.832574138294879506e-09
1.749185010347962558e-09
1.669608121540361558e-09
1.593650893461741979e-09
1.521128862500770672e-09
1.451866385067423282e-09
1.385696587674501019e-09
1.322460875472737102e-09
1.262008721254374063e-09
1.204197774845531623e-09
1.148893701738873742e-09
1.095969628475201001e-09
1.045305894792730041e-09
9.967900066573938238e-10
9.503164019200067347e-10
9.057860278905581520e-10
8.631060747096015166e-10
8.221897646387383993e-10
7.829560061622215805e-10
7.453290840912987815e-10
7.092383723278815626e-10
6.746180295427100579e-10
6.414066782540360259e-10
6.095470967752821201e-10
5.789859147568677165e-10
5.496733168566566266e-10
5.215627540502944746e-10
4.946106598599009931e-10
4.687761700314053674e-10
4.440208582260862454e-10
4.203084860184169556e-10
3.976047651579229249e-10
3.758771359556346845e-10
3.550945576471022289e-10
3.352273150730353142e-10
3.162468412840429128e-10
2.981255560083314430e-10
2.808367227416662067e-10
2.643543221372624776e-10
2.486529406173122053e-10
2.337076738242088701e-10
2.194940464898285503e-10
2.059879469055505935e-10
1.931655759255188699e-10
1.810034086223027071e-10
1.694781667837454171e-10
1.585668031382350871e-10
1.482464946362894129e-10
1.384946448986534348e-10
1.292888942944554327e-10
1.206071356958598400e-10
1.124275358115264118e-10
1.047285606726303475e-10
9.748900137314719973e-11
9.068800702879086668e-11
8.430511468834037704e-11
7.832028049703452949e-11
7.271391048918875483e-11
6.746689047720485293e-11
6.256061420106401351e-11
5.797700892385622342e-11
5.369855763318595664e-11
4.970831817497547997e-11
4.598993959037526081e-11
4.252767552746053500e-11
3.930639466362163142e-11
3.631158726416518890e-11
3.352936793821404444e-11
3.094647504996403016e-11
2.855026697744815164e-11
2.632871592411201090e-11
2.427039918849838801e-11
2.236448807946476012e-11
2.060073478134005862e-11
1.896945712111399534e-11
1.746152182015480162e-11
1.606832641892921325e-11
1.478178020949512200e-11
1.359428450702755027e-11
1.249871225170501660e-11
1.148838729063920589e-11
1.055706345947403865e-11
9.698905588675820879e-12
8.908463110796495006e-12
8.180655039714259065e-12
7.510748452086731918e-12
6.894338659597007944e-12
6.327330166563407986e-12
5.805918295144437477e-12
5.326571443926301165e-12
4.886014058134436804e-12
4.481210315280876838e-12
4.109348555108419092e-12
3.767826486433776007e-12
3.454237125524197428e-12
3.166356215005337502e-12
2.902128732884204906e-12
2.659655144594101285e-12
2.437183761280779471e-12
2.233098754104958038e-12
2.045910303730667245e-12
1.874245369866581511e-12
1.716839056260953927e-12
1.572526551466407446e-12
1.440236646101803740e-12
1.318982556887762474e-12
1.207855498871664749e-12
1.106020772669616140e-12
1.012710998473222504e-12
9.272208856496683268e-13
8.489023800092463569e-13
7.771620395453212524e-13
7.114512833372842480e-13
6.512679149571139757e-13
5.961511018499384159e-13
5.456778842763477500e-13
4.994615080558517362e-13
4.571450516490344283e-13
4.184011501308684364e-13
3.829302142359911244e-13
3.504581469623703400e-13
3.207337226773675825e-13
2.935245109411023294e-13
2.686188217782386969e-13
2.458238046324057340e-13
2.249611808606280093e-13
2.058671284384858197e-13
1.883930111469166597e-13
1.724026576583902257e-13
1.577693432739428082e-13
1.443791587366327843e-13
1.321271402833675445e-13
1.209158253197154717e-13
1.106586518757176986e-13
1.012734437858254558e-13
9.268682402060904608e-14
8.483110853477420266e-14
7.764381080146249095e-14
7.106887179184869547e-14
6.505352245691339357e-14
5.955090712087591021e-14
5.451698793799695632e-14
4.991207556111751682e-14
4.570001039714739849e-14
4.184674416849514103e-14
3.832272390125850424e-14
3.509935063855129813e-14
3.215101470723709605e-14
2.945488454462029311e-14
2.698931887747459111e-14
2.473459756738030621e-14
2.267288173213033132e-14
2.078784283669956932e-14
1.906467071113997943e-14
1.748954660129044647e-14
1.604986397092764927e-14
1.473416096234692688e-14
1.353194351058378439e-14
1.243360312934361582e-14
1.143038924440281502e-14
1.051436833328175288e-14
9.678028765999445973e-15
8.914609071818666837e-15
8.217917278103508694e-15
7.582633178874863600e-15
7.003267283701799612e-15
6.475210091102600098e-15
5.994191971379761232e-15
5.556203001993177074e-15
5.157573095689672832e-15
4.795201099666986410e-15
