# bin_1_1
8.054388277069428675e-09
8.086857336058046048e-09
8.120556316333092703e-09
8.155557808982511469e-09
8.191917261013004020e-09
8.229643417592080609e-09
8.268732503773667659e-09
8.309172251583744458e-09
8.350952140153323318e-09
8.394109261669413938e-09
8.438698224421397583e-09
8.484775181888872896e-09
8.532386769896147086e-09
8.581550620901619295e-09
8.632279328967354349e-09
8.684593173927936156e-09
8.738522552130554750e-09
8.794115309844616831e-09
8.851485821778034649e-09
8.910779901989986950e-09
8.972113764515317314e-09
9.035409321319858275e-09
9.100511919055845617e-09
9.167315218808717173e-09
9.235869260986304817e-09
9.306250049176804960e-09
9.378491939042508976e-09
9.452601402368895391e-09
9.528673583586596573e-09
9.606986676959355856e-09
9.687760664020975516e-09
9.770801623758974629e-09
9.855833065898736882e-09
9.942903013617138842e-09
1.003222340142848815e-08
1.012392584018855322e-08
1.021831524008362116e-08
1.031578005503100817e-08
1.041608594630990811e-08
1.051882113517904910e-08
1.062407580778052607e-08
1.073205071142665250e-08
1.084307927695216768e-08
1.095718927934260605e-08
1.107368050017212586e-08
1.119230765476582578e-08
1.131337836028386420e-08
1.143729929773007203e-08
1.156367193301754263e-08
1.169199061685013070e-08
1.182273581818559509e-08
1.195657078467527937e-08
1.209305318418866253e-08
1.223192921089281446e-08
1.237401556570789479e-08
1.251919641693989053e-08
1.266660828123381903e-08
1.281678972180226313e-08
1.296949724799333665e-08
1.312375391099242125e-08
1.328021300543695613e-08
1.343836382484306056e-08
1.359817415501645717e-08
1.376009978884546697e-08
1.392340750155613604e-08
1.408848037163996324e-08
1.425438916229272505e-08
1.442118531172050745e-08
1.458811483721169580e-08
1.475526984881285480e-08
1.492225677311121902e-08
1.508924137676396837e-08
1.525597164988901501e-08
1.542226587621420422e-08
1.558801230790832573e-08
1.575313194520262414e-08
1.591770556744711047e-08
1.608180098061785207e-08
1.624557365051691437e-08
1.640905050809389557e-08
1.657223956607471386e-08
1.673530500145745113e-08
1.689805362373776819e-08
1.706010465754782424e-08
1.722097165678938354e-08
1.737993574363899365e-08
1.753604371833410559e-08
1.768814827266167936e-08
1.783510201485494286e-08
1.797603174462010762e-08
1.811044780522973545e-08
1.823814820970391899e-08
1.835934958463214699e-08
1.847458140190661548e-08
1.858468597466005960e-08
1.869044691200977489e-08
1.879212835262783784e-08
1.888954279633784867e-08
1.898200572033151812e-08
1.906837962277828527e-08
1.914714583692876656e-08
1.921729255856763808e-08
1.927840483537179376e-08
1.933049834195639737e-08
1.937370652713632444e-08
1.940775543144621291e-08
1.943205092577862677e-08
1.944582926030014585e-08
1.944838980567774955e-08
1.943975227759651736e-08
1.942089658340759646e-08
1.939351640873674402e-08
1.935866423767181051e-08
1.931594384531008960e-08
1.926359241941234948e-08
1.919950103739642153e-08
1.912236006528425018e-08
1.903181827906652826e-08
1.892822210116024536e-08
1.881262287286431520e-08
1.868664222560739975e-08
1.855211980114314518e-08
1.840991806505618791e-08
1.825900230334429848e-08
1.809754839640351396e-08
1.792423832917312869e-08
1.773879491682756684e-08
1.754231507322288181e-08
1.733608050339254699e-08
1.712162629868007555e-08
1.689983245456244319e-08
1.667121624339141037e-08
1.643527896699479958e-08
1.619149601513665593e-08
1.593939072678487102e-08
1.567903764096957055e-08
1.541168389074228007e-08
1.513956048021394474e-08
1.486422102571900162e-08
1.458529204043271409e-08
1.430164130878275337e-08
1.401263061414247652e-08
1.371933377994415983e-08
1.342382517104182669e-08
1.312714408111797327e-08
1.282961325201131087e-08
1.253070784215940662e-08
1.223010206316429616e-08
1.192825007439310509e-08
1.162668207431191938e-08
1.132638254404948137e-08
1.102737046823555051e-08
1.072909022603801311e-08
1.043156934099591527e-08
1.013581827619911754e-08
9.842852009727005419e-09
9.552617202290438279e-09
9.264772163434458613e-09
8.979631712091658431e-09
8.697730374517013403e-09
8.419725827905927835e-09
8.145677514087145948e-09
7.875291004699105024e-09
7.609067807709724275e-09
7.347626994800292278e-09
7.091034757163302143e-09
6.839242639111349760e-09
6.592561921572010951e-09
6.351420403868493869e-09
6.115887009423850691e-09
5.886011644835675828e-09
5.662008314170545896e-09
5.444067375818152132e-09
5.232227736095983061e-09
5.026450345522957991e-09
4.826861512577118755e-09
4.633457047305011788e-09
4.446102366873439049e-09
4.264826537578293036e-09
4.089522750475483895e-09
3.920079968540792232e-09
3.756415496748442299e-09
3.598435973218935998e-09
3.446036713387713906e-09
3.299111972155844519e-09
3.157581833307965428e-09
3.021321550995380080e-09
2.890245743588805877e-09
2.764224974296732416e-09
2.643150025633186416e-09
2.526875216983717816e-09
2.415285088023478072e-09
2.308225255614524530e-09
2.205571723541294697e-09
2.107180307482214098e-09
2.012921114421365879e-09
1.922658570518970320e-09
1.836257553052163357e-09
1.753577396186815100e-09
1.674481101627985672e-09
1.598832033561232872e-09
1.526492525124068145e-09
1.457332793355138028e-09
1.391228266981129608e-09
1.328057725367145936e-09
1.267703588679392031e-09
1.210048724397817457e-09
1.154975757276063027e-09
1.102371046956194252e-09
1.052124380255785083e-09
1.004130274056101939e-09
9.582872961444916994e-10
9.144972594190089046e-10
8.726646757994769946e-10
8.326976075268696918e-10
7.945079926801448213e-10
7.580113192298522896e-10
7.231270984744694358e-10
6.897777552239092079e-10
6.578896819493645521e-10
6.273924992732859657e-10
5.982190468169207378e-10
5.703054347746775531e-10
5.435908728861730849e-10
5.180177961480989136e-10
4.935315837228359046e-10
4.700805393638385732e-10
4.476160282671175149e-10
4.260921984958499684e-10
4.054660553250114125e-10
3.856972728105080106e-10
3.667480866160916621e-10
3.485831600568628914e-10
3.311693746350483400e-10
3.144757328257712787e-10
2.984732070157865361e-10
2.831346796143812158e-10
2.684348262340959953e-10
2.543499910253659141e-10
2.408580373357434666e-10
2.279381844651565408e-10
2.155708803834852254e-10
2.037376592773642947e-10
1.924210398712461054e-10
1.816044188946447939e-10
1.712719543330643744e-10
1.614084655229565862e-10
1.519993210865592368e-10
1.430303529630072548e-10
1.344877857293789128e-10
1.263581627084785686e-10
1.186282913603051251e-10
1.112851849454384594e-10
1.043160192582292604e-10
9.770810625055695915e-11
9.144886439554991883e-11
8.552580645699811786e-11
7.992652962292275370e-11
7.463871267626760367e-11
6.965012429641725837e-11
6.494862947212417472e-11
6.052220550027676773e-11
5.635896027717530544e-11
5.244715109333855677e-11
4.877520893875389829e-11
4.533176026753264888e-11
4.210565047608186934e-11
3.908596721128692723e-11
3.626206105265506082e-11
3.362356652139113932e-11
3.116041991600816685e-11
2.886287527045849813e-11
2.672151836806494449e-11
2.472727749828114474e-11
2.287143219734875414e-11
2.114561916908683603e-11
1.954183555000498178e-11
1.805244023426417476e-11
1.667015288200382312e-11
1.538805089625260744e-11
1.419956483855412506e-11
1.309847264252398438e-11
1.207888759512055150e-11
1.113525409482051346e-11
1.026233583077439163e-11
9.455204992946886178e-12
8.709230606107286086e-12
8.020066526191735212e-12
7.383639274290876211e-12
6.796135542314176632e-12
6.253989744353679223e-12
5.753871492559007999e-12
5.292673213972110214e-12
4.867498085953602522e-12
4.475648219361947853e-12
4.114613241868743323e-12
3.782059100016323112e-12
3.475817252100249192e-12
3.193874471761855039e-12
2.934363003755161424e-12
2.695551163610903587e-12
2.475834380718327508e-12
2.273726700872218294e-12
2.087852755152969494e-12
1.916940181404503053e-12
1.759812506031405188e-12
1.615382387369179341e-12
1.482645268225359125e-12
1.360673460716112587e-12
1.248610602477687866e-12
1.145666455287231518e-12
1.051112058575721414e-12
9.642751558470479691e-13
8.845359963756750251e-13
8.113233948447722891e-13
7.441110900545333259e-13
6.824143310299074474e-13
6.257867064724597034e-13
5.738172075209086622e-13
5.261275111292817319e-13
4.823694582245194845e-13
4.422248049818431178e-13
4.053980389506901099e-13
3.716166105329971172e-13
3.406313228110684987e-13
3.122130675467350313e-13
2.861512405666128897e-13
2.622522730936178539e-13
2.403382818000630724e-13
2.202458246772107987e-13
2.018247525491185738e-13
1.849371475880208139e-13
1.694563398346439949e-13
1.552660041059950785e-13
1.422593298533147338e-13
1.303382562310647191e-13
1.194145036238266059e-13
1.094052048229559561e-13
1.002327634791753630e-13
9.182761028744285173e-14
8.412590911554366330e-14
7.706909068764497059e-14
7.060342185228632502e-14
6.467961010837520315e-14
5.925244129649090592e-14
5.428058005335132544e-14
4.972896345488585927e-14
4.555934724253668751e-14
4.173977573353051382e-14
3.824095031636797931e-14
3.503601104663441501e-14
3.210033595763695102e-14
2.941176317224234098e-14
2.695187864632470246e-14
2.469878812589150541e-14
2.263513879661115438e-14
2.074502945783005060e-14
1.901388977591000495e-14
1.743042318455646134e-14
1.598111798122410308e-14
1.465375783307638368e-14
1.343809511716243545e-14
1.232526741576833364e-14
1.130846021475107328e-14
1.037724694468606345e-14
9.524429602573990918e-15
8.744394917784124412e-15
8.031826448939025514e-15
7.379264758787008676e-15
6.781683194399885507e-15
6.237061422956887493e-15
5.738315591021839667e-15
5.281725021441460336e-15
4.865998740743345224e-15
4.485299646368827298e-15
4.137679470559561042e-15
3.820780559918388821e-15
3.530588074308718031e-15
3.267167827981460145e-15
3.025958036288907928e-15
2.806862080986026865e-15
2.606671461890667612e-15
2.425000444305790649e-15
2.259118900960756572e-15
2.109024523729437430e-15
1.972073157538365795e-15
1.848320756768917523e-15
1.735928256956341032e-15
1.633919413696494957e-15
1.542170437396570367e-15
1.459076723534290161e-15
1.383997336025190511e-15
1.316629995353904163e-15
1.256152747091654838e-15
1.201857906977234452e-15
1.153254020564507700e-15
1.109876932040340573e-15
1.071288546325800624e-15
1.037075663995563598e-15
1.006849447075955790e-15
