# bin_2_1
8.891782243776670649e-09
8.928394980896118955e-09
8.966363914807326277e-09
9.005716867814930565e-09
9.046474312216844927e-09
9.088654318261898166e-09
9.132274476138638640e-09
9.177368400506534003e-09
9.223988802581111368e-09
9.272197398524993340e-09
9.322078386671085445e-09
9.373715572626881694e-09
9.427187404910900977e-09
9.482536399850570549e-09
9.539753304367174988e-09
9.598826001199353570e-09
9.659752904830725635e-09
9.722595477876292396e-09
9.787467298831781383e-09
9.854497467721718295e-09
9.923774396117817327e-09
9.995271507440186884e-09
1.006892714622653751e-08
1.014472244053404373e-08
1.022278374310596874e-08
1.030329383290239996e-08
1.038635350093838481e-08
1.047188060670869059e-08
1.055977682663979822e-08
1.065015789742000393e-08
1.074327594679488698e-08
1.083921900411897462e-08
1.093783314784168460e-08
1.103910972137152205e-08
1.114336066192120381e-08
1.125075222298953932e-08
1.136110908827414405e-08
1.147449179484107170e-08
1.159120834512493374e-08
1.171115192341564868e-08
1.183420904079065571e-08
1.196065423236658573e-08
1.209035733977266445e-08
1.222319238159249484e-08
1.235933478234678704e-08
1.249852369249533804e-08
1.264079366334336302e-08
1.278609348555628616e-08
1.293430505082944445e-08
1.308549617505948749e-08
1.323959345985554106e-08
1.339669834425412198e-08
1.355679539880109553e-08
1.371996967131610113e-08
1.388621592145842372e-08
1.405550754893149072e-08
1.422779217256448043e-08
1.440297540530313971e-08
1.458094339398687356e-08
1.476162734855253941e-08
1.494503091613304685e-08
1.513117924452156298e-08
1.532018397285449652e-08
1.551216166375936825e-08
1.570719630903179750e-08
1.590528579027726375e-08
1.610637770552153156e-08
1.631021397597708735e-08
1.651654293379088701e-08
1.672513020189473762e-08
1.693571842659217237e-08
1.714796658440725009e-08
1.736145260466679529e-08
1.757563088032082843e-08
1.779002449475800295e-08
1.800429337409758805e-08
1.821824262787039754e-08
1.843178619657106228e-08
1.864487559231953793e-08
1.885759998108230401e-08
1.907026712599650538e-08
1.928316001034493521e-08
1.949628059270683932e-08
1.970948040584817250e-08
1.992220436925235358e-08
2.013373186175421157e-08
2.034321802563346916e-08
2.054979338908233992e-08
2.075266329217933238e-08
2.095133764903742256e-08
2.114559339985525562e-08
2.133548551091157079e-08
2.152107123608627780e-08
2.170218880056411932e-08
2.187846987424474398e-08
2.204938216309692236e-08
2.221475071451568204e-08
2.237453742077196263e-08
2.252863104576988945e-08
2.267656914205041312e-08
2.281740232964342607e-08
2.294978036654207270e-08
2.307246058570227012e-08
2.318498080991659454e-08
2.328755303984265266e-08
2.338091121430793583e-08
2.346563236096764821e-08
2.354148884928625231e-08
2.360771567355653043e-08
2.366323350110256378e-08
2.370681440600178647e-08
2.373751016897068828e-08
2.375505443904379256e-08
2.376006309077091854e-08
2.375314030304987223e-08
2.373453901563710409e-08
2.370371682718098362e-08
2.365988213092878131e-08
2.360246198567811899e-08
2.353105137167568204e-08
2.344534479197900486e-08
2.334558714522619774e-08
2.323259035203328730e-08
2.310687582095680263e-08
2.296824420726785968e-08
2.281579827605753264e-08
2.264900580632136888e-08
2.246838785423819401e-08
2.227485482798949830e-08
2.206917698738304138e-08
2.185134810555338462e-08
2.162114993344544862e-08
2.137837778829962544e-08
2.112375817307488405e-08
2.085818710955465967e-08
2.058236659662089739e-08
2.029651958301829843e-08
2.000067787211554613e-08
1.969530035787046235e-08
1.938136106171603077e-08
1.905972191761001578e-08
1.873073440532577803e-08
1.839474148100053046e-08
1.805235060410194337e-08
1.770441453141515402e-08
1.735177479081465873e-08
1.699476511412690537e-08
1.663384227000051130e-08
1.626983735855917830e-08
1.590346012094093710e-08
1.553516715090868370e-08
1.516540315238816880e-08
1.479484020754184718e-08
1.442405967242783497e-08
1.405347652138533847e-08
1.368354971237906131e-08
1.331477806889675416e-08
1.294763707622886538e-08
1.258248430200816652e-08
1.221969798533003050e-08
1.185975281052984932e-08
1.150294272570883508e-08
1.114963969877586025e-08
1.080021824619135442e-08
1.045499829404981302e-08
1.011431566083768165e-08
9.778513165201953986e-09
9.447913458557262187e-09
9.122830990300054066e-09
8.803583865419271449e-09
8.490468446124172310e-09
8.183769220991537677e-09
7.883747971805603806e-09
7.590640935916075944e-09
7.304654145919314220e-09
7.025962429265618580e-09
6.754694713069683859e-09
6.490954494461294152e-09
6.234788010326245990e-09
5.986225241357376718e-09
5.745253974480622199e-09
5.511833021697612216e-09
5.285904197649074335e-09
5.067391911829824268e-09
4.856206316121610535e-09
4.652251876565315765e-09
4.455421919481408398e-09
4.265602361081158563e-09
4.082671789381627730e-09
3.906499381039070611e-09
3.736950630424958372e-09
3.573883747471068596e-09
3.417154344265416624e-09
3.266614195240035330e-09
3.122111064038011048e-09
2.983488088393006005e-09
2.850580935301957756e-09
2.723218252082482915e-09
2.601219894897690048e-09
2.484401123990920064e-09
2.372574360089090031e-09
2.265556568246132674e-09
2.163171807509741834e-09
2.065253758079687259e-09
1.971643083387826659e-09
1.882182780623606278e-09
1.796714147926595665e-09
1.715075227380847243e-09
1.637103349477729427e-09
1.562638814038516366e-09
1.491528025813529763e-09
1.423624366115329596e-09
1.358786973997511367e-09
1.296879749751584526e-09
1.237770767358083221e-09
1.181332411257778245e-09
1.127441046022166096e-09
1.075976835761537735e-09
1.026824129444056842e-09
9.798718662090518339e-10
9.350136619122364651e-10
8.921476801624836773e-10
8.511767212443436360e-10
8.120082723786666440e-10
7.745541602729171803e-10
7.387301985998859229e-10
7.044562332159331786e-10
6.716562974700511332e-10
6.402585765680925742e-10
6.101952540540075889e-10
5.814023221130304692e-10
5.538194083941007170e-10
5.273897004724847213e-10
5.020598913304029148e-10
4.777800137399561275e-10
4.545032516730324328e-10
4.321857929758236082e-10
4.107866904157674711e-10
3.902677120833020096e-10
3.705931719175384735e-10
3.517297492803128597e-10
3.336463213808551200e-10
3.163137952956267684e-10
2.997049437608297414e-10
2.837942390894537228e-10
2.685576923219886225e-10
2.539726954561597231e-10
2.400178661391703572e-10
2.266729045621053381e-10
2.139184600453907987e-10
2.017360056124533470e-10
1.901077181755025916e-10
1.790163688756019462e-10
1.684452263019753827e-10
1.583779723357945568e-10
1.487986290558797172e-10
1.396914941734317352e-10
1.310410878390285608e-10
1.228321113087382501e-10
1.150494168570254490e-10
1.076779867348303536e-10
1.007029199046450141e-10
9.410942718071360304e-11
8.788283384446523481e-11
8.200858903263537978e-11
7.647227992857606226e-11
7.125964963744046863e-11
6.635661856324758711e-11
6.174930774308024266e-11
5.742406354233179218e-11
5.336748314970093070e-11
4.956643964619597850e-11
4.600810644372908754e-11
4.267998025580496108e-11
3.956990191897868045e-11
3.666607505001717892e-11
3.395708228738455605e-11
3.143189900115911189e-11
2.907990439706943261e-11
2.689088984192302263e-11
2.485506442344703489e-11
2.296305819771186199e-11
2.120592028117054274e-11
1.957511955726883069e-11
1.806253979808469175e-11
1.666047367199415823e-11
1.536161512027855014e-11
1.415905022082051613e-11
1.304624676501199628e-11
1.201704287400970880e-11
1.106563463624332466e-11
1.018656310918418385e-11
9.374700805868775448e-12
8.625237845670363080e-12
7.933667938344383466e-12
7.295774221255456095e-12
6.707615115629396776e-12
6.165510306287405713e-12
5.666026929897963884e-12
5.205966093678891797e-12
4.782349704229860302e-12
4.392407668541233355e-12
4.033565520924218174e-12
3.703432492821942257e-12
3.399790099283915694e-12
3.120581207734110357e-12
2.863899597478688583e-12
2.627980031073296464e-12
2.411188815389538647e-12
2.212015551621590611e-12
2.029063911919480038e-12
1.861041895909498370e-12
1.706757629484072927e-12
1.565110936745316960e-12
1.435086738568501299e-12
1.315748870891849775e-12
1.206234289729716083e-12
1.105747661035542634e-12
1.013556304553997484e-12
9.289854862739287864e-13
8.514140401800679234e-13
7.802702856810277435e-13
7.150283346852413805e-13
6.552060771281733982e-13
6.003566480642685875e-13
5.500710311580784309e-13
5.039732792034036004e-13
4.617179170840237997e-13
4.229875355660321795e-13
3.874905675676780681e-13
3.549592368021096238e-13
3.251482625413342814e-13
2.978325122910473722e-13
2.728033929959458079e-13
2.498707223476882688e-13
2.288599735725453443e-13
2.096110069349231952e-13
1.919769029856272212e-13
1.758243638365327218e-13
1.610285320673970024e-13
1.474756456841240967e-13
1.350617435735819532e-13
1.236914976140587978e-13
1.132785965608320003e-13
1.037424404127963943e-13
9.500879917376767907e-14
8.701034675372006816e-14
7.968585925628434210e-14
7.297954691294757853e-14
6.683817716654682830e-14
6.121426234247175802e-14
5.606528221267937884e-14
5.135104542237642899e-14
4.703420852761360168e-14
4.308187410881826400e-14
3.946395067005186931e-14
3.615110725425390122e-14
3.311839326877832813e-14
3.034238744879374732e-14
2.780051484375112916e-14
2.547445080308514771e-14
2.334484098134856159e-14
2.139568420578887574e-14
1.961176873671823274e-14
1.797888297604231189e-14
1.648480822429878240e-14
1.511732022436687763e-14
1.386622740889999596e-14
1.272145135688147410e-14
1.167403186180196238e-14
1.071614782764360936e-14
9.839649865211714174e-15
9.038375192282230639e-15
8.305627086776838745e-15
7.635515246876758410e-15
7.023113575220398264e-15
6.463549095984540265e-15
5.952188465476750130e-15
5.485029917982974098e-15
5.058402124860158557e-15
4.668950702997662901e-15
4.313659973340253194e-15
3.989539561863893547e-15
3.693990790261130861e-15
3.424627854613571937e-15
3.179260044402611321e-15
2.956002571947340854e-15
2.752912337635822099e-15
2.568284208872876353e-15
2.400555215001933277e-15
2.248348430618383554e-15
2.110501368606801855e-15
1.985591716543988218e-15
1.872718224573676801e-15
1.770745028842195296e-15
1.678877205120258974e-15
1.596126757464083317e-15
1.521858842448606751e-15
1.455298423537233455e-15
1.395766072353453818e-15
