# bin_3_1
9.162976544487652545e-09
9.201314622345568076e-09
9.241042019301422472e-09
9.282180099250853460e-09
9.324746745765017534e-09
9.368769291926224517e-09
9.414297788162462862e-09
9.461387723592394441e-09
9.510099869446415691e-09
9.560512827785288529e-09
9.612707687228803745e-09
9.666767766658978524e-09
9.722764618702265640e-09
9.780706805028714709e-09
9.840581966802789599e-09
9.902377514021443760e-09
9.966125481763661894e-09
1.003190004092072713e-08
1.009981827664823248e-08
1.017000616342517663e-08
1.024256125592753928e-08
1.031746349705565675e-08
1.039464535897214691e-08
1.047407110718733547e-08
1.055583601070043258e-08
1.064013345608482166e-08
1.072714033225371009e-08
1.081685273324605431e-08
1.090914352107238113e-08
1.100397967541526802e-08
1.110158199900706879e-08
1.120221802678486262e-08
1.130589180173829595e-08
1.141242823855313214e-08
1.152190709060849147e-08
1.163470267635011466e-08
1.175093814705202734e-08
1.187037283593545829e-08
1.199309777941027845e-08
1.211951436430619312e-08
1.224949464976772674e-08
1.238279088638751577e-08
1.251972872940488953e-08
1.266027697865166234e-08
1.280411623418137503e-08
1.295150646249332381e-08
1.310227252976022100e-08
1.325626436992619906e-08
1.341368914375339957e-08
1.357428590214545319e-08
1.373826887827738183e-08
1.390552165959007672e-08
1.407615724911523383e-08
1.425017702607515032e-08
1.442763930809190366e-08
1.460844275698570789e-08
1.479255663415358583e-08
1.497982006643436702e-08
1.517012557442198713e-08
1.536333922329909598e-08
1.555942704643244467e-08
1.575842707129453654e-08
1.596048431411598853e-08
1.616571397241536833e-08
1.637416885571136115e-08
1.658588064916940438e-08
1.680079963237266784e-08
1.701886635484918551e-08
1.724006025823574539e-08
1.746420897526590724e-08
1.769115047271845121e-08
1.792067099665544059e-08
1.815238539931049512e-08
1.838576960275321045e-08
1.862027338735293297e-08
1.885537055729219326e-08
1.909058450044716747e-08
1.932559283838717554e-08
1.956015879912549352e-08
1.979415397028627071e-08
2.002757621340027924e-08
2.026061990513868900e-08
2.049362241977333579e-08
2.072690223246249751e-08
2.096036695844263291e-08
2.119380139947879741e-08
2.142655315965406420e-08
2.165775026635291245e-08
2.188644453430299404e-08
2.211178604432824608e-08
2.233300938255657924e-08
2.254963627586257686e-08
2.276150118658891618e-08
2.296863833911613461e-08
2.317100905818433995e-08
2.336829768849789987e-08
2.356004958534611805e-08
2.374570450679550028e-08
2.392522805784312298e-08
2.409875732950991319e-08
2.426616441940112075e-08
2.442677537827621763e-08
2.457939398068211443e-08
2.472246185198814889e-08
2.485470354455490215e-08
2.497583510684513148e-08
2.508620642367263863e-08
2.518657052237592665e-08
2.527744498683763230e-08
2.535855955925950612e-08
2.542905473772609788e-08
2.548775381063936307e-08
2.553324773145340278e-08
2.556460332155737089e-08
2.558166687834356626e-08
2.558517077482121639e-08
2.557567850716881896e-08
2.555343262424507686e-08
2.551783798331439913e-08
2.546807724832590799e-08
2.540351378601340906e-08
2.532374804461735600e-08
2.522844381607826873e-08
2.511791044243160749e-08
2.499312311441607598e-08
2.485463239843920796e-08
2.470214547977651945e-08
2.453467747713047680e-08
2.435169072704482989e-08
2.415388026297344925e-08
2.394224969995773316e-08
2.371759206101723597e-08
2.347989799103005647e-08
2.322894801900285236e-08
2.296455478667962062e-08
2.268754143828911568e-08
2.239890187419094689e-08
2.209941585237796487e-08
2.178929215635895799e-08
2.146858744659628435e-08
2.113781859680068592e-08
2.079806420334224574e-08
2.045026818425128907e-08
2.009477844131733852e-08
1.973196497301376161e-08
1.936250604081300946e-08
1.898731045154225550e-08
1.860727591298396230e-08
1.822274857119871561e-08
1.783419740067502187e-08
1.744251521924789106e-08
1.704844651780430821e-08
1.665245615031577932e-08
1.625499959455446043e-08
1.585678163714861266e-08
1.545840767712269337e-08
1.506029686016642694e-08
1.466292421485867281e-08
1.426681033102104517e-08
1.387245161515046815e-08
1.348022365195106753e-08
1.309052584011068499e-08
1.270387117955224856e-08
1.232058126122095446e-08
1.194106128709253364e-08
1.156573473777310401e-08
1.119496370590988486e-08
1.082913209942704638e-08
1.046863252745230767e-08
1.011383622821695992e-08
9.765104678901053209e-09
9.422793722794505120e-09
9.087234999238697087e-09
8.758734642779442661e-09
8.437568821312712851e-09
8.123973176988351732e-09
7.818150004964353330e-09
7.520252378628546345e-09
7.230385987529616015e-09
6.948625493413697245e-09
6.674985536033740006e-09
6.409467796397152717e-09
6.152035210002094989e-09
5.902625979576123906e-09
5.661165681340563221e-09
5.427568018698719138e-09
5.201730911556314791e-09
4.983551521444462459e-09
4.772915777244574437e-09
4.569703580173358726e-09
4.373796019222031656e-09
4.185069203196512564e-09
4.003400979182725983e-09
3.828666242314369024e-09
3.660734467525883237e-09
3.499467408597009818e-09
3.344710808325586068e-09
3.196293968568409305e-09
3.054027067627134005e-09
2.917703990051050440e-09
2.787109624232145390e-09
2.662029335465472515e-09
2.542257910887809915e-09
2.427605258256480321e-09
2.317895263082384336e-09
2.212960435947910261e-09
2.112635260532406359e-09
2.016751017619620784e-09
1.925135738598388649e-09
1.837617034806559300e-09
1.754024916461810105e-09
1.674192989477173739e-09
1.597958713110626521e-09
1.525163446332102077e-09
1.455653393965025373e-09
1.389280818022412281e-09
1.325903885859987195e-09
1.265386371955700301e-09
1.207597197242871551e-09
1.152409882237741144e-09
1.099701811942891579e-09
1.049353834291712665e-09
1.001250960572607680e-09
9.552833987854536863e-10
9.113469489756732145e-10
8.693427428247843861e-10
8.291768039245495635e-10
7.907596160220573425e-10
7.540057867693746977e-10
7.188340406705963502e-10
6.851673877922042576e-10
6.529331590615228074e-10
6.220629516689190145e-10
5.924924790415889129e-10
5.641613099020973715e-10
5.370126132956337999e-10
5.109929924145629475e-10
4.860524055737278749e-10
4.621440922407487233e-10
4.392243823443711792e-10
4.172524426015358045e-10
3.961900774265019396e-10
3.760015822387076157e-10
3.566535795068029458e-10
3.381148133699913115e-10
3.203559682743254205e-10
3.033495011418302821e-10
2.870694602473738379e-10
2.714913182988221071e-10
2.565918204137399548e-10
2.423488361047604815e-10
2.287412136456619266e-10
2.157486476423496693e-10
2.033515598281857688e-10
1.915309920864856241e-10
1.802685104695473372e-10
1.695461205763557547e-10
1.593461935791215971e-10
1.496514056495815212e-10
1.404446901260841049e-10
1.317091998093666444e-10
1.234282794872748854e-10
1.155854478377435542e-10
1.081643883905605295e-10
1.011489485478258945e-10
9.452314516984649436e-11
8.827117586618287218e-11
8.237743502583922560e-11
7.682653294895312366e-11
7.160331709274925365e-11
6.669289556417101647e-11
6.208066149893551327e-11
5.775231766284484132e-11
5.369390012347598366e-11
4.989179993369854032e-11
4.633278329174485128e-11
4.300400971389827378e-11
3.989304797513094978e-11
3.698788952006848041e-11
3.427695882116256203e-11
3.174912108747517382e-11
2.939368775027538576e-11
2.720041645017859680e-11
2.515951369078053308e-11
2.326163133019267443e-11
2.149786199525224520e-11
1.985973267096521791e-11
1.833919667645361862e-11
1.692862414615831695e-11
1.562079126826805728e-11
1.440886838389990969e-11
1.328640732309810316e-11
1.224732813535346370e-11
1.128590526855102976e-11
1.039675347527465313e-11
9.574813490475001184e-12
8.815337625316710937e-12
8.113875438167429688e-12
7.466259401114719773e-12
6.868590786044325264e-12
6.317225786900784108e-12
5.808761973969255316e-12
5.340025181075162838e-12
4.908056707494755671e-12
4.510100959169319790e-12
4.143593505921684747e-12
3.806149610199978335e-12
3.495553277894534636e-12
3.209746747100759693e-12
2.946820474447135208e-12
2.705003585377617254e-12
2.482656704987315421e-12
2.278257736083506853e-12
2.090399139213254592e-12
1.917778824168195235e-12
1.759192684266823046e-12
1.613527768636952942e-12
1.479755881199174227e-12
1.356927556658504395e-12
1.244166416724634630e-12
1.140663880524125311e-12
1.045674213386744619e-12
9.585099110152815552e-13
8.785373817710013178e-13
8.051736455057473698e-13
7.378816954124915164e-13
6.761651598772996394e-13
6.195685340397660903e-13
5.676726988056162098e-13
5.200921198751530104e-13
4.764722487534849365e-13
4.364871119574568005e-13
3.998370811099000926e-13
3.662478240250889246e-13
3.354662699605647913e-13
3.072589370415773910e-13
2.814124094199451665e-13
2.577307201329916240e-13
2.360339567463739672e-13
2.161569729882486668e-13
1.979500227845030995e-13
1.812722243467457647e-13
1.659957831514027365e-13
1.520036399083152378e-13
1.391884188676653381e-13
1.274529656777291518e-13
1.167061701057443026e-13
1.068645346035024503e-13
9.785214452502566845e-14
8.960001803872388299e-14
8.204501453163168103e-14
7.512723240461862024e-14
6.879309105969303687e-14
6.299461187996127753e-14
5.768636108706960446e-14
5.282627601516514617e-14
4.837721892246449004e-14
4.430517479046621244e-14
4.057710835974777817e-14
3.716481913627392877e-14
3.404188787620258792e-14
3.118286975605273590e-14
2.856699896478791469e-14
2.617254138038090981e-14
2.398134645335763944e-14
2.197633580993251771e-14
2.014138702437005536e-14
1.846280238957534329e-14
1.692669065299128918e-14
1.552166327033024091e-14
1.423622397125401836e-14
1.306041000714303645e-14
1.198523435037232905e-14
1.100160358636745220e-14
1.010263231277372824e-14
9.280612908448186961e-15
8.528995664108681386e-15
7.842312344891568503e-15
7.214888123553638835e-15
6.641603778971875014e-15
6.117951777991171643e-15
5.639798050955277634e-15
5.203466638152757490e-15
4.805360856485919202e-15
4.442221214809309056e-15
4.111124864821810862e-15
3.809389101796915810e-15
3.534551342548032133e-15
3.284389172792645170e-15
3.056924268295453419e-15
2.850140777229203044e-15
2.662283624170646156e-15
2.491741434149141210e-15
2.337301813881238652e-15
2.197375006285063422e-15
2.070820606547053543e-15
1.956551924844608858e-15
1.853493961655799068e-15
1.760663736484560903e-15
1.677336258093609390e-15
