# d_z
1.000000000000000000e+00
9.900770309477906483e-01
9.802133844927976014e-01
9.704141280465449215e-01
9.606839548633743231e-01
9.510270969044652967e-01
9.414476691195687863e-01
9.319491571390767781e-01
9.225350381406388633e-01
9.132085170475222613e-01
9.039721416812178667e-01
8.948284533067499824e-01
8.857798065952702249e-01
8.768280904272007792e-01
8.679748877977937482e-01
8.592219792951296675e-01
8.505704747976203794e-01
8.420213603301284211e-01
8.335757496701248215e-01
8.252342312845696304e-01
8.169972226269207605e-01
8.088650951466431760e-01
8.008381496071362848e-01
7.929163194248194380e-01
7.850995601908076216e-01
7.773876829558719059e-01
7.697802868730658776e-01
7.622769776062831015e-01
7.548772762827937743e-01
7.475805185852704149e-01
7.403860219121556341e-01
7.332930070589493976e-01
7.263006363648208952e-01
7.194079490329253757e-01
7.126140418633963858e-01
7.059178831872491289e-01
6.993183853789218807e-01
6.928145505049402297e-01
6.864051280588630011e-01
6.800889853726058698e-01
6.738650529807231893e-01
6.677319787659453665e-01
6.616886417603983217e-01
6.557337168762547019e-01
6.498660217658907001e-01
6.440842362206673499e-01
6.383871834466003925e-01
6.327734394928506978e-01
6.272418772173896651e-01
6.217912103619918085e-01
6.164200986290956363e-01
6.111273687333491633e-01
6.059116611519956841e-01
6.007717890474892908e-01
5.957064719838289779e-01
5.907145077418545220e-01
5.857946611129877246e-01
5.809457642340661865e-01
5.761665332188238287e-01
5.714558621720624565e-01
5.668125606604015321e-01
5.622353996211977289e-01
5.577233321575004732e-01
5.532752226363806258e-01
5.488899003921275943e-01
5.445662904042423147e-01
5.403033578731903930e-01
5.361000158542535976e-01
5.319551824307494625e-01
5.278678913855311405e-01
5.238370385114740069e-01
5.198617841127004535e-01
5.159409540966066743e-01
5.120737880467298719e-01
5.082591765451270893e-01
5.044962887494269799e-01
5.007841429625043972e-01
4.971218762902900323e-01
4.935086592847552356e-01
4.899435969393902135e-01
4.864257612271318254e-01
4.829544525464968263e-01
4.795287840768385212e-01
4.761479197795738805e-01
4.728111482839523760e-01
4.695177158810954765e-01
4.662667477382321235e-01
4.630576600718129820e-01
4.598896297216574225e-01
4.567618969993937905e-01
4.536738691120855149e-01
4.506248562675565505e-01
4.476141258683924429e-01
4.446410867444988702e-01
4.417050092912205295e-01
4.388053386997883831e-01
4.359414090155450117e-01
4.331126487313121110e-01
4.303184379965760420e-01
4.275581985488914882e-01
4.248313819356164811e-01
4.221373917106863161e-01
4.194756696605171920e-01
4.168458148393053286e-01
4.142470631339819076e-01
4.116790950627818857e-01
4.091412728850414293e-01
4.066332208574328644e-01
4.041543429951748867e-01
4.017042489706115771e-01
3.992823841235487725e-01
3.968883885734633687e-01
3.945217059076646104e-01
3.921819921985824076e-01
3.898687919469011054e-01
3.875816312066026059e-01
3.853201112537470996e-01
3.830838730219945920e-01
3.808724784234403526e-01
3.786855035061665320e-01
3.765226631702066062e-01
3.743834933810272769e-01
3.722676512567429929e-01
3.701747849700617876e-01
3.681045147417686958e-01
3.660565464058430640e-01
3.640304348325870687e-01
3.620259643976476704e-01
3.600427183926913632e-01
3.580804306629913336e-01
3.561387730923400441e-01
3.542174068211594307e-01
3.523160453916605594e-01
3.504343670786758125e-01
3.485721363140456552e-01
3.467290247571220840e-01
3.449047785445868985e-01
3.430990317786675736e-01
3.413116516068769868e-01
3.395422518508555698e-01
3.377906249137629380e-01
3.360565009291852645e-01
3.343396496057369771e-01
3.326397906030091889e-01
3.309566987234883184e-01
3.292901353214114368e-01
3.276398699124982716e-01
3.260056478589477003e-01
3.243872781436462072e-01
3.227845293417424544e-01
