# hsc_theory
7.180054545742840958e-06
5.816960668584608169e-06
4.729865474281492058e-06
3.871334999415514666e-06
3.190401935035983136e-06
2.641252017599945735e-06
2.188042930844720691e-06
1.805569974760156853e-06
1.477560004694080626e-06
1.029875771440621000e-05
8.368461105256414924e-06
6.845623594256886437e-06
5.644926872750519485e-06
4.684697348251526780e-06
3.898110971819413835e-06
3.236944453625283195e-06
2.669486143766434634e-06
2.176613766685678051e-06
1.205666932848199714e-05
9.825234345732914673e-06
8.054944485457755305e-06
6.647458315948808162e-06
5.510897156123501951e-06
4.571697810115332951e-06
3.777861710307128731e-06
3.095658204299675457e-06
2.504914164113169603e-06
1.312031789148417100e-05
1.070878583156317338e-05
8.785635949229947492e-06
7.247205981073146624e-06
5.997518664734011340e-06
4.960353955469437436e-06
4.082238288746691348e-06
3.328544230849029104e-06
2.678437325205140188e-06
2.284179047687502417e-05
1.890457251340311393e-05
1.573429089073950725e-05
1.313001612343379671e-05
1.094014338503973751e-05
9.060515914796804561e-06
7.425860503945458072e-06
5.997336070658885680e-06
4.754163975372669531e-06
2.888591227820645044e-05
2.400979716097279441e-05
2.004711061953350155e-05
1.675309040763778721e-05
1.395132223251102844e-05
1.152518917552899199e-05
9.404396840430147560e-06
7.548354775166163692e-06
5.936232321040333857e-06
3.134441601977399911e-05
2.608523984952613341e-05
2.180067523961595557e-05
1.822737265370330583e-05
1.517827199370549835e-05
1.253131566609255832e-05
1.021393187491292528e-05
8.184696071289461231e-06
6.422721193429242888e-06
4.380395087768371463e-05
3.665000942871852416e-05
3.067851209775538187e-05
2.558784407369368540e-05
2.117443893303128322e-05
1.731139045275161348e-05
1.392732196763669032e-05
1.098213385557153035e-05
8.455257801692899090e-06
5.076189831954830948e-05
4.253753331800880374e-05
3.561816912222314001e-05
2.967878643035559675e-05
2.450491252765034768e-05
1.996578002838767543e-05
1.598990163257952638e-05
1.253734773538916109e-05
9.587269661518287226e-06
6.210688622396495903e-05
5.211110580633917735e-05
4.360228840324507931e-05
3.623235475370979437e-05
2.977839165700172700e-05
2.410862988075376684e-05
1.915377948398768585e-05
1.487426520582604001e-05
1.124707372096571224e-05
1.413575710554154668e-06
1.159435184485808770e-06
9.497616595792433076e-07
7.813625473706143208e-07
6.480453758743221659e-07
5.426025877002163714e-07
4.581779664829037774e-07
3.893173251185003120e-07
2.030336699204196030e-06
1.660639396420829479e-06
1.362625843354880257e-06
1.127223893773324926e-06
9.424651636168214870e-07
7.964213629892702117e-07
6.785661639859595046e-07
5.805883243728227111e-07
2.367612997317314241e-06
1.945188974227502938e-06
1.604655225499282896e-06
1.334365705889880626e-06
1.120138776541119088e-06
9.484821530619498276e-07
8.078208553579573623e-07
6.892581741306868203e-07
2.570142074323702657e-06
2.119207733134538866e-06
1.754592866621136524e-06
1.463455144406649471e-06
1.230714926721848111e-06
1.042296033501542256e-06
8.868064325234026872e-07
7.530323061238059497e-07
4.408543892403937087e-06
3.665161836258119865e-06
3.077102021032734612e-06
2.610184392738764919e-06
2.232700361872455967e-06
1.918748075254589680e-06
1.648624960843556613e-06
1.408905472682784068e-06
5.538442704282886237e-06
4.629543363571464501e-06
3.910727482523456248e-06
3.336589019875734695e-06
2.866943207812569038e-06
2.470171406848722263e-06
2.123111623695956120e-06
1.810986219615718402e-06
5.999033115978152405e-06
5.021739380896152223e-06
4.249135551750179393e-06
3.631169423866640279e-06
3.124113066911419355e-06
2.693905698142260320e-06
2.315968999019877984e-06
1.974455532167379168e-06
8.281729244819598015e-06
7.024912042601862357e-06
6.014508408726510936e-06
5.183892015128123028e-06
4.478565469018208438e-06
3.859218784381006213e-06
3.300255488711873042e-06
2.789500794960483964e-06
9.562714877835943182e-06
8.146722984606098462e-06
7.000944028309589915e-06
6.049594851829645608e-06
5.232231770793042547e-06
4.506598180387939333e-06
3.846921842888536500e-06
3.240422404130606432e-06
1.165598070831771082e-05
9.995533988592476146e-06
8.632914790418901455e-06
7.480670589170377444e-06
6.471912624262578391e-06
5.562504648318351006e-06
4.729348614055512139e-06
3.949347919845142693e-06
