# k_h
1.000000000000000048e-04
1.032828125941028506e-04
1.066733937734857016e-04
1.101752813788387349e-04
1.137921293915315036e-04
1.175277117462945122e-04
1.213859262690627708e-04
1.253707987440920814e-04
1.294864871145904987e-04
1.337372858212496269e-04
1.381276302832009435e-04
1.426621015260736780e-04
1.473454309619835810e-04
1.521825053264387075e-04
1.571783717773162674e-04
1.623382431612278235e-04
1.676675034527700932e-04
1.731717133723354731e-04
1.788566161883461936e-04
1.847281437099634145e-04
1.907924224765265126e-04
1.970557801501800427e-04
2.035247521183577860e-04
2.102060883130158354e-04
2.171067602537264868e-04
2.242339683219845051e-04
2.315951492743154505e-04
2.391979840020239806e-04
2.470504055456825541e-04
2.551606073727184071e-04
2.635370519267393242e-04
2.721884794575179351e-04
2.811239171408464344e-04
2.903526884977813711e-04
2.998844231231030601e-04
3.097290667331410014e-04
3.198968915434537695e-04
3.303985069871858251e-04
3.412448707852889693e-04
3.524473003801587706e-04
3.640174847446141400e-04
3.759674965785467834e-04
3.883098049059604986e-04
4.010572880855495757e-04
4.142232472483898067e-04
4.278214201767617064e-04
4.418659956385941382e-04
4.563716281924758600e-04
4.713534534786907267e-04
4.868271040122284154e-04
5.028087254942479982e-04
5.193149936590212706e-04
5.363631316739245723e-04
5.539709281106400826e-04
5.721567555063251324e-04
5.909395895340970647e-04
6.103390288028621123e-04
6.303753153071281392e-04
6.510693555481461515e-04
6.724427423484249022e-04
6.945177773823695954e-04
7.173174944465612532e-04
7.408656834939568014e-04
7.651869154570825919e-04
7.903065678861347695e-04
8.162508514287227998e-04
8.430468371788967007e-04
8.707224849239922262e-04
8.993066723187622931e-04
9.288292250172498895e-04
9.593209477938240528e-04
9.908136566858666023e-04
1.023340212191642265e-03
1.056934553557988335e-03
1.091631734193614783e-03
1.127467958244947202e-03
1.164480618372685594e-03
1.202708334768511989e-03
1.242190995452617476e-03
1.282969797894147577e-03
1.325087291997953777e-03
1.368587424502517658e-03
1.413515584835395777e-03
1.459918652473978645e-03
1.507845045861051130e-03
1.557344772926135207e-03
1.608469483265356726e-03
1.661272522034293059e-03
1.715808985610004726e-03
1.772135779080358372e-03
1.830311675620613105e-03
1.890397377819221479e-03
1.952455581016861001e-03
2.016551038724748342e-03
2.082750630190514322e-03
2.151123430182167243e-03
2.221740781062884768e-03
2.294676367231936100e-03
2.370006292009330367e-03
2.447809157044440395e-03
2.528166144331500404e-03
2.611161100917459583e-03
2.696880626390692377e-03
2.785414163241769006e-03
2.876854090190594446e-03
2.971295818577334054e-03
3.068837891917642214e-03
3.169582088726115212e-03
3.273633528715247550e-03
3.381100782480685445e-03
3.492095984787271443e-03
3.606734951574031706e-03
3.725137300800209720e-03
3.847426577258505898e-03
3.973730381485608698e-03
4.104180502904709003e-03
4.238913057338783430e-03
4.378068629038166758e-03
4.521792417370702408e-03
4.670234388327335236e-03
4.823549431001467047e-03
4.981897519205164861e-03
5.145443878390924645e-03
5.314359158053241772e-03
5.488819609789671698e-03
5.669007271207434327e-03
5.855110155867243767e-03
6.047322449462649331e-03
6.245844712439618113e-03
6.450884089267692675e-03
6.662654524581149845e-03
6.881376986415670312e-03
7.107279696773418677e-03
7.340598369757212090e-03
7.581576457522117875e-03
7.830465404301182805e-03
8.087524908770456905e-03
8.353023195026778799e-03
8.627237292461450296e-03
8.910453324821522580e-03
9.202966808760409262e-03
9.505082962189511861e-03
9.817117022752192695e-03
1.013939457675291748e-02
1.047225189888435423e-02
1.081603630310710475e-02
1.117110650504824117e-02
1.153783299629660905e-02
1.191659843098558796e-02
1.230779802506665882e-02
1.271183996869028852e-02
1.312914585212465388e-02
1.356015110565633383e-02
1.400530545393219653e-02
1.446507338521647174e-02
1.493993463605257713e-02
1.543038469183564618e-02
1.593693530381774456e-02
1.646011502308551352e-02
1.700046975206718006e-02
1.755856331414468868e-02
1.813497804196495186e-02
1.873031538506436666e-02
1.934519653744046219e-02
1.998026308572550813e-02
2.063617767863858837e-02
2.131362471841437636e-02
2.201331107493032305e-02
2.273596682327717541e-02
2.348234600554276533e-02
2.425322741760353035e-02
2.504941542174502281e-02
2.587174078595923937e-02
2.672106155079435191e-02
2.759826392466180334e-02
2.850426320853434795e-02
2.944000475100033709e-02
3.040646493467068570e-02
3.140465219496751947e-02
3.243560807235811722e-02
3.350040829913132623e-02
3.460016392185112644e-02
3.573602246065788607e-02
3.690916910662778161e-02
3.812082795843887983e-02
3.937226329963479377e-02
4.066478091781858262e-02
4.199972946715305883e-02
4.337850187558989212e-02
4.480253679829489938e-02
4.627332011878693141e-02
4.779238649935600020e-02
4.936132098237917126e-02
5.098176064420424647e-02
5.265539630332755766e-02
5.438397428464801509e-02
5.616929824163809787e-02
5.801323103833378597e-02
5.991769669310618995e-02
6.188468238624389439e-02
6.391624053344005518e-02
6.601449092734890112e-02
6.818162294944479784e-02
7.041989785449288830e-02
7.273165113001461846e-02
7.511929493320967932e-02
7.758532060787835805e-02
8.013230128396886531e-02
8.276289456246352372e-02
8.547984528840413265e-02
8.828598841495149951e-02
9.118425196146572043e-02
9.417766006869518480e-02
9.726933615426178181e-02
1.004625061717341339e-01
1.037605019766911774e-01
1.071667648032863240e-01
1.106848488549412035e-01
1.143184250129150314e-01
1.180712846666190224e-01
1.219473436696738300e-01
1.259506464258357550e-01
1.300853701090571857e-01
1.343558290220826235e-01
1.387664790981308627e-01
1.433219225503573890e-01
1.480269126739508501e-01
1.528863588058731182e-01
1.579053314474175851e-01
1.630890675549332702e-01
1.684429760042315261e-01
1.739726432343802476e-01
1.796838390767721005e-01
1.855825227755519002e-01
1.916748492056815079e-01
1.979671752951332742e-01
2.044660666579117825e-01
2.111783044448244384e-01
2.181108924191519916e-01
2.252710642645980310e-01
2.326662911331457972e-01
2.403042894406969554e-01
2.481930289186255190e-01
2.563407409296514783e-01
2.647559270567066414e-01
2.734473679737582930e-01
2.824241326078435477e-01
2.916955876018795801e-01
3.012714070881163941e-01
3.111615827824359970e-01
3.213764344100278891e-01
3.319266204733190007e-01
3.428231493733970847e-01
3.540773908965269556e-01
3.657010880777493145e-01
3.777063694539368188e-01
3.901057617190993310e-01
4.029122027951347884e-01
4.161390553316706709e-01
4.298001206490798531e-01
4.439096531392170975e-01
4.584823751389096036e-01
4.735334922917115996e-01
4.890787094139594782e-01
5.051342468816766296e-01
5.217168575554349541e-01
5.388438442608223244e-01
5.565330778427646230e-01
5.748030158125356781e-01
5.936727216069126456e-01
6.131618844795775347e-01
6.332908400455115050e-01
6.540805914998258919e-01
6.755528315331646994e-01
6.977299649665538173e-01
7.206351321293051893e-01
7.442922330043758583e-01
7.687259521663736273e-01
7.939617845382284100e-01
8.200260619934131023e-01
8.469459808314584448e-01
8.747496301554414933e-01
9.034660211810534580e-01
9.331251175078250082e-01
9.637578663841088744e-01
9.953962309984233370e-01
1.028073223830864746e+00
1.061822941099384687e+00
1.096680598336869705e+00
1.132682567136153784e+00
1.169866413101308122e+00
1.208270935044776007e+00
1.247936205471311455e+00
1.288903612390894127e+00
1.331215902504307769e+00
1.374917225806420396e+00
1.420053181653681662e+00
1.466670866343968482e+00
1.514818922258347245e+00
1.564547588616095775e+00
1.615908753895919148e+00
1.668956009978023181e+00
1.723744708063619901e+00
1.780332016430115738e+00
1.838776980082326817e+00
1.899140582361935614e+00
1.961485808579429335e+00
2.025877711735017073e+00
2.092383480396978968e+00
2.161072508808376647e+00
2.232016469295234451e+00
2.305289387051710825e+00
2.380967717380358284e+00
2.459130425468046610e+00
2.539859068780724094e+00
2.623237882163123480e+00
2.709353865732054167e+00
2.798296875655115645e+00
2.890159717909511539e+00
2.985038245118729616e+00
3.083031456568277040e+00
3.184241601504656405e+00
3.288774285825510013e+00
3.396738582272209594e+00
3.508247144239788895e+00
3.623416323323149779e+00
3.742366290721984790e+00
3.865221162631261809e+00
3.992109129748053320e+00
4.123162591029748469e+00
4.258518291843414794e+00
4.398317466650228269e+00
4.542705986374042659e+00
4.691834510607798769e+00
4.845858644816500416e+00
5.004939102700953768e+00
5.169241873891603944e+00
5.338938397147350301e+00
5.514205739240302329e+00
5.695226779712831089e+00
5.882190401699955551e+00
6.075291689016077079e+00
6.274732129711575013e+00
6.480719826311970522e+00
6.693469712958667550e+00
6.913203779678127603e+00
7.140151304013403255e+00
7.374549090259546524e+00
7.616641716552892127e+00
7.866681790071590186e+00
8.124930210614047965e+00
8.391656442830161211e+00
8.667138797389224436e+00
8.951664721378302048e+00
9.245531098233579215e+00
9.549044557518078236e+00
9.862521794868785108e+00
1.018628990244688559e+01
1.052068671023622848e+01
1.086606113854598021e+01
1.122277356208507193e+01
1.159119618598885637e+01
1.197171343418968092e+01
1.236472235053714996e+01
1.277063301308644760e+01
1.318986896198669179e+01
1.362286764141646778e+01
1.407008085602686442e+01
1.453197524236895433e+01
1.500903275579736551e+01
1.550175117335768782e+01
1.601064461318317811e+01
1.653624407094182303e+01
1.707909797389426743e+01
1.763977275314045201e+01
1.821885343465168816e+01
1.881694424970555701e+01
1.943466926536022044e+01
2.007267303562568372e+01
2.073162127401231203e+01
2.141220154815731647e+01
2.211512399725488720e+01
2.284112207303825670e+01
2.359095330508633737e+01
2.436540009125466000e+01
2.516527051405394033e+01
2.599139918382932990e+01
2.684464810961965142e+01
2.772590759860480958e+01
2.863609718508115876e+01
2.957616658993256564e+01
3.054709671159968210e+01
3.154990064958088425e+01
3.258562476153223031e+01
3.365534975507094373e+01
3.476019181541980885e+01
3.590130377007068319e+01
3.707987629168172816e+01
3.829713914046284629e+01
3.955436244734701745e+01
4.085285803928565684e+01
4.219398080805024165e+01
4.357913012397030172e+01
4.500975129608050906e+01
4.648733708020256472e+01
4.801342923653454875e+01
4.958962013837211913e+01
5.121755443364241245e+01
5.289893076098156399e+01
5.463550352214875971e+01
5.642908471262542491e+01
5.828154581230840137e+01
6.019481973827274146e+01
6.217090286163833213e+01
6.421185709064758385e+01
6.631981202212675441e+01
6.849696716357453852e+01
7.074559422819878307e+01
7.306803950529507574e+01
7.546672630843886509e+01
7.794415750404951382e+01
8.050291812295989757e+01
8.314567805772064446e+01
8.587519484845179818e+01
8.869431656014704402e+01
9.160598475443708821e+01
9.461323755890778386e+01
9.771921283717996687e+01
1.009271514630571858e+02
1.042404007021555827e+02
1.076624177045493269e+02
1.111967731120700051e+02
1.148471547840289020e+02
1.186173716452479141e+02
1.225113576604117753e+02
1.265331759388942885e+02
1.306870229743347807e+02
1.349772330233941773e+02
1.394082826282578651e+02
1.439847952876009458e+02
1.487115462808953623e+02
1.535934676510898669e+02
1.586356533508589735e+02
1.638433645577984805e+02
1.692220351641039144e+02
1.747772774464680765e+02
1.805148879221110008e+02
1.864408533970485280e+02
1.925613572129198587e+02
1.988827856988811789e+02
2.054117348353064187e+02
2.121550171362452488e+02
2.191196687578147362e+02
2.263129568399529603e+02
2.337423870891817330e+02
2.414157116103017700e+02
2.493409369951880308e+02
2.575263326771198535e+02
2.659804395593758386e+02
2.747120789270814498e+02
2.837303616516211378e+02
2.930446976972144171e+02
3.026648059395695327e+02
3.126007243068703474e+02
3.228628202536733625e+02
3.334618015786362548e+02
3.444087275973823239e+02
3.557150206821389702e+02
3.673924781802074335e+02
3.794532847236941961e+02
3.919100249433402041e+02
4.047756965997322141e+02
4.180637241455762023e+02
4.317879727332021389e+02
4.459627626819095667e+02
4.606028844202398318e+02
4.757236139187889421e+02
4.913407286296366578e+02
5.074705239490465942e+02
5.241298302206062090e+02
5.413360302965376150e+02
5.591070776755293537e+02
5.774615152359825743e+02
5.964184945842459911e+02
6.159977960380168724e+02
6.362198492657495308e+02
6.571057546036270196e+02
6.786773050723302276e+02
7.009570091165618351e+02
7.239681140910877275e+02
7.477346305177595696e+02
7.722813571388642231e+02
7.976339067929280873e+02
8.238187331399601590e+02
8.508631582640581428e+02
8.787954011821328777e+02
9.076446072885356671e+02
9.374408787662999885e+02
9.682153059967075706e+02
1.000000000000000000e+03
