# d_a
0.000000000000000000e+00
6.309239581002282193e+01
1.239512369715596520e+02
1.826687747899886460e+02
2.393322895740220133e+02
2.940244374732797041e+02
3.468235680851919369e+02
3.978040156337781923e+02
4.470363662243022418e+02
4.945877034143936726e+02
5.405218341095646792e+02
5.848994965850408789e+02
6.277785522531829656e+02
6.692141626335417186e+02
7.092589528382180788e+02
7.479631627565945564e+02
7.853747870086633611e+02
8.215397046336015592e+02
8.565017993883451481e+02
8.903030714486253601e+02
9.229837412310218951e+02
9.545823459881763711e+02
9.851358297696048112e+02
1.014679627286692039e+03
1.043247742171984100e+03
1.070872820079044914e+03
1.097586217029617274e+03
1.123418063379011983e+03
1.148397323738274508e+03
1.172551853162318366e+03
1.195908449886619564e+03
1.218492904870928442e+03
1.240330048386514136e+03
1.261443793863574228e+03
1.281857179197312689e+03
1.301592405694720355e+03
1.320670874829104832e+03
1.339113222955754964e+03
1.356939354129681533e+03
1.374168471155025600e+03
1.390819104985370814e+03
1.406909142584769143e+03
1.422455853350624693e+03
1.437475914191733636e+03
1.451985433347554590e+03
1.465999973028199065e+03
1.479534570948599594e+03
1.492603760824804340e+03
1.505221591895283609e+03
1.517401647525508224e+03
1.529157062949804867e+03
1.540500542200613836e+03
1.551444374271689185e+03
1.562000448558497055e+03
1.572180269616061423e+03
1.581994971271728673e+03
1.591455330127765819e+03
1.600571778486377980e+03
1.609354416727531543e+03
1.617813025168028616e+03
1.625957075428387043e+03
1.633795741332410898e+03
1.641337909362772962e+03
1.648592188694462493e+03
1.655566920826618571e+03
1.662270188832039139e+03
1.668709826242485633e+03
1.674893425586853709e+03
1.680828346598280405e+03
1.686521724105337626e+03
1.691980475621617188e+03
1.697211308647207034e+03
1.702220727694815650e+03
1.707015041052621427e+03
1.711600367295272008e+03
1.715982641553847543e+03
1.720167621555064670e+03
1.724160893439440542e+03
1.727967877367665778e+03
1.731593832923964101e+03
1.735043864324778724e+03
1.738322925440731296e+03
1.741435824639401744e+03
1.744387229456124032e+03
1.747181671099662253e+03
1.749823548799291075e+03
1.752317133999527641e+03
1.754666574408458246e+03
1.756875897905345710e+03
1.758949016312946242e+03
1.760889729039726035e+03
1.762701726596933213e+03
1.764388593995277461e+03
1.765953814025755719e+03
1.767400770428971782e+03
1.768732750957113467e+03
1.769952950332579121e+03
1.771064473107071080e+03
1.772070336424825427e+03
1.772973472693489612e+03
1.773776732166020565e+03
1.774482885436836568e+03
1.775094625855326740e+03
1.775614571859700618e+03
1.776045269234039097e+03
1.776389193291288166e+03
1.776648750984852541e+03
1.776826282951305757e+03
1.776924065486674181e+03
1.776944312458626882e+03
1.776889177156832147e+03
1.776760754083644315e+03
1.776561080687210506e+03
1.776292139038999039e+03
1.775955857457682896e+03
1.775554112081232915e+03
1.775088728389010839e+03
1.774561482675582511e+03
1.773974103477906738e+03
1.773328272957498939e+03
1.772625628239101843e+03
1.771867762707345037e+03
1.771056227262822858e+03
1.770192531538957610e+03
1.769278145080974355e+03
1.768314498488266736e+03
1.767302984521376402e+03
1.766244959174775659e+03
1.765141742716593399e+03
1.763994620696385709e+03
1.762804844922014581e+03
1.761573634406656993e+03
1.760302176286930489e+03
1.758991626713091364e+03
1.757643111712221526e+03
1.756257728025289680e+03
1.754836543918945608e+03
1.753380599972866094e+03
1.751890909843454665e+03
1.750368461004663004e+03
1.748814215466669111e+03
1.747229110473135052e+03
1.745614059177732088e+03
1.743969951300601451e+03
1.742297653765392397e+03
1.740598011317499868e+03
1.738871847124105216e+03
1.737119963356596827e+03
1.735343141755929992e+03
1.733542144181468984e+03
1.731717713143833862e+03
1.729870572322254702e+03
1.728001427066922361e+03
1.726110964886807096e+03
1.724199855923399582e+03
1.722268753410813815e+03
1.720318294122679163e+03
1.718349098806229449e+03
1.716361772603989266e+03
1.714356905463439489e+03
1.712335072535033532e+03
1.710296834558923820e+03
1.708242738240745666e+03
1.706173316616791681e+03
1.704089089408904101e+03
1.701990563369399979e+03
1.699878232616324567e+03
1.697752578959338734e+03
1.695614072216513478e+03
1.693463170522313021e+03
1.691300320627027986e+03
1.689125958187920105e+03
1.686940508052322684e+03
1.684744384532941240e+03
1.682537991675584635e+03
1.680321723519554553e+03
1.678095964350909526e+03
1.675861088948817041e+03
1.673617462825195389e+03
1.671365442457846939e+03
1.669105375517269522e+03
1.666837601087337362e+03
1.664562449880027771e+03
1.662280244444367781e+03
1.659991299369769649e+03
1.657695921483920074e+03
1.655394410045380027e+03
1.653087056931046845e+03
1.650774146818628878e+03
1.648455957364279584e+03
1.646132759375522710e+03
1.643804816979608859e+03
1.641472387787435764e+03
1.639135723053154607e+03
1.636795067829586742e+03
1.634450661119572032e+03
1.632102736023362013e+03
1.629751519882170214e+03
1.627397234417989466e+03
1.625040095869777815e+03
1.622680315126120604e+03
1.620318097854462167e+03
1.617953644627007634e+03
1.615587151043381937e+03
1.613218807850145140e+03
1.610848801057241872e+03
1.608477312051475565e+03
1.606104517707089599e+03
1.603730590493532873e+03
1.601355698580488934e+03
1.598980005940243245e+03
1.596603672447462031e+03
1.594226853976452276e+03
1.591849702495974043e+03
1.589472366161669243e+03
1.587094989406171862e+03
1.584717713026964702e+03
1.582340674272041269e+03
1.579964006923431953e+03
1.577587841378654957e+03
1.575212304730144069e+03
1.572837520842708273e+03
1.570463610429078926e+03
1.568090691123592251e+03
1.565718877554055553e+03
1.563348281411851531e+03
1.560979011520320000e+03
1.558611173901468419e+03
1.556244871841051463e+03
1.553880205952065126e+03
1.551517274236694448e+03
1.549156172146759673e+03
1.546796992642694022e+03
1.544439826251097656e+03
1.542084761120899884e+03
1.539731883078170085e+03
1.537381275679608962e+03
1.535033020264754214e+03
1.532687196006939303e+03
1.530343879963030076e+03
1.528003147121973143e+03
1.525665070452191458e+03
1.523329720947849410e+03
1.520997167674019238e+03
1.518667477810779019e+03
1.516340716696265645e+03
1.514016947868712350e+03
1.511696233107493526e+03
1.509378632473206380e+03
1.507064204346808310e+03
1.504753005467837966e+03
1.502445090971741365e+03
1.500140514426325808e+03
1.497839327867362954e+03
1.495541581833363125e+03
1.493247325399541978e+03
1.490956606210995005e+03
1.488669470515109651e+03
1.486385963193221869e+03
1.484106127791543486e+03
1.481830006551378119e+03
1.479557640438639510e+03
1.477289069172690915e+03
1.475024331254525123e+03
1.472763463994296671e+03
1.470506503538225616e+03
1.468253484894885332e+03
1.466004441960892791e+03
1.463759407546012426e+03
1.461518413397689528e+03
1.459281490225027937e+03
1.457048667722221808e+03
1.454819974591460323e+03
1.452595438565311497e+03
1.450375086428603254e+03
1.448158944039810422e+03
1.445947036351960833e+03
1.443739387433071443e+03
1.441536020486126745e+03
1.439336957868607897e+03
1.437142221111585968e+03
1.434951830938390458e+03
1.432765807282856713e+03
1.430584169307171123e+03
1.428406935419317279e+03
1.426234123290134221e+03
1.424065749869996580e+03
1.421901831405125449e+03
1.419742383453537059e+03
1.417587420900640154e+03
1.415436957974486859e+03
1.413291008260690660e+03
1.411149584717012203e+03
1.409012699687626309e+03
1.406880364917074985e+03
1.404752591563913938e+03
1.402629390214060777e+03
1.400510770893848985e+03
1.398396743082799958e+03
1.396287315726111046e+03
1.394182497246876210e+03
1.392082295558036776e+03
1.389986718074072996e+03
1.387895771722442532e+03
1.385809462954767469e+03
1.383727797757782355e+03
1.381650781664040778e+03
1.379578419762394105e+03
1.377510716708239897e+03
1.375447676733551816e+03
1.373389303656688753e+03
1.371335600891998411e+03
1.369286571459208062e+03
1.367242217992615906e+03
1.365202542750084149e+03
1.363167547621839503e+03
1.361137234139082693e+03
1.359111603482415148e+03
1.357090656490083802e+03
1.355074393666050355e+03
1.353062815187885917e+03
1.351055920914499438e+03
1.349053710393697884e+03
1.347056182869587701e+03
1.345063337289816218e+03
1.343075172312659788e+03
1.341091686313961191e+03
1.339112877393917415e+03
1.337138743383724886e+03
1.335169281852082122e+03
1.333204490111555288e+03
1.331244365224807098e+03
1.329288904010694978e+03
1.327338103050238487e+03
1.325391958692460776e+03
1.323450467060106803e+03
1.321513624055238779e+03
1.319581425364714732e+03
1.317653866465551118e+03
1.315730942630169466e+03
1.313812648931535932e+03
1.311898980248189446e+03
1.309989931269164572e+03
1.308085496498809107e+03
1.306185670261502992e+03
1.304290446706274452e+03
1.302399819811319503e+03
1.300513783388427782e+03
1.298632331087313787e+03
1.296755456399855120e+03
1.294883152664245245e+03
1.293015413069055285e+03
1.291152230657211476e+03
1.289293598329889846e+03
1.287439508850326774e+03
1.285589954847550644e+03
1.283744928820035511e+03
1.281904423139274968e+03
1.280068430053285056e+03
1.278236941690029198e+03
1.276409950060774236e+03
1.274587447063372338e+03
1.272769424485479021e+03
1.270955874007697048e+03
1.269146787206658928e+03
1.267342155558043032e+03
1.265541970439524675e+03
1.263746223133667172e+03
1.261954904830750820e+03
1.260168006631542085e+03
1.258385519550005029e+03
1.256607434515955219e+03
1.254833742377657700e+03
1.253064433904369253e+03
1.251299499788828371e+03
1.249538930649692247e+03
1.247782717033921244e+03
1.246030849419114475e+03
1.244283318215793770e+03
1.242540113769641948e+03
1.240801226363691740e+03
1.239066646220469238e+03
1.237336363504091423e+03
1.235610368322318664e+03
1.233888650728565835e+03
1.232171200723867287e+03
1.230458008258802693e+03
1.228749063235381982e+03
1.227044355508887293e+03
1.225343874889678546e+03
1.223647611144959683e+03
1.221955554000506254e+03
1.220267693142357075e+03
1.218584018218468827e+03
1.216904518840336777e+03
1.215229184584578206e+03
1.213558004994484463e+03
1.211890969581537320e+03
1.210228067826894630e+03
1.208569289182842112e+03
1.206914623074215797e+03
