# h
2.334948666387064609e-04
2.349786243757111801e-04
2.364971690198190105e-04
2.380504826257210033e-04
2.396385325861766019e-04
2.412612721509632436e-04
2.429186409559586448e-04
2.446105655602259072e-04
2.463369599890334648e-04
2.480977262808091140e-04
2.498927550361093033e-04
2.517219259667709762e-04
2.535851084435092372e-04
2.554821620403237227e-04
2.574129370741790978e-04
2.593772751385367168e-04
2.613750096294191125e-04
2.634059662628030906e-04
2.654699635822464396e-04
2.675668134557609274e-04
2.696963215610567949e-04
2.718582878583827313e-04
2.740525070502943818e-04
2.762787690277774123e-04
2.785368593022505214e-04
2.808265594230605804e-04
2.831476473801686558e-04
2.854998979918086646e-04
2.878830832769708852e-04
2.902969728126381164e-04
2.927413340757632635e-04
2.952159327700404996e-04
2.977205331375729503e-04
3.002548982555933491e-04
3.028187903184358576e-04
3.054119709049993086e-04
3.080342012319755803e-04
3.106852423931493325e-04
3.133648555851019021e-04
3.160728023196736217e-04
3.188088446235601259e-04
3.215727452254323114e-04
3.243642677309835961e-04
3.271831767863148501e-04
3.300292382300785347e-04
3.329022192348040222e-04
3.358018884378296447e-04
3.387280160622667510e-04
3.416803740284200743e-04
3.446587360560836701e-04
3.476628777581264838e-04
3.506925767257777532e-04
3.537476126060118300e-04
3.568277671714258775e-04
3.599328243829928958e-04
3.630625704460653178e-04
3.662167938599884256e-04
3.693952854616806163e-04
3.725978384635148834e-04
3.758242484858364250e-04
3.790743135844287380e-04
3.823478342732361101e-04
3.856446135426341609e-04
3.889644568735323312e-04
3.923071722475735684e-04
3.956725701536938046e-04
3.990604635912834894e-04
4.024706680701903012e-04
4.059030016077826391e-04
4.093572847232896002e-04
4.128333404296200774e-04
4.163309942228523956e-04
4.198500740695762512e-04
4.233904103922611325e-04
4.269518360528151528e-04
4.305341863344839160e-04
4.341372989222436413e-04
4.377610138818180028e-04
4.414051736374523098e-04
4.450696229485675442e-04
4.487542088854055478e-04
4.524587808037771946e-04
4.561831903190112351e-04
4.599272912791996563e-04
4.636909397378289493e-04
4.674739939258795219e-04
4.712763142234695289e-04
4.750977631311173346e-04
4.789382052406898280e-04
4.827975072060953533e-04
4.866755377137853343e-04
4.905721674531158183e-04
4.944872690866154545e-04
4.984207172202144952e-04
5.023723883734688631e-04
5.063421609498249855e-04
5.103299152069596008e-04
5.143355332272263585e-04
5.183588988882419568e-04
5.223998978336422822e-04
5.264584174440257915e-04
5.305343468081183964e-04
5.346275766941718842e-04
5.387379995216198380e-04
5.428655093330093766e-04
5.470100017662178236e-04
5.511713740269764223e-04
5.553495248617068428e-04
5.595443545306863107e-04
5.637557647815458033e-04
5.679836588231159484e-04
5.722279412996206282e-04
5.764885182652307533e-04
5.807652971589792948e-04
5.850581867800438594e-04
5.893670972633982194e-04
5.936919400558369163e-04
5.980326278923746731e-04
6.023890747730199649e-04
6.067611959399258920e-04
6.111489078549156443e-04
6.155521281773832084e-04
6.199707757425684503e-04
6.244047705402054876e-04
6.288540336935392579e-04
6.333184874387126672e-04
6.377980551045167286e-04
6.422926610925069456e-04
6.468022308574741201e-04
6.513266908882755493e-04
6.558659686890154451e-04
6.604199927605741401e-04
6.649886925824827211e-04
6.695719985951352829e-04
6.741698421823382609e-04
6.787821556541915290e-04
6.834088722302930239e-04
6.880499260232686301e-04
6.927052520226160493e-04
6.973747860788631972e-04
7.020584648880322373e-04
7.067562259764075157e-04
7.114680076856002428e-04
7.161937491579050416e-04
7.209333903219471715e-04
7.256868718786074150e-04
7.304541352872308095e-04
7.352351227521038276e-04
7.400297772092006557e-04
7.448380423131944518e-04
7.496598624247239337e-04
7.544951825979172473e-04
7.593439485681601061e-04
7.642061067401122133e-04
7.690816041759604730e-04
7.739703885839076909e-04
7.788724083068926428e-04
7.837876123115337067e-04
7.887159501772954056e-04
7.936573720858709248e-04
7.986118288107789745e-04
8.035792717071663267e-04
8.085596527018155911e-04
8.135529242833543272e-04
8.185590394926577952e-04
8.235779519134450201e-04
8.286096156630617720e-04
8.336539853834501381e-04
8.387110162322936264e-04
8.437806638743438736e-04
8.488628844729164888e-04
8.539576346815585259e-04
8.590648716358805382e-04
8.641845529455497452e-04
8.693166366864458301e-04
8.744610813929670073e-04
8.796178460504914566e-04
8.847868900879893523e-04
8.899681733707749719e-04
8.951616561934079910e-04
9.003672992727297609e-04
9.055850637410389065e-04
9.108149111393994135e-04
9.160568034110806637e-04
9.213107028951243206e-04
9.265765723200383936e-04
9.318543747976128395e-04
9.371440738168549701e-04
9.424456332380441205e-04
9.477590172868991837e-04
9.530841905488612875e-04
9.584211179634841322e-04
9.637697648189342669e-04
9.691300967465954486e-04
9.745020797157774107e-04
9.798856800285245944e-04
9.852808643145258196e-04
9.906875995261180644e-04
9.961058529333864132e-04
1.001535592119358765e-03
1.006976784975287384e-03
1.012429399696021743e-03
1.017893404775468968e-03
1.023368769002137120e-03
1.028855461454764334e-03
1.034353451498026041e-03
1.039862708778328468e-03
1.045383203219672199e-03
1.050914905019596389e-03
1.056457784645201256e-03
1.062011812829237152e-03
1.067576960566268655e-03
1.073153199108910433e-03
1.078740499964130984e-03
1.084338834889619040e-03
1.089948175890225650e-03
1.095568495214461558e-03
1.101199765351061795e-03
1.106841959025613598e-03
1.112495049197242871e-03
1.118159009055359190e-03
1.123833812016460879e-03
1.129519431720998413e-03
1.135215842030287692e-03
1.140923017023485770e-03
1.146640930994614720e-03
1.152369558449637104e-03
1.158108874103590214e-03
1.163858852877760639e-03
1.169619469896915863e-03
1.175390700486578796e-03
1.181172520170356306e-03
1.186964904667304815e-03
1.192767829889347956e-03
1.198581271938741052e-03
1.204405207105567694e-03
1.210239611865292914e-03
1.216084462876348450e-03
1.221939736977763332e-03
1.227805411186834580e-03
1.233681462696834116e-03
1.239567868874758613e-03
1.245464607259114684e-03
1.251371655557740074e-03
1.257288991645666909e-03
1.263216593563009889e-03
1.269154439512901753e-03
1.275102507859454974e-03
1.281060777125759241e-03
1.287029225991912114e-03
1.293007833293081769e-03
1.298996578017599674e-03
1.304995439305090769e-03
1.311004396444624470e-03
1.317023428872901667e-03
1.323052516172470343e-03
1.329091638069971552e-03
1.335140774434405778e-03
1.341199905275437245e-03
1.347269010741719477e-03
1.353348071119247088e-03
1.359437066829735337e-03
1.365535978429027438e-03
1.371644786605522026e-03
1.377763472178627309e-03
1.383892016097242961e-03
1.390030399438259810e-03
1.396178603405086186e-03
1.402336609326196824e-03
1.408504398653705192e-03
1.414681952961953154e-03
1.420869253946129484e-03
1.427066283420902687e-03
1.433273023319078538e-03
1.439489455690277355e-03
1.445715562699631659e-03
1.451951326626500739e-03
1.458196729863209294e-03
1.464451754913799085e-03
1.470716384392807465e-03
1.476990601024053516e-03
1.483274387639452576e-03
1.489567727177841614e-03
1.495870602683823259e-03
1.502182997306629551e-03
1.508504894298999359e-03
1.514836277016072931e-03
1.521177128914302703e-03
1.527527433550382322e-03
1.533887174580185865e-03
1.540256335757727224e-03
1.546634900934133793e-03
1.553022854056629494e-03
1.559420179167543162e-03
1.565826860403318234e-03
1.572242881993547378e-03
1.578668228260012756e-03
1.585102883615747320e-03
1.591546832564100017e-03
1.598000059697825053e-03
1.604462549698174425e-03
1.610934287334007346e-03
1.617415257460914002e-03
1.623905445020346235e-03
1.630404835038764058e-03
1.636913412626794535e-03
1.643431162978396072e-03
1.649958071370043970e-03
1.656494123159919438e-03
1.663039303787109888e-03
1.669593598770824838e-03
1.676156993709620275e-03
1.682729474280628872e-03
1.689311026238807766e-03
1.695901635416192628e-03
1.702501287721160409e-03
1.709109969137707040e-03
1.715727665724726221e-03
1.722354363615308161e-03
1.728990049016038534e-03
1.735634708206310658e-03
1.742288327537648302e-03
1.748950893433033919e-03
1.755622392386244242e-03
1.762302810961202584e-03
1.768992135791330701e-03
1.775690353578912367e-03
1.782397451094466703e-03
1.789113415176126713e-03
1.795838232729027144e-03
1.802571890724700586e-03
1.809314376200478339e-03
1.816065676258907116e-03
1.822825778067158368e-03
1.829594668856460377e-03
1.836372335921529269e-03
1.843158766620006965e-03
1.849953948371908666e-03
1.856757868659077724e-03
1.863570515024644183e-03
1.870391875072490709e-03
1.877221936466729347e-03
1.884060686931178941e-03
1.890908114248849919e-03
1.897764206261442739e-03
1.904628950868837451e-03
1.911502336028606669e-03
1.918384349755520527e-03
1.925274980121067896e-03
1.932174215252972825e-03
1.939082043334728993e-03
1.945998452605128071e-03
1.952923431357800679e-03
1.959856967940762969e-03
1.966799050755963212e-03
1.973749668258839227e-03
1.980708808957877543e-03
1.987676461414179287e-03
1.994652614241033441e-03
2.001637256103486629e-03
2.008630375717929389e-03
2.015631961851678099e-03
2.022642003322566891e-03
2.029660488998540849e-03
2.036687407797257900e-03
2.043722748685690687e-03
2.050766500679734525e-03
2.057818652843822725e-03
2.064879194290541922e-03
2.071948114180256935e-03
2.079025401720730002e-03
2.086111046166758652e-03
2.093205036819805343e-03
2.100307363027634471e-03
2.107418014183959354e-03
2.114536979728085745e-03
2.121664249144559252e-03
2.128799811962826631e-03
2.135943657756885373e-03
2.143095776144949768e-03
2.150256156789115674e-03
2.157424789395027444e-03
2.164601663711554404e-03
2.171786769530461257e-03
2.178980096686091057e-03
2.186181635055048627e-03
2.193391374555883101e-03
2.200609305148780882e-03
2.207835416835257723e-03
2.215069699657856023e-03
2.222312143699839079e-03
2.229562739084900956e-03
2.236821475976866376e-03
2.244088344579402323e-03
2.251363335135730080e-03
2.258646437928335960e-03
2.265937643278695488e-03
2.273236941546988906e-03
2.280544323131825785e-03
2.287859778469973106e-03
2.295183298036085080e-03
