# mu
-inf
3.406454551849490286e+01
3.559462657289130050e+01
3.649948448372426668e+01
3.714806513020731416e+01
3.765600178129027853e+01
3.807480798890530593e+01
3.843196859419848721e+01
3.874389449793332574e+01
3.902117518830032594e+01
3.927104461229802723e+01
3.949866549148133288e+01
3.970785244385712076e+01
3.990150466982615995e+01
4.008187783575206709e+01
4.025076193377775269e+01
4.040960162634546293e+01
4.055958004581835041e+01
4.070167860802639836e+01
4.083672063491006554e+01
4.096540377708286229e+01
4.108832451964703125e+01
4.120599698374508080e+01
4.131886754692355623e+01
4.142732635106035843e+01
4.153171646085665714e+01
4.163234122619851973e+01
4.172947025538114474e+01
4.182334430249029111e+01
4.191417929767546724e+01
4.200216969473011375e+01
4.208749127033439663e+01
4.217030347943972401e+01
4.225075144875707878e+01
4.232896767317573961e+01
4.240507346677899392e+01
4.247918020993146371e+01
4.255139042595553178e+01
4.262179871465561831e+01
4.269049256499150857e+01
4.275755306524899879e+01
4.282305552588416475e+01
4.288707002765725917e+01
4.294966190559433983e+01
4.301089217761861505e+01
4.307081792530294706e+01
4.312949263304818004e+01
4.318696649104364838e+01
4.324328666657623899e+01
4.329849754759615621e+01
4.335264096189450811e+01
4.340575637478329440e+01
4.345788106777547455e+01
4.350905030042997623e+01
4.355929745724340307e+01
4.360865418122877202e+01
4.365715049561475070e+01
4.370481491492158455e+01
4.375167454651683840e+01
4.379775518362271924e+01
4.384308139063201537e+01
4.388767658149110673e+01
4.393156309182201369e+01
4.397476224538057465e+01
4.401729441538188325e+01
4.405917908116682469e+01
4.410043488063290340e+01
4.414107965880820927e+01
4.418113051290801963e+01
4.422060383417921514e+01
4.425951534680685029e+01
4.429788014413005470e+01
4.433571272239053940e+01
4.437302701221537404e+01
4.440983640801646004e+01
4.444615379547245482e+01
4.448199157724315000e+01
4.451736169705295509e+01
4.455227566226784575e+01
4.458674456507901596e+01
4.462077910239656831e+01
4.465438959454782264e+01
4.468758600286653149e+01
4.472037794625224194e+01
4.475277471677227936e+01
4.478478529437302313e+01
4.481641836076163088e+01
4.484768231251450743e+01
4.487858527346448057e+01
4.490913510641422590e+01
4.493933942422034988e+01
4.496920560028857494e+01
4.499874077851784193e+01
4.502795188272814642e+01
4.505684562560431061e+01
4.508542851718565458e+01
4.511370687292932757e+01
4.514168682137302824e+01
4.516937431142107329e+01
4.519677511927614688e+01
4.522389485503734363e+01
4.525073896898393855e+01
4.527731275756288198e+01
4.530362136909673154e+01
4.532966980922775946e+01
4.535546294611299345e+01
4.538100551538370553e+01
4.540630212488231621e+01
4.543135725918865830e+01
4.545617528394691931e+01
4.548076045000367884e+01
4.550511689736708831e+01
4.552924865899633744e+01
4.555315966443028231e+01
4.557685374326328542e+01
4.560033462847607666e+01
4.562360595962886833e+01
4.564667128592351730e+01
4.566953406914124258e+01
4.569219768646189550e+01
4.571466543317052356e+01
4.573694052525665654e+01
4.575902610191135977e+01
4.578092522792689323e+01
4.580264089600356670e+01
4.582417602896794762e+01
4.584553348190670619e+01
4.586671604421973569e+01
4.588772644159634240e+01
4.590856733791783029e+01
4.592924133708994816e+01
4.594975098480800568e+01
4.597009877025789137e+01
4.599028712775563577e+01
4.601031843832813450e+01
4.603019503123771017e+01
4.604991918545270124e+01
4.606949313106648702e+01
4.608891905066711558e+01
4.610819908065947459e+01
4.612733531254207264e+01
4.614632979414025726e+01
4.616518453079764583e+01
4.618390148652737537e+01
4.620248258512498296e+01
4.622092971124420302e+01
4.623924471143733683e+01
4.625742939516150898e+01
4.627548553575212509e+01
4.629341487136483124e+01
4.631121910588723267e+01
4.632889990982143047e+01
4.634645892113854870e+01
4.636389774610636039e+01
4.638121796009083653e+01
4.639842110833286171e+01
4.641550870670080542e+01
4.643248224241990840e+01
4.644934317477947161e+01
4.646609293581837363e+01
4.648273293098996817e+01
4.649926453980698682e+01
4.651568911646710802e+01
4.653200799046003056e+01
4.654822246715654188e+01
4.656433382838032031e+01
4.658034333296304652e+01
4.659625221728337152e+01
4.661206169579035929e+01
4.662777296151185169e+01
4.664338718654839511e+01
4.665890552255305579e+01
4.667432910119772060e+01
4.668965903462637357e+01
4.670489641589558971e+01
4.672004231940285734e+01
4.673509780130308400e+01
4.675006389991359868e+01
4.676494163610812649e+01
4.677973201370005540e+01
4.679443601981525092e+01
4.680905462525497285e+01
4.682358878484895115e+01
4.683803943779912515e+01
4.685240750801423104e+01
4.686669390443564964e+01
4.688089952135458560e+01
4.689502523872107531e+01
4.690907192244489465e+01
4.692304042468875025e+01
4.693693158415388211e+01
4.695074622635839745e+01
4.696448516390849193e+01
4.697814919676281420e+01
4.699173911249013003e+01
4.700525568652061281e+01
4.701869968239070374e+01
4.703207185198208151e+01
4.704537293575452850e+01
4.705860366297319786e+01
4.707176475193026022e+01
4.708485691016112895e+01
4.709788083465549846e+01
4.711083721206319552e+01
4.712372671889517051e+01
4.713655002171960717e+01
4.714930777735338552e+01
4.716200063304899714e+01
4.717462922667709080e+01
4.718719418690461964e+01
4.719969613336894554e+01
4.721213567684778667e+01
4.722451341942527847e+01
4.723682995465418344e+01
4.724908586771437058e+01
4.726128173556766399e+01
4.727341812710916003e+01
4.728549560331514101e+01
4.729751471738757118e+01
4.730947601489546628e+01
4.732138003391294490e+01
4.733322730515432397e+01
4.734501835210615894e+01
4.735675369115636357e+01
4.736843383172049471e+01
4.738005927636525882e+01
4.739163052092936823e+01
4.740314805464166170e+01
4.741461236023679504e+01
4.742602391406833817e+01
4.743738318621949190e+01
4.744869064061143149e+01
4.745994673510930539e+01
4.747115192162604558e+01
4.748230664622393249e+01
4.749341134921404262e+01
4.750446646525359995e+01
4.751547242344131661e+01
4.752642964741075104e+01
4.753733855542166964e+01
4.754819956044963192e+01
4.755901307027361469e+01
4.756977948756194507e+01
4.758049920995644300e+01
4.759117263015477306e+01
4.760180013599132565e+01
4.761238211051623637e+01
4.762291893207299154e+01
4.763341097437442073e+01
4.764385860657714034e+01
4.765426219335456892e+01
4.766462209496848601e+01
4.767493866733919106e+01
4.768521226211424135e+01
4.769544322673588965e+01
4.770563190450722146e+01
4.771577863465692104e+01
4.772588375240289338e+01
4.773594758901462853e+01
4.774597047187428700e+01
4.775595272453673346e+01
4.776589466678836970e+01
4.777579661470485917e+01
4.778565888070772161e+01
4.779548177361994021e+01
4.780526559872046732e+01
4.781501065779771409e+01
4.782471724920205247e+01
4.783438566789735091e+01
4.784401620551155077e+01
4.785360915038629059e+01
4.786316478762562099e+01
4.787268339914388093e+01
4.788216526371261494e+01
4.789161065700670861e+01
4.790101985164964304e+01
4.791039311725795358e+01
4.791973072048486415e+01
4.792903292506319701e+01
4.793829999184744395e+01
4.794753217885511276e+01
4.795672974130737032e+01
4.796589293166890400e+01
4.797502199968718628e+01
4.798411719243090090e+01
4.799317875432782188e+01
4.800220692720196780e+01
4.801120195031015214e+01
4.802016406037782303e+01
4.802909349163439146e+01
4.803799047584784887e+01
4.804685524235885907e+01
4.805568801811425317e+01
4.806448902769989218e+01
4.807325849337308199e+01
4.808199663509434885e+01
4.809070367055870321e+01
4.809937981522639205e+01
4.810802528235311115e+01
4.811664028301974838e+01
4.812522502616158704e+01
4.813377971859704729e+01
4.814230456505595157e+01
4.815079976820733521e+01
4.815926552868675259e+01
4.816770204512318543e+01
4.817610951416550336e+01
4.818448813050844137e+01
4.819283808691825044e+01
4.820115957425782227e+01
4.820945278151150148e+01
4.821771789580945722e+01
4.822595510245162131e+01
4.823416458493134940e+01
4.824234652495860587e+01
4.825050110248281499e+01
4.825862849571536373e+01
4.826672888115174942e+01
4.827480243359332235e+01
4.828284932616877967e+01
4.829086973035522590e+01
4.829886381599899181e+01
4.830683175133606255e+01
4.831477370301222152e+01
4.832268983610285318e+01
4.833058031413251854e+01
4.833844529909411847e+01
4.834628495146782257e+01
4.835409943023974932e+01
4.836188889292023418e+01
4.836965349556199811e+01
4.837739339277784723e+01
4.838510873775828713e+01
4.839279968228872519e+01
4.840046637676647379e+01
4.840810897021756176e+01
4.841572761031315508e+01
4.842332244338585667e+01
4.843089361444571495e+01
4.843844126719596943e+01
4.844596554404861877e+01
4.845346658613971158e+01
4.846094453334447394e+01
4.846839952429210996e+01
4.847583169638051004e+01
4.848324118579065356e+01
4.849062812750084106e+01
4.849799265530073455e+01
4.850533490180512786e+01
4.851265499846761031e+01
4.851995307559396053e+01
4.852722926235541223e+01
4.853448368680164293e+01
4.854171647587367033e+01
4.854892775541650707e+01
4.855611765019166626e+01
4.856328628388946811e+01
4.857043377914118309e+01
4.857756025753100459e+01
4.858466583960786522e+01
4.859175064489705420e+01
4.859881479191173526e+01
4.860585839816420872e+01
4.861288158017711680e+01
4.861988445349443566e+01
4.862686713269233252e+01
4.863382973138985932e+01
4.864077236225953271e+01
4.864769513703774351e+01
4.865459816653499558e+01
4.866148156064610930e+01
4.866834542836015487e+01
4.867518987777031469e+01
4.868201501608364623e+01
4.868882094963066720e+01
4.869560778387479871e+01
4.870237562342173021e+01
4.870912457202862811e+01
4.871585473261321653e+01
4.872256620726277276e+01
4.872925909724297355e+01
4.873593350300659921e+01
4.874258952420220226e+01
4.874922725968258419e+01
4.875584680751319411e+01
4.876244826498044205e+01
4.876903172859982760e+01
4.877559729412405432e+01
4.878214505655098776e+01
4.878867511013148572e+01
4.879518754837721417e+01
4.880168246406825006e+01
4.880815994926070545e+01
4.881462009529413848e+01
4.882106299279895723e+01
4.882748873170369563e+01
4.883389740124216161e+01
4.884028908996059215e+01
4.884666388572459539e+01
4.885302187572609967e+01
4.885936314649016765e+01
