# rs_dv
inf
2.320856872786873915e+00
1.165397827014321708e+00
7.803027664414428077e-01
5.877983913666939841e-01
4.723300268952942971e-01
3.953794362781768434e-01
3.404387942484171647e-01
2.992541803554141788e-01
2.672400767414174205e-01
2.416451672493788172e-01
2.207186097410269998e-01
2.032931722515375350e-01
1.885607678371593043e-01
1.759441887685994632e-01
1.650201470415281757e-01
1.554711746899500313e-01
1.470545004537679168e-01
1.395813008846662762e-01
1.329025037285346822e-01
1.268988502874096036e-01
1.214737971009137857e-01
1.165483535272130305e-01
1.120572660365835027e-01
1.079461564263440865e-01
1.041693468591370908e-01
1.006881868105666405e-01
9.746975180155786900e-02
9.448582096928510865e-02
9.171206617085285451e-02
8.912740326214421693e-02
8.671346893170531200e-02
8.445419562457910645e-02
8.233546374921252298e-02
8.034481525630424170e-02
7.847121631529795083e-02
7.670485954185131405e-02
7.503699829375989894e-02
7.345980712808652946e-02
7.196626372399161919e-02
7.055004851486290640e-02
6.920545900630008240e-02
6.792733633240484459e-02
6.671100205818376871e-02
6.555220359808922037e-02
6.444706691049410796e-02
6.339205536097584914e-02
6.238393383572880119e-02
6.141973733953721287e-02
6.049674343772888652e-02
5.961244800402114991e-02
5.876454382057473558e-02
5.795090164636607782e-02
5.716955342793269418e-02
5.641867737483219347e-02
5.569658466254009260e-02
5.500170755940555350e-02
5.433258880282779146e-02
5.368787207392816674e-02
5.306629344042899238e-02
5.246667365481966910e-02
5.188791120969849652e-02
5.132897606483539932e-02
5.078890397135130130e-02
5.026679132773336639e-02
4.976179051043818496e-02
4.927310562877285777e-02
4.879998865974961159e-02
4.834173592382014217e-02
4.789768486692777549e-02
4.746721111826360945e-02
4.704972579656162973e-02
4.664467304078457471e-02
4.625152774369797881e-02
4.586979346915316669e-02
4.549900053594536919e-02
4.513870425291497540e-02
4.478848329155286218e-02
4.444793818377893585e-02
4.411668993381031439e-02
4.379437873414464277e-02
4.348066277666711582e-02
4.317521715076743510e-02
4.287773282113393342e-02
4.258791567859021576e-02
4.230548565796352078e-02
4.203017591753269167e-02
4.176173207510478630e-02
4.149991149621888586e-02
4.124448263038001800e-02
4.099522439159006271e-02
4.075192557977022623e-02
4.051438433996573663e-02
4.028240765649056948e-02
4.005581087941150614e-02
3.983441728098999907e-02
3.961805763989820900e-02
3.940656985120569167e-02
3.919979856029671278e-02
3.899759481902635716e-02
3.879981576255935732e-02
3.860632430545797578e-02
3.841698885569855282e-02
3.823168304539767415e-02
3.805028547712372561e-02
3.787267948475421531e-02
3.769875290791840916e-02
3.752839787913587327e-02
3.736151062282798418e-02
3.719799126543932993e-02
3.703774365596169266e-02
3.688067519620396445e-02
3.672669668019851175e-02
3.657572214217732348e-02
3.642766871259137118e-02
3.628245648168280241e-02
3.614000837015363121e-02
3.600025000650593915e-02
3.586310961065691111e-02
3.572851788345920987e-02
3.559640790178136838e-02
3.546671501882617261e-02
3.533937676938560951e-02
3.521433277975091758e-02
3.509152468201442998e-02
3.497089603251637979e-02
3.485239223420600468e-02
3.473596046270054777e-02
3.462154959583917113e-02
3.450911014654178127e-02
3.439859419879397195e-02
3.428995534659066285e-02
3.418314863568078926e-02
3.407813050796514726e-02
3.397485874840842218e-02
3.387329243433400555e-02
3.377339188697902478e-02
3.367511862519307481e-02
3.357843532117180813e-02
3.348330575812211163e-02
3.338969478976199640e-02
3.329756830156354458e-02
3.320689317365254495e-02
3.311763724528335451e-02
3.302976928081183955e-02
3.294325893709374592e-02
3.285807673223969938e-02
3.277419401566188106e-02
3.269158293935078147e-02
3.261021643032398221e-02
3.253006817493762221e-02
3.245111255102439002e-02
3.237332466656078073e-02
3.229668029473357210e-02
3.222115586175174767e-02
3.214672842526723751e-02
3.207337565363813786e-02
3.200107580599610008e-02
3.192980771308236848e-02
3.185955075881807125e-02
3.179028486257656771e-02
3.172199046212687001e-02
3.165464849721895402e-02
3.158824039378322485e-02
3.152274804871757485e-02
3.145815381523684590e-02
3.139444048876085386e-02
3.133159129331811177e-02
3.126958986844353278e-02
3.120842025654944549e-02
3.114806689075030194e-02
3.108851458312219401e-02
3.102974851337945289e-02
3.097175421795091144e-02
3.091451757944017192e-02
3.085802481645368717e-02
3.080226247378236096e-02
3.074721741292221755e-02
3.069287680292077936e-02
3.063922811153629855e-02
3.058625909669736298e-02
3.053395779825126069e-02
3.048231252998987242e-02
3.043131187194216686e-02
3.038094466292321633e-02
3.033119999332981737e-02
3.028206719817329653e-02
3.023353585034048788e-02
3.018559575407440271e-02
3.013823693866609504e-02
3.009144965235019051e-02
3.004522435639610245e-02
2.999955171938795823e-02
2.995442261168632103e-02
2.990982810006483431e-02
2.986575944251565473e-02
2.982220808321731781e-02
2.977916564765947793e-02
2.973662393791850350e-02
2.969457492807900043e-02
2.965301075979561232e-02
2.961192373799045874e-02
2.957130632668134723e-02
2.953115114493614149e-02
2.949145096294880641e-02
2.945219869823328257e-02
2.941338741193044726e-02
2.937501030522509521e-02
2.933706071586840089e-02
2.929953211480285438e-02
2.926241810288586834e-02
2.922571240770881207e-02
2.918940888050830518e-02
2.915350149316671413e-02
2.911798433529867725e-02
2.908285161142112191e-02
2.904809763820375562e-02
2.901371684179747390e-02
2.897970375523829106e-02
2.894605301592400454e-02
2.891275936316156994e-02
2.887981763578267858e-02
2.884722276982554581e-02
2.881496979628050958e-02
2.878305383889777705e-02
2.875147011205489087e-02
2.872021391868263135e-02
2.868928064824683918e-02
2.865866577478494784e-02
2.862836485499527933e-02
2.859837352637742067e-02
2.856868750542235214e-02
2.853930258585042970e-02
2.851021463689610430e-02
2.848141960163777173e-02
2.845291349537136874e-02
2.842469240402645259e-02
2.839675248262353222e-02
2.836908995377126694e-02
2.834170110620243960e-02
2.831458229334757673e-02
2.828772993194498403e-02
2.826114050068629160e-02
2.823481053889626002e-02
2.820873664524601102e-02
2.818291547649865239e-02
2.815734374628629799e-02
2.813201822391770551e-02
2.810693573321548441e-02
2.808209315138215575e-02
2.805748740789420700e-02
2.803311548342327444e-02
2.800897440878383909e-02
2.798506126390644042e-02
2.796137317683596024e-02
2.793790732275409916e-02
2.791466092302544860e-02
2.789163124426635373e-02
2.786881559743627571e-02
2.784621133695055345e-02
2.782381585981443320e-02
2.780162660477747058e-02
2.777964105150790633e-02
2.775785671978635294e-02
2.773627116871846612e-02
2.771488199596582394e-02
2.769368683699474989e-02
2.767268336434251103e-02
2.765186928690031506e-02
2.763124234921295053e-02
2.761080033079429605e-02
2.759054104545844571e-02
2.757046234066613810e-02
2.755056209688584723e-02
2.753083822696936189e-02
2.751128867554129831e-02
2.749191141840239688e-02
2.747270446194603061e-02
2.745366584258773779e-02
2.743479362620737660e-02
2.741608590760352682e-02
2.739754080996002761e-02
2.737915648432406521e-02
2.736093110909572704e-02
2.734286288952866503e-02
2.732495005724157322e-02
2.730719086974016732e-02
2.728958360994962126e-02
2.727212658575681181e-02
2.725481812956256217e-02
2.723765659784330509e-02
2.722064037072206497e-02
2.720376785154859575e-02
2.718703746648832090e-02
2.717044766411989484e-02
2.715399691504126467e-02
2.713768371148391964e-02
2.712150656693513781e-02
2.710546401576817768e-02
2.708955461287999161e-02
2.707377693333647140e-02
2.705812957202499355e-02
2.704261114331405619e-02
2.702722028071985472e-02
2.701195563657961957e-02
2.699681588173166030e-02
2.698179970520178314e-02
2.696690581389608876e-02
2.695213293229987983e-02
2.693747980218267821e-02
2.692294518230900838e-02
2.690852784815508242e-02
2.689422659163095627e-02
2.688004022080826144e-02
2.686596755965327959e-02
2.685200744776526302e-02
2.683815874011987249e-02
2.682442030681757295e-02
2.681079103283705994e-02
2.679726981779327610e-02
2.678385557570031605e-02
2.677054723473865777e-02
2.675734373702715052e-02
2.674424403839906900e-02
2.673124710818270550e-02
2.671835192898597278e-02
2.670555749648515290e-02
2.669286281921762899e-02
2.668026691837857220e-02
2.666776882762134093e-02
2.665536759286176241e-02
2.664306227208596695e-02
2.663085193516187554e-02
2.661873566365410490e-02
2.660671255064236615e-02
2.659478171126807011e-02
2.658294223988590804e-02
2.657119327356721392e-02
2.655953394970201817e-02
2.654796341633625101e-02
2.653648083200927515e-02
2.652508536559423230e-02
2.651377619614135248e-02
2.650255251272411877e-02
2.649141351428814170e-02
2.648035840950272585e-02
2.646938641661524677e-02
2.645849676330784203e-02
2.644768868655697144e-02
2.643696143249520819e-02
2.642631425627563202e-02
2.641574642193854697e-02
2.640525720228050280e-02
2.639484587872577281e-02
2.638451174119984047e-02
2.637425408800531459e-02
2.636407222569986386e-02
2.635396546897629533e-02
2.634393314054475285e-02
2.633397457101691388e-02
2.632408909879209100e-02
2.631427606994549487e-02
2.630453483811820772e-02
2.629486476440909618e-02
2.628526521726861492e-02
2.627573557239436600e-02
2.626627521262831291e-02
2.625688352785605570e-02
2.624755991490735837e-02
2.623830377745870607e-02
2.622911452593732276e-02
2.621999157742681968e-02
2.621093435557439802e-02
2.620194229049964754e-02
2.619301481870475040e-02
2.618415138298629818e-02
2.617535143234848635e-02
2.616661442191769993e-02
2.615793981285853900e-02
2.614932707229126324e-02
2.614077567321051315e-02
2.613228509440531158e-02
2.612385482038052931e-02
2.611548434127939494e-02
2.610717315280742037e-02
2.609892075615754398e-02
2.609072665793629037e-02
2.608259037009141162e-02
2.607451140984040627e-02
2.606648929960030808e-02
2.605852356691858857e-02
2.605061374440509683e-02
2.604275936966514438e-02
2.603495998523359944e-02
2.602721513850997370e-02
2.601952438169465379e-02
2.601188727172601758e-02
2.600430337021851501e-02
2.599677224340184861e-02
2.598929346206093477e-02
2.598186660147689536e-02
