# d_a
0.000000000000000000e+00
6.290721764272807093e+01
1.232276375488731190e+02
1.810781987315853883e+02
2.365696070766870207e+02
2.898067386460299417e+02
3.408890107121339383e+02
3.899107236597205883e+02
4.369613765384187332e+02
4.821259587426034159e+02
5.254852200235874307e+02
5.671159208012404633e+02
6.070910645324474899e+02
6.454801137089979193e+02
6.823491908943298085e+02
7.177612660644241487e+02
7.517763313905459199e+02
7.844515644885675556e+02
8.158414810593224047e+02
8.459980777554387714e+02
8.749709660308911907e+02
9.028074976589673497e+02
9.295528825414628500e+02
9.552502993756883143e+02
9.799409996956458144e+02
1.003664405758653857e+03
1.026458202708328145e+03
1.048358425408480116e+03
1.069399540309824260e+03
1.089614522681893959e+03
1.109034929515964222e+03
1.127690968380700497e+03
1.145611562490420965e+03
1.162824412226093727e+03
1.179356053331172006e+03
1.195231911987993044e+03
1.210476356965526293e+03
1.225112749015614099e+03
1.239163487682352752e+03
1.252650055677833961e+03
1.265593060966959911e+03
1.278012276694420279e+03
1.289926679078017060e+03
1.301354483384364812e+03
1.312313178095446119e+03
1.322819557367516381e+03
1.332889751877415165e+03
1.342539258145361146e+03
1.351782966417767739e+03
1.360635187188484679e+03
1.369109676432067772e+03
1.377219659618266405e+03
1.384977854572757451e+03
1.392396493245296142e+03
1.399487342442876070e+03
1.406261723582110790e+03
1.412730531511916979e+03
1.418904252454660536e+03
1.424792981111143035e+03
1.430406436972288930e+03
1.435753979877930533e+03
1.440844624860862268e+03
1.445687056312214054e+03
1.450289641502188260e+03
1.454660443488349756e+03
1.458807233441903918e+03
1.462737502420740611e+03
1.466458472616470544e+03
1.469977108101226804e+03
1.473300125098618537e+03
1.476434001801939758e+03
1.479384987761510047e+03
1.482159112861870426e+03
1.484762195908483591e+03
1.487199852842556766e+03
1.489477504601639339e+03
1.491600384642747940e+03
1.493573546143893736e+03
1.495401868899095234e+03
1.497090065921173391e+03
1.498642689765912110e+03
1.500064138590484390e+03
1.501358661958381163e+03
1.502530366402485697e+03
1.503583220757343042e+03
1.504521061271133703e+03
1.505347596507332355e+03
1.506066412045556035e+03
1.506680974990617869e+03
1.507194638298388554e+03
1.507610644926626037e+03
1.507932131818553671e+03
1.508162133726582852e+03
1.508303586883228718e+03
1.508359332525919854e+03
1.508332120282093001e+03
1.508224611420656174e+03
1.508039381975609786e+03
1.507778925747357789e+03
1.507445657186962535e+03
1.507041914168363974e+03
1.506569960653346925e+03
1.506031989253813208e+03
1.505430123695713291e+03
1.504766421188783170e+03
1.504042874706043904e+03
1.503261415176847549e+03
1.502423913597066530e+03
1.501532183059877525e+03
1.500587980710416787e+03
1.499593009627452375e+03
1.498548920635065997e+03
1.497457314047209366e+03
1.496319741347870604e+03
1.495137706809463225e+03
1.493912669051938792e+03
1.492646042545008413e+03
1.491339199055759991e+03
1.489993469043849473e+03
1.488610143006362932e+03
1.487190472774336513e+03
1.485735672762853937e+03
1.484246921176547630e+03
1.482725361172251723e+03
1.481172101980483149e+03
1.479588219987359707e+03
1.477974759778479893e+03
1.476332735146246932e+03
1.474663130062037681e+03
1.472966899614569002e+03
1.471244970915754038e+03
1.469498243975286869e+03
1.467727592545142670e+03
1.465933864935132533e+03
1.464117884800603406e+03
1.462280451903328412e+03
1.460422342846593210e+03
1.458544311785439049e+03
1.456647091112984981e+03
1.454731392123717569e+03
1.452797905654594388e+03
1.450847302704781669e+03
1.448880235034802126e+03
1.446897335745853070e+03
1.444899219840007845e+03
1.442886484762000464e+03
1.440859710923254170e+03
1.438819462208796267e+03
1.436766286467670625e+03
1.434700715987439708e+03
1.432623267953342747e+03
1.430534444892656211e+03
1.428434735104774518e+03
1.426324613077523736e+03
1.424204539890185288e+03
1.422074963603696915e+03
1.419936319638479972e+03
1.417789031140321867e+03
1.415633509334730661e+03
1.413470153870155627e+03
1.411299353150462593e+03
1.409121484657030123e+03
1.406936915260822161e+03
1.404746001524777284e+03
1.402549089996849716e+03
1.400346517494012915e+03
1.398138611377531106e+03
1.395925689819800027e+03
1.393708062063029047e+03
1.391486028670047745e+03
1.389259881767492061e+03
1.387029905281629453e+03
1.384796375167060660e+03
1.382559559628540001e+03
1.380319719336134767e+03
1.378077107633948572e+03
1.375831970742611929e+03
1.373584547955751532e+03
1.371335071830626021e+03
1.369083768373125849e+03
1.366830857217309813e+03
1.364576551799664230e+03
1.362321059528245769e+03
1.360064581946878661e+03
1.357807314894557976e+03
1.355549448660218104e+03
1.353291168133007204e+03
1.351032652948215627e+03
1.348774077628989289e+03
1.346515611723967822e+03
1.344257419940968248e+03
1.341999662276843537e+03
1.339742494143630665e+03
1.337486066491109113e+03
1.335230525925872826e+03
1.332976014827033168e+03
1.330722671458649756e+03
1.328470630078991235e+03
1.326220021046726060e+03
1.323970970924131507e+03
1.321723602577419342e+03
1.319478035274258445e+03
1.317234384778583262e+03
1.314992763442770183e+03
1.312753280297259153e+03
1.310516041137699858e+03
1.308281148609692764e+03
1.306048702291203654e+03
1.303818798772712171e+03
1.301591531735168928e+03
1.299366992025823265e+03
1.297145267731984632e+03
1.294926444252778310e+03
1.292710604368955956e+03
1.290497828310816658e+03
1.288288193824292875e+03
1.286081776235258531e+03
1.283878648512105656e+03
1.281678881326645069e+03
1.279482543113376096e+03
1.277289700127173319e+03
1.275100416499436733e+03
1.272914754292748739e+03
1.270732773554080950e+03
1.268554532366591729e+03
1.266380086900056085e+03
1.264209491459964738e+03
1.262042798535331940e+03
1.259880058845247049e+03
1.257721321384207613e+03
1.255566633466265102e+03
1.253416040768019002e+03
1.251269587370491081e+03
1.249127315799910775e+03
1.246989267067441006e+03
1.244855480707877405e+03
1.242725994817344599e+03
1.240600846090020923e+03
1.238480069853917712e+03
1.236363700105738189e+03
1.234251769544841181e+03
1.232144309606336037e+03
1.230041350493330583e+03
1.227942921208356211e+03
1.225849049583992382e+03
1.223759762312711473e+03
1.221675084975966911e+03
1.219595042072543265e+03
1.217519657046188968e+03
1.215448952312551000e+03
1.213382949285429504e+03
1.211321668402373689e+03
1.209265129149630638e+03
1.207213350086469973e+03
1.205166348868899604e+03
1.203124142272786912e+03
1.201086746216400115e+03
1.199054175782393031e+03
1.197026445239235954e+03
1.195003568062116983e+03
1.192985556953324021e+03
1.190972423862119740e+03
1.188964180004125865e+03
1.186960835880226796e+03
1.184962401295007339e+03
1.182968885374735237e+03
1.180980296584900543e+03
1.178996642747323676e+03
1.177017931056843281e+03
1.175044168097595048e+03
1.173075359858890124e+03
1.171111511750706541e+03
1.169152628618801145e+03
1.167198714759452514e+03
1.165249773933844381e+03
1.163305809382098460e+03
1.161366823836967114e+03
1.159432819537190426e+03
1.157503798240531978e+03
1.155579761236496779e+03
1.153660709358740633e+03
1.151746642997181198e+03
1.149837562109813462e+03
1.147933466234242132e+03
1.146034354498934135e+03
1.144140225634201215e+03
1.142251077982915149e+03
1.140366909510970345e+03
1.138487717817487237e+03
1.136613500144779209e+03
1.134744253388071456e+03
1.132879974104994290e+03
1.131020658524843839e+03
1.129166302557623339e+03
1.127316901802865686e+03
1.125472451558248849e+03
1.123632946828001423e+03
1.121798382331108542e+03
1.119968752509323849e+03
1.118144051534986602e+03
1.116324273318655742e+03
1.114509411516560249e+03
1.112699459537871917e+03
1.110894410551806232e+03
1.109094257494551812e+03
1.107298993076037959e+03
1.105508609786539409e+03
1.103723099903123511e+03
1.101942455495945751e+03
1.100166668434396115e+03
1.098395730393095391e+03
1.096629632862735662e+03
1.094868367148721291e+03
1.093111924367974098e+03
1.091360295473240740e+03
1.089613471250427210e+03
1.087871442323791371e+03
1.086134199161014521e+03
1.084401732078151326e+03
1.082674031244462867e+03
1.080951086687135103e+03
1.079232888295884322e+03
1.077519425827454825e+03
1.075810688910008139e+03
1.074106667047409928e+03
1.072407349623413438e+03
1.070712725905744264e+03
1.069022785050088714e+03
1.067337516103985763e+03
1.065656908010628058e+03
1.063980949612571294e+03
1.062309629655357185e+03
1.060642936791047305e+03
1.058980859581674622e+03
1.057323386502614085e+03
1.055670505945869536e+03
1.054022206223284456e+03
1.052378475569675857e+03
1.050739302145892452e+03
1.049104674041800081e+03
1.047474579279197314e+03
1.045849005814656948e+03
1.044227941542304961e+03
1.042611374296527856e+03
1.040999291854618605e+03
1.039391681939356658e+03
1.037788532221526339e+03
1.036189830322375428e+03
1.034595563816014192e+03
1.033005720231755504e+03
1.031420287056398593e+03
1.029839251736459119e+03
1.028262601680343096e+03
1.026690324260468287e+03
1.025122406815336262e+03
1.023558836651550450e+03
1.021999601045788154e+03
1.020444687246721969e+03
1.018894082476895619e+03
1.017347773934553402e+03
1.015805748795424279e+03
1.014267994214462647e+03
1.012734497327545682e+03
1.011205245253128965e+03
1.009680225093860827e+03
1.008159423938157715e+03
1.006642828861737939e+03
1.005130426929120176e+03
1.003622205195082074e+03
1.002118150706083611e+03
1.000618250501654302e+03
9.991224916157455027e+02
9.976308610780482695e+02
9.961433459152787009e+02
9.946599331524290619e+02
9.931806098139890082e+02
9.917053629251338407e+02
9.902341795128835429e+02
9.887670466072306681e+02
9.873039512422412827e+02
9.858448804571246455e+02
9.843898212972773081e+02
9.829387608152991334e+02
9.814916860719822580e+02
9.800485841372754976e+02
9.786094420912213536e+02
9.771742470248696009e+02
9.757429860411667732e+02
9.743156462558204112e+02
9.728922147981414810e+02
9.714726788118636023e+02
9.700570254559402201e+02
9.686452419053197218e+02
9.672373153516997490e+02
9.658332330042607055e+02
9.644329820903790278e+02
9.630365498563204483e+02
9.616439235679138164e+02
9.602550905112067312e+02
9.588700379931018460e+02
9.574887533419750980e+02
