# d_l
0.000000000000000000e+00
6.480858829597950432e+01
1.307322006755995005e+02
1.977419199698595094e+02
2.658096105113655767e+02
3.349079123478182964e+02
4.050102336270863930e+02
4.760907413566103514e+02
5.481243507297925817e+02
6.210867132011902640e+02
6.949542034811942131e+02
7.697039056094636180e+02
8.453135982549797518e+02
9.217617393792918392e+02
9.990274503883882744e+02
1.077090499887926626e+03
1.155931287146103386e+03
1.235530825358605853e+03
1.315870724800581002e+03
1.396933175941724130e+03
1.478700932592206300e+03
1.561157295139327516e+03
1.644286093927593811e+03
1.728071672828104511e+03
1.812498873037066232e+03
1.897553017137454844e+03
1.983219893452761198e+03
2.069485740716975215e+03
2.156337233080729675e+03
2.243761465469623090e+03
2.331745939307314984e+03
2.420278548612868235e+03
2.509347566479018042e+03
2.598941631935625537e+03
2.689049737200405161e+03
2.779661215317075857e+03
2.870765728179442249e+03
2.962353254938479949e+03
3.054414080788230876e+03
3.146938786125246224e+03
3.239918236075418008e+03
3.333343570381304289e+03
3.427206193642383369e+03
3.521497765900175636e+03
3.616210193559811160e+03
3.711335620639237732e+03
3.806866420337084946e+03
3.902795186910018856e+03
3.999114727850323561e+03
4.095818056354456075e+03
4.192898384073207126e+03
4.290349114134314732e+03
4.388163834428324662e+03
4.486336311148675122e+03
4.584860482577106268e+03
4.683730453105667948e+03
4.782940487486745042e+03
4.882485005302797617e+03
4.982358575647556790e+03
5.082555912010860993e+03
5.183071867359329190e+03
5.283901429405375893e+03
5.385039716057365695e+03
5.486481971043815065e+03
5.588223559704843865e+03
5.690259964944326384e+03
5.792586783336375447e+03
5.895199721380025949e+03
5.998094591896246129e+03
6.101267310561526756e+03
6.204713892572651275e+03
6.308430449437324569e+03
6.412413185885597159e+03
6.516658396897230887e+03
6.621162464840346729e+03
6.725921856716777256e+03
6.830933121509926423e+03
6.936192887630897530e+03
7.041697860458949435e+03
7.147444819972514779e+03
7.253430618467015847e+03
7.359652178356098375e+03
7.466106490052833578e+03
7.572790609927689729e+03
7.679701658340203721e+03
7.786836817741410414e+03
7.894193330844102093e+03
8.001768498858338717e+03
8.109559679789501388e+03
8.217564286796430679e+03
8.325779786607288770e+03
8.434203697990831643e+03
8.542833590280855788e+03
8.651667081951871296e+03
8.760701839243796712e+03
8.869935574833882129e+03
8.979366046554017885e+03
9.088991056151549856e+03
9.198808448092053368e+03
9.308816108402359532e+03
9.419011963552275120e+03
9.529393979373564434e+03
9.639960160014734356e+03
9.750708546930225566e+03
9.861637217902809425e+03
9.972744286097764416e+03
1.008402789914780988e+04
1.019548623826753283e+04
1.030711751739622377e+04
1.041891998236808286e+04
1.053089191010878494e+04
1.064303160785738146e+04
1.075533741241267489e+04
1.086780768940311646e+04
1.098044083257937928e+04
1.109323526312880131e+04
1.120618942901090668e+04
1.131930180431319422e+04
1.143257088862655291e+04
1.154599520643952746e+04
1.165957330655079750e+04
1.177330376149922631e+04
1.188718516701085355e+04
1.200121614146223328e+04
1.211539532535955914e+04
1.222972138083301979e+04
1.234419299114583919e+04
1.245880886021755759e+04
1.257356771216095694e+04
1.268846829083230659e+04
1.280350935939435112e+04
1.291868969989163998e+04
1.303400811283788425e+04
1.314946341681476406e+04
1.326505444808194443e+04
1.338078006019789427e+04
1.349663912365107535e+04
1.361263052550129396e+04
1.372875316903077146e+04
1.384500597340464810e+04
1.396138787334065455e+04
1.407789781878760186e+04
1.419453477461245166e+04
1.431129772029562810e+04
1.442818564963438439e+04
1.454519757045393999e+04
1.466233250432612658e+04
1.477958948629531187e+04
1.489696756461139194e+04
1.501446580046965209e+04
1.513208326775718342e+04
1.524981905280581668e+04
1.536767225415120447e+04
1.548564198229800240e+04
1.560372735949086018e+04
1.572192751949111880e+04
1.584024160735902660e+04
1.595866877924124128e+04
1.607720820216360516e+04
1.619585905382886267e+04
1.631462052241934543e+04
1.643349180640433406e+04
1.655247211435204372e+04
1.667156066474609543e+04
1.679075668580628553e+04
1.691005941531364078e+04
1.702946810043946243e+04
1.714898199757848852e+04
1.726860037218575599e+04
1.738832249861736273e+04
1.750814765997481663e+04
1.762807514795291718e+04
1.774810426269111485e+04
1.786823431262823942e+04
1.798846461436044046e+04
1.810879449250235484e+04
1.822922327955130822e+04
1.834975031575458343e+04
1.847037494897951910e+04
1.859109653458656248e+04
1.871191443530496690e+04
1.883282802111131969e+04
1.895383666911053297e+04
1.907493976341952293e+04
1.919613669505330108e+04
1.931742686181352110e+04
1.943880966817932858e+04
1.956028452520058636e+04
1.968185085039326441e+04
1.980350806763703076e+04
1.992525560707500335e+04
2.004709290501549913e+04
2.016901940383587134e+04
2.029103455188827866e+04
2.041313780340733501e+04
2.053532861841970953e+04
2.065760646265549440e+04
2.077997080746133361e+04
2.090242112971534152e+04
2.102495691174366584e+04
2.114757764123870948e+04
2.127028281117897859e+04
2.139307191975048772e+04
2.151594447026968919e+04
2.163889997110790500e+04
2.176193793561720668e+04
2.188505788205779754e+04
2.200825933352663560e+04
2.213154181788752612e+04
2.225490486770255666e+04
2.237834802016474714e+04
2.250187081703198055e+04
2.262547280456223962e+04
2.274915353345000040e+04
2.287291255876374635e+04
2.299674943988476298e+04
2.312066374044698750e+04
2.324465502827788441e+04
2.336872287534058341e+04
2.349286685767690142e+04
2.361708655535143407e+04
2.374138155239672051e+04
2.386575143675931395e+04
2.399019580024683091e+04
2.411471423847595725e+04
2.423930635082138542e+04
2.436397174036558499e+04
2.448871001384953706e+04
2.461352078162428370e+04
2.473840365760329587e+04
2.486335825921570722e+04
2.498838420736039916e+04
2.511348112636070800e+04
2.523864864392008167e+04
2.536388639107845665e+04
2.548919400216923896e+04
2.561457111477717990e+04
2.574001736969690319e+04
2.586553241089208677e+04
2.599111588545535051e+04
2.611676744356883501e+04
2.624248673846540987e+04
2.636827342639047492e+04
2.649412716656452176e+04
2.662004762114614641e+04
2.674603445519575325e+04
2.687208733663985913e+04
2.699820593623594323e+04
2.712438992753781349e+04
2.725063898686165703e+04
2.737695279325250158e+04
2.750333102845128451e+04
2.762977337686241299e+04
2.775627952552186616e+04
2.788284916406575576e+04
2.800948198469939234e+04
2.813617768216690092e+04
2.826293595372118943e+04
2.838975649909442654e+04
2.851663902046910880e+04
2.864358322244931696e+04
2.877058881203259443e+04
2.889765549858227314e+04
2.902478299380008684e+04
2.915197101169925372e+04
2.927921926857805011e+04
2.940652748299368250e+04
2.953389537573652342e+04
2.966132266980486747e+04
2.978880909037995661e+04
2.991635436480134376e+04
3.004395822254276572e+04
3.017162039518823076e+04
3.029934061640849177e+04
3.042711862193793058e+04
3.055495414955167871e+04
3.068284693904313099e+04
3.081079673220179029e+04
3.093880327279135599e+04
3.106686630652825261e+04
3.119498558106035125e+04
3.132316084594601125e+04
3.145139185263351101e+04
3.157967835444066077e+04
3.170802010653470643e+04
3.183641686591266625e+04
3.196486839138169671e+04
3.209337444353997489e+04
3.222193478475765369e+04
3.235054917915823899e+04
3.247921739260006871e+04
3.260793919265822478e+04
3.273671434860648878e+04
3.286554263139974501e+04
3.299442381365645269e+04
3.312335766964148934e+04
3.325234397524913948e+04
3.338138250798636000e+04
3.351047304695622006e+04
3.363961537284166116e+04
3.376880926788933721e+04
3.389805451589376753e+04
3.402735090218170808e+04
3.415669821359665366e+04
3.428609623848357296e+04
3.441554476667393465e+04
3.454504358947076253e+04
3.467459249963401817e+04
3.480419129136615084e+04
3.493383976029777114e+04
3.506353770347357931e+04
3.519328491949830641e+04
3.532308120829890686e+04
3.545292637082460715e+04
3.558282020963908872e+04
3.571276252865228162e+04
3.584275313310734782e+04
3.597279182956778095e+04
3.610287842590468063e+04
3.623301273128422326e+04
3.636319455615522747e+04
3.649342371223689406e+04
3.662370001250677888e+04
3.675402327118873654e+04
3.688439330374122801e+04
3.701480992684562807e+04
3.714527295839466387e+04
3.727578221748117357e+04
3.740633752438672673e+04
3.753693870057065942e+04
3.766758556865905848e+04
3.779827795243393484e+04
3.792901567682256427e+04
3.805979856788687175e+04
3.819062645281307050e+04
3.832149915990127920e+04
3.845241651855537202e+04
3.858337835927291599e+04
3.871438451363518834e+04
3.884543481429739040e+04
3.897652909497892688e+04
3.910766719045377977e+04
3.923884893654104235e+04
3.937007417009554047e+04
3.950134272899861389e+04
3.963265445214887586e+04
3.976400917945321999e+04
3.989540675181786355e+04
4.002684701113947813e+04
4.015832980029653845e+04
4.028985496314056945e+04
4.042142234448765521e+04
4.055303179011003522e+04
4.068468314672767883e+04
4.081637626200009981e+04
4.094811098451818543e+04
4.107988716379608377e+04
4.121170465026328748e+04
4.134356329525674664e+04
4.147546295101300348e+04
4.160740347066057438e+04
4.173938470821226656e+04
4.187140651855764008e+04
4.200346875745559373e+04
4.213557128152696532e+04
4.226771394824721938e+04
4.239989661593928759e+04
4.253211914376639470e+04
4.266438139172501542e+04
4.279668322063791857e+04
4.292902449214721855e+04
4.306140506870762329e+04
4.319382481357960933e+04
4.332628359082277166e+04
4.345878126528923167e+04
4.359131770261711063e+04
4.372389276922398130e+04
4.385650633230057429e+04
4.398915825980442605e+04
4.412184842045354162e+04
4.425457668372032640e+04
4.438734291982532159e+04
4.452014699973125971e+04
4.465298879513698193e+04
4.478586817847155180e+04
4.491878502288836171e+04
4.505173920225929032e+04
4.518473059116899822e+04
4.531775906490921625e+04
4.545082449947310670e+04
4.558392677154966077e+04
4.571706575851827802e+04
4.585024133844316384e+04
4.598345339006803988e+04
4.611670179281073797e+04
4.624998642675793235e+04
4.638330717265987187e+04
4.651666391192521405e+04
4.665005652661588101e+04
4.678348489944198082e+04
4.691694891375677980e+04
