# d_m
0.000000000000000000e+00
6.385082590736898567e+01
1.269244666753393176e+02
1.892267176745067161e+02
2.507637835012882590e+02
3.115422440444821746e+02
3.715690216762260434e+02
4.308513496439912274e+02
4.893967417230290380e+02
5.472129631728548702e+02
6.043080030271254373e+02
6.606900477334451125e+02
7.163674561482880563e+02
7.713487358822525266e+02
8.256425209821389899e+02
8.792575509289196134e+02
9.322026509242768952e+02
9.844867134331522038e+02
1.036118680945339520e+03
1.087107529915738724e+03
1.137462255840158605e+03
1.187191859421541949e+03
1.236305333780145702e+03
1.284811652660300751e+03
1.332719759586078226e+03
1.380038557918149081e+03
1.426776901764576223e+03
1.472943587698914598e+03
1.518547347239950341e+03
1.563596840048517834e+03
1.608100647798148202e+03
1.652067268677726133e+03
1.695505112485823020e+03
1.738422496278010158e+03
1.780827640530069857e+03
1.822728665781689187e+03
1.864133589726910486e+03
1.905050324719279843e+03
1.945486675661293702e+03
1.985450338249366723e+03
2.024948897547135857e+03
2.063989826861488837e+03
2.102580486897167702e+03
2.140728125167280268e+03
2.178439875638440299e+03
2.215722758590589820e+03
2.252583680672831633e+03
2.289029435137840665e+03
2.325066702238560538e+03
2.360702049772020928e+03
2.395941933756118488e+03
2.430792699226240529e+03
2.465260581139508304e+03
2.499351705375306665e+03
2.533072089821605914e+03
2.566427645537351964e+03
2.599424177981927187e+03
2.632067388303395091e+03
2.664362874677837681e+03
2.696316133692764652e+03
2.727932561768067899e+03
2.759217456608551402e+03
2.790176018682573158e+03
2.820813352721756019e+03
2.851134469237165376e+03
2.881144286047760488e+03
2.910847629817273628e+03
2.940249237596023249e+03
2.969353758364478381e+03
2.998165754575688879e+03
3.026689703693976298e+03
3.054929999727517952e+03
3.082890954752690504e+03
3.110576800428272691e+03
3.137991689497794596e+03
3.165139697278483709e+03
3.192024823135479892e+03
3.218650991940091444e+03
3.245022055511036797e+03
3.271141794037763702e+03
3.297013917485006914e+03
3.322642066977922696e+03
3.348029816167189892e+03
3.373180672573580523e+03
3.398098078911595167e+03
3.422785414391828908e+03
3.447245996001791355e+03
3.471483079765006096e+03
3.495499861978233184e+03
3.519299480426737318e+03
3.542885015577570812e+03
3.566259491750879533e+03
3.589425878269267287e+03
3.612387090585332771e+03
3.635145991387466893e+03
3.657705391684075494e+03
3.680068051866400765e+03
3.702236682750122327e+03
3.724213946595973539e+03
3.746002458109601776e+03
3.767604785420910048e+03
3.789023451043166915e+03
3.810260932812147530e+03
3.831319664805590037e+03
3.852202038243284733e+03
3.872910402368063387e+03
3.893447065308034780e+03
3.913814294920358407e+03
3.934014319616879220e+03
3.954049329171948102e+03
3.973921475512748657e+03
3.993632873492450926e+03
4.013185601646520809e+03
4.032581702932510780e+03
4.051823185453645237e+03
4.070912023166532890e+03
4.089850156573323147e+03
4.108639493398618470e+03
4.127281909251462821e+03
4.145779248272720906e+03
4.164133323768141963e+03
4.182345918827433707e+03
4.200418786929630187e+03
4.218353652535055517e+03
4.236152211664181777e+03
4.253816132463659414e+03
4.271347055759806608e+03
4.288746595599847751e+03
4.306016339781150236e+03
4.323157850368759682e+03
4.340172664201474618e+03
4.357062293386725287e+03
4.373828225784524875e+03
4.390471925480722348e+03
4.406994833249816111e+03
4.423398367007568595e+03
4.439683922253643686e+03
4.455852872504516199e+03
4.471906569716863487e+03
4.487846344701668386e+03
4.503673507529242670e+03
4.519389347925394759e+03
4.534995135658930849e+03
4.550492120920707748e+03
4.565881534694424772e+03
4.581164589119351149e+03
4.596342477845180838e+03
4.611416376379192116e+03
4.626387442425899280e+03
4.641256816219367465e+03
4.656025620848364269e+03
4.670694962574522833e+03
4.685265931143660055e+03
4.699739600090440945e+03
4.714117027036513718e+03
4.728399253982292066e+03
4.742587307592522848e+03
4.756682199475780180e+03
4.770684926458042355e+03
4.784596470850476180e+03
4.798417800711572454e+03
4.812149870103758076e+03
4.825793619344619401e+03
4.839349975252857803e+03
4.852819851389100222e+03
4.866204148291694764e+03
4.879503753707583201e+03
4.892719542818398622e+03
4.905852378461861917e+03
4.918903111348618040e+03
4.931872580274596658e+03
4.944761612329009040e+03
4.957571023098077603e+03
4.970301616864600874e+03
4.982954186803446646e+03
4.995529515173063373e+03
5.008028373503107105e+03
5.020451522778271283e+03
5.032799713618397618e+03
5.045073686454968993e+03
5.057274171704046239e+03
5.069401889935752479e+03
5.081457552040356859e+03
5.093441859391060461e+03
5.105355504003538044e+03
5.117199168692322928e+03
5.128973527224097779e+03
5.140679244467960416e+03
5.152316976542739212e+03
5.163887370961416309e+03
5.175391066772727754e+03
5.186828694699999687e+03
5.198200877277286963e+03
5.209508228982869696e+03
5.220751356370162284e+03
5.231930858196104964e+03
5.243047325547079708e+03
5.254101341962410515e+03
5.265093483555501734e+03
5.276024319132663550e+03
5.286894410309677369e+03
5.297704311626147501e+03
5.308454570657690056e+03
5.319145728126005451e+03
5.329778318006872723e+03
5.340352867636125666e+03
5.350869897813643547e+03
5.361329922905391868e+03
5.371733450943574098e+03
5.382080983724923499e+03
5.392373016907166857e+03
5.402610040103715619e+03
5.412792536976612610e+03
5.422920985327770723e+03
5.432995857188538139e+03
5.443017618907637370e+03
5.452986731237496315e+03
5.462903649419009525e+03
5.472768823264774255e+03
5.482582697240816742e+03
5.492345710546845112e+03
5.502058297195068917e+03
5.511720886087601684e+03
5.521333901092481028e+03
5.530897761118339076e+03
5.540412880187745031e+03
5.549879667509244427e+03
5.559298527548136008e+03
5.568669860095991680e+03
5.577994060338961390e+03
5.587271518924879274e+03
5.596502622029204758e+03
5.605687751419800406e+03
5.614827284520598369e+03
5.623921594474159065e+03
5.632971050203145751e+03
5.641976016470744071e+03
5.650936853940044784e+03
5.659853919232404223e+03
5.668727564984809760e+03
5.677558139906269389e+03
5.686345988833240881e+03
5.695091452784120520e+03
5.703794869012814161e+03
5.712456571061404247e+03
5.721076888811925528e+03
5.729656148537284025e+03
5.738194672951315624e+03
5.746692781258011564e+03
5.755150789199928113e+03
5.763569009105790428e+03
5.771947749937310618e+03
5.780287317335233638e+03
5.788588013664623759e+03
5.796850138059407982e+03
5.805073986466195493e+03
5.813259851687376795e+03
5.821408023423518898e+03
5.829518788315078382e+03
5.837592429983441434e+03
5.845629229071288137e+03
5.853629463282318284e+03
5.861593407420339645e+03
5.869521333427721402e+03
5.877413510423236403e+03
5.885270204739307701e+03
5.893091679958653913e+03
5.900878196950354322e+03
5.908630013905352826e+03
5.916347386371390712e+03
5.924030567287394661e+03
5.931679807017328130e+03
5.939295353383509791e+03
5.946877451699409903e+03
5.954426344801943742e+03
5.961942273083254804e+03
5.969425474522010518e+03
5.976876184714216834e+03
5.984294636903550781e+03
5.991681062011235554e+03
5.999035688665451744e+03
6.006358743230299297e+03
6.013650449834323808e+03
6.020911030398599905e+03
6.028140704664393525e+03
6.035339690220410375e+03
6.042508202529621485e+03
6.049646454955696754e+03
6.056754658789032874e+03
6.063833023272396531e+03
6.070881755626181985e+03
6.077901061073294841e+03
6.084891142863660207e+03
6.091852202298377051e+03
6.098784438753503309e+03
6.105688049703499928e+03
6.112563230744326574e+03
6.119410175616197193e+03
6.126229076226000871e+03
6.133020122669400735e+03
6.139783503252606351e+03
6.146519404513829613e+03
6.153228011244432309e+03
6.159909506509765379e+03
6.166564071669708028e+03
6.173191886398912175e+03
6.179793128706754942e+03
6.186367974957006481e+03
6.192916599887215853e+03
6.199439176627821325e+03
6.205935876720987835e+03
6.212406870167397756e+03
6.218852325404736803e+03
6.225272409275611608e+03
6.231667287152205063e+03
6.238037122908695892e+03
6.244382078938562699e+03
6.250702316171637904e+03
6.256997994090932480e+03
6.263269270749217867e+03
6.269516302785383232e+03
6.275739245440567174e+03
6.281938252574061153e+03
6.288113476678997358e+03
6.294265068897821948e+03
6.300393179037553637e+03
6.306497955584834017e+03
6.312579545720774149e+03
6.318638095335595608e+03
6.324673749043076896e+03
6.330686650194799768e+03
6.336676940894205472e+03
6.342644762010461818e+03
6.348590253192139244e+03
6.354513552880710449e+03
6.360414798323863579e+03
6.366294125588638053e+03
6.372151669574386688e+03
6.377987564025565916e+03
6.383801941544354122e+03
6.389594933603102618e+03
6.395366670556627469e+03
6.401117281654329418e+03
6.406846895052163745e+03
6.412555637824450969e+03
6.418243635975526558e+03
6.423911014451246956e+03
6.429557897150339159e+03
6.435184406935608422e+03
6.440790665644994988e+03
6.446376794102491658e+03
6.451942912128916760e+03
6.457489138552553413e+03
6.463015591219647831e+03
6.468522387004771190e+03
6.474009641821056903e+03
6.479477470630296921e+03
6.484925987452917980e+03
6.490355305377825061e+03
6.495765536572122983e+03
6.501156792290715202e+03
6.506529182885778027e+03
6.511882817816118404e+03
6.517217805656415294e+03
6.522534254106340995e+03
6.527832269999570599e+03
6.533111959312679573e+03
6.538373427173926757e+03
6.543616777871934573e+03
6.548842114864256473e+03
6.554049540785835234e+03
6.559239157457368492e+03
6.564411065893557861e+03
6.569565366311262551e+03
6.574702158137555671e+03
6.579821540017676853e+03
6.584923609822888466e+03
6.590008464658239063e+03
6.595076200870228604e+03
6.600126914054382723e+03
6.605160699062735148e+03
6.610177650011217338e+03
6.615177860286962641e+03
6.620161422555520403e+03
6.625128428767981859e+03
6.630078970168024171e+03
6.635013137298864422e+03
6.639931020010139946e+03
6.644832707464694977e+03
6.649718288145297265e+03
6.654587849861265568e+03
6.659441479755029832e+03
6.664279264308599522e+03
6.669101289349969193e+03
6.673907640059441292e+03
6.678698400975874392e+03
6.683473656002863208e+03
6.688233488414840394e+03
6.692977980863111043e+03
6.697707215381816241e+03
6.702421273393825686e+03
