# f_ap
0.000000000000000000e+00
1.509206932663040290e-02
3.037102873825600277e-02
4.584084806869924422e-02
6.150529103304878259e-02
7.736792008508168450e-02
9.343210160009936260e-02
1.097010113241000395e-01
1.261776400348068317e-01
1.428647993645961456e-01
1.597651277398363934e-01
1.768810963954615401e-01
1.942150154277630936e-01
2.117690398523533468e-01
2.295451756379978392e-01
2.475452856905555332e-01
2.657710957645468830e-01
2.842242002829512004e-01
3.029060680486368451e-01
3.218180478334417005e-01
3.409613738332818444e-01
3.603371709798091627e-01
3.799464601011018905e-01
3.997901629255953826e-01
4.198691069250410912e-01
4.401840299936535250e-01
4.607355849618426369e-01
4.815243439439981787e-01
5.025508025207361396e-01
5.238153837568262361e-01
5.453184420567182000e-01
5.670602668601930629e-01
5.890410861811330445e-01
6.112610699928561209e-01
6.337203334637757646e-01
6.564189400474277347e-01
6.793569044311114080e-01
7.025341953475583434e-01
7.259507382541500187e-01
7.496064178842704040e-01
7.735010806754202273e-01
7.976345370787293332e-01
8.220065637544649029e-01
8.466169056581006602e-01
8.714652780214474648e-01
8.965513682332644230e-01
9.218748376236632902e-01
9.474353231565429967e-01
9.732324390341439146e-01
9.992657782177293280e-01
1.025534913868239917e+00
1.052039400710665040e+00
1.078778776325745037e+00
1.105752562372459780e+00
1.132960265744667794e+00
1.160401379665091826e+00
1.188075384719748495e+00
1.215981749835764347e+00
1.244119933205414252e+00
1.272489383159093768e+00
1.301089538989810501e+00
1.329919831731654956e+00
1.358979684894624507e+00
1.388268515158052718e+00
1.417785733024764960e+00
1.447530743438019130e+00
1.477502946363182579e+00
1.507701737335965353e+00
1.538126507979013624e+00
1.568776646488474702e+00
1.599651538092182523e+00
1.630750565480937553e+00
1.662073109214318167e+00
1.693618548102392651e+00
1.725386259564620106e+00
1.757375619967153968e+00
1.789586004939725417e+00
1.822016789673207349e+00
1.854667349198871440e+00
1.887537058650392119e+00
1.920625293509462317e+00
1.953931429835961353e+00
1.987454844483509842e+00
2.021194915301171680e+00
2.055151021322115135e+00
2.089322542939913596e+00
2.123708862073165005e+00
2.158309362319081437e+00
2.193123429096660360e+00
2.228150449779997100e+00
2.263389813822294094e+00
2.298840912871090492e+00
2.334503140875169525e+00
2.370375894183652132e+00
2.406458571637666299e+00
2.442750574655044193e+00
2.479251307308410368e+00
2.515960176397050940e+00
2.552876591512907023e+00
2.589999965101025481e+00
2.627329712514773430e+00
2.664865252066126899e+00
2.702606005071315654e+00
2.740551395892063091e+00
2.778700851972716990e+00
2.817053803873462048e+00
2.855609685299890455e+00
2.894367933129089909e+00
2.933327987432493344e+00
2.972489291495659547e+00
3.011851291835181854e+00
3.051413438212859486e+00
3.091175183647353109e+00
3.131135984423415231e+00
3.171295300098888603e+00
3.211652593509569886e+00
3.252207330772107330e+00
3.292958981285012410e+00
3.333907017727951505e+00
3.375050916059378459e+00
3.416390155512635474e+00
3.457924218590618270e+00
3.499652591059115636e+00
3.541574761938860227e+00
3.583690223496442506e+00
3.625998471234083365e+00
3.668499003878441300e+00
3.711191323368427053e+00
3.754074934842150046e+00
3.797149346623039712e+00
3.840414070205213193e+00
3.883868620238116076e+00
3.927512514510528518e+00
3.971345273933965192e+00
4.015366422525493917e+00
4.059575487390083559e+00
4.103971998702451884e+00
4.148555489688472875e+00
4.193325496606235880e+00
4.238281558726696652e+00
4.283423218314036163e+00
4.328750020605705906e+00
4.374261513792236045e+00
4.419957248996777999e+00
4.465836780254458738e+00
4.511899664491540562e+00
4.558145461504428120e+00
4.604573733938535085e+00
4.651184047267021171e+00
4.697975969769452753e+00
4.744949072510354249e+00
4.792102929317746174e+00
4.839437116761570401e+00
4.886951214132144727e+00
4.934644800897755701e+00
4.982517466619400537e+00
5.030568796237735896e+00
5.078798379708413080e+00
5.127205809599587383e+00
5.175790681070451704e+00
5.224552591849806582e+00
5.273491142214679961e+00
5.322605934969038444e+00
5.371896575422571374e+00
5.421362671369545083e+00
5.471003833067765498e+00
5.520819673217642887e+00
5.570809806941353415e+00
5.620973851762095741e+00
5.671311427583500375e+00
5.721822156669129633e+00
5.772505663622106375e+00
5.823361575364886633e+00
5.874389521119140589e+00
5.925589132385792546e+00
5.976960042925195893e+00
6.028501888737409331e+00
6.080214308042694249e+00
6.132096941262095591e+00
6.184149430998178154e+00
6.236371422015952071e+00
6.288762561223902203e+00
6.341322497655196955e+00
6.394050882449062279e+00
6.446947368832266712e+00
6.500011612100823122e+00
6.553243269601811249e+00
6.606642000715334362e+00
6.660207466836701506e+00
6.713939331358723450e+00
6.767837259654149840e+00
6.821900919058322188e+00
6.876129978851948543e+00
6.930524110244032698e+00
6.985082986354976597e+00
7.039806282199854159e+00
7.094693674671803230e+00
7.149744842525624478e+00
7.204959466361486875e+00
7.260337228608852556e+00
7.315877813510486938e+00
7.371580907106674907e+00
7.427446197219583546e+00
7.483473373437760756e+00
7.539662127100799971e+00
7.596012151284146974e+00
7.652523140784113664e+00
7.709194792102916693e+00
7.766026803434011860e+00
7.823018874647477361e+00
7.880170707275587993e+00
7.937482004498513710e+00
7.994952471130186034e+00
8.052581813604302141e+00
8.110369739960431090e+00
8.168315959830346529e+00
8.226420184424421578e+00
8.284682126518191581e+00
8.343101500439056295e+00
8.401678022053150841e+00
8.460411408752277040e+00
8.519301379441021282e+00
8.578347654524032251e+00
8.637549955893355502e+00
8.696908006915952782e+00
8.756421532421359899e+00
8.816090258689394332e+00
8.875913913438118641e+00
8.935892225811803868e+00
8.996024926369090124e+00
9.056311747071228879e+00
9.116752421270547302e+00
9.177346683698834440e+00
9.238094270456063128e+00
9.298994918999110126e+00
9.360048368130600593e+00
9.421254357987894679e+00
9.482612630032210888e+00
9.544122927037786752e+00
9.605784993081217138e+00
9.667598573530893802e+00
9.729563415036537322e+00
9.791679265518824948e+00
9.853945874159178331e+00
9.916362991389620518e+00
9.978930368882709345e+00
1.004164775954164135e+01
1.010451491749042674e+01
1.016753159806412299e+01
1.023069755779925671e+01
1.029401255442428642e+01
1.035747634685013807e+01
1.042108869516092540e+01
1.048484936060470218e+01
1.054875810558427673e+01
1.061281469364823415e+01
1.067701888948194799e+01
1.074137045889870556e+01
1.080586916883094872e+01
1.087051478732161591e+01
1.093530708351552683e+01
1.100024582765083636e+01
1.106533079105072659e+01
1.113056174611493709e+01
1.119593846631161682e+01
1.126146072616911731e+01
1.132712830126791026e+01
1.139294096823259217e+01
1.145889850472395111e+01
1.152500068943115430e+01
1.159124730206396059e+01
1.165763812334502525e+01
1.172417293500233981e+01
1.179085151976164170e+01
1.185767366133899259e+01
1.192463914443339590e+01
1.199174775471947285e+01
1.205899927884024159e+01
1.212639350439993713e+01
1.219393021995693083e+01
1.226160921501670487e+01
1.232943028002488717e+01
1.239739320636037867e+01
1.246549778632854277e+01
1.253374381315441433e+01
1.260213108097606316e+01
1.267065938483795406e+01
1.273932852068436716e+01
1.280813828535296750e+01
1.287708847656830891e+01
1.294617889293550128e+01
1.301540933393392940e+01
1.308477959991094863e+01
1.315428949207576359e+01
1.322393881249326775e+01
1.329372736407798072e+01
1.336365495058806552e+01
1.343372137661937060e+01
1.350392644759948979e+01
1.357426996978201572e+01
1.364475175024068498e+01
1.371537159686367602e+01
1.378612931834795496e+01
1.385702472419362330e+01
1.392805762469839870e+01
1.399922783095204082e+01
1.407053515483095474e+01
1.414197940899274109e+01
1.421356040687085631e+01
1.428527796266928362e+01
1.435713189135729984e+01
1.442912184655806307e+01
1.450124796815962469e+01
1.457350991209704993e+01
1.464590749634912115e+01
1.471844053963431165e+01
1.479110886140585279e+01
1.486391228184676194e+01
1.493685062186498946e+01
1.500992370308857993e+01
1.508313134786084042e+01
1.515647337923563853e+01
1.522994962097270033e+01
1.530355989753284618e+01
1.537730403407352675e+01
1.545118185644410325e+01
1.552519319118139052e+01
1.559933786550512735e+01
1.567361570731350540e+01
1.574802654517879397e+01
1.582257020834292405e+01
1.589724652671315752e+01
1.597205533085781148e+01
1.604699645200194880e+01
1.612206972202317345e+01
1.619727497344750233e+01
1.627261203944510370e+01
1.634808075382625603e+01
1.642368095103725523e+01
1.649941246615638946e+01
1.657527512786293045e+01
1.665126878758721674e+01
1.672739327291575151e+01
1.680364842269976933e+01
1.688003407511793341e+01
1.695655006895729855e+01
1.703319624360961271e+01
1.710997243906748722e+01
1.718687849592068417e+01
1.726391425535239676e+01
1.734107955913556864e+01
1.741837424962928083e+01
1.749579816977514213e+01
1.757335116309366541e+01
1.765103307368073260e+01
1.772884374620413794e+01
1.780678302589999618e+01
1.788485075856934614e+01
1.796304679057474019e+01
1.804137097299913961e+01
1.811982314501385716e+01
1.819840315878723302e+01
1.827711086289397713e+01
1.835594610645352276e+01
1.843490873912685046e+01
1.851399861111314848e+01
1.859321557314662954e+01
1.867255947649341863e+01
1.875203017294831298e+01
1.883162751483170183e+01
1.891135135498640452e+01
1.899120154677469685e+01
1.907117794407514921e+01
1.915128040127962095e+01
1.923150877329032227e+01
1.931186291551675183e+01
1.939234268387279769e+01
1.947294793477376729e+01
1.955367852702487497e+01
1.963453431426176365e+01
1.971551515626919127e+01
1.979662091143937275e+01
1.987785143865161785e+01
1.995920659726963109e+01
2.004068624713860558e+01
2.012229024858259763e+01
2.020401846240175558e+01
2.028587074986955940e+01
2.036784697273021649e+01
2.044994699319596165e+01
2.053217067394440321e+01
2.061451787811594727e+01
2.069698846931115099e+01
2.077958231158813618e+01
2.086229926946009172e+01
2.094513920789264461e+01
2.102810199230144761e+01
2.111118748854957516e+01
2.119439556294505067e+01
2.127772608707197932e+01
2.136117891847538885e+01
