# h
2.334948666386640144e-04
2.363645123169602874e-04
2.392842730310003774e-04
2.422535709124922214e-04
2.452718258365758582e-04
2.483384567071266185e-04
2.514528826396977032e-04
2.546145240458107728e-04
2.578228036226204336e-04
2.610771472522073022e-04
2.643769848149189359e-04
2.677217509212793207e-04
2.711108855670302134e-04
2.745438347158712152e-04
2.780200508144173147e-04
2.815389932438208632e-04
2.851001287123947374e-04
2.887029315934494652e-04
2.923468842124048693e-04
2.960314770870787582e-04
2.997562091248813466e-04
3.035205877804644857e-04
3.073241291771927467e-04
3.111663581956151318e-04
3.150468085319346333e-04
3.189650227292860026e-04
3.229205521844548767e-04
3.269129571324946837e-04
3.309418066115304589e-04
3.350066784098721133e-04
3.391071589974059032e-04
3.432428434430844768e-04
3.474133353201895591e-04
3.516182466009126978e-04
3.558571975416700383e-04
3.601298165604463692e-04
3.644357401073566156e-04
3.687746125295032372e-04
3.731460859311145815e-04
3.775498200298570335e-04
3.819854820101260904e-04
3.864527463740508539e-04
3.909512947908663641e-04
3.954808159452454256e-04
4.000410053851191769e-04
4.046315653694603637e-04
4.092522047164466256e-04
4.139026386523800673e-04
4.185825886616894600e-04
4.232917823383066150e-04
4.280299532386674889e-04
4.327968407365585454e-04
4.375921898799985999e-04
4.424157512503162264e-04
4.472672808235608559e-04
4.521465398343639010e-04
4.570532946423404904e-04
4.619873166011122093e-04
4.669483819300064629e-04
4.719362715884820665e-04
4.769507711533093057e-04
4.819916706985243613e-04
4.870587646781710011e-04
4.921518518118280210e-04
4.972707349729111595e-04
5.024152210797410822e-04
5.075851209893496828e-04
5.127802493940012253e-04
5.180004247203961283e-04
5.232454690315170576e-04
5.285152079310846945e-04
5.338094704705753646e-04
5.391280890587565097e-04
5.444708993736924055e-04
5.498377402771746983e-04
5.552284537315192118e-04
5.606428847186876096e-04
5.660808811616743893e-04
5.715422938481081426e-04
5.770269763560179673e-04
5.825347849817061590e-04
5.880655786696775255e-04
5.936192189445745841e-04
5.991955698450592265e-04
6.047944978595972678e-04
6.104158718640905834e-04
6.160595630613038181e-04
6.217254449220426232e-04
6.274133931280263940e-04
6.331232855164137642e-04
6.388550020259313109e-04
6.446084246445575464e-04
6.503834373587189400e-04
6.561799261039552491e-04
6.619977787170051560e-04
6.678368848892765391e-04
6.736971361216573598e-04
6.795784256806237976e-04
6.854806485556134326e-04
6.914037014176195638e-04
6.973474825789720798e-04
7.033118919542679075e-04
7.092968310224176485e-04
7.153022027897712118e-04
7.213279117542942568e-04
7.273738638707563046e-04
7.334399665169076413e-04
7.395261284606084772e-04
7.456322598278813029e-04
7.517582720718635680e-04
7.579040779426277205e-04
7.640695914578399858e-04
7.702547278742415127e-04
7.764594036599159997e-04
7.826835364673263460e-04
7.889270451070915955e-04
7.951898495224892123e-04
8.014718707646492938e-04
8.077730309684317232e-04
8.140932533289548184e-04
8.204324620787620346e-04
8.267905824656039508e-04
8.331675407308201465e-04
8.395632640882977641e-04
8.459776807039945086e-04
8.524107196760041805e-04
8.588623110151516254e-04
8.653323856261012706e-04
8.718208752889590810e-04
8.783277126413604552e-04
8.848528311610227024e-04
8.913961651487507147e-04
8.979576497118853208e-04
9.045372207481758861e-04
9.111348149300662128e-04
9.177503696893854956e-04
9.243838232024265567e-04
9.310351143754011646e-04
9.377041828302664760e-04
9.443909688909044942e-04
9.510954135696485798e-04
9.578174585541458482e-04
9.645570461945465615e-04
9.713141194910070728e-04
9.780886220815043688e-04
9.848804982299456251e-04
9.916896928145702787e-04
9.985161513166324748e-04
1.005359819809355541e-03
1.012220644947156752e-03
1.019098573955125146e-03
1.025993554618755653e-03
1.032905535273921302e-03
1.039834464797087217e-03
1.046780292595752724e-03
1.053742968599117018e-03
1.060722443248964929e-03
1.067718667490761934e-03
1.074731592764954736e-03
1.081761170998475022e-03
1.088807354596435344e-03
1.095870096434013643e-03
1.102949349848524703e-03
1.110045068631668533e-03
1.117157207021953966e-03
1.124285719697291604e-03
1.131430561767751784e-03
1.138591688768484517e-03
1.145769056652792090e-03
1.152962621785358441e-03
1.160172340935623596e-03
1.167398171271303827e-03
1.174640070352051240e-03
1.181897996123250838e-03
1.189171906909951585e-03
1.196461761410924553e-03
1.203767518692850074e-03
1.211089138184627415e-03
1.218426579671803714e-03
1.225779803291119794e-03
1.233148769525170682e-03
1.240533439197178019e-03
1.247933773465865689e-03
1.255349733820449723e-03
1.262781282075720567e-03
1.270228380367234870e-03
1.277690991146600502e-03
1.285169077176855469e-03
1.292662601527943102e-03
1.300171527572276152e-03
1.307695818980391094e-03
1.315235439716684824e-03
1.322790354035240264e-03
1.330360526475732200e-03
1.337945921859409444e-03
1.345546505285162651e-03
1.353162242125663037e-03
1.360793098023576134e-03
1.368439038887849044e-03
1.376100030890072944e-03
1.383776040460904999e-03
1.391467034286567256e-03
1.399172979305407776e-03
1.406893842704526592e-03
1.414629591916464341e-03
1.422380194615952042e-03
1.430145618716726795e-03
1.437925832368394967e-03
1.445720803953363899e-03
1.453530502083823705e-03
1.461354895598785666e-03
1.469193953561172879e-03
1.477047645254966858e-03
1.484915940182401613e-03
1.492798808061207615e-03
1.500696218821908874e-03
1.508608142605165131e-03
1.516534549759156972e-03
1.524475410837025820e-03
1.532430696594351636e-03
1.540400377986676610e-03
1.548384426167069604e-03
1.556382812483737658e-03
1.564395508477673053e-03
1.572422485880343307e-03
1.580463716611421078e-03
1.588519172776547018e-03
1.596588826665140768e-03
1.604672650748237761e-03
1.612770617676368302e-03
1.620882700277468096e-03
1.629008871554833227e-03
1.637149104685090310e-03
1.645303373016217393e-03
1.653471650065592175e-03
1.661653909518065160e-03
1.669850125224072498e-03
1.678060271197775490e-03
1.686284321615230024e-03
1.694522250812585716e-03
1.702774033284313671e-03
1.711039643681463301e-03
1.719319056809943654e-03
1.727612247628834436e-03
1.735919191248724370e-03
1.744239862930071008e-03
1.752574238081588531e-03
1.760922292258666104e-03
1.769284001161795577e-03
1.777659340635042102e-03
1.786048286664522998e-03
1.794450815376913725e-03
1.802866903037985075e-03
1.811296526051149472e-03
1.819739660956035468e-03
1.828196284427084130e-03
1.836666373272165817e-03
1.845149904431215388e-03
1.853646854974884536e-03
1.862157202103230120e-03
1.870680923144395777e-03
1.879217995553332564e-03
1.887768396910535860e-03
1.896332104920789643e-03
1.904909097411939829e-03
1.913499352333681257e-03
1.922102847756361390e-03
1.930719561869798529e-03
1.939349472982124754e-03
1.947992559518637755e-03
1.956648800020669571e-03
1.965318173144474205e-03
1.974000657660130841e-03
1.982696232450454656e-03
1.991404876509935383e-03
2.000126568943679569e-03
2.008861288966372338e-03
2.017609015901250871e-03
2.026369729179095230e-03
2.035143408337230456e-03
2.043930033018541252e-03
2.052729582970500531e-03
2.061542038044212721e-03
2.070367378193470938e-03
2.079205583473816340e-03
2.088056634041627387e-03
2.096920510153203483e-03
2.105797192163873319e-03
2.114686660527109741e-03
2.123588895793651968e-03
2.132503878610649516e-03
2.141431589720809141e-03
2.150372009961550902e-03
2.159325120264185896e-03
2.168290901653093568e-03
2.177269335244910731e-03
2.186260402247740525e-03
2.195264083960359654e-03
2.204280361771437761e-03
2.213309217158777181e-03
2.222350631688545762e-03
2.231404587014531368e-03
2.240471064877403318e-03
2.249550047103975135e-03
2.258641515606490697e-03
2.267745452381903903e-03
2.276861839511176103e-03
2.285990659158583082e-03
2.295131893571024199e-03
2.304285525077342384e-03
2.313451536087654525e-03
2.322629882769232379e-03
2.331820600235590471e-03
2.341023644917228363e-03
2.350238999542804148e-03
2.359466646919011149e-03
2.368706569929952127e-03
2.377958751536523013e-03
2.387223174775800986e-03
2.396499822760442527e-03
2.405788678678084068e-03
2.415089725790758261e-03
2.424402947434305036e-03
2.433728327017795675e-03
2.443065848022968594e-03
2.452415494003662520e-03
2.461777248585258343e-03
2.471151095464133550e-03
2.480537018407111445e-03
2.489935001250927291e-03
2.499345027901697051e-03
2.508767082334386559e-03
2.518201148592298048e-03
2.527647210786544956e-03
2.537105253095552331e-03
2.546575259764552457e-03
2.556057215105080917e-03
2.565551103494488269e-03
2.575056909375451723e-03
2.584574617255496354e-03
2.594104211706512418e-03
2.603645677364289576e-03
2.613198998928045053e-03
2.622764161159966533e-03
2.632341148884753332e-03
2.641929946989163627e-03
2.651530540421570374e-03
2.661142914191514611e-03
2.670767053369273083e-03
2.680402943085418051e-03
2.690050568530397059e-03
2.699709914954100988e-03
2.709380967665449454e-03
2.719063712031973609e-03
2.728758133479400674e-03
2.738464217491257124e-03
2.748181949608456253e-03
2.757911315428900490e-03
2.767652300607094124e-03
2.777404890853744316e-03
2.787169071935377725e-03
2.796944829673957567e-03
2.806732149946504148e-03
2.816531018684718859e-03
2.826341421874616847e-03
2.836163345556152755e-03
2.845996775822859023e-03
2.855841698821488112e-03
2.865698100751651236e-03
2.875565967865467525e-03
2.885445286467211868e-03
2.895336042912971444e-03
2.905238223610300072e-03
2.915151815017873443e-03
2.925076803645162548e-03
2.935013176052093248e-03
2.944960918848715803e-03
2.954920018694881783e-03
2.964890462299916204e-03
2.974872236422297471e-03
2.984865327869340359e-03
2.994869723496880725e-03
3.004885410208962392e-03
3.014912374957530103e-03
3.024950604742121605e-03
3.035000086609565377e-03
3.045060807653679653e-03
3.055132755014973184e-03
3.065215915880354237e-03
3.075310277482835256e-03
3.085415827101241435e-03
3.095532552059931421e-03
3.105660439728503280e-03
3.115799477521517813e-03
3.125949652898223161e-03
3.136110953362270318e-03
3.146283366461442074e-03
3.156466879787385871e-03
3.166661480975337117e-03
3.176867157703855069e-03
3.187083897694565661e-03
