# mu
-inf
3.405816280731639978e+01
3.558191285960559469e+01
3.648049373305599374e+01
3.712285339538496487e+01
3.762462704030316019e+01
3.803732998461190107e+01
3.838844867867236132e+01
3.869439548137602713e+01
3.896576119279733064e+01
3.920978093064317704e+01
3.943161845124832610e+01
3.963508927685270322e+01
3.982309338701963952e+01
3.999788710773860601e+01
4.016126097679955365e+01
4.031466009386453209e+01
4.045926792560729979e+01
4.059606612471977627e+01
4.072587815793707477e+01
4.084940173388407914e+01
4.096723331406128921e+01
4.107988691943930348e+01
4.118780875572661415e+01
4.129138872605257404e+01
4.139096959405915754e+01
4.148685435070036931e+01
4.157931219173833171e+01
4.166858340922712500e+01
4.175488342571775036e+01
4.183840614559846927e+01
4.191932675792681096e+01
4.199780409523341262e+01
4.207398263026203722e+01
4.214799417547484950e+01
4.221995933699287207e+01
4.228998876445006516e+01
4.235818423028246826e+01
4.242463956571570094e+01
4.248944147575678443e+01
4.255267025154336125e+01
4.261440039523161261e+01
4.267470117004434371e+01
4.273363708602208533e+01
4.279126833032483290e+01
4.284765114954085163e+01
4.290283819031257906e+01
4.295687880364077671e+01
4.300981931743880438e+01
4.306170328124964897e+01
4.311257168648594984e+01
4.316246316508816960e+01
4.321141416910303690e+01
4.325945913335181103e+01
4.330663062307405653e+01
4.335295946819161372e+01
4.339847488563004418e+01
4.344320459095742137e+01
4.348717490044760581e+01
4.353041082454273436e+01
4.357293615357562544e+01
4.361477353651353184e+01
4.365594455339837054e+01
4.369646978208311339e+01
4.373636885979848188e+01
4.377566054002611651e+01
4.381436274510400608e+01
4.385249261494516304e+01
4.389006655221144371e+01
4.392710026424948921e+01
4.396360880206523092e+01
4.399960659658594864e+01
4.403510749243480404e+01
4.407012477942107864e+01
4.410467122193038847e+01
4.413875908638145518e+01
4.417240016690138305e+01
4.420560580935701722e+01
4.423838693386786503e+01
4.427075405591511981e+01
4.430271730615100978e+01
4.433428644900399718e+01
4.436547090016713923e+01
4.439627974304939784e+01
4.442672174426350296e+01
4.445680536821747353e+01
4.448653879087174090e+01
4.451592991271880351e+01
4.454498637103782954e+01
4.457371555147244635e+01
4.460212459897643100e+01
4.463022042816841406e+01
4.465800973313363897e+01
4.468549899670800585e+01
4.471269449927712714e+01
4.473960232712043705e+01
4.476622838032862717e+01
4.479257838032020800e+01
4.481865787698168901e+01
4.484447225545353177e+01
4.487002674258317825e+01
4.489532641306433902e+01
4.492037619528100834e+01
4.494518087687286112e+01
4.496974511003820396e+01
4.499407341658893955e+01
4.501817019277153520e+01
4.504203971386695571e+01
4.506568613858149774e+01
4.508911351324002226e+01
4.511232577579202285e+01
4.513532675964071927e+01
4.515812019730424254e+01
4.518070972391790008e+01
4.520309888058562819e+01
4.522529111758844778e+01
4.524728979745714952e+01
4.526909819791605827e+01
4.529071951470439927e+01
4.531215686428123490e+01
4.533341328641976986e+01
4.535449174669639660e+01
4.537539513887959686e+01
4.539612628722340304e+01
4.541668794867018732e+01
4.543708281496674317e+01
4.545731351469805048e+01
4.547738261524227710e+01
4.549729262465078250e+01
4.551704599345661251e+01
4.553664511641454737e+01
4.555609233417595050e+01
4.557538993490125989e+01
4.559454015581290065e+01
4.561354518469124741e+01
4.563240716131615216e+01
4.565112817885628971e+01
4.566971028520875109e+01
4.568815548429086704e+01
4.570646573728630813e+01
4.572464296384744387e+01
4.574268904325582952e+01
4.576060581554234119e+01
4.577839508256894874e+01
4.579605860907341253e+01
4.581359812367860229e+01
4.583101531986775257e+01
4.584831185692710420e+01
4.586548936085718253e+01
4.588254942525395563e+01
4.589949361216114454e+01
4.591632345289462336e+01
4.593304044884021664e+01
4.594964607222578934e+01
4.596614176686863118e+01
4.598252894889908760e+01
4.599880900746136803e+01
4.601498330539234871e+01
4.603105317987915868e+01
4.604701994309650104e+01
4.606288488282420701e+01
4.607864926304597475e+01
4.609431432452988275e+01
4.610988128539126762e+01
4.612535134163880457e+01
4.614072566770411754e+01
4.615600541695582137e+01
4.617119172219820911e+01
4.618628569615545132e+01
4.620128843194156332e+01
4.621620100351673699e+01
4.623102446613055605e+01
4.624575985675245704e+01
4.626040819448989794e+01
4.627497048099472465e+01
4.628944770085797700e+01
4.630384082199369544e+01
4.631815079601199869e+01
4.633237855858182286e+01
4.634652502978358513e+01
4.636059111445229064e+01
4.637457770251115363e+01
4.638848566929622308e+01
4.640231587587225448e+01
4.641606916934004801e+01
4.642974638313562252e+01
4.644334833732143863e+01
4.645687583886984129e+01
4.647032968193919089e+01
4.648371064814266163e+01
4.649701950681005513e+01
4.651025701524287115e+01
4.652342391896281271e+01
4.653652095195386096e+01
4.654954883689826772e+01
4.656250828540645159e+01
4.657539999824120258e+01
4.658822466553616692e+01
4.660098296700893172e+01
4.661367557216874502e+01
4.662630314051918390e+01
4.663886632175574931e+01
4.665136575595865764e+01
4.666380207378091427e+01
4.667617589663185385e+01
4.668848783685618287e+01
4.670073849790880161e+01
4.671292847452536989e+01
4.672505835288884413e+01
4.673712871079207076e+01
4.674914011779652867e+01
4.676109313538736245e+01
4.677298831712475646e+01
4.678482620879182008e+01
4.679660734853906234e+01
4.680833226702547734e+01
4.682000148755644631e+01
4.683161552621844947e+01
4.684317489201075801e+01
4.685468008697411335e+01
4.686613160631648611e+01
4.687752993853609951e+01
4.688887556554156077e+01
4.690016896276948444e+01
4.691141059929938706e+01
4.692260093796609510e+01
4.693374043546968721e+01
4.694482954248304907e+01
4.695586870375703370e+01
4.696685835822338362e+01
4.697779893909545734e+01
4.698869087396671773e+01
4.699953458490718106e+01
4.701033048855775576e+01
4.702107899622265563e+01
4.703178051395979509e+01
4.704243544266925880e+01
4.705304417818002349e+01
4.706360711133478247e+01
4.707412462807303655e+01
4.708459710951242982e+01
4.709502493202850815e+01
4.710540846733270115e+01
4.711574808254884772e+01
4.712604414028803745e+01
4.713629699872205236e+01
4.714650701165522406e+01
4.715667452859491249e+01
4.716679989482054225e+01
4.717688345145127471e+01
4.718692553551232294e+01
4.719692647999995927e+01
4.720688661394525099e+01
4.721680626247650991e+01
4.722668574688057674e+01
4.723652538466284057e+01
4.724632548960615708e+01
4.725608637182860150e+01
4.726580833784007041e+01
4.727549169059788881e+01
4.728513672956123060e+01
4.729474375074462245e+01
4.730431304677037474e+01
4.731384490691998934e+01
4.732333961718465787e+01
4.733279746031480073e+01
4.734221871586863983e+01
4.735160366025991152e+01
4.736095256680468424e+01
4.737026570576725959e+01
4.737954334440532733e+01
4.738878574701419666e+01
4.739799317497026721e+01
4.740716588677369714e+01
4.741630413809028255e+01
4.742540818179261919e+01
4.743447826800046130e+01
4.744351464412039832e+01
4.745251755488483525e+01
4.746148724239020567e+01
4.747042394613462335e+01
4.747932790305470263e+01
4.748819934756191685e+01
4.749703851157813972e+01
4.750584562457071058e+01
4.751462091358680340e+01
4.752336460328717749e+01
4.753207691597945228e+01
4.754075807165067147e+01
4.754940828799941954e+01
4.755802778046728463e+01
4.756661676226990210e+01
4.757517544442735868e+01
4.758370403579411345e+01
4.759220274308844978e+01
4.760067177092140867e+01
4.760911132182521044e+01
4.761752159628117909e+01
4.762590279274733973e+01
4.763425510768534821e+01
4.764257873558714351e+01
4.765087386900107447e+01
4.765914069855761426e+01
4.766737941299466996e+01
4.767559019918242313e+01
4.768377324214786483e+01
4.769192872509879066e+01
4.770005682944756131e+01
4.770815773483433730e+01
4.771623161915004374e+01
4.772427865855891582e+01
4.773229902753053011e+01
4.774029289884774130e+01
4.774826044361063282e+01
4.775620183129508689e+01
4.776411722975777252e+01
4.777200680525662335e+01
4.777987072247101707e+01
4.778770914452164220e+01
4.779552223298999536e+01
4.780331014793763700e+01
4.781107304792512025e+01
4.781881109003064978e+01
4.782652442986840668e+01
4.783421322160662470e+01
4.784187761798539640e+01
4.784951777033420228e+01
4.785713382858912013e+01
4.786472594130987801e+01
4.787229425569653785e+01
4.787983891760599420e+01
4.788736007156821017e+01
4.789485786080220464e+01
4.790233242723179785e+01
4.790978391150111548e+01
4.791721245298988663e+01
4.792461818982851440e+01
4.793200125891285523e+01
4.793936179591887736e+01
4.794669993531705643e+01
4.795401581038652949e+01
4.796130955322912115e+01
4.796858129478309252e+01
4.797583116483670551e+01
4.798305929204161657e+01
4.799026580392608565e+01
4.799745082690790809e+01
4.800461448630726125e+01
4.801175690635935212e+01
4.801887821022681635e+01
4.802597852001198930e+01
4.803305795676903500e+01
4.804011664051580510e+01
4.804715469024564811e+01
4.805417222393897703e+01
4.806116935857464512e+01
4.806814621014129330e+01
4.807510289364837774e+01
4.808203952313718332e+01
4.808895621169154566e+01
4.809585307144857325e+01
4.810273021360912082e+01
4.810958774844810648e+01
4.811642578532480030e+01
4.812324443269282881e+01
4.813004379811014388e+01
4.813682398824882114e+01
4.814358510890471621e+01
4.815032726500700733e+01
4.815705056062758871e+01
4.816375509899036444e+01
4.817044098248040029e+01
4.817710831265294757e+01
4.818375719024236759e+01
4.819038771517088549e+01
4.819699998655731576e+01
4.820359410272558875e+01
4.821017016121319898e+01
4.821672825877955404e+01
4.822326849141417426e+01
4.822979095434483554e+01
4.823629574204554160e+01
4.824278294824447499e+01
4.824925266593177753e+01
4.825570498736723124e+01
4.826214000408787541e+01
4.826855780691552411e+01
4.827495848596413452e+01
4.828134213064716107e+01
4.828770882968471767e+01
4.829405867111076134e+01
4.830039174228004839e+01
4.830670812987516172e+01
4.831300791991330357e+01
4.831929119775308834e+01
4.832555804810120037e+01
4.833180855501904460e+01
4.833804280192919833e+01
4.834426087162186292e+01
4.835046284626124447e+01
4.835664880739179239e+01
