# rs_dv
inf
1.966293663843755590e+00
9.912041772154791541e-01
6.662337692908295583e-01
5.037920580270752735e-01
4.063609782136959336e-01
3.414345183103845160e-01
2.950815399037557962e-01
2.603364824959846779e-01
2.333295983713804811e-01
2.117390464900854863e-01
1.940872987586581833e-01
1.793893431274034278e-01
1.669632544566333476e-01
1.563219492698598168e-01
1.471082385822276295e-01
1.390542358982574112e-01
1.319550917815441038e-01
1.256514835533541485e-01
1.200176345477323298e-01
1.149529275796061234e-01
1.103759145560149202e-01
1.062199598222874491e-01
1.024300200203773492e-01
9.896022897742973168e-02
9.577206221681097698e-02
9.283292504001423862e-02
9.011505436531049018e-02
8.759465588443568485e-02
8.525121973682618648e-02
8.306697304767483858e-02
8.102643842539289376e-02
7.911607524013786197e-02
7.732398612402877069e-02
7.563967526526502172e-02
7.405384813754890827e-02
7.255824460810429699e-02
7.114549910955478285e-02
6.980902289032799024e-02
6.854290438087091986e-02
6.734182450548978349e-02
6.620098438819171927e-02
6.511604338691723282e-02
6.408306577484405853e-02
6.309847469312920842e-02
6.215901224400646741e-02
6.126170478986034396e-02
6.040383268293555291e-02
5.958290377955984679e-02
5.879663019824330622e-02
5.804290786751584164e-02
5.731979848059874649e-02
5.662551353291171014e-02
5.595840016732058636e-02
5.531692859278301844e-02
5.469968087613501923e-02
5.410534093536652211e-02
5.353268558682634098e-02
5.298057651914738625e-02
5.244795308393174205e-02
5.193382580789577402e-02
5.143727054367334267e-02
5.095742318715881791e-02
5.049347489842902215e-02
5.004466777115353093e-02
4.961029090218303100e-02
4.918967681886016186e-02
4.878219822666841204e-02
4.838726504423068037e-02
4.800432169649587744e-02
4.763284464028343101e-02
4.727234009926679914e-02
4.692234198802359979e-02
4.658241000701265899e-02
4.625212789229977278e-02
4.593110180557932742e-02
4.561895885156126013e-02
4.531534571113542131e-02
4.501992737991544064e-02
4.473238600281582988e-02
4.445241979625247364e-02
4.417974205038611990e-02
4.391408020456898792e-02
4.365517498981419386e-02
4.340277963269570383e-02
4.315665911561399753e-02
4.291658948883327052e-02
4.268235723011919863e-02
4.245375864818491662e-02
4.223059932649485260e-02
4.201269360428223215e-02
4.179986409191271957e-02
4.159194121797669952e-02
4.138876280571730792e-02
4.119017367660567780e-02
4.099602527905887861e-02
4.080617534046384470e-02
4.062048754082112079e-02
4.043883120646142582e-02
4.026108102241184039e-02
4.008711676210344188e-02
3.991682303321522629e-02
3.975008903854401754e-02
3.958680835087679400e-02
3.942687870091998031e-02
3.927020177741296497e-02
3.911668303861871171e-02
3.896623153444516569e-02
3.881875973850583417e-02
3.867418338947971324e-02
3.853242134117639689e-02
3.839339542075566325e-02
3.825703029459028015e-02
3.812325334129650772e-02
3.799199453149085942e-02
3.786318631386198508e-02
3.773676350717518335e-02
3.761266319785316198e-02
3.749082464280088095e-02
3.737118917716478889e-02
3.725370012673735742e-02
3.713830272473699068e-02
3.702494403271115730e-02
3.691357286532703785e-02
3.680413971882917634e-02
3.669659670295802312e-02
3.659089747613566285e-02
3.648699718373844131e-02
3.638485239928624521e-02
3.628442106838976333e-02
3.618566245530614039e-02
3.608853709196317011e-02
3.599300672932028572e-02
3.589903429094262050e-02
3.580658382867209916e-02
3.571562048028597419e-02
3.562611042904009762e-02
3.553802086499999180e-02
3.545131994806843129e-02
3.536597677262384026e-02
3.528196133368809162e-02
3.519924449454767124e-02
3.511779795575589030e-02
3.503759422544813068e-02
3.495860659090607031e-02
3.488080909130995833e-02
3.480417649162168697e-02
3.472868425754458560e-02
3.465430853150839458e-02
3.458102610963122853e-02
3.450881441961238527e-02
3.443765149951262539e-02
3.436751597738084418e-02
3.429838705168793134e-02
3.423024448418857113e-02
3.416306853576788621e-02
3.409684001743740894e-02
3.403154022858818212e-02
3.396715095208380913e-02
3.390365443882542573e-02
3.384103339290178702e-02
3.377927095729900409e-02
3.371835070014538027e-02
3.365825660146827547e-02
3.359897304044100197e-02
3.354048478309870629e-02
3.348277697050323909e-02
3.342583510733834751e-02
3.336964505091669086e-02
3.331419300058178351e-02
3.325946548748835718e-02
3.320544936474554426e-02
3.315213179790787307e-02
3.309950025580014887e-02
3.304754250166235668e-02
3.299624658460182519e-02
3.294560083134051576e-02
3.289559383824510602e-02
3.284621446362931407e-02
3.279745182031729156e-02
3.274929526845787864e-02
3.270173440858020059e-02
3.265475907488078061e-02
3.260835932873377974e-02
3.256252545241529461e-02
3.251724794303383070e-02
3.247251750665903353e-02
3.242832505264128806e-02
3.238466168811467844e-02
3.234151871267691020e-02
3.229888761323937429e-02
3.225676005904089955e-02
3.221512789681951067e-02
3.217398314613620358e-02
3.213331799484514528e-02
3.209312479470514956e-02
3.205339605712729384e-02
3.201412444905357702e-02
3.197530278896233702e-02
3.193692404299556392e-02
3.189898132120395913e-02
3.186146787390559815e-02
3.182437708815416544e-02
3.178770248431300738e-02
3.175143771273129800e-02
3.171557655051876479e-02
3.168011289841560912e-02
3.164504077775454755e-02
3.161035432751139324e-02
3.157604780144171452e-02
3.154211556530026744e-02
3.150855209414068353e-02
3.147535196969253324e-02
3.144250987781335022e-02
3.141002060601309764e-02
3.137787904104857861e-02
3.134608016658572277e-02
3.131461906092726510e-02
3.128349089480399192e-02
3.125269092922718789e-02
3.122221451340058060e-02
3.119205708268977043e-02
3.116221415664715763e-02
3.113268133709098592e-02
3.110345430623640689e-02
3.107452882487708387e-02
3.104590073061587810e-02
3.101756593614280258e-02
3.098952042755907105e-02
3.096176026274560789e-02
3.093428156977473531e-02
3.090708054536368821e-02
3.088015345336877354e-02
3.085349662331873452e-02
3.082710644898640356e-02
3.080097938699719734e-02
3.077511195547363160e-02
3.074950073271452006e-02
3.072414235590806980e-02
3.069903351987770396e-02
3.067417097585960900e-02
3.064955153031130933e-02
3.062517204375011376e-02
3.060102942962062908e-02
3.057712065319060160e-02
3.055344273047419165e-02
3.052999272718178239e-02
3.050676775769587887e-02
3.048376498407186913e-02
3.046098161506348434e-02
3.043841490517179560e-02
3.041606215371736588e-02
3.039392070393483886e-02
3.037198794208921873e-02
3.035026129661345246e-02
3.032873823726645393e-02
3.030741627431132387e-02
3.028629295771295346e-02
3.026536587635443934e-02
3.024463265727224057e-02
3.022409096490884586e-02
3.020373850038321831e-02
3.018357300077796970e-02
3.016359223844321952e-02
3.014379402031627103e-02
3.012417618725717061e-02
3.010473661339936255e-02
3.008547320551505089e-02
3.006638390239523353e-02
3.004746667424351009e-02
3.002871952208370152e-02
3.001014047718079947e-02
2.999172760047477335e-02
2.997347898202707903e-02
2.995539274047949799e-02
2.993746702252485584e-02
2.991970000238953001e-02
2.990208988132723317e-02
2.988463488712399599e-02
2.986733327361387400e-02
2.985018332020518070e-02
2.983318333141706663e-02
2.981633163642599324e-02
2.979962658862210512e-02
2.978306656517499054e-02
2.976664996660879220e-02
2.975037521638630722e-02
2.973424076050202453e-02
2.971824506708362068e-02
2.970238662600195242e-02
2.968666394848923015e-02
2.967107556676516419e-02
2.965562003367085142e-02
2.964029592231044383e-02
2.962510182570003009e-02
2.961003635642389664e-02
2.959509814629785601e-02
2.958028584603940303e-02
2.956559812494470585e-02
2.955103367057212993e-02
2.953659118843213541e-02
2.952226940168358946e-02
2.950806705083605652e-02
2.949398289345815313e-02
2.948001570389173487e-02
2.946616427297179056e-02
2.945242740775185983e-02
2.943880393123500527e-02
2.942529268211001650e-02
2.941189251449282532e-02
2.939860229767304184e-02
2.938542080291665221e-02
2.937234715506635216e-02
2.935938015446292251e-02
2.934651872865339656e-02
2.933376181916329262e-02
2.932110838127126307e-02
2.930855738378812872e-02
2.929610780884007656e-02
2.928375865165600694e-02
2.927150892035901286e-02
2.925935763576170690e-02
2.924730383116542348e-02
2.923534655216336597e-02
2.922348485644719884e-02
2.921171781361754649e-02
2.920004450499774640e-02
2.918846402345134233e-02
2.917697547320276252e-02
2.916557796966139787e-02
2.915427063924897963e-02
2.914305261923003099e-02
2.913192305754550709e-02
2.912088111264939452e-02
2.910992595334845057e-02
2.909905675864461749e-02
2.908827271758054195e-02
2.907757302908774155e-02
2.906695690183749500e-02
2.905642355409448693e-02
2.904597222178229368e-02
2.903560212424871959e-02
2.902531251865736808e-02
2.901510265873333619e-02
2.900497180860250532e-02
2.899491924115911792e-02
2.898494423793653019e-02
2.897504608898043496e-02
2.896522409272418372e-02
2.895547755586633243e-02
2.894580579325032113e-02
2.893620812774621090e-02
2.892668389013445043e-02
2.891723241899178329e-02
2.890785306057890372e-02
2.889854516873021847e-02
2.888930810474545433e-02
2.888014123728300728e-02
2.887104394225523812e-02
2.886201559828634536e-02
2.885305560436645170e-02
2.884416335312114943e-02
2.883533824846618368e-02
2.882657970107353404e-02
2.881788712827671253e-02
2.880925995397781714e-02
2.880069760855607022e-02
2.879219952877781069e-02
2.878376515770807165e-02
2.877539394462356667e-02
2.876708534492716102e-02
2.875883882006361955e-02
2.875065383743692290e-02
2.874252987032875975e-02
2.873446639781844503e-02
2.872646290470413574e-02
2.871851888142525414e-02
2.871063382398627087e-02
2.870280723203073175e-02
2.869503861617042281e-02
2.868732748680902570e-02
2.867967336147256990e-02
2.867207576288871226e-02
2.866453421891745901e-02
2.865704826248314380e-02
2.864961743150724535e-02
2.864224126884242980e-02
2.863491932220764077e-02
2.862765114412410897e-02
2.862043629185239899e-02
2.861327432733049361e-02
2.860616481711279399e-02
2.859910733231002880e-02
2.859210144853021468e-02
2.858514674582041809e-02
2.857824280860947821e-02
2.857138922565150702e-02
2.856458558997046135e-02
2.855783149880538815e-02
2.855112654923265547e-02
2.854447035540720601e-02
