# bin_4_2
2.932000387383584664e-05
2.938441691660779632e-05
2.944511369765114427e-05
2.950163334615478193e-05
2.955424948095932390e-05
2.960264278967238600e-05
2.964692936778826006e-05
2.968690093693480029e-05
2.972262839396599344e-05
2.975390386481510096e-05
2.978083661881284841e-05
2.980318053950695110e-05
2.982104637989869880e-05
2.983424980546878010e-05
2.984282401100176599e-05
2.984663981728637310e-05
2.984571463413999412e-05
2.983991629259161670e-05
2.982928727190344121e-05
2.981367760378798444e-05
2.979314576405857299e-05
2.976756121584173121e-05
2.973692835467991164e-05
2.970116967193436893e-05
2.966028661907458154e-05
2.961419137043817774e-05
2.956291066659344044e-05
2.950634700638928907e-05
2.944453387921517397e-05
2.937739414029854064e-05
2.930494081767471483e-05
2.922712173525926645e-05
2.914394953563466186e-05
2.905537345102260057e-05
2.896142169886783095e-05
2.886205050859952972e-05
2.875729583832257501e-05
2.864712136247439002e-05
2.853155610136347669e-05
2.841058383458773832e-05
2.828424087280085377e-05
2.815251326989232802e-05
2.801544441361579333e-05
2.787303981382693380e-05
2.772535131042990088e-05
2.757238701222695270e-05
2.741420044209473105e-05
2.725081540478955204e-05
2.708230627173252624e-05
2.690869725349368855e-05
2.673006013583107147e-05
2.654645583465692270e-05
2.635796136732270265e-05
2.616463618184297315e-05
2.596656633304029365e-05
2.576381639072600812e-05
2.555651150752486772e-05
2.534471614028357254e-05
2.512853587400073221e-05
2.490808833695774656e-05
2.468347546992350809e-05
2.445481378015069103e-05
2.422222489449524813e-05
2.398581156384973465e-05
2.374575457163842927e-05
2.350215208103628793e-05
2.325515138462912987e-05
2.300491860640060054e-05
2.275158006326964721e-05
2.249530663964360576e-05
2.223624894353544849e-05
2.197454343822123195e-05
2.171041901031987674e-05
2.144400063353611773e-05
2.117547008425568395e-05
2.090502646023134885e-05
2.063281397052669071e-05
2.035904426217143530e-05
2.008388129938195609e-05
1.980748171130672326e-05
1.953010502768659488e-05
1.925188513053127380e-05
1.897302433121148351e-05
1.869372972959501355e-05
1.841414771191643245e-05
1.813450997448095859e-05
1.785497218059592964e-05
1.757569105098164645e-05
1.729693243969508199e-05
1.701881603054320935e-05
1.674154159194592354e-05
1.646529749343818777e-05
1.619021027207437924e-05
1.591651012514393057e-05
1.564431957363677400e-05
1.537377247384303291e-05
1.510511570027565947e-05
1.483843017273084699e-05
1.457389143137379846e-05
1.431164454034947871e-05
1.405177734203734912e-05
1.379450058193171942e-05
1.353988039224106873e-05
1.328800939683650800e-05
1.303909545943713842e-05
1.279316545631962261e-05
1.255035749889528410e-05
1.231075531502115269e-05
1.207439472832331364e-05
1.184145711252261711e-05
1.161194035610508800e-05
1.138588867113223349e-05
1.116346016615611543e-05
1.094461929585839886e-05
1.072946442199398886e-05
1.051801373715424819e-05
1.031024700908874337e-05
1.010631465912916748e-05
9.906145003229422890e-06
9.709741077937686867e-06
9.517209991893449129e-06
9.328452943939058634e-06
9.143538735357525202e-06
8.962426855610575711e-06
8.785044727887321114e-06
8.611520277738403745e-06
8.441723052528918054e-06
8.275626198242494913e-06
8.113290468943626510e-06
7.954567529425100731e-06
7.799508368986609049e-06
7.648023119954122464e-06
7.500001274147064766e-06
7.355559205681137803e-06
7.214521381296810164e-06
7.076850369601968335e-06
6.942564578305846095e-06
6.811489430878733062e-06
6.683669583235968499e-06
6.558978693169087162e-06
6.437284968718991077e-06
6.318703087745516084e-06
6.203027494929246541e-06
6.090224579770585739e-06
5.980280466680097387e-06
5.873009594936897427e-06
5.768468197362716086e-06
5.666503503670532860e-06
5.566978957942232700e-06
5.470016145191342784e-06
5.375392368265508910e-06
5.283088401388008043e-06
5.193067995127494062e-06
5.105145985879984955e-06
5.019408381560371986e-06
4.935683499979107820e-06
4.853843458260288886e-06
4.774021533361007585e-06
4.695985740567441728e-06
4.619741493120934768e-06
4.545237452730373670e-06
4.472299763698763673e-06
4.401055435198473697e-06
4.331314742999972204e-06
4.262965002272769581e-06
4.196152800662691092e-06
4.130646167934136064e-06
4.066485304586300111e-06
4.003604432474368169e-06
3.941841449292603303e-06
3.881367346869865291e-06
3.821978007630005688e-06
3.763585299210631247e-06
3.706343122345746914e-06
3.650018983815751312e-06
3.594693357241865187e-06
3.540290962959178675e-06
3.486660669838542666e-06
3.434008305490653598e-06
3.382116163685930732e-06
3.330932809219629775e-06
3.280609348158884756e-06
3.230908383396945766e-06
3.181953792288755093e-06
3.133666463872401752e-06
3.085898862467524354e-06
3.038881687566891189e-06
2.992392815580153000e-06
2.946416039503204613e-06
2.901086027503408919e-06
2.856176003082900123e-06
2.811840577218028014e-06
2.767995069629379166e-06
2.724507242514372758e-06
2.681611908742502175e-06
2.639088229765374138e-06
2.596961244427459301e-06
2.555327428415446248e-06
2.513993058417549129e-06
2.473119007498421825e-06
2.432620292891424814e-06
2.392386280585895604e-06
2.352635971566747493e-06
2.313165102908593582e-06
2.274032117222860395e-06
2.235303475700605955e-06
2.196826865846356825e-06
2.158765278874569165e-06
2.121037329035297019e-06
2.083560847195814753e-06
2.046515034107635358e-06
2.009709321189617894e-06
1.973199865991487905e-06
1.937000643243377709e-06
1.900968986977112891e-06
1.865227155675332894e-06
1.829676324404720722e-06
1.794250418069135726e-06
1.759080082251422651e-06
1.724013844795217359e-06
1.689126877844201778e-06
1.654436579593990551e-06
1.619867167588643594e-06
1.585552591787887583e-06
1.551446304651110546e-06
1.517552857785420480e-06
1.484000824024882147e-06
1.450718712776729262e-06
1.417811349327947637e-06
1.385314475492408193e-06
1.353204183879336932e-06
1.321592246442516705e-06
