# bin_4_4
6.341094755053425626e-05
6.344227525839103840e-05
6.346381613978272092e-05
6.347486770194386136e-05
6.347580498908060012e-05
6.346612083125623366e-05
6.344600690076805855e-05
6.341510889865445942e-05
6.337354059549359976e-05
6.332097390717860048e-05
6.325756652054693964e-05
6.318297908385419898e-05
6.309735025106142606e-05
6.300042815234991819e-05
6.289227854982508555e-05
6.277271957017170547e-05
6.264180014768829928e-05
6.249936323217013040e-05
6.234546566500315343e-05
6.217994237687895370e-05
6.200290334642659948e-05
6.181421850178224790e-05
6.161394490245408609e-05
6.140201645585472421e-05
6.117848127791631284e-05
6.094327916068971815e-05
6.069650153335795804e-05
6.043810612134863325e-05
6.016820172160491871e-05
5.988677616919649646e-05
5.959392560876939661e-05
5.928968185230893648e-05
5.897416193027284204e-05
5.864740500631975071e-05
5.830954864847032431e-05
5.796068482535222938e-05
5.760096603485300690e-05
5.723048870856438613e-05
5.684941776015507302e-05
5.645787386663796506e-05
5.605606873717112668e-05
5.564412888793653555e-05
5.522225353746597923e-05
5.479066270749637817e-05
5.434956258425099906e-05
5.389916165786832553e-05
5.343969831590140914e-05
5.297138427952187070e-05
5.249454241117585936e-05
5.200938014295635505e-05
5.151616836496412748e-05
5.101524522198728671e-05
5.050686922185259719e-05
4.999135804377896115e-05
4.946901752491323262e-05
4.894012640336056606e-05
4.840511372540767337e-05
4.786424177267540822e-05
4.731784737309322375e-05
4.676635717445137781e-05
4.621005790727112744e-05
4.564935826699277637e-05
4.508460025607268173e-05
4.451610727857598164e-05
4.394438307812956597e-05
4.336971363022472853e-05
4.279247713431706825e-05
4.221314207375868611e-05
4.163199409132198385e-05
4.104949438466615978e-05
4.046598219346550924e-05
3.988178304419730681e-05
3.929743629947136420e-05
3.871320778192981850e-05
3.812948341062362412e-05
3.754671351092853202e-05
3.696515052100384652e-05
3.638525841286402858e-05
3.580732577546375922e-05
3.523163887056012818e-05
3.465872267084588030e-05
3.408877859729199578e-05
3.352216022841309287e-05
3.295924766486827610e-05
3.240022412973025929e-05
3.184551749678237576e-05
3.129532271191714349e-05
3.074985166356164788e-05
3.020957390304797370e-05
2.967459008813472151e-05
2.914518750274439272e-05
2.862163762314489887e-05
2.810402586494304455e-05
2.759272471022182201e-05
2.708780463308559379e-05
2.658938299828742820e-05
2.609784771184290556e-05
2.561317669981849060e-05
2.513557458418323067e-05
2.466518556306759578e-05
2.420199046402292308e-05
2.374630439899730680e-05
2.329805802706419500e-05
2.285726924647133162e-05
2.242423763938182659e-05
2.199882014950665308e-05
2.158114821845259610e-05
2.117123398887855009e-05
2.076895868205703703e-05
2.037459388867696693e-05
1.998793724454628933e-05
1.960892376084264637e-05
1.923777206657515735e-05
1.887422846663910350e-05
1.851837508738058669e-05
1.817011021957301505e-05
1.782923010549472543e-05
1.749598334642837443e-05
1.717005162100438667e-05
1.685132526110726144e-05
1.653995595309886465e-05
1.623559218139566555e-05
1.593830586501786216e-05
1.564790999719980775e-05
1.536413291079115180e-05
1.508722802799728841e-05
1.481679277120516016e-05
1.455270377795692961e-05
1.429505931255712696e-05
1.404344408812761222e-05
1.379794818066302894e-05
1.355831982997332990e-05
1.332425041048354057e-05
1.309601796286441935e-05
1.287316181934656473e-05
1.265558543813732809e-05
1.244333344965597158e-05
1.223597609381137268e-05
1.203363902703594435e-05
1.183602850118966232e-05
1.164282936971083753e-05
1.145435482762994402e-05
1.127011209067228192e-05
1.109005521460785147e-05
1.091418713603807960e-05
1.074208823210047051e-05
1.057394691325793161e-05
1.040943870991138240e-05
1.024826806698418429e-05
1.009078439112502359e-05
9.936480583912711927e-06
9.785371248548015323e-06
9.637425734947169828e-06
9.492245988384353798e-06
9.350103177456297964e-06
9.210645377473588110e-06
9.073614909548224729e-06
8.939387283212031030e-06
8.807449574381556360e-06
8.677884921863486772e-06
8.550632525089032544e-06
8.425328039394616768e-06
8.302326618960499685e-06
8.181243895917915420e-06
8.061866974827852417e-06
7.944581996909120085e-06
7.828885682295114816e-06
7.714936129136909862e-06
7.602638210036783433e-06
7.491658409947613024e-06
7.382420844767723186e-06
7.274517464715933647e-06
7.167796597237293367e-06
7.062630158402542526e-06
6.958528471796829304e-06
6.855721266510007983e-06
6.754090777960845539e-06
6.653336326301703136e-06
6.553916629331749050e-06
6.455410261881279244e-06
6.357747372354277062e-06
6.261260828489236361e-06
6.165478503046880030e-06
6.070693056526123895e-06
5.976781202274198429e-06
5.883468546708610520e-06
5.791220043443015698e-06
5.699631373774408993e-06
5.608707639492409528e-06
5.518722923031904796e-06
5.429268851091782404e-06
5.340670702051011060e-06
5.252812813230939851e-06
5.165485218804635015e-06
5.079128159055987579e-06
4.993382600602027719e-06
4.908334631926079785e-06
4.824162183798848682e-06
4.740538457780265394e-06
4.657723016048892385e-06
4.575550781737830860e-06
4.493785542561441743e-06
4.412693047973685540e-06
4.331863236350533599e-06
4.251318539215404583e-06
4.171082127270476928e-06
4.090871989141094525e-06
4.010904893761450291e-06
3.931080682075946197e-06
3.851326885470856179e-06
3.771960122348836994e-06
3.692814293728265058e-06
3.614102376601815201e-06
3.535973873466850353e-06
3.458381830107567411e-06
3.381613046940778790e-06
3.305677385933459936e-06
3.230609340799576692e-06
3.156648376127899564e-06
3.083688655284911647e-06
3.011884349665912098e-06
2.941288059999580294e-06
2.871834851346314161e-06
2.803657750234899380e-06
2.736702835414796483e-06
2.670950263864640670e-06
2.606466818801142043e-06
2.543136364668115064e-06
2.481010666279795721e-06
2.420065044925031724e-06
2.360222785374631488e-06
2.301498597425040499e-06
