# bin_4_3
5.278660610866279748e-05
5.284610698160743976e-05
5.289794227407624855e-05
5.294147525304727068e-05
5.297705607361359820e-05
5.300422033997944624e-05
5.302312768304720379e-05
5.303346550005030223e-05
5.303533336984224601e-05
5.302842197227460811e-05
5.301286595824871155e-05
5.298834648974198993e-05
5.295499330857452743e-05
5.291254919390768089e-05
5.286106539712292568e-05
5.280036770056161790e-05
5.273047568534479747e-05
5.265121422800991233e-05
5.256265739648870915e-05
5.246461829794097455e-05
5.235714710406594861e-05
5.224010770430585662e-05
5.211354082885697998e-05
5.197734275898047352e-05
5.183153770064741352e-05
5.167603577525727298e-05
5.151088790948658332e-05
5.133601567917055186e-05
5.115149071511776305e-05
5.095724888003627000e-05
5.075335100177637065e-05
5.053977620075523938e-05
5.031658469645334717e-05
5.008376646648605198e-05
4.984140530669717311e-05
4.958951712330673657e-05
4.932820288274121213e-05
4.905748312248932877e-05
4.877746252158603755e-05
4.848819308022979038e-05
4.818980211995738480e-05
4.788235096397062702e-05
4.756596847236144583e-05
4.724077540533527228e-05
4.690691423586151621e-05
4.656450000423945188e-05
4.621369884497730898e-05
4.585463425576842827e-05
4.548752911551829281e-05
4.511251577558541984e-05
4.472978371798524841e-05
4.433955927722193639e-05
4.394202995000428261e-05
4.353741039330365708e-05
4.312592396005418256e-05
4.270776674841516272e-05
4.228325547636967521e-05
4.185257748362585179e-05
4.141599052001818907e-05
4.097380570124379559e-05
4.052625139483437055e-05
4.007363118746936389e-05
3.961621737802536482e-05
3.915425864228735443e-05
3.868815388717868173e-05
3.821813124217643409e-05
3.774449996153125082e-05
3.726763044721538907e-05
3.678776981562332122e-05
3.630528921068612629e-05
3.582047970295882582e-05
3.533361764102329586e-05
3.484515269036703953e-05
3.435532092638250002e-05
3.386446004835358528e-05
3.337295273249888940e-05
3.288104016065826566e-05
3.238912027065539819e-05
3.189746581112426114e-05
3.140634333489080864e-05
3.091621327146865496e-05
3.042728074281755182e-05
2.993987633597031147e-05
2.945434754404261326e-05
2.897089606971736060e-05
2.848990949226775038e-05
2.801160058320917873e-05
2.753619127579056094e-05
2.706411110872565127e-05
2.659549649941729909e-05
2.613063552119286321e-05
2.566979899803337249e-05
2.521311786924035616e-05
2.476094222955953572e-05
2.431339122585774945e-05
2.387061466898993169e-05
2.343297939819325137e-05
2.300052539234443753e-05
2.257347424978670814e-05
2.215199436229274679e-05
2.173612994453734195e-05
2.132618140039552746e-05
2.092215085078436224e-05
2.052410321373857318e-05
2.013232712816472215e-05
1.974675810148138484e-05
1.936754945044420111e-05
1.899475525946831968e-05
1.862832844327474272e-05
1.826852328480864441e-05
1.791522356858069525e-05
1.756841509843116151e-05
1.722830839244653017e-05
1.689473711949934781e-05
1.656780017204036133e-05
1.624744630980496233e-05
1.593354582502336762e-05
1.562631892848263837e-05
1.532554152477610105e-05
1.503114872827787648e-05
1.474328137866579579e-05
1.446168035169286315e-05
1.418641959963940641e-05
1.391736488594819360e-05
1.365431697921864350e-05
1.339748479746572229e-05
1.314656259146259517e-05
1.290145950117456629e-05
1.266225954003820210e-05
1.242863875389337938e-05
1.220067055257695717e-05
1.197815586240988869e-05
1.176085280448014976e-05
1.154897795500379096e-05
1.134216708826575029e-05
1.114033855266029179e-05
1.094352211448042257e-05
1.075137101893532745e-05
1.056397523850591855e-05
1.038109128808106716e-05
1.020246194125676284e-05
1.002832373423969518e-05
9.858277847200490920e-06
9.692273923947375750e-06
9.530301109511182418e-06
9.372013166304280407e-06
9.217543993382275362e-06
9.066619013051018468e-06
8.918990665896426811e-06
8.774923070114445673e-06
8.634000794544964021e-06
8.496217722501970130e-06
8.361533379933609421e-06
8.229615317422943379e-06
8.100664501206000193e-06
7.974381089265672467e-06
7.850544909347940606e-06
7.729445035793283678e-06
7.610657718742203274e-06
7.494231691680065012e-06
7.380102585416901388e-06
7.267964163745717047e-06
7.158092427346280487e-06
7.050158972476482818e-06
6.943977983076688876e-06
6.839855710896326877e-06
6.737372858254825285e-06
6.636642742185086389e-06
6.537573722896113488e-06
6.439882722638836232e-06
6.343913567221539908e-06
6.249314614543685357e-06
6.155948412858842777e-06
6.064119556895586032e-06
5.973413471896259653e-06
5.884009320337427267e-06
5.795796555886812104e-06
5.708515059702168452e-06
5.622550781291411772e-06
5.537534229878337058e-06
5.453395492160009091e-06
5.370416248217767867e-06
5.288185877312921023e-06
5.206946358447761832e-06
5.126580866506946694e-06
5.046844345103587827e-06
4.968141896129382018e-06
4.890109037383003364e-06
4.812738793626841760e-06
4.736268764485972933e-06
4.660327705315278476e-06
4.585193176578855936e-06
4.510745928920109465e-06
4.436782619798434617e-06
4.363693312852526509e-06
4.291136768479022389e-06
4.219177106471695651e-06
4.147978198345176763e-06
4.077246190694506620e-06
4.007244306203131138e-06
3.937852550034107534e-06
3.868899268126233975e-06
3.800699117825076543e-06
3.732920592993236791e-06
3.665627396866725999e-06
3.598872613315475768e-06
3.532385714662090402e-06
3.466353023458295561e-06
3.400619466545506359e-06
3.335036322668425552e-06
3.269832226806835542e-06
3.204745150951825411e-06
3.139890027158290267e-06
3.075335941707932616e-06
3.010964443543868348e-06
2.947021643508075097e-06
2.883478973417852645e-06
2.820351616318475029e-06
2.757894778473315449e-06
2.696002745642653432e-06
2.634852488167784930e-06
2.574525995529655674e-06
2.514978754333187469e-06
2.456392902197664224e-06
2.398730758687303693e-06
2.341998854551074189e-06
2.286319669932452532e-06
2.231585348359239113e-06
2.177876286328263904e-06
2.125185068457175064e-06
2.073443590047348152e-06
2.022714054003274286e-06
