# bin_2_1
8.070565658692487561e-06
8.102424322729908252e-06
8.133581846824198571e-06
8.163762398928513974e-06
8.193168105102208493e-06
8.221621496396880918e-06
8.249208723656888584e-06
8.275829646992341235e-06
8.301543378098398619e-06
8.326239519055503421e-06
8.350015306415695747e-06
8.372719007845038527e-06
8.394452987449499718e-06
8.415111741364255759e-06
8.434734324049882935e-06
8.453256783339260051e-06
8.470707603476342325e-06
8.487014158828938757e-06
8.502226460767758654e-06
8.516250148733141000e-06
8.529149003687381837e-06
8.540840440164015841e-06
8.551340779603019260e-06
8.560610527671425656e-06
8.568664022200328319e-06
8.575447984919583525e-06
8.580995316231798228e-06
8.585236687650442714e-06
8.588207759543445410e-06
8.589853882504798509e-06
8.590191099592754865e-06
8.589180248474034571e-06
8.586833429285792014e-06
8.583108877188547783e-06
8.578027131080849426e-06
8.571542161107344440e-06
8.563676470011675758e-06
8.554389422989636615e-06
8.543695464500203975e-06
8.531563245801370411e-06
8.518004825739206124e-06
8.502989400191403435e-06
8.486532829306687287e-06
8.468604271883369434e-06
8.449221255714807772e-06
8.428355856908322150e-06
8.406021926288305226e-06
8.382198588506613307e-06
8.356899130472088310e-06
8.330102235755195770e-06
8.301825037412903947e-06
8.272049809697715764e-06
8.240795183669667574e-06
8.208044388735845996e-06
8.173813279478028110e-06
8.138091636796365767e-06
8.100898414175662123e-06
8.062224695049719964e-06
8.022088829242910260e-06
7.980487341767850406e-06
7.937441412064274868e-06
7.892947454693205665e-06
7.847027427778951900e-06
7.799680771676179483e-06
7.750937001622161424e-06
7.700796161800196234e-06
7.649284769851724547e-06
7.596412696982620176e-06
7.542205533791773397e-06
7.486674646904895855e-06
7.429848837570472897e-06
7.371738495056111340e-06
7.312385288596374366e-06
7.251800114818588690e-06
7.190017815915264541e-06
7.127062693741219054e-06
7.062966120288725469e-06
6.997755939866704111e-06
6.931467498959398735e-06
6.864122458942580805e-06
6.795775447117346029e-06
6.726446937318505560e-06
6.656182419726180586e-06
6.585017797367011464e-06
6.512991031479697116e-06
6.440145326396922034e-06
6.366521861001606342e-06
6.292152676593120784e-06
6.217103797046115287e-06
6.141403051745106434e-06
6.065105103525553605e-06
5.988254120134211021e-06
5.910893133532731202e-06
5.833077978168543941e-06
5.754853071419823696e-06
5.676257188330995380e-06
5.597364168238964526e-06
5.518204622833433824e-06
5.438839260706558494e-06
5.359315052298785420e-06
5.279676563164953987e-06
5.199987998292301814e-06
5.120291071982062949e-06
5.040626481173924126e-06
4.961069718151796222e-06
4.881649335088039662e-06
4.802426750045238137e-06
4.723444927688878749e-06
4.644744202804698891e-06
4.566391396858408326e-06
4.488419262571038990e-06
4.410864743183142174e-06
4.333798061832244145e-06
4.257239123883281105e-06
4.181244854710899675e-06
4.105847775192321284e-06
4.031078027772544293e-06
3.956998896282010086e-06
3.883628310657433899e-06
3.810995360045697132e-06
3.739158780084434468e-06
3.668123704360347393e-06
3.597939043021026493e-06
3.528622488126856551e-06
3.460189058903080099e-06
3.392694596520822372e-06
3.326139173044854969e-06
3.260541114229316611e-06
3.195943381938542468e-06
3.132334355712798408e-06
3.069752797461532587e-06
3.008198917304441475e-06
2.947671758883025073e-06
2.888217983736585198e-06
2.829819251464701386e-06
2.772484144872770684e-06
2.716237418515329690e-06
2.661053271232127926e-06
2.606960273383634328e-06
2.553941769773485099e-06
2.501982802989268428e-06
2.451121328921994934e-06
2.401322889415221595e-06
2.352588467763558190e-06
2.304926149242092644e-06
2.258298949324823098e-06
2.212729120317529543e-06
2.168185343639853489e-06
2.124642858735063440e-06
2.082133274366886539e-06
2.040609725654907255e-06
2.000068743219672418e-06
1.960504927007797247e-06
1.921873960025844836e-06
1.884197368839880898e-06
1.847432305629621047e-06
1.811548920620197040e-06
1.776575285829572726e-06
1.742455673836126419e-06
1.709186195051851634e-06
1.676751609325326604e-06
1.645104928027704770e-06
1.614272085679908061e-06
1.584200868353255709e-06
1.554859942647395424e-06
1.526276750122930152e-06
1.498391135519987439e-06
1.471203474955450723e-06
1.444691008809191226e-06
1.418806526269893742e-06
1.393584212129547543e-06
1.368965396152400905e-06
1.344921632196928747e-06
1.321480999397339525e-06
1.298580758628471787e-06
1.276229414038283909e-06
1.254399829096579886e-06
1.233046301326826626e-06
1.212212281042350790e-06
1.191834252512069868e-06
1.171891516398525071e-06
1.152412721355133232e-06
1.133332410328186150e-06
1.114670726731261756e-06
1.096398874503709678e-06
1.078471683743385561e-06
1.060942440690271798e-06
1.043745495601906723e-06
1.026868989668853129e-06
1.010340357324563813e-06
9.940950826633160424e-07
9.781645058940446544e-07
9.625179911885618529e-07
9.471136179169651059e-07
9.320116478326768353e-07
9.171451693536300373e-07
9.025141942362455025e-07
8.881401287933860081e-07
8.739648931325285088e-07
8.600277841611108686e-07
8.462976934702495547e-07
8.327375725398539189e-07
8.194110262780431370e-07
8.062522622933832646e-07
7.932719622573596640e-07
7.804853325447791170e-07
7.678407933162016775e-07
7.553843154322664968e-07
7.430828288767958807e-07
7.309050908328823104e-07
7.189121209625766429e-07
7.070394468800683032e-07
6.953044140828976950e-07
6.837140052183877473e-07
6.722216981895880349e-07
6.608764924463258592e-07
6.496431441683563832e-07
6.384982403209410763e-07
6.274979404531556049e-07
6.165839823364452702e-07
6.057819483878042289e-07
5.950953018448717719e-07
5.844874791991756436e-07
5.740100011343155959e-07
5.636286966427162189e-07
5.533291081145974027e-07
5.431584211203004805e-07
5.330646428128372619e-07
5.230747849541503494e-07
5.131845480037316837e-07
5.033613934933248523e-07
4.936492310630536550e-07
