# bin_1_1
4.521233391964987909e-06
4.541067127457497211e-06
4.560610551735386229e-06
4.579615471117148956e-06
4.598281419632688002e-06
4.616450582143707043e-06
4.634202542591605651e-06
4.651462876422594762e-06
4.668292211038892856e-06
4.684584946172888139e-06
4.700453059030288428e-06
4.715755887657958661e-06
4.730600546079018159e-06
4.744889906362149468e-06
4.758668740569057450e-06
4.771892167985053646e-06
4.784591068622957264e-06
4.796695361271411980e-06
4.808274653210519497e-06
4.819233119994391190e-06
4.829643739455858572e-06
4.839435477280630102e-06
4.848644586409882841e-06
4.857217371455506651e-06
4.865182124531673663e-06
4.872498130830921674e-06
4.879200981994189544e-06
4.885229717386969917e-06
4.890630332103278455e-06
4.895345063994873280e-06
4.899406726298947670e-06
4.902774733378944353e-06
4.905473047756663889e-06
4.907457134618564191e-06
4.908763039758369545e-06
4.909339299531404004e-06
4.909219546473335467e-06
4.908362940511108274e-06
4.906792527532753093e-06
4.904472976000944043e-06
4.901423862138427781e-06
4.897616855293111693e-06
4.893072833518666040e-06
4.887756726500450745e-06
4.881691918568427614e-06
4.874848551724318140e-06
4.867242983995138697e-06
4.858851906667644075e-06
4.849689327334773949e-06
4.839732241546025360e-06
4.828997573623703645e-06
4.817459875160044615e-06
4.805140479403562856e-06
4.792014919065787822e-06
4.778098714538551420e-06
4.763373619349383424e-06
4.747854541520120637e-06
4.731523856510444571e-06
4.714396948466773244e-06
4.696458179576420182e-06
4.677723459774764720e-06
4.658178818114461851e-06
4.637838067673846903e-06
4.616689069638394585e-06
4.594749060608621030e-06
4.572005957966115537e-06
4.548476611941033823e-06
4.524152087925378594e-06
4.499049499227705881e-06
4.473160265619222558e-06
4.446501774004358397e-06
4.419066625085536904e-06
4.390877613993898049e-06
4.361927751248679646e-06
4.332236651820913702e-06
4.301802927890708689e-06
4.270645160980746999e-06
4.238764462859258193e-06
4.206180351349977964e-06
4.172891920434951222e-06
4.138927433422108040e-06
4.104286326410215072e-06
4.068992837431623939e-06
4.033053519019859567e-06
3.996489466383720632e-06
3.959311565767336320e-06
3.921542496436427430e-06
3.883188437247728153e-06
3.844284277327216676e-06
3.804835415857270412e-06
3.764871357233766179e-06
3.724405867078194772e-06
3.683463684714926248e-06
3.642065274702443004e-06
3.600236062097717544e-06
3.557989369914774771e-06
3.515365985675563838e-06
3.472376023616819498e-06
3.429054414138830753e-06
3.385420369715762221e-06
3.341501484719094961e-06
3.297326950599971965e-06
3.252923406023147513e-06
3.208309178547583821e-06
3.163529025315556635e-06
3.118596164828425481e-06
3.073548977320203427e-06
3.028408988952217160e-06
2.983204650873103151e-06
2.937970852380546714e-06
2.892732901066446854e-06
2.847511268124409294e-06
2.802351343555544609e-06
2.757265779250980422e-06
2.712293703562533621e-06
2.667455186836592570e-06
2.622776065889761105e-06
2.578293194307557273e-06
2.534026533923558361e-06
2.489995834391207472e-06
2.446242710960204282e-06
2.402775041059128072e-06
2.359629665448410523e-06
2.316821536126156428e-06
2.274369979570424842e-06
2.232310142736572593e-06
2.190653676415680293e-06
2.149416425342091502e-06
2.108632388525337229e-06
2.068301889177954987e-06
2.028456665790439678e-06
1.989103280132725170e-06
1.950252493897965171e-06
1.911934849286169190e-06
1.874151754325076310e-06
1.836913829779724131e-06
1.800244467055859265e-06
1.764136082139324845e-06
1.728613605781608724e-06
1.693673949255589680e-06
1.659318856751079511e-06
1.625572953181167412e-06
1.592427290291216587e-06
1.559886986683763640e-06
1.527964455240742797e-06
1.496644577436588541e-06
1.465946389729025215e-06
1.435857268890043888e-06
1.406371320619154545e-06
1.377507587240270888e-06
1.349248109436572068e-06
1.321593461484155005e-06
1.294546253661546306e-06
1.268085400232910937e-06
1.242226535188919427e-06
1.216948886810120982e-06
1.192241255772511029e-06
1.168118404492008128e-06
1.144555277377250574e-06
1.121549916150202229e-06
1.099097211942882490e-06
1.077172690249779713e-06
1.055791490516632035e-06
1.034926116732097891e-06
1.014562294386800359e-06
9.947124014872647745e-07
9.753470692925973316e-07
9.564645525756158752e-07
9.380537818471574774e-07
9.200887108709725414e-07
9.025866507063179133e-07
8.855154670843884353e-07
8.688606687989953800e-07
8.526336680977565458e-07
8.368024466163127738e-07
8.213681274701264575e-07
8.063160217208016409e-07
7.916200299371617956e-07
7.773009957455620678e-07
7.633233554669737929e-07
7.496751021271458863e-07
7.363669238054784942e-07
7.233639829760016864e-07
7.106720835870015444e-07
6.982742270186113778e-07
6.861437484365573585e-07
6.743060689099709214e-07
6.627241214729537248e-07
6.513900963123141658e-07
6.403147858214053179e-07
6.294640660455134680e-07
6.188506441733640526e-07
6.084571665466056341e-07
5.982595128037547930e-07
5.882883477627283087e-07
5.785064290397402183e-07
5.689124091295175651e-07
5.595149066291827114e-07
5.502826188734967932e-07
5.412332408065631791e-07
5.323485235491172865e-07
5.236063418646516327e-07
5.150400658206363391e-07
5.066120563632834860e-07
4.983262497059475280e-07
4.901882597666296764e-07
4.821690368401174852e-07
4.742911525081059389e-07
4.665346920855509723e-07
4.588803427654772403e-07
4.513622596015767506e-07
4.439431465361043780e-07
4.366318503495601744e-07
4.294310692927172898e-07
4.223145131353574403e-07
4.153094122320904313e-07
4.083944995695797161e-07
4.015545640157884077e-07
3.948228548849902548e-07
3.881634889595665184e-07
3.815899331196458782e-07
3.751021002862078386e-07
3.686770046687437626e-07
3.623446306642192698e-07
3.560822687085091439e-07
3.498787625266436509e-07
3.437638787044863428e-07
3.377039601740854719e-07
3.317152370114664328e-07
3.257939190358085126e-07
3.199192591998398818e-07
3.141201144868629969e-07
