# bin_3_1
1.070455626477154932e-05
1.073853684556441819e-05
1.077142361893496495e-05
1.080291220346772636e-05
1.083322560102975617e-05
1.086215620833491970e-05
1.088980245139243207e-05
1.091604978006610829e-05
1.094096806561123298e-05
1.096442142379151068e-05
1.098651874032120884e-05
1.100709703495026516e-05
1.102626742535456343e-05
1.104390175349998507e-05
1.106005150769909584e-05
1.107464454815301062e-05
1.108770978532312780e-05
1.109916173377333808e-05
1.110907215268760257e-05
1.111732966267812746e-05
1.112398183269993369e-05
1.112895165403071579e-05
1.113227982528335973e-05
1.113390372041361569e-05
1.113384683217946476e-05
1.113205006945333175e-05
1.112854840387890233e-05
1.112327167472190356e-05
1.111626337088381078e-05
1.110745874806838417e-05
1.109688773399602422e-05
1.108450593658792542e-05
1.107033028186078936e-05
1.105432070032510427e-05
1.103650549546122156e-05
1.101683573599584547e-05
1.099534568246730967e-05
1.097199132058326943e-05
1.094679937159549413e-05
1.091973957895009741e-05
1.089083091225018250e-05
1.086004727803921336e-05
1.082741411132640492e-05
1.079290350236299240e-05
1.075654586437865315e-05
1.071831496047514186e-05
1.067823914551440280e-05
1.063629853846279309e-05
1.059252080965497946e-05
1.054689334686760821e-05
1.049944291843149706e-05
1.045016119753540707e-05
1.039907782692994384e-05
1.034618471094337781e-05
1.029151217221004740e-05
1.023505668647898978e-05
1.017685521843304888e-05
1.011690436289753815e-05
1.005523951281382593e-05
9.991867206455444368e-06
9.926822883171080832e-06
9.860114327681924871e-06
9.791778498435658407e-06
9.721823657713951771e-06
9.650299696719846204e-06
9.577215458365661934e-06
9.502612395047324202e-06
9.426514698479199610e-06
9.348960989480704353e-06
9.269977692880438386e-06
9.189607072805759888e-06
9.107870209975294388e-06
9.024830165408332161e-06
8.940505667175315183e-06
8.854948279346651650e-06
8.768196678989178825e-06
8.680294060046080053e-06
8.591283719044985216e-06
8.501213852148951464e-06
8.410115699124748941e-06
8.318065986461277303e-06
8.225091395043766668e-06
8.131253094850060954e-06
8.036600773530865621e-06
7.941181586078319417e-06
7.845054618046822271e-06
7.748271245836512567e-06
7.650871115238868611e-06
7.552941567429864821e-06
7.454513815474463157e-06
7.355656997764447562e-06
7.256426004328621240e-06
7.156870544137910427e-06
7.057061522283658336e-06
6.957049633949282102e-06
6.856879021770802069e-06
6.756642401249422191e-06
6.656370725573353978e-06
6.556136605309368952e-06
6.455993961023822918e-06
6.355990753313693171e-06
6.256205003264086200e-06
6.156680055692132675e-06
6.057458925718150106e-06
5.958633058756372750e-06
5.860227253439564248e-06
5.762312369643757909e-06
5.664933800952876879e-06
5.568131397208322211e-06
5.471984565896113527e-06
5.376522323074692087e-06
5.281780961870694657e-06
5.187843202139828543e-06
5.094720882773142715e-06
5.002478024184391314e-06
4.911144877116637633e-06
4.820747319422598800e-06
4.731359795867503279e-06
4.642991256304664937e-06
4.555667894231153663e-06
4.469457438060816249e-06
4.384352435898795389e-06
4.300407529169204190e-06
4.217634067213329573e-06
4.136039072883414857e-06
4.055688763196836039e-06
3.976569873347805759e-06
3.898696376479409663e-06
3.822116898962990381e-06
3.746803916951441277e-06
3.672801347499019007e-06
3.600099644663466967e-06
3.528687302117794418e-06
3.458621154848503066e-06
3.389866233958251497e-06
3.322426866307328110e-06
3.256330232304049290e-06
3.191533261624332013e-06
3.128069845372627103e-06
3.065911199941404505e-06
3.005030632086862989e-06
2.945476663654959068e-06
2.887196190848085825e-06
2.830187188344840801e-06
2.774457689382919466e-06
2.719953381795199172e-06
2.666703318981979896e-06
2.614662494916644903e-06
2.563794638597979161e-06
2.514142655633193162e-06
2.465640148247359140e-06
2.418282556912874546e-06
2.372062657909007889e-06
2.326919497499933254e-06
2.282883858324496929e-06
2.239898088666244550e-06
2.197922039857281373e-06
2.156995697698785042e-06
2.117043565398890445e-06
2.078063062621845960e-06
2.040035817329828027e-06
2.002899623365686071e-06
1.966692430567732320e-06
1.931346246012797696e-06
1.896821162239493372e-06
1.863156856780415705e-06
1.830274011409483396e-06
1.798177076459093823e-06
1.766838962088162211e-06
1.736198772414617957e-06
1.706305141922456560e-06
1.677083144605058772e-06
1.648498192241575468e-06
1.620590243142702251e-06
1.593278318436689077e-06
1.566577732077831390e-06
1.540456399839481256e-06
1.514856656116055154e-06
1.489837868134278704e-06
1.465320284370488260e-06
1.441280322097046526e-06
1.417757578043349942e-06
1.394669559970060641e-06
1.372045946067943655e-06
1.349853233542904770e-06
1.328035867719675841e-06
1.306663865453809992e-06
1.285656348219133432e-06
1.265001375830006708e-06
1.244735404939846389e-06
1.224778788463865348e-06
1.205173187115810531e-06
1.185882562431150998e-06
1.166855785270450226e-06
1.148168241894717688e-06
1.129738310994757201e-06
1.111568285310256012e-06
1.093685656984351877e-06
1.076020959899013302e-06
1.058624115940534410e-06
1.041459689087547942e-06
1.024483820312692654e-06
1.007773118358245397e-06
9.912478542951017091e-07
9.749207132685296041e-07
9.588080173967809381e-07
9.428466068919814642e-07
9.270893006742615464e-07
9.114966047452995708e-07
8.960314492876041336e-07
8.807658985509999755e-07
8.656265561318205647e-07
8.506384068814845702e-07
8.358146057789051808e-07
8.211074151918679628e-07
8.065797450327142537e-07
7.921983157972802854e-07
7.779426487459052736e-07
7.638819903241320870e-07
7.499542258149160938e-07
7.361927358653067814e-07
7.226036525703542786e-07
7.091467082139151434e-07
6.958792273263014534e-07
6.827622630252376219e-07
6.697775381706581556e-07
6.569737981792231179e-07
6.442893910281719670e-07
6.317510026163930333e-07
6.193500646528532558e-07
6.070470771108621711e-07
5.948860868600303948e-07
