# bin_4_1
1.275241854136921690e-05
1.278798656728918666e-05
1.282216285103084624e-05
1.285462137601729659e-05
1.288558796656877637e-05
1.291484444337931741e-05
1.294249975993123039e-05
1.296842521590726619e-05
1.299268885419565163e-05
1.301515129345627013e-05
1.303593170053267128e-05
1.305485172043578948e-05
1.307202072355207178e-05
1.308731440929279060e-05
1.310078431075238129e-05
1.311234701164854960e-05
1.312204374574616199e-05
1.312979527759321420e-05
1.313564068218137352e-05
1.313946960842485057e-05
1.314136453534969233e-05
1.314123378596769842e-05
1.313911069602106905e-05
1.313494067028159246e-05
1.312874378674401975e-05
1.312046096390770502e-05
1.311013544941205718e-05
1.309769209421504927e-05
1.308317731575083407e-05
1.306653505838911007e-05
1.304779099831747514e-05
1.302690556446255709e-05
1.300390279708649901e-05
1.297874161515968414e-05
1.295145531298554327e-05
1.292200063432172819e-05
1.289041371866111966e-05
1.285665993704840192e-05
1.282076590458780965e-05
1.278270669905984063e-05
1.274251123713695376e-05
1.270015420012780526e-05
1.265566844574294065e-05
1.260903374076075914e-05
1.256028520053537516e-05
1.250940532796257288e-05
1.245642317058142020e-05
1.240133237625880825e-05
1.234416828320729241e-05
1.228492171171760164e-05
1.222362780786623510e-05
1.216028669015538233e-05
1.209493570952339337e-05
1.202757503663956188e-05
1.195824275629869834e-05
1.188694129055459495e-05
1.181371982396010897e-05
1.173858140100776339e-05
1.166156705995053732e-05
1.158269689281867368e-05
1.150200982259816493e-05
1.141952557852752950e-05
1.133528653050660762e-05
1.124931000324463920e-05
1.116165659798784053e-05
1.107234080922516081e-05
1.098141137821509639e-05
1.088890504462452684e-05
1.079486373681696024e-05
1.069932539703319343e-05
1.060233832412515061e-05
1.050392952185877131e-05
1.040417473347678636e-05
1.030309714692227076e-05
1.020075549336848648e-05
1.009719900488208048e-05
9.992473662509605519e-06
9.886634024345320186e-06
9.779732830280251458e-06
9.671806727129201992e-06
9.562944345008121973e-06
9.453175422714260075e-06
9.342568356106735586e-06
9.231181340982227336e-06
9.119064006893754171e-06
9.006285880951716993e-06
8.892901544575149459e-06
8.778954835642047475e-06
8.664544804861999290e-06
8.549704419270000755e-06
8.434509339338898290e-06
8.319021928382210298e-06
8.203292783298430521e-06
8.087403923259877967e-06
7.971406862593941343e-06
7.855349731695028726e-06
7.739336579097731066e-06
7.623398345562611105e-06
7.507613944709818366e-06
7.392042964790127700e-06
7.276733407772926765e-06
7.161774891312823939e-06
7.047209571186067877e-06
6.933083382965922300e-06
6.819498634959433810e-06
6.706478521000361245e-06
6.594099990910113465e-06
6.482412048632452027e-06
6.371453447513514688e-06
6.261315539720756664e-06
6.152023932179868846e-06
6.043616771232818013e-06
5.936186748132696832e-06
5.829741845503733377e-06
5.724352123641032690e-06
5.620049023586486498e-06
5.516855655736513184e-06
5.414858506587118839e-06
5.314060433282517267e-06
5.214488626264405399e-06
5.116219233400277304e-06
5.019238393252419191e-06
4.923606743665900211e-06
4.829334359049393340e-06
4.736423511630646027e-06
4.644952377363745527e-06
4.554898865430779585e-06
4.466277250114972201e-06
4.379142554992060364e-06
4.293458357732936003e-06
4.209274667147709192e-06
4.126577987960924462e-06
4.045350326563958627e-06
3.965660180775254496e-06
3.887461288254779693e-06
3.810758181597587069e-06
3.735581838674891546e-06
3.661878969119287528e-06
3.589689572607605096e-06
3.518978719745864273e-06
3.449712125590049104e-06
3.381949608558143605e-06
3.315624894595416680e-06
3.250736569178916280e-06
3.187294003663068737e-06
3.125231960320802350e-06
3.064586024014766720e-06
3.005303090088355525e-06
2.947338892034179240e-06
2.890747078398186386e-06
2.835446860310072226e-06
2.781434906557816037e-06
2.728703231325278218e-06
2.677179736266976040e-06
2.626902654569332232e-06
2.577804658845371780e-06
2.529837997455685925e-06
2.483052665157706651e-06
2.437358194714016927e-06
2.392754140435272727e-06
2.349219673824960109e-06
2.306681917763735117e-06
2.265187287233368670e-06
2.224656883512141570e-06
2.185044154239159452e-06
2.146397958111291137e-06
2.108624376704595817e-06
2.071731256496868984e-06
2.035687777754184023e-06
2.000423312207152719e-06
1.965995907318761346e-06
1.932319266157640367e-06
1.899353794849237638e-06
1.867147627135269423e-06
1.835606116546620645e-06
1.804749295071916109e-06
1.774540781395467965e-06
1.744914499677008858e-06
1.715939740139413478e-06
1.687525503633628095e-06
1.659645431096868287e-06
1.632346147920964340e-06
1.605532715584180525e-06
1.579240834719825916e-06
1.553432786697909146e-06
1.528045811805730429e-06
1.503160165614689783e-06
1.478684718271310971e-06
1.454606978668264867e-06
1.430969625696230349e-06
1.407683237235565745e-06
1.384797195710354389e-06
1.362272510151895118e-06
1.340053335931300139e-06
1.318225369688989042e-06
1.296697057659580773e-06
1.275469828228019506e-06
1.254571461730461252e-06
1.233919085417701424e-06
1.213562723086970273e-06
1.193456150238098690e-06
1.173544532482616756e-06
1.153908408474685823e-06
1.134456994466119012e-06
1.115205295483363981e-06
1.096175206120462312e-06
1.077302792063021589e-06
1.058654970290581266e-06
1.040197331848128336e-06
1.021898698416871765e-06
1.003847582991222568e-06
9.859708363243160469e-07
9.683022088956592799e-07
9.508603827406238395e-07
9.335947615274621298e-07
9.165751400672355349e-07
8.997637255055543321e-07
8.831358093176213109e-07
8.667641972147546605e-07
8.505771003140216884e-07
8.346071314809230223e-07
8.188571121165864297e-07
8.032789888439253013e-07
7.879318791975645342e-07
7.727693088481002964e-07
7.577682655327399376e-07
7.429794988982624316e-07
7.283335136401146526e-07
7.138572412121125730e-07
6.995396166074131094e-07
6.853367160143525695e-07
6.712965731055310858e-07
