# bin_3_2
2.674028264217843506e-05
2.680678198126988535e-05
2.687002076291210959e-05
2.692955203114001688e-05
2.698564667194168297e-05
2.703799652158055439e-05
2.708671628430804173e-05
2.713160695075277469e-05
2.717273952068638394e-05
2.720991297515675477e-05
2.724323806911344760e-05
2.727247301454098716e-05
2.729773061287287767e-05
2.731883004701382052e-05
2.733580602880590984e-05
2.734853232124794667e-05
2.735702799389296604e-05
2.736116249600923370e-05
2.736097985890604897e-05
2.735632991718585949e-05
2.734727250587608744e-05
2.733367613868681176e-05
2.731554562175384475e-05
2.729280215882616144e-05
2.726544740895012946e-05
2.723339142492144164e-05
2.719666061879793476e-05
2.715515342023125489e-05
2.710890235404508040e-05
2.705782599080070532e-05
2.700193545842999825e-05
2.694117299672848259e-05
2.687554792500579170e-05
2.680500306493796374e-05
2.672956235966094510e-05
2.664917259284527393e-05
2.656386435618692215e-05
2.647359185995147243e-05
2.637837756876022360e-05
2.627819469428459105e-05
2.617307060029889362e-05
2.606298058111963486e-05
2.594795951123534533e-05
2.582799779217363108e-05
2.570313819667832483e-05
2.557337437956906737e-05
2.543874889139382338e-05
2.529927112093439129e-05
2.515500013768980214e-05
2.500594565491664589e-05
2.485216656143370795e-05
2.469370267203452332e-05
2.453061839397952789e-05
2.436295294170231208e-05
2.419077690913978130e-05
2.401413656603194167e-05
2.383313528077628685e-05
2.364781991556066330e-05
2.345827855114353074e-05
2.326460308122538662e-05
2.306688038958927328e-05
2.286520203564629199e-05
2.265967155945553424e-05
2.245037123848427952e-05
2.223745584838658588e-05
2.202100485527461071e-05
2.180114559028267855e-05
2.157801673096390341e-05
2.135172919409455077e-05
2.112242684130644619e-05
2.089024220837292756e-05
2.065529164636436797e-05
2.041777668296559670e-05
2.017780533296944322e-05
1.993553947178357123e-05
1.969115288122492039e-05
1.944477658938469975e-05
1.919659675612626532e-05
1.894676283904351123e-05
1.869541494155723551e-05
1.844278773540650374e-05
1.818900319781902188e-05
1.793424720328293736e-05
1.767870737491757522e-05
1.742252226427951911e-05
1.716590264521816563e-05
1.690899640924192469e-05
1.665195009176140923e-05
1.639501019113039475e-05
1.613829212087843789e-05
1.588198523883852764e-05
1.562626673316258472e-05
1.537126270336174535e-05
1.511718850598656976e-05
1.486416761785719446e-05
1.461233131798150858e-05
1.436191405531578525e-05
1.411300124452243984e-05
1.386576477408124549e-05
1.362034742896582376e-05
1.337684408514331556e-05
1.313545634949053690e-05
1.289626000690893715e-05
1.265935230614468495e-05
1.242493506967501356e-05
1.219304733660438316e-05
1.196382891491814918e-05
1.173736927397601265e-05
1.151371719070381098e-05
1.129304875301169356e-05
1.107537867836431885e-05
1.086076060119713672e-05
1.064935125891225709e-05
1.044113289046023996e-05
1.023620833033144894e-05
1.003460691346496731e-05
9.836325220740683474e-06
9.641509518272792830e-06
9.450109628733038554e-06
9.262139847507108495e-06
9.077708110333559366e-06
8.896737105968538246e-06
8.719299654272008021e-06
8.545369211976493222e-06
8.374891732651121144e-06
8.207989654805033635e-06
8.044556280404020142e-06
7.884575121628427860e-06
7.728108587842879611e-06
7.575030835723033723e-06
7.425394344499343613e-06
7.279124307775930124e-06
7.136128303202285895e-06
6.996514347114554754e-06
6.860131058867893231e-06
6.726948347137282084e-06
6.596986429391282116e-06
6.470091928071742468e-06
6.346307341100472472e-06
6.225521229867679986e-06
6.107618233807795995e-06
5.992701137036355100e-06
5.880588053870565894e-06
5.771248708640871889e-06
5.664670901061737221e-06
5.560688105077425925e-06
5.459349698342693485e-06
5.360517491602285945e-06
5.264068735659343903e-06
5.170109828703015670e-06
5.078440722093614575e-06
4.989041293337561030e-06
4.901876747529166956e-06
4.816778556630687940e-06
4.733820596902596679e-06
4.652845607748604863e-06
4.573736541812710568e-06
4.496608993489506457e-06
4.421252732644226557e-06
4.347668063217182405e-06
4.275805229221699030e-06
4.205504666856155912e-06
4.136876450804878721e-06
4.069745894228091585e-06
4.004008374369374342e-06
3.939791562691212394e-06
3.876884245351530125e-06
3.815317491794710609e-06
3.755027951818179518e-06
3.695866222305200079e-06
3.637982946722847239e-06
3.581189820204392052e-06
3.525403769060206007e-06
3.470760329046560409e-06
3.417047142147002327e-06
3.364332243336466779e-06
3.312543627093521347e-06
3.261541629858675151e-06
3.211510635227102890e-06
3.162249401537098015e-06
3.113708040057459205e-06
3.066021576382636838e-06
3.018972122257266467e-06
2.972668877641174300e-06
2.927036417878861014e-06
2.881937808039912007e-06
2.837583200707407814e-06
2.793766216928210567e-06
2.750469158424239311e-06
2.707814070810398500e-06
2.665590628868399178e-06
2.623938366525519600e-06
2.582775980117177028e-06
2.541979003331510628e-06
2.501764592582880016e-06
2.461925697089655504e-06
2.422483392186767370e-06
2.383527355856722524e-06
2.344876859556830783e-06
2.306682471092720378e-06
2.268864128399065909e-06
2.231318348507535142e-06
2.194253082506634289e-06
2.157475206612486289e-06
2.121037665371608011e-06
2.085001943680201659e-06
2.049221045835430509e-06
2.013847867539074415e-06
1.978801663318828504e-06
1.944002286457414703e-06
1.909623038790715240e-06
1.875481925526444163e-06
1.841633801127237668e-06
1.808094745757251895e-06
1.774728640166727266e-06
1.741656374760735876e-06
1.708780958994920466e-06
1.676036130972520993e-06
1.643548856429546927e-06
1.611166428146025628e-06
1.578956673413646528e-06
1.546930959990390236e-06
1.515007607017845356e-06
1.483314476068728091e-06
1.451797537795388795e-06
1.420454473999842896e-06
1.389410625496609160e-06
1.358587897483975819e-06
1.328085867874408965e-06
1.297936160332563963e-06
1.268111644825766358e-06
1.238728232595330775e-06
