# bin_3_3
4.333958546305493470e-05
4.340512155491659950e-05
4.346463400860474028e-05
4.351755739403646828e-05
4.356421002397868223e-05
4.360418247059394392e-05
4.363761451184073464e-05
4.366423660968579728e-05
4.368413500886054719e-05
4.369703617879314129e-05
4.370306286777263818e-05
4.370192591038090578e-05
4.369374448745310069e-05
4.367828479236609927e-05
4.365558999332866879e-05
4.362550296300065814e-05
4.358803636566083877e-05
4.354302866044687244e-05
4.349054416415152263e-05
4.343040431550373450e-05
4.336264853391653398e-05
4.328714570786581085e-05
4.320392581018282958e-05
4.311288442517829272e-05
4.301403354709615686e-05
4.290728053599971169e-05
4.279265984860954893e-05
4.267008210693742242e-05
4.253959941819200320e-05
4.240113492367289760e-05
4.225472782735063343e-05
4.210033915544291328e-05
4.193800253961167955e-05
4.176768845324841132e-05
4.158945313910461961e-05
4.140328025450802602e-05
4.120924148921876334e-05
4.100732680446771274e-05
4.079760543033191504e-05
4.058009731950267061e-05
4.035488418261154686e-05
4.012199348516881084e-05
3.988151409561234645e-05
3.963351246533815492e-05
3.937809152629691885e-05
3.911531589867789697e-05
3.884530260372007454e-05
3.856812909015486679e-05
3.828395247930355778e-05
3.799285947679671076e-05
3.769498671470430939e-05
3.739048876531913103e-05
3.707950524971799462e-05
3.676218395078128853e-05
3.643869020631386810e-05
3.610916407711599167e-05
3.577384152618913026e-05
3.543285807218620365e-05
3.508640942158177040e-05
3.473472506496465528e-05
3.437798284667766701e-05
3.401640914761391545e-05
3.365021574922181038e-05
3.327959272979686236e-05
3.290485059159598664e-05
3.252616699000948028e-05
3.214378695460016555e-05
3.175799929608487339e-05
3.136900573030971769e-05
3.097709862792056011e-05
3.058251540403654717e-05
3.018547997738029977e-05
2.978635542017014481e-05
2.938533774114289457e-05
2.898270626912669338e-05
2.857877339360610821e-05
2.817374717800818145e-05
2.776795467554524522e-05
2.736163068467606510e-05
2.695500349164042331e-05
2.654845724696508068e-05
2.614217501085887443e-05
2.573644163159915862e-05
2.533155381838131034e-05
2.492769803330946874e-05
2.452520451333186751e-05
2.412427006041479438e-05
2.372509694095237715e-05
2.332805407517596162e-05
2.293327815619651021e-05
2.254102784820616957e-05
2.215154661930169729e-05
2.176497061414850299e-05
2.138160659278439207e-05
2.100158171468741061e-05
2.062504538611062419e-05
2.025232047675780078e-05
1.988346988566205302e-05
1.951870157468293978e-05
1.915817940306901513e-05
1.880197088398860697e-05
1.845034361751677937e-05
1.810333099034981268e-05
1.776101358388622146e-05
1.742365023319508263e-05
1.709121812065827041e-05
1.676386759602188257e-05
1.644166812136741869e-05
1.612460995832635721e-05
1.581291943730172577e-05
1.550653026627621489e-05
1.520545454706171727e-05
1.490988267452896171e-05
1.461970436588554375e-05
1.433501952252594251e-05
1.405580682911134445e-05
1.378198311124485496e-05
1.351373994867988493e-05
1.325091726311819507e-05
1.299347874212208916e-05
1.274155105466822579e-05
1.249494182932732277e-05
1.225372242371408415e-05
1.201779708928264502e-05
1.178701887789734728e-05
1.156156203467258959e-05
1.134119314643156610e-05
1.112584699291058123e-05
1.091559667135884428e-05
1.071019022235513452e-05
1.050969012520478123e-05
1.031394125823613246e-05
1.012275504675208444e-05
9.936304695405314411e-06
9.754303051961609497e-06
9.576685059285941644e-06
9.403473765240506814e-06
9.234392217168067518e-06
9.069509169808816367e-06
8.908627577685701240e-06
8.751540413221152616e-06
8.598431504055095739e-06
8.448980444460527279e-06
8.303141529303079767e-06
8.160900340043741671e-06
8.021975360818453209e-06
7.886465861106673150e-06
7.754145441330071792e-06
7.624810694965945651e-06
7.498665140566095046e-06
7.375371554787514145e-06
7.254916332430762991e-06
7.137258829796574229e-06
7.022125996525827818e-06
6.909669739436402086e-06
6.799641139414534035e-06
6.691856605707034775e-06
6.586540362215133709e-06
6.483346378910475431e-06
6.382303994877021042e-06
6.283352827155314433e-06
6.186240084813766032e-06
6.091180329986261786e-06
5.997900335396094462e-06
5.906243047550137174e-06
5.816449861629996259e-06
5.728176999943704557e-06
5.641507096609909056e-06
5.556357995401054065e-06
5.472495049983959901e-06
5.390192687995528749e-06
5.309157399116966009e-06
5.229270576214607707e-06
5.150776906139226557e-06
5.073334050684316907e-06
4.997081153623231288e-06
4.921920836969592717e-06
4.847635749016251122e-06
4.774541153482217846e-06
4.702326353317589974e-06
4.630927867655562389e-06
4.560576626006560828e-06
4.490929181315010217e-06
4.422181106658223856e-06
4.354229525366742414e-06
4.286866636919151957e-06
4.220430605067234323e-06
4.154610752145781185e-06
4.089395410831021745e-06
4.024982500806127235e-06
3.961054378886737156e-06
3.897840340975115748e-06
3.835231847889680363e-06
3.773049894664587198e-06
3.711624493977113470e-06
3.650657447001727899e-06
3.590197103919211722e-06
3.530383893537102346e-06
3.470964450221362633e-06
3.412170891193133773e-06
3.353905096368148940e-06
3.296029509496087795e-06
3.238837899192491372e-06
3.182058562681404785e-06
3.125764918020143931e-06
3.070023737016984984e-06
3.014609583014365297e-06
2.959696742170377342e-06
2.905144139461032051e-06
2.850807506652861868e-06
2.796874363966900948e-06
2.743080181179293626e-06
2.689491748346674034e-06
2.636135011675270866e-06
2.582863404457921782e-06
2.529868397785493188e-06
2.477090660336305928e-06
2.424517796818819980e-06
2.372370169751579148e-06
2.320536512887637535e-06
2.269173327075719380e-06
2.218356864466219666e-06
2.168047966094114646e-06
2.118431351980066911e-06
2.069480861563222038e-06
2.021214378064084055e-06
1.973767237766291763e-06
1.927048396954311092e-06
1.881151734785214283e-06
1.836086238317998546e-06
1.791796207640373051e-06
1.748361091728244471e-06
