# bin_2_2
1.906618130057434934e-05
1.912515650333101682e-05
1.918203014638337239e-05
1.923641462363950941e-05
1.928856057853665657e-05
1.933820569416714363e-05
1.938545631017480416e-05
1.943014909283819532e-05
1.947235246813473929e-05
1.951189656690883241e-05
1.954889055752110535e-05
1.958312127579253819e-05
1.961470129955396734e-05
1.964347361638339089e-05
1.966947637374933706e-05
1.969260310034375472e-05
1.971287777573714326e-05
1.973018725284349269e-05
1.974457927552184018e-05
1.975591892770778811e-05
1.976426903915413696e-05
1.976951075690607521e-05
1.977165318976194708e-05
1.977062704458513155e-05
1.976643822265622196e-05
1.975900464000075380e-05
1.974835434068141477e-05
1.973439043379980728e-05
1.971714516857439085e-05
1.969654000772800976e-05
1.967258563724506591e-05
1.964522335636763092e-05
1.961446019769849336e-05
1.958023686292722013e-05
1.954257232020446301e-05
1.950140625632649732e-05
1.945676193874948143e-05
1.940858603182943904e-05
1.935689290523267159e-05
1.930164405877347696e-05
1.924285407339317467e-05
1.918048610740972265e-05
1.911456149068192228e-05
1.904504944627237846e-05
1.897197681562616325e-05
1.889531658263082903e-05
1.881509206756184181e-05
1.873128983549030184e-05
1.864394020594685786e-05
1.855302969766445300e-05
1.845859256638725680e-05
1.836063064405102591e-05
1.825918330213106163e-05
1.815425327940102564e-05
1.804588012512307483e-05
1.793407618850367498e-05
1.781889859212637198e-05
1.770036104201164914e-05
1.757851419136525738e-05
1.745339670486690726e-05
1.732506189737796103e-05
1.719354880898350078e-05
1.705891935758201166e-05
1.692121164772648098e-05
1.678051830705473455e-05
1.663687733936269694e-05
1.649036694188659780e-05
1.634106146019154515e-05
1.618903184283554847e-05
1.603435696459709164e-05
1.587712146190756258e-05
1.571739122956124140e-05
1.555529499225066458e-05
1.539089599728495213e-05
1.522429996782677241e-05
1.505561307793661198e-05
1.488492472029607728e-05
1.471235091704476706e-05
1.453799424658575554e-05
1.436194489303031508e-05
1.418436232013022432e-05
1.400532809846921945e-05
1.382497245030171101e-05
1.364342142705234792e-05
1.346077775123662312e-05
1.327718509646870722e-05
1.309275422132297037e-05
1.290759017381081267e-05
1.272187076323680335e-05
1.253568354488135104e-05
1.234917098626303069e-05
1.216246331371241255e-05
1.197566418565485256e-05
1.178893134392345543e-05
1.160236853376978372e-05
1.141608035420738368e-05
1.123024610650272658e-05
1.104494211877315178e-05
1.086030766376724114e-05
1.067645868878463652e-05
1.049348496526545333e-05
1.031154318163674952e-05
1.013071132791625709e-05
9.951077646931839491e-06
9.772805314518436952e-06
9.595944675598556953e-06
9.420617749535483185e-06
9.246908983938191068e-06
9.074879864254981420e-06
8.904673248071654751e-06
8.736327510379617885e-06
8.569903187683853443e-06
8.405533764161528663e-06
8.243231484141090682e-06
8.083092829805363041e-06
7.925160901964238902e-06
7.769459878509025553e-06
7.616110806770371637e-06
7.465105149388384770e-06
7.316473832668247274e-06
7.170313606737247525e-06
7.026592349710403860e-06
6.885381529950536547e-06
6.746681730552445617e-06
6.610477218997849504e-06
6.476867687602849417e-06
6.345800051985132093e-06
6.217278436412718374e-06
6.091362134978951444e-06
5.967979558745179816e-06
5.847181363860647254e-06
5.728928631270540310e-06
5.613172314162616819e-06
5.499995538706654577e-06
5.389307563081024441e-06
5.281096278477337350e-06
5.175385040417096364e-06
5.072076463802433235e-06
4.971207065722985446e-06
4.872706109439250093e-06
4.776501871394806755e-06
4.682667429915732805e-06
4.591084524885889896e-06
4.501734508227592517e-06
4.414612108856266804e-06
4.329604801148635611e-06
4.246747369572440667e-06
4.165944949296691606e-06
4.087114876115226525e-06
4.010327472533074342e-06
3.935446585221568095e-06
3.862455209574663061e-06
3.791327441536707112e-06
3.721944596042223200e-06
3.654353457994351190e-06
3.588441753273801676e-06
3.524126360714915471e-06
3.461480559756589006e-06
3.400357296864785250e-06
3.340749900553457477e-06
3.282618862981746917e-06
3.225848847379547361e-06
3.170509173503741608e-06
3.116472919081572933e-06
3.063662813809576395e-06
3.012159391863096406e-06
2.961812751990037887e-06
2.912635641661690999e-06
2.864577462249634000e-06
2.817528752072612141e-06
2.771587126103108429e-06
2.726614924258366863e-06
2.682548456946583625e-06
2.639474783594319817e-06
2.597242163359298717e-06
2.555889203503829034e-06
2.515358837184870614e-06
2.475548208183145272e-06
2.436581093815794814e-06
2.398310010533112025e-06
2.360694136057270882e-06
2.323822808763858793e-06
2.287539148758157844e-06
2.251912721533959693e-06
2.216884036536866011e-06
2.182351638662739082e-06
2.148461924572329363e-06
2.115062460518948782e-06
2.082135336540619841e-06
2.049764037630442108e-06
2.017794648644173682e-06
1.986322143510545621e-06
1.955282501902806350e-06
1.924581856761231900e-06
1.894377358839140557e-06
1.864513686414460409e-06
1.835001449804172520e-06
1.805903839124931001e-06
1.777084383205995759e-06
1.748650659177324375e-06
1.720537570456743670e-06
1.692663629494103964e-06
1.665184438049791393e-06
1.637950190454140289e-06
1.610995716137473272e-06
1.584365129762254747e-06
1.557943006061463554e-06
1.531845461995499765e-06
1.506007443555083838e-06
1.480367101273953146e-06
1.455066525133566150e-06
1.429968334837136615e-06
1.405121702079235331e-06
1.380548550413866748e-06
1.356148611100470040e-06
1.332027915941081613e-06
1.308111136463174738e-06
1.284344876095235598e-06
1.260833858944434603e-06
1.237445549998103557e-06
1.214223636232968720e-06
1.191163015520653271e-06
1.168176753435434170e-06
1.145354825178501184e-06
1.122627499468180913e-06
1.099969560241029539e-06
1.077472409185397542e-06
1.055049956043706702e-06
1.032773905921467218e-06
1.010661415778128957e-06
9.886809394798824411e-07
9.669364688458910945e-07
