# bin_2_1
6.139232071157929376e-05
6.057541931562535525e-05
5.976134945563147771e-05
5.895005156735231330e-05
5.814184356877057303e-05
5.733675142680678559e-05
5.653499478266092021e-05
5.573665862729656432e-05
5.494194371878114851e-05
5.415091919385019392e-05
5.336382037003780196e-05
5.258067882671929746e-05
5.180172895296026420e-05
5.102704282225109365e-05
5.025679864370809999e-05
4.949109904650484824e-05
4.873011359913257193e-05
4.797393222193495728e-05
4.722274220021388850e-05
4.647661141814008270e-05
4.573573486761723994e-05
4.500019000597291978e-05
4.427012546763006126e-05
4.354564882686740680e-05
4.282690559095153144e-05
4.211398596296759623e-05
4.140704794651913569e-05
4.070616334519268424e-05
4.001148636984037834e-05
3.932309706874877333e-05
3.864112697926362270e-05
3.796566290504156915e-05
3.729682775706591089e-05
3.663469886950674860e-05
3.597940059375245381e-05
3.533100003690878749e-05
3.468961631051099376e-05
3.405531441920825805e-05
3.342819880256535137e-05
3.280833465659579887e-05
3.219581707070037047e-05
3.159070316108719158e-05
3.099308338312465716e-05
3.040300651203979872e-05
2.982055588608983700e-05
2.924577372226893102e-05
2.867873054035303295e-05
2.811946516372027937e-05
2.756803865843584884e-05
2.702447890261566431e-05
2.648883979199858366e-05
2.596114272002582126e-05
2.544143277682043563e-05
2.492972109448436733e-05
2.442603883749185992e-05
2.393039127163472057e-05
2.344280237663763918e-05
2.296326695330965734e-05
2.249179570339643740e-05
2.202837754254511560e-05
2.157301444603472587e-05
2.112568274120249338e-05
2.068637252730423287e-05
2.025504991580955508e-05
1.983170183928957325e-05
1.941628283459147645e-05
1.900876316232056809e-05
1.860909572660396182e-05
1.821723769835310516e-05
1.783313070864959930e-05
1.745672296473182287e-05
1.708794123897941085e-05
1.672673703148694024e-05
1.637302651288200547e-05
1.602674053038432984e-05
1.568779944050439334e-05
1.535611878111539603e-05
1.503161098240546411e-05
1.471418644067740742e-05
1.440373761337579020e-05
1.410018763859091936e-05
1.380341986280255197e-05
1.351333599492689268e-05
1.322982884239900606e-05
1.295278334710000298e-05
1.268209193675341173e-05
1.241763686634101888e-05
1.215928865682849830e-05
1.190695226028069372e-05
1.166049000352721008e-05
1.141978745687589024e-05
1.118472121324375534e-05
1.095515967798204312e-05
1.073098893118821836e-05
1.051207772998914952e-05
1.029828791840317301e-05
1.008952118116232051e-05
9.885631952383736127e-06
9.686504747464739758e-06
9.492014219959914425e-06
9.302026439498297546e-06
9.116437107889885727e-06
8.935114306886079709e-06
8.757925486000907970e-06
8.584781963568940445e-06
8.415544103420420294e-06
8.250109366978703682e-06
8.088361229501661402e-06
7.930176337447629738e-06
7.775471411388101264e-06
7.624124562710733844e-06
7.476020599096465988e-06
7.331088500490566114e-06
7.189203883617173965e-06
7.050286298672789086e-06
6.914235485030184535e-06
6.780946063430228859e-06
6.650361363604669315e-06
6.522375203224633514e-06
6.396896353764015578e-06
6.273875032827099124e-06
6.153204506665362011e-06
6.034830736580536812e-06
5.918672937005307673e-06
5.804644505328641431e-06
5.692716826880805406e-06
5.582800906058528118e-06
5.474830350372927281e-06
5.368774957911359865e-06
5.264545698281533125e-06
5.162113979213988561e-06
5.061416043425579219e-06
4.962383095264605788e-06
4.865011327413176863e-06
4.769226536466727567e-06
4.674986191463896773e-06
4.582273593582046710e-06
4.491016927084197576e-06
4.401208600152151852e-06
4.312797921278814449e-06
4.225731175263773844e-06
4.140023874866636844e-06
4.055613307555234189e-06
3.972476589157334856e-06
3.890605510377251051e-06
3.809941622839585982e-06
3.730495011819664374e-06
3.652223081356626417e-06
3.575084277719223628e-06
3.499107976224267868e-06
3.424239295865701235e-06
3.350470180753391525e-06
3.277796317405786661e-06
3.206168552314222288e-06
3.135612194500034117e-06
3.066088282649813835e-06
2.997564674604881762e-06
2.930079607752148681e-06
2.863582177154857560e-06
2.798075369493486327e-06
2.733555092244322959e-06
2.669978951564178408e-06
2.607385427001138821e-06
2.545734758918536630e-06
2.485000995236990329e-06
2.425227361018268940e-06
2.366364997678025194e-06
2.308426219569499347e-06
2.251403762464983863e-06
2.195258550904308216e-06
2.140040209799524465e-06
2.085705798933152333e-06
2.032234661054665866e-06
1.979671512690374068e-06
1.927966510375609419e-06
1.877140255004831487e-06
1.827181406091732555e-06
1.778051859919132534e-06
1.729809480151088465e-06
1.682405854468351235e-06
1.635826739655979988e-06
1.590115459833948928e-06
1.545217542941890625e-06
1.501162212158800103e-06
1.457934360617486138e-06
1.415493159431458786e-06
1.373902892104157097e-06
1.333110002610077662e-06
1.293105633996433840e-06
1.253928270640063441e-06
1.215520263960548884e-06
1.177917903045361809e-06
1.141100678199345702e-06
1.105026384491240359e-06
1.069762289436022713e-06
1.035249106837404825e-06
1.001485892749194425e-06
9.685011076826372086e-07
9.362384106493511546e-07
9.047383184535386832e-07
8.739758546348916300e-07
8.439093221342033905e-07
8.146056624071636558e-07
7.860022499233298398e-07
7.581053513659494947e-07
7.309337819739987378e-07
7.044327659046212747e-07
6.786465715955543785e-07
6.535445580076730909e-07
6.290873041605156465e-07
6.053360396670611280e-07
5.822252658867516679e-07
5.597650608236121845e-07
5.379625919210740127e-07
5.167634883623588716e-07
4.962118329161841308e-07
4.762703990016315780e-07
4.569037315233190338e-07
4.381638243983464681e-07
4.199861302508632942e-07
4.023851314830071561e-07
3.853599774535740469e-07
3.688618775223027118e-07
3.529341656613009016e-07
3.375369757018221473e-07
3.226418208650851454e-07
3.082890328255643138e-07
2.944177727046995192e-07
2.810427466533834170e-07
2.681533604639697495e-07
2.557034976846216056e-07
2.437271697875907957e-07
