# bin_4_3
2.611373023279497745e-04
2.568748350063621033e-04
2.526485086042676536e-04
2.484586903573971287e-04
2.443064327558335165e-04
2.401922035524129556e-04
2.361168660617982867e-04
2.320809590506260113e-04
2.280852664914731172e-04
2.241302736405760294e-04
2.202167556113016577e-04
2.163451387980514515e-04
2.125161472488433501e-04
2.087302102216990595e-04
2.049879359735570490e-04
2.012897653686414605e-04
1.976362316158364850e-04
1.940277117410754639e-04
1.904647324296474746e-04
1.869476045917096746e-04
1.834767749284798004e-04
1.800525317929458778e-04
1.766752498752252728e-04
1.733451783628022446e-04
1.700626111556734720e-04
1.668277330989174619e-04
1.636407913422981391e-04
1.605019082000900166e-04
1.574112757252554948e-04
1.543689521185861177e-04
1.513750418026113737e-04
1.484295629076120410e-04
1.455325455547229268e-04
1.426839349311349273e-04
1.398837042064130876e-04
1.371317501289494604e-04
1.344279866570252929e-04
1.317722333320561485e-04
1.291643278926992377e-04
1.266040364629492738e-04
1.240911441180324239e-04
1.216253447510660756e-04
1.192063384886501781e-04
1.168338037992392971e-04
1.145073811559450155e-04
1.122266616882891820e-04
1.099912332023603200e-04
1.078006169342742471e-04
1.056543915580981756e-04
1.035520176667583563e-04
1.014929633967654495e-04
9.947672545695066405e-05
9.750271132319892698e-05
9.557033903935788948e-05
9.367899674806991163e-05
9.182801803307361261e-05
9.001684122055008709e-05
8.824474970156423361e-05
8.651105682198850604e-05
8.481513863981483185e-05
8.315624480112510542e-05
8.153369790829764784e-05
7.994676433565613789e-05
7.839466742440927326e-05
7.687678750470069208e-05
7.539231455950508385e-05
7.394050046250673640e-05
7.252067630054958300e-05
7.113202184137749808e-05
6.977385386044808327e-05
6.844540042536224683e-05
6.714586261303501983e-05
6.587464715069448276e-05
6.463093448146670485e-05
6.341400403591981850e-05
6.222321613362682806e-05
6.105776582600602623e-05
5.991704030885705085e-05
5.880030349909368120e-05
5.770680509598375579e-05
5.663604691947124253e-05
5.558726425710527430e-05
5.455983356198465875e-05
5.355319024287203393e-05
5.256661019515729212e-05
5.159960552358790735e-05
5.065151999683390182e-05
4.972170760505057705e-05
4.880979841384791373e-05
4.791512365071964570e-05
4.703719271322968248e-05
4.617554026792398329e-05
4.532955409565235565e-05
4.449890106847771915e-05
4.368302515273202429e-05
4.288140367694318235e-05
4.209380823703944143e-05
4.131967408598346544e-05
4.055865170694805780e-05
3.981038052663919723e-05
3.907436265354894062e-05
3.835043008930213477e-05
3.763811814270182657e-05
3.693702346059403831e-05
3.624704897879953895e-05
3.556772734790910879e-05
3.489884794610844011e-05
3.424013407246579371e-05
3.359119076816817321e-05
3.295200274363253634e-05
3.232217757402778148e-05
3.170142289449969235e-05
3.108974570059576148e-05
3.048675544595091149e-05
2.989236468322637399e-05
2.930636128908985238e-05
2.872842921689681327e-05
2.815868090777051596e-05
2.759677220674526529e-05
2.704251044193917736e-05
2.649597842705994608e-05
2.595682850341505374e-05
2.542508285655147897e-05
2.490057561254342428e-05
2.438303907569845376e-05
2.387269054116702096e-05
2.336921614121763814e-05
2.287250572474906594e-05
2.238268274169386566e-05
2.189942874690687223e-05
2.142285327787083810e-05
2.095280984729047744e-05
2.048906411822717309e-05
2.003190998806555085e-05
1.958104449257286558e-05
1.913643212863410235e-05
1.869819616866633927e-05
1.826604884219374867e-05
1.784016212877227270e-05
1.742038992555218320e-05
1.700652023907037232e-05
1.659889621092746723e-05
1.619721264748546035e-05
1.580149201888392111e-05
1.541183594612132406e-05
1.502797421370298345e-05
1.465013500736913036e-05
1.427815347628027150e-05
1.391183493452831756e-05
1.355154934608847835e-05
1.319697936517150768e-05
1.284818940950297927e-05
1.250524584358362571e-05
1.216788239265690674e-05
1.183638367301323769e-05
1.151055118704436041e-05
1.119020447378570485e-05
1.087572038593681129e-05
1.056675829444709607e-05
1.026341754379499682e-05
9.965720708654077450e-06
9.673401518846058223e-06
9.386797398170281307e-06
9.105661376909298749e-06
8.829822442099856318e-06
8.559647250392868543e-06
8.294773217688487349e-06
8.035337659806406161e-06
7.781311600386261510e-06
7.532419029670361751e-06
7.289037313296381216e-06
7.050870927074436203e-06
6.817769845673793491e-06
6.590070734846784500e-06
6.367385354097559810e-06
6.149888097732977102e-06
5.937506720591721263e-06
5.729957403809062096e-06
5.527631166783812949e-06
5.330187908441421891e-06
5.137519926082212182e-06
4.949915382770473801e-06
4.766961774588774177e-06
4.588867956939710666e-06
4.415533909491378621e-06
4.246667090788661559e-06
4.082649913473364993e-06
3.923124050322949490e-06
3.768025525342414252e-06
3.617575483515564389e-06
3.471379311988550065e-06
3.329659205946710726e-06
3.192294641905757590e-06
3.059020482238089348e-06
2.930183196941752351e-06
2.805429563284462514e-06
2.684754472773833338e-06
2.568287679832542254e-06
2.455695018075412170e-06
2.347166699211012169e-06
2.242560637712221056e-06
2.141630258198646832e-06
2.044621720127028148e-06
1.951166827034807653e-06
1.861236201357436673e-06
1.774817661834210078e-06
1.691564732585144972e-06
1.611551221702873164e-06
1.534549936195634719e-06
1.460290899082340431e-06
1.388874707541034880e-06
1.319936347470585125e-06
1.253433057160804222e-06
1.189301170763385477e-06
1.127282429578194103e-06
1.067458536013392955e-06
1.009681554440830937e-06
9.538233475644553101e-07
9.000059028597568456e-07
8.480295102918560812e-07
7.979509367056948350e-07
7.497714671548475200e-07
7.033738148060606891e-07
6.588612558062889797e-07
6.161581206901006544e-07
5.752188734721357147e-07
5.361218646068295947e-07
4.987392922954152379e-07
4.631122053263622980e-07
4.292192973375756296e-07
3.969745413025231065e-07
3.664109856154722809e-07
