# bin_1_1
8.712897131702160484e-09
8.748655848656047999e-09
8.785763216334501667e-09
8.824295845837666179e-09
8.864313342601660827e-09
8.905828514167260059e-09
8.948841370752581316e-09
8.993343413042199871e-09
9.039327873776898274e-09
9.086835799730470982e-09
9.135926278038086282e-09
9.186660101045636352e-09
9.239088685866688853e-09
9.293234420287394820e-09
9.349114563420791191e-09
9.406754139858767022e-09
9.466188156033630535e-09
9.527469120188309517e-09
9.590715972439926984e-09
9.656079146089081950e-09
9.723679443365522933e-09
9.793443329993790139e-09
9.865220596165055192e-09
9.938909441329802795e-09
1.001456449429362588e-08
1.009226619362854948e-08
1.017205302007491780e-08
1.025393573334559078e-08
1.033801372995268385e-08
1.042456849198838566e-08
1.051382261169152339e-08
1.060558550723879588e-08
1.069958603863599365e-08
1.079587662164728344e-08
1.089466861313328508e-08
1.099609280011806627e-08
1.110046150019283897e-08
1.120817076436259424e-08
1.131898025221688189e-08
1.143247492181222690e-08
1.154875914443143322e-08
1.166803412177762895e-08
1.179061989765645912e-08
1.191655866588839508e-08
1.204515389453329312e-08
1.217614290193902405e-08
1.230985039141460409e-08
1.244667565851425497e-08
1.258621165286153188e-08
1.272796363402513965e-08
1.287239356388459048e-08
1.302017190577862783e-08
1.317084142599383644e-08
1.332414749342366243e-08
1.348089442711168780e-08
1.364096208123429510e-08
1.380347481501897485e-08
1.396896600514672766e-08
1.413718325495807342e-08
1.430714373709637188e-08
1.447949703054337422e-08
1.465372870479512095e-08
1.482980588355182498e-08
1.500818614060432350e-08
1.518813842138996207e-08
1.537004954775999464e-08
1.555299434574759787e-08
1.573702767047173444e-08
1.592139666729485005e-08
1.610619690960274998e-08
1.629103773918890959e-08
1.647608367577245225e-08
1.666107925654236905e-08
1.684584000390856013e-08
1.703025330034509046e-08
1.721424358644390543e-08
1.739789658476537937e-08
1.758129579927757559e-08
1.776459315343091599e-08
1.794780659778629680e-08
1.813093571880323117e-08
1.831415098039974320e-08
1.849728899125916884e-08
1.868001081318173450e-08
1.886186923700606718e-08
1.904214170844426655e-08
1.921983038119453342e-08
1.939374935813237010e-08
1.956271737199501996e-08
1.972583355284926312e-08
1.988258002758295151e-08
2.003271005523978138e-08
2.017638337864293900e-08
2.031410274248302393e-08
2.044670131415369899e-08
2.057496418503169279e-08
2.069916099801914460e-08
2.081917262271439759e-08
2.093443331948213650e-08
2.104378651397405126e-08
2.114554317808480211e-08
2.123861297073989023e-08
2.132257328033709269e-08
2.139735461162721482e-08
2.146299526162640831e-08
2.151919672721314746e-08
2.156531436536366060e-08
2.160055817777383308e-08
2.162422661573971351e-08
2.163634567361558411e-08
2.163791188594833715e-08
2.163057046113484018e-08
2.161531057499177416e-08
2.159165244953628745e-08
2.155773670940978892e-08
2.151135278642386824e-08
2.145115263830747895e-08
2.137683332475279906e-08
2.128880927054720198e-08
2.118815462726405218e-08
2.107644528226442141e-08
2.095541300657909085e-08
2.082578091825900152e-08
2.068637322107938494e-08
2.053529387565056982e-08
2.037127373713310100e-08
2.019411804005102640e-08
2.000488363902026885e-08
1.980467266405320969e-08
1.959480400619581588e-08
1.937601925619576603e-08
1.914884530174856082e-08
1.891285803637751712e-08
1.866752690839944857e-08
1.841223631920513262e-08
1.814689060809337848e-08
1.787267856368592482e-08
1.759188528541433862e-08
1.730612029381348631e-08
1.701498422099510002e-08
1.671723749796043864e-08
1.641217311140638612e-08
1.610089315440196528e-08
1.578552894263782232e-08
1.546713050912174649e-08
1.514598428967336678e-08
1.482158852340105351e-08
1.449372994090836166e-08
1.416300039679779455e-08
1.383102663038125544e-08
1.349890367526609006e-08
1.316682462364215372e-08
1.283441827849250698e-08
1.250184615684906521e-08
1.217022584755498892e-08
1.184068310735503508e-08
1.151325061623485459e-08
1.118762869020046714e-08
1.086416540123525891e-08
1.054344456168637372e-08
1.022618266667071471e-08
9.912512904286161477e-09
9.602248112636175047e-09
9.296019206060641995e-09
8.994559710964441887e-09
8.698012427571356055e-09
8.406370427085948011e-09
8.119937901924453206e-09
7.839072097957851280e-09
7.563724467239835063e-09
7.293807069832280073e-09
7.029406371200708687e-09
6.770632392001449843e-09
6.517511041071454334e-09
6.270070521102304070e-09
6.028587040548571097e-09
5.793280635327511112e-09
5.564301736048258571e-09
5.342005759446378743e-09
5.126624621605642074e-09
4.918355256411226806e-09
4.717328239782961768e-09
4.523502145326433474e-09
4.336646278931930625e-09
4.156409402013090366e-09
3.982404705962123125e-09
3.814219958579160046e-09
3.651616857859826836e-09
3.494501593964516337e-09
3.342944245704074864e-09
3.197019745661972988e-09
3.056792889720147427e-09
2.922228994691543439e-09
2.793253227444439314e-09
2.669690054773689638e-09
2.551312451018012325e-09
2.437839077163292829e-09
2.328962462036232451e-09
2.224425968239776590e-09
2.124120659574542077e-09
2.028061347042554832e-09
1.936276769044625564e-09
1.848701189879893336e-09
1.765116973761741093e-09
1.685220235302283239e-09
1.608740625626800412e-09
1.535516808143363693e-09
1.465501144903702516e-09
1.398671470787423648e-09
1.334929324049449796e-09
1.274094958636897403e-09
1.215970860682459776e-09
1.160412532173652421e-09
1.107341325442960628e-09
1.056681996128795283e-09
1.008311799348737709e-09
9.620954086200458533e-10
9.179359200457733404e-10
8.757545183737702298e-10
8.354555599767028705e-10
7.969361194258566502e-10
7.601120205184058536e-10
7.249121578143282989e-10
6.912562170082754572e-10
6.590637682020508076e-10
6.282678147380715314e-10
5.988038076189136175e-10
5.706057436724809189e-10
5.436139831667014270e-10
5.177734165454949245e-10
4.930298677370476106e-10
4.693329518528407119e-10
4.466359954105617040e-10
4.248942701433078152e-10
4.040657995769058400e-10
3.841113054551389189e-10
3.649936592238922754e-10
3.466779823517107569e-10
3.291316055191924170e-10
3.123238784215111195e-10
2.962260114147399052e-10
2.808108789118173584e-10
2.660528238155112745e-10
2.519275993239286773e-10
2.384123361811966645e-10
2.254854147907915065e-10
2.131263059770438689e-10
2.013154063577404479e-10
1.900339458853823956e-10
1.792639550504337692e-10
1.689881905092892401e-10
1.591900474982660226e-10
1.498534713864563768e-10
1.409628832999496623e-10
1.325031314285703784e-10
1.244594475323850226e-10
1.168174226057996948e-10
1.095629891207314768e-10
1.026823818247761527e-10
9.616207112634764510e-11
8.998873059626701300e-11
8.414925081588836442e-11
7.863075404524613312e-11
7.342058959266416938e-11
6.850628677220043050e-11
6.387553100604152234e-11
5.951619168188106149e-11
5.541634352389561951e-11
5.156428075837571272e-11
4.794851784995310487e-11
4.455778721048953683e-11
4.138106208885934347e-11
3.840757610347124363e-11
3.562683789912986182e-11
3.302864989357550848e-11
3.060311982690666107e-11
2.834067253748200892e-11
2.623206083355495320e-11
2.426837305895010398e-11
2.244104203839664100e-11
2.074185178948057971e-11
1.916294016976887430e-11
1.769679464554099609e-11
1.633625528948437136e-11
1.507451046564238970e-11
1.390509362219190049e-11
1.282187680289931011e-11
1.181906235440693807e-11
1.089117414053217462e-11
1.003304803160084072e-11
9.239822461058756438e-12
8.506927447848021908e-12
7.830072469095905675e-12
7.205234530369689569e-12
6.628646170214406591e-12
6.096783903960652276e-12
5.606356262341866550e-12
5.154291396641882026e-12
4.737725285867779946e-12
4.353990195231555218e-12
4.000603635419382889e-12
3.675257613818442762e-12
3.375807939377689441e-12
3.100264037365508296e-12
2.846779264992656361e-12
2.613641763555133057e-12
2.399265719231806743e-12
2.202182893567364809e-12
2.021034649878183297e-12
1.854564459699930091e-12
1.701610838985745764e-12
1.561100743574044292e-12
1.432043231823527043e-12
1.313523570672403167e-12
1.204697713637966867e-12
1.104787162593932820e-12
1.013074159444695744e-12
9.288971662855007805e-13
8.516466417436863412e-13
7.807611331615191204e-13
7.157236368401830905e-13
6.560603143241686338e-13
6.013323284702464816e-13
5.511351482798219154e-13
5.050980842020643658e-13
4.628802276634220839e-13
4.241681309685991340e-13
3.886736527512583395e-13
3.561319601395130361e-13
3.262996932594335886e-13
2.989532667762499437e-13
2.738873021713381660e-13
2.509131745753026870e-13
2.298576698469462623e-13
2.105617490628292702e-13
1.928795773946787242e-13
1.766788142651098055e-13
1.618360769097578347e-13
1.482367183478619917e-13
1.357771776923847817e-13
1.243624388030416102e-13
1.139054696426768944e-13
1.043264119018007623e-13
9.555170005446840059e-14
8.751410115719097129e-14
8.015210423775761966e-14
7.341227244375347671e-14
6.723949087643807469e-14
6.158603471139770545e-14
5.640835913708060088e-14
5.166658483342581486e-14
4.732429085443905554e-14
4.334810942247554881e-14
3.970958068318426715e-14
3.637771388999558090e-14
3.332669378917768399e-14
3.053280780178128859e-14
2.797446292159612205e-14
2.563390793820891698e-14
2.349162130376664148e-14
2.152999803476150403e-14
1.973380768733611997e-14
1.808960940625707058e-14
1.658645232478996650e-14
1.521007004845147300e-14
1.394978029243126299e-14
1.279677562259072615e-14
1.174281505203609603e-14
1.077776563282171049e-14
9.894158474726255116e-15
9.087730649717239650e-15
8.349367271390581052e-15
7.673457076755245873e-15
7.057026642450103391e-15
6.492653512942231538e-15
5.976946260462228419e-15
5.506280021744158056e-15
5.075394978309483419e-15
4.683255418047078918e-15
4.324296727622774245e-15
3.997504356992788843e-15
3.698801294539204884e-15
3.427027198887223840e-15
3.178744949515695762e-15
2.953308537955659990e-15
2.747488004000920646e-15
2.560804384380569179e-15
2.390927506757415684e-15
2.236427201752980323e-15
2.096757655049625469e-15
1.969921413228294938e-15
1.854921128875195153e-15
1.751112848741626094e-15
1.657353369631008128e-15
1.572655283943083824e-15
1.496274725425155295e-15
1.427525380031324276e-15
1.365789566586705686e-15
1.310479300640712507e-15
1.261031367369794615e-15
