# bin_4_1
9.755008677167844545e-09
9.796441834485418530e-09
9.839358122513440535e-09
9.883817843348764806e-09
9.929888074560918190e-09
9.977640095383034666e-09
1.002714931360182117e-08
1.007847004414294693e-08
1.013162251666761632e-08
1.018661824210703141e-08
1.024346405440818378e-08
1.030219437500743524e-08
1.036287615343788930e-08
1.042558270527862116e-08
1.049041197576759898e-08
1.055747133464459171e-08
1.062686743009007837e-08
1.069866279662957526e-08
1.077282815105562364e-08
1.084931982365914505e-08
1.092813634469483572e-08
1.100936068580817176e-08
1.109313927278885667e-08
1.117963689381107097e-08
1.126896294275200074e-08
1.136105701238201192e-08
1.145582474251331371e-08
1.155328327963126498e-08
1.165363755710523572e-08
1.175714818086928931e-08
1.186389472313872070e-08
1.197372532417173984e-08
1.208657291337872540e-08
1.220270656758505588e-08
1.232246851411337534e-08
1.244584130944041557e-08
1.257262176994905413e-08
1.270299763638057353e-08
1.283737331816100110e-08
1.297566727699217112e-08
1.311761885895225698e-08
1.326354207159843948e-08
1.341361578552560172e-08
1.356743005116851728e-08
1.372508503753238337e-08
1.388679081864885311e-08
1.405212881358679929e-08
1.422126517664060041e-08
1.439425083703831582e-08
1.457084275026832969e-08
1.475135754304174166e-08
1.493558121891333354e-08
1.512374419982455647e-08
1.531576455321890373e-08
1.551169819381250037e-08
1.571146158746421258e-08
1.591501365512523005e-08
1.612214989127608691e-08
1.633277813048677891e-08
1.654672132740440903e-08
1.676393898057375679e-08
1.698446793186750402e-08
1.720840284432465873e-08
1.743587111118294424e-08
1.766700550840915325e-08
1.790177874913781497e-08
1.814016901891785214e-08
1.838212444419171266e-08
1.862761832205819927e-08
1.887673804468331739e-08
1.912940607883652862e-08
1.938544019955261696e-08
1.964455317977720889e-08
1.990628687623917752e-08
2.017011224415765130e-08
2.043546922472815548e-08
2.070184493303465639e-08
2.096870740478533586e-08
2.123566452729102069e-08
2.150243333185153948e-08
2.176888362526849881e-08
2.203507188334249478e-08
2.230119685195447198e-08
2.256762344100318055e-08
2.283476096328184526e-08
2.310258469968451673e-08
2.337080548534729666e-08
2.363878368196523884e-08
2.390554394158178804e-08
2.417007551431126018e-08
2.443147580183480074e-08
2.468895575044603088e-08
2.494193233985935138e-08
2.519019483978618818e-08
2.543373211173955267e-08
2.567247243554223856e-08
2.590605286840439968e-08
2.613408088746461244e-08
2.635610247417885157e-08
2.657209207491481409e-08
2.678214422603468013e-08
2.698611272055927512e-08
2.718334259536855220e-08
2.737250517021860358e-08
2.755189115481016613e-08
2.772013398536441790e-08
2.787686786891859384e-08
2.802240758196256437e-08
2.815747280371131831e-08
2.828261822807643891e-08
2.839773122624255731e-08
2.850188042287037031e-08
2.859384837571531969e-08
2.867202288150183203e-08
2.873528233889514203e-08
2.878331007881822225e-08
2.881674619267781481e-08
2.883619432822793710e-08
2.884197677095146201e-08
2.883358501055917761e-08
2.881014239001086464e-08
2.877079438866613071e-08
2.871505933956841960e-08
2.864240403644408462e-08
2.855294861791436746e-08
2.844771849558321184e-08
2.832740241669938231e-08
2.819172718712863720e-08
2.803959165182477166e-08
2.787007968827685690e-08
2.768367235979620624e-08
2.748137594192631979e-08
2.726404707815144549e-08
2.703172946925662974e-08
2.678406353979612800e-08
2.652064780074838995e-08
2.624206655421394742e-08
2.594935691798459983e-08
2.564337732845128371e-08
2.532429576825485683e-08
2.499206694042907402e-08
2.464699047957599835e-08
2.429008913780735339e-08
2.392244082758045714e-08
2.354441359801530759e-08
2.315627641822667114e-08
2.275869665051001534e-08
2.235261508609920642e-08
2.193908687949311895e-08
2.151860663214796024e-08
2.109164756225670292e-08
2.065923128239797295e-08
2.022233507750242439e-08
1.978159870883175530e-08
1.933759754733809385e-08
1.889116791036356637e-08
1.844312586365621890e-08
1.799402838477159961e-08
1.754446962483278150e-08
1.709510792070639359e-08
1.664659444381801014e-08
1.619946315954486644e-08
1.575424363292014879e-08
1.531161559743209549e-08
1.487207760369556572e-08
1.443610090422531477e-08
1.400419646824852723e-08
1.357674942922000552e-08
1.315408754434501000e-08
1.273649511095378344e-08
1.232420491796040308e-08
1.191743807549795813e-08
1.151643119150296798e-08
1.112147923703242903e-08
1.073291233213195271e-08
1.035114752839975265e-08
9.976629561781003211e-09
9.609872254449577727e-09
9.251380926325589028e-09
8.901661975534928042e-09
8.561164381708494722e-09
8.230218588653947460e-09
7.908984533685863287e-09
7.597416201197705043e-09
7.295326815455092287e-09
7.002434609333230226e-09
6.718424221984870575e-09
6.443060165108207725e-09
6.176260332370595362e-09
5.918056676060301521e-09
5.668520551239915153e-09
5.427697040241943123e-09
5.195582011038693613e-09
4.972089874399496553e-09
4.757032711998362002e-09
4.550139294372686105e-09
4.351102875807196430e-09
4.159611503818210218e-09
3.975428144432327556e-09
3.798469391952753796e-09
3.628758969955450070e-09
3.466301863884965341e-09
3.310964604043886797e-09
3.162417246084573116e-09
3.020213056761756481e-09
2.883944152665840935e-09
2.753344299396664441e-09
2.628308395468038209e-09
2.508786045576916331e-09
2.394646041456229896e-09
2.285654181920150765e-09
2.181536021142377319e-09
2.082055248939857079e-09
1.987044913785388948e-09
1.896351330329692584e-09
1.809779549153261727e-09
1.727126250921895744e-09
1.648227723664817894e-09
1.572931866388827357e-09
1.501062996833172019e-09
1.432444996300601811e-09
1.366929761243982985e-09
1.304385896790796494e-09
1.244670707710727262e-09
1.187641039323031588e-09
1.133171967226388561e-09
1.081141842061491022e-09
1.031427321564553066e-09
9.839151216972139634e-10
9.384987179984444997e-10
8.950737697823433801e-10
8.535430517417177758e-10
8.138155277308611140e-10
7.758031493397250171e-10
7.394227306209242416e-10
7.045960292334431680e-10
6.712489788405421128e-10
6.393120698210666226e-10
6.087200676712434307e-10
5.794114638917756542e-10
5.513284951002766383e-10
5.244170168656781345e-10
4.986262355200484955e-10
4.739085174208198246e-10
4.502192434718439643e-10
4.275166504329826824e-10
4.057615952172615983e-10
3.849173226483792602e-10
3.649492807466320022e-10
3.458249927410326345e-10
3.275138931443333817e-10
3.099871486049467686e-10
2.932174863987940672e-10
2.771790299406242407e-10
2.618471502310554318e-10
2.471983441850700400e-10
2.332101167066436509e-10
2.198608859486336720e-10
2.071298679588896287e-10
1.949969247656155566e-10
1.834424620392116970e-10
1.724473835899634152e-10
1.619930452042024276e-10
1.520612010047430582e-10
1.426339060814282756e-10
1.336934452800266652e-10
1.252223337190681882e-10
1.172033067391998492e-10
1.096193110584131699e-10
1.024534940532223190e-10
9.568918644533043144e-11
8.930992108933155055e-11
8.329944888934734938e-11
7.764175241272919144e-11
7.232107487988149301e-11
6.732194171197201722e-11
6.262918345827357670e-11
5.822795933786681324e-11
5.410377710549996131e-11
5.024251755331664535e-11
4.663045845064711002e-11
4.325429290681004785e-11
4.010114238364861948e-11
3.715857223838307442e-11
3.441460116718177790e-11
3.185771075010206512e-11
2.947685050749685325e-11
2.726143938286955022e-11
2.520136543250635696e-11
2.328698317316265618e-11
2.150910952430157598e-11
1.985901701950918825e-11
1.832842427009810064e-11
1.690948559137222506e-11
1.559477941220261441e-11
1.437729592432246013e-11
1.325042378903883116e-11
1.220793543186172366e-11
1.124397219930231703e-11
1.035302930065416169e-11
9.529940563433104164e-12
8.769863216403986126e-12
8.068262296466203149e-12
7.420895365565951164e-12
6.823797620117928635e-12
6.273267277666500340e-12
5.765851381136117973e-12
5.298331797234644266e-12
4.867711647078878521e-12
4.471202344091222213e-12
4.106211106665050960e-12
3.770329137820262742e-12
3.461321957442471887e-12
3.177112246325703368e-12
2.915776033584349584e-12
2.675530510287106375e-12
2.454724669980371318e-12
2.251830435757959204e-12
2.065434251804900064e-12
1.894229199294402053e-12
1.737007561903084471e-12
1.592653835702636168e-12
1.460138163742051298e-12
1.338510159349149909e-12
1.226893146698977677e-12
1.124479503230027590e-12
1.030524800337204417e-12
9.443409979181137920e-13
8.652958075529119142e-13
7.928070460435847752e-13
7.263388399896570816e-13
6.653980916133273315e-13
6.095311983288811124e-13
5.583209991717626517e-13
5.113848489790335081e-13
4.683705335590845312e-13
4.289527092399915970e-13
3.928336509357188258e-13
3.597399349174253047e-13
3.294204487722999193e-13
3.016446184753251513e-13
2.762025167392113891e-13
2.528985011373075629e-13
2.315537207293884111e-13
2.120046013163679367e-13
1.941010842753394237e-13
1.777066944231951829e-13
1.626949587787584015e-13
1.489489553780271733e-13
1.363625191940722719e-13
1.248386572496716840e-13
1.142895530042313834e-13
1.046314485201688439e-13
9.578938391912489312e-14
8.769556876031535884e-14
8.028724456665940775e-14
7.350544958168877705e-14
6.729767802329825839e-14
6.161684695128160386e-14
5.641677693707313416e-14
5.165738230175835089e-14
4.730234671374543563e-14
4.331605481891840759e-14
3.966858699977471878e-14
3.633068900401469979e-14
3.327605537989644291e-14
3.048151927120207185e-14
2.792394437660039043e-14
2.558469565443417628e-14
2.344386460076552389e-14
2.148605010814373901e-14
1.969461455471724299e-14
1.805631805701190639e-14
1.655780242243472031e-14
1.518712812894510430e-14
1.393415981136780833e-14
1.278822959544122806e-14
1.174049510803347376e-14
1.078310004613885524e-14
9.907916751318943950e-15
9.108068774652636077e-15
8.377238632161896851e-15
7.709905903780976233e-15
7.100455680611118907e-15
6.544013751385467461e-15
6.036139365445093881e-15
5.572761255605623532e-15
5.150145416399063270e-15
4.764865330051994325e-15
4.413775328254929788e-15
4.093986355248157453e-15
3.802995859676341834e-15
3.538308479348434792e-15
3.297602305851373162e-15
3.078834818943554219e-15
2.880414630318466455e-15
2.700308516470466076e-15
2.537217944654896442e-15
2.389525634896626085e-15
2.256147384274714841e-15
