# bin_4_2
1.063149732915028227e-08
1.067849167631358651e-08
1.072724385376892423e-08
1.077779540912371109e-08
1.083018064999112489e-08
1.088443170997487872e-08
1.094058045251222653e-08
1.099867664049346807e-08
1.105879108642730573e-08
1.112100494364054930e-08
1.118542447621652275e-08
1.125215575287946828e-08
1.132129990172384331e-08
1.139291980850820351e-08
1.146702320717615759e-08
1.154361529724120422e-08
1.162271344375796579e-08
1.170440406212631793e-08
1.178883106145433270e-08
1.187615586729160768e-08
1.196649666671881547e-08
1.205984724244999853e-08
1.215616381011056649e-08
1.225545009004421042e-08
1.235786939154283455e-08
1.246364749911495324e-08
1.257292127431544232e-08
1.268562770435502223e-08
1.280168674494224185e-08
1.292125441439539812e-08
1.304463765740038605e-08
1.317196318894993601e-08
1.330309096857274597e-08
1.343804262276115798e-08
1.357719472347488511e-08
1.372076113462070737e-08
1.386857813700097282e-08
1.402074980537800237e-08
1.417765765606160321e-08
1.433921908630207327e-08
1.450534914110034838e-08
1.467640224364175069e-08
1.485227748088432955e-08
1.503288493327104824e-08
1.521847842643346106e-08
1.540881830124629568e-08
1.560400493264065802e-08
1.580403744540428705e-08
1.600884019213458437e-08
1.621854697912862746e-08
1.643312520578032408e-08
1.665274172296678453e-08
1.687742617734042909e-08
1.710732523570343468e-08
1.734248573231604569e-08
1.758293606672781510e-08
1.782868220717633277e-08
1.807968601443913864e-08
1.833589282847526753e-08
1.859729349781383803e-08
1.886395027998667783e-08
1.913594732676845616e-08
1.941345555644270993e-08
1.969664970310361818e-08
1.998567241096830165e-08
2.028057868551615462e-08
2.058137242135426016e-08
2.088784818590765089e-08
2.119980609561393169e-08
2.151706044206754666e-08
2.183940059518468373e-08
2.216652826084015088e-08
2.249806228714759755e-08
2.283349488022386582e-08
2.317238582722495699e-08
2.351442718052298214e-08
2.385945602611605587e-08
2.420742019667813985e-08
2.455829279732635172e-08
2.491218886352239774e-08
2.526943443143429164e-08
2.563032933412805193e-08
2.599487932322883475e-08
2.636293781682498526e-08
2.673393805544002673e-08
2.710713933949649339e-08
2.748166864328268655e-08
2.785662088079113157e-08
2.823115643466425099e-08
2.860473639356855400e-08
2.897708006175743790e-08
2.934817631297681352e-08
2.971800523509303507e-08
3.008631738010142339e-08
3.045264929054716905e-08
3.081636238226111756e-08
3.117717098466421051e-08
3.153491266360265787e-08
3.188934518647373027e-08
3.223986060995522595e-08
3.258533426841442195e-08
3.292422494108526505e-08
3.325509937716802599e-08
3.357729547872419672e-08
3.389081088584523553e-08
3.419616224002971767e-08
3.449368526867079732e-08
3.478287321898716379e-08
3.506265774650439789e-08
3.533163418126073362e-08
3.558825009501076030e-08
3.583119399139585322e-08
3.605986043633860858e-08
3.627448194273063921e-08
3.647525677744115996e-08
3.666201201253953351e-08
3.683375038107755262e-08
3.698920668910053812e-08
3.712732817305095287e-08
3.724722245081958863e-08
3.734809070345042720e-08
3.742969601074839219e-08
3.749237919376492191e-08
3.753617366496758107e-08
3.756037583872091758e-08
3.756355930564239570e-08
3.754467588608438418e-08
3.750376024458030604e-08
3.744123707001004282e-08
3.735740151473693287e-08
3.725175119988587729e-08
3.712358549558019596e-08
3.697222138919981664e-08
3.679796762364851729e-08
3.660131853821601091e-08
3.638259811894522351e-08
3.614166155053871373e-08
3.587819728989571461e-08
3.559237141260222364e-08
3.528491756730619733e-08
3.495649512526288617e-08
3.460728686733651756e-08
3.423752392778275085e-08
3.384776642320678177e-08
3.343888847630091650e-08
3.301181572635717771e-08
3.256700552293970675e-08
3.210511007731847498e-08
3.162723401150451834e-08
3.113441449520657521e-08
3.062748249759513136e-08
3.010730696951259237e-08
2.957503869279625202e-08
2.903176915087122619e-08
2.847844843534921537e-08
2.791609910743979159e-08
2.734580228551386089e-08
2.676862973911115649e-08
2.618553849525207972e-08
2.559751425972989078e-08
2.500564633125439786e-08
2.441082667420397094e-08
2.381401978047375351e-08
2.321616981656630224e-08
2.261813398930343713e-08
2.202074788419163864e-08
2.142481546594100109e-08
2.083108146680080921e-08
2.024024895238345843e-08
1.965300251897661165e-08
1.906998769657115347e-08
1.849182921807947446e-08
1.791912388534240055e-08
1.735244667708691233e-08
1.679235513213755974e-08
1.623940050503042046e-08
1.569411888128528477e-08
1.515705358114709987e-08
1.462871339195297967e-08
1.410961640470945398e-08
1.360025501386509844e-08
1.310110402511448657e-08
1.261262216700775124e-08
1.213523648385331211e-08
1.166933529835267260e-08
1.121526493650191366e-08
1.077331341889765468e-08
1.034371118350062415e-08
9.926630558320229946e-09
9.522184753198858965e-09
9.130437826070890239e-09
8.751399319044624242e-09
8.385033984885664421e-09
8.031251589686692318e-09
7.689909719141863357e-09
7.360804551308043305e-09
7.043681483983102740e-09
6.738248360226937110e-09
6.444195283153178790e-09
6.161216058491061856e-09
5.889024562451330766e-09
5.627366157692652921e-09
5.376019000459641005e-09
5.134789234770247496e-09
4.903496722859817469e-09
4.681954244749105922e-09
4.469939073513011005e-09
4.267169645281888088e-09
4.073306341465726513e-09
3.887974195798159745e-09
3.710796227981646636e-09
3.541426766992848292e-09
3.379569188124430056e-09
3.224967024445497991e-09
3.077378107497993749e-09
2.936544560009440530e-09
2.802181189663924440e-09
2.673992679706420503e-09
2.551695666929259617e-09
2.435031225712587140e-09
2.323760851579507283e-09
2.217649752973954196e-09
2.116455957405974156e-09
2.019936109516832427e-09
1.927861328947378683e-09
1.840024099000842215e-09
1.756229703564257309e-09
1.676284238942920452e-09
1.599990875932168902e-09
1.527160763082327254e-09
1.457620409462016561e-09
1.391208987422845436e-09
1.327770493202116000e-09
1.267151636907251490e-09
1.209207593239637795e-09
1.153803239121754267e-09
1.100811034289711801e-09
1.050108869947288264e-09
1.001581942189146857e-09
9.551219868983145288e-10
9.106272578583895684e-10
8.680020705498767073e-10
8.271567374879659279e-10
7.880070248307613634e-10
7.504742851788929611e-10
7.144849563719381329e-10
6.799703318884503418e-10
6.468662721728462952e-10
6.151129792126121489e-10
5.846546651847806103e-10
5.554393090264042048e-10
5.274183769806058325e-10
5.005465387866491740e-10
4.747814040461531598e-10
4.500832600608036748e-10
4.264148230645913058e-10
4.037409998548299596e-10
3.820286584169293360e-10
3.612464080148237622e-10
3.413643909483124362e-10
3.223540901021728316e-10
3.041881568721586169e-10
2.868402525143188085e-10
2.702849035647045357e-10
2.544973684132290668e-10
2.394535197539112867e-10
2.251297474945837137e-10
2.115028771871172177e-10
1.985501032190021321e-10
1.862489316583393880e-10
1.745771366204504779e-10
1.635127283977524186e-10
1.530339335173881115e-10
1.431191892427174451e-10
1.337471441052725456e-10
1.248966664491904321e-10
1.165468554631656197e-10
1.086770556214991217e-10
1.012668817908376752e-10
9.429624806568818864e-11
8.774539925550246286e-11
8.159494009977714402e-11
7.582585750949027018e-11
7.041955143882552542e-11
6.535786403718731550e-11
6.062310919865287630e-11
5.619809811358871745e-11
5.206615902430769123e-11
4.821115501461515886e-11
4.461750073646350926e-11
4.127017702479108969e-11
3.815474125919622626e-11
3.525733386060487569e-11
3.256468150757134550e-11
3.006409793895924507e-11
2.774348229017579534e-11
2.559131398478215937e-11
2.359664505684490180e-11
2.174909001888669239e-11
2.003881387975685774e-11
1.845651866087516185e-11
1.699342817742238224e-11
1.564127160516743704e-11
1.439226588219983343e-11
1.323909721895683737e-11
1.217490207535241947e-11
1.119324771402225394e-11
1.028811267485203585e-11
9.453867196192521551e-12
8.685254319913922531e-12
7.977369713709805971e-12
7.325640815673330532e-12
6.725811616804774041e-12
6.173923264883395602e-12
5.666296567995407351e-12
5.199515071275986057e-12
4.770408764664821085e-12
4.376038529814465369e-12
4.013681313009091165e-12
3.680815972949322892e-12
3.375109807565414915e-12
3.094405756488278617e-12
2.836710429201963390e-12
2.600184266016825795e-12
2.383125470949010155e-12
2.183965629577040676e-12
2.001258210589397038e-12
1.833669682021253246e-12
1.679971208049654257e-12
1.539030885221684750e-12
1.409806492176165921e-12
1.291339330433823198e-12
1.182747315734471123e-12
1.083217089541798647e-12
9.920020113142383735e-13
9.084156939498127054e-13
8.318273043716089025e-13
7.616572136795981400e-13
6.973744880085809244e-13
6.384888545764165038e-13
5.845509189914868510e-13
5.351485049783388964e-13
4.899033004601041193e-13
4.484692691608893358e-13
4.105273976080528008e-13
3.757846833485028561e-13
3.439731204993415225e-13
3.148474293265573839e-13
2.881830325969883239e-13
2.637718364721471040e-13
2.414244208145867899e-13
2.209681968883966108e-13
2.022436885893969048e-13
1.851041983926215028e-13
1.694166797236170823e-13
1.550592746496240924e-13
1.419184777561992419e-13
1.298923365205916250e-13
1.188868552021256805e-13
1.088147401020556398e-13
9.959854161471131908e-14
9.116457475720764986e-14
8.344720266840531522e-14
7.638571397549890657e-14
6.992421277297048790e-14
6.401237688033317504e-14
5.860301885867520599e-14
5.365402774397586004e-14
4.912604952301332806e-14
4.498335145613013919e-14
4.119366207154114798e-14
3.772635133484416717e-14
3.455483326795910094e-14
3.165360834430611393e-14
2.899960460149419532e-14
2.657224022587306433e-14
2.435227597644610796e-14
2.232190836692525228e-14
2.046512029844592023e-14
1.876724908151092263e-14
1.721488791812716251e-14
1.579583734646872056e-14
1.449866451421295622e-14
1.331307211232275323e-14
1.222963734654668975e-14
1.123973144541035583e-14
1.033560690727510453e-14
9.509905029328452230e-15
8.755981232872191788e-15
8.067753065509719750e-15
7.439723730108951399e-15
6.866994809748862095e-15
6.344618847967994049e-15
5.868595949611396751e-15
5.434853866438702080e-15
5.040003225573524030e-15
4.680586763020213523e-15
4.353823769427047490e-15
4.056902864187389244e-15
3.787292729811582503e-15
