# bin_4_4
1.151084831842512481e-08
1.156318219441410976e-08
1.161742171736311116e-08
1.167364417545404224e-08
1.173193489622342373e-08
1.179238431391532433e-08
1.185508780966744425e-08
1.192011877182025115e-08
1.198751447142450671e-08
1.205730342182262347e-08
1.212950974241665480e-08
1.220418758991776836e-08
1.228142709827305839e-08
1.236132610524589709e-08
1.244401028965724672e-08
1.252961635966638267e-08
1.261828131136552901e-08
1.271009522344034300e-08
1.280504948434047880e-08
1.290312059817450357e-08
1.300433211583993317e-08
1.310880048306260781e-08
1.321671253051250689e-08
1.332827645147658514e-08
1.344364089742924093e-08
1.356276919064447607e-08
1.368558852319341855e-08
1.381214911317021859e-08
1.394270858133905942e-08
1.407758758468636855e-08
1.421690892321203953e-08
1.436054028352851564e-08
1.450844214541433346e-08
1.466094849323422327e-08
1.481847819798437192e-08
1.498105175203758679e-08
1.514847921783647068e-08
1.532100842153073516e-08
1.549914118850065162e-08
1.568283613835928122e-08
1.587184159622700481e-08
1.606656561272942425e-08
1.626727828743529232e-08
1.647356958723613092e-08
1.668561819642742551e-08
1.690374309291440349e-08
1.712752625482586924e-08
1.735723653141414795e-08
1.759300494098837829e-08
1.783461411220388027e-08
1.808250999959553830e-08
1.833650270991697173e-08
1.859693731270015978e-08
1.886378415344668217e-08
1.913719615371907358e-08
1.941715718281912937e-08
1.970372269686477527e-08
1.999675458320271612e-08
2.029625767975426778e-08
2.060212705929344342e-08
2.091440773086588106e-08
2.123321978424677159e-08
2.155873712132652135e-08
2.189116733416821656e-08
2.223072591312358040e-08
2.257746261964657799e-08
2.293143592898722801e-08
2.329267389277488751e-08
2.366123074485107450e-08
2.403727389617762327e-08
2.442080234756434001e-08
2.481170934585528904e-08
2.520978252768519635e-08
2.561463392084362349e-08
2.602580188977396541e-08
2.644278734563522415e-08
2.686513604532241660e-08
2.729236554767068292e-08
2.772414480445843117e-08
2.816025346282358012e-08
2.860061181540445995e-08
2.904532027304038146e-08
2.949459093285115777e-08
2.994878885122949684e-08
3.040832212328188027e-08
3.087318251716406539e-08
3.134311302187429278e-08
3.181749882111284527e-08
3.229537299548743408e-08
3.277572404209490358e-08
3.325764464874470955e-08
3.374034076617470455e-08
3.422322210035220800e-08
3.470604372247040328e-08
3.518873545935747822e-08
3.567115122884457294e-08
3.615282527904163062e-08
3.663318256770632941e-08
3.711152197871691569e-08
3.758768613341740160e-08
3.806179316753427985e-08
3.853358970750578664e-08
3.900217382070692469e-08
3.946606017720427890e-08
3.992336943070059156e-08
4.037243410211273199e-08
4.081264521928331613e-08
4.124406205041896304e-08
4.166711382389903960e-08
4.208205220852241471e-08
4.248841854779732053e-08
4.288492093143276349e-08
4.326995569462380623e-08
4.364149815166548445e-08
4.399801046917507445e-08
4.433873763174813812e-08
4.466385210365414939e-08
4.497341083472674316e-08
4.526715866175546345e-08
4.554397089840299188e-08
4.580236167282979027e-08
4.604087267843130450e-08
4.625843890036062326e-08
4.645392092200880435e-08
4.662680643933350590e-08
4.677744334576252987e-08
4.690579797194207836e-08
4.701090633419157494e-08
4.709101650291858593e-08
4.714457653995437402e-08
4.717144025023160549e-08
4.717191208328205836e-08
4.714612464943545748e-08
4.709341961275217199e-08
4.701280871039655758e-08
4.690328523130608439e-08
4.676483483298288971e-08
4.659787047370715583e-08
4.640265363422974366e-08
4.617879792707385923e-08
4.592579106337701680e-08
4.564350136755753781e-08
4.533254891501102838e-08
4.499365692099231920e-08
4.462688816131922199e-08
4.423229299952071109e-08
4.381036903293311253e-08
4.336191957370271960e-08
4.288793080929354399e-08
4.238889557468183753e-08
4.186535358026773046e-08
4.131846321844203333e-08
4.074940454162425918e-08
4.015910822123631430e-08
3.954852903362401613e-08
3.891896611190635509e-08
3.827177863185259367e-08
3.760813786624361049e-08
3.692931047130568098e-08
3.623666733067045784e-08
3.553160837045933988e-08
3.481542807127078339e-08
3.408941480839349590e-08
3.335502194934086223e-08
3.261353340714689697e-08
3.186623998851274365e-08
3.111450270474316248e-08
3.035956832761501603e-08
2.960265522644480178e-08
2.884494406746058902e-08
2.808753449886447487e-08
2.733146521500956387e-08
2.657770515532168894e-08
2.582718803587614397e-08
2.508077849241266789e-08
2.433933236746297354e-08
2.360363850595269580e-08
2.287448348709542044e-08
2.215258537274253610e-08
2.143864321444029347e-08
2.073332913890812603e-08
2.003729714455289386e-08
1.935120601479664173e-08
1.867570841676580385e-08
1.801146197542745507e-08
1.735912035052098940e-08
1.671933127058229800e-08
1.609272076243436763e-08
1.547990545670594077e-08
1.488147520604802070e-08
1.429798140828761263e-08
1.372992256871959075e-08
1.317772817946486078e-08
1.264173756302494957e-08
1.212219015598357592e-08
1.161920823583821038e-08
1.113280121969574014e-08
1.066286793937914587e-08
1.020921133723498949e-08
9.771559474695654973e-09
9.349588354652567997e-09
8.942942697551872296e-09
8.551256038348810018e-09
8.174166488731415535e-09
7.811330052747673723e-09
7.462430798878539227e-09
7.127183662794549834e-09
6.805333862140490247e-09
6.496640882401857261e-09
6.200853897329796616e-09
5.917686141179473354e-09
5.646802703130255765e-09
5.387821468658384851e-09
5.140323983928656513e-09
4.903870598313064121e-09
4.678014815044996251e-09
4.462320530402800186e-09
4.256378831835587086e-09
4.059811167794617688e-09
3.872260624387000248e-09
3.693380739040075001e-09
3.522826860430248892e-09
3.360252518732373742e-09
3.205308392606418432e-09
3.057646591699176622e-09
2.916928061128457803e-09
2.782826802842578266e-09
2.655030539306466140e-09
2.533240299752760599e-09
2.417168534053008507e-09
2.306537852933000385e-09
2.201080673054086375e-09
2.100538813739535629e-09
2.004663594449827669e-09
1.913216477805992110e-09
1.825970036315082037e-09
1.742708694175856743e-09
1.663227703346296452e-09
1.587331664589472962e-09
1.514833970383996611e-09
1.445557933981603068e-09
1.379337215173638256e-09
1.316014734805446280e-09
1.255441958108483822e-09
1.197478830695846504e-09
1.141993930220525560e-09
1.088863945399919283e-09
1.037973108525716494e-09
9.892129930628974221e-10
9.424822722213029755e-10
8.976862394403634393e-10
8.547364828704028787e-10
8.135505323225209468e-10
7.740514869615804759e-10
7.361676334892124758e-10
6.998321280002481953e-10
6.649826088538883815e-10
6.315608603883851244e-10
5.995124754160262434e-10
5.687865279051120636e-10
5.393352557144400081e-10
5.111137579110374661e-10
4.840797093586961747e-10
4.581930936502150319e-10
4.334159469767404638e-10
4.097121184260549561e-10
3.870470518955140104e-10
3.653875877540097156e-10
3.447017829327921030e-10
3.249587460449994733e-10
3.061284914483296642e-10
2.881818120410481846e-10
2.710901702400113393e-10
2.548256057788964289e-10
2.393606579301471237e-10
2.246683036459037430e-10
2.107219087235508955e-10
1.974951922888347517e-10
1.849622029500630149e-10
1.730973051141026803e-10
1.618751750478304532e-10
1.512708048370597698e-10
1.412595103665016801e-10
1.318169502291887164e-10
1.229191454060482202e-10
1.145425032852094615e-10
1.066638442452073196e-10
9.926042980914677989e-11
9.230999110742757821e-11
8.579075793991328357e-11
7.968148659005086712e-11
7.396148599205724438e-11
6.861064193229740439e-11
6.360943842607915598e-11
5.893897728129680638e-11
5.458099501097746192e-11
5.051787684312207501e-11
4.673266752506822707e-11
4.320907810984838613e-11
3.993148947067188006e-11
3.688495262942987344e-11
3.405518633979019848e-11
3.142857226755855936e-11
2.899214747264152507e-11
2.673359454369241178e-11
2.464122930583554637e-11
2.270398627521215036e-11
2.091140234642350254e-11
1.925359893710233783e-11
1.772126314018822123e-11
1.630562800880633234e-11
1.499845211253812723e-11
1.379200017847550789e-11
1.267901518764560063e-11
1.165270317063811874e-11
1.070670906535798898e-11
9.835095021989944603e-12
9.032318982001090544e-12
8.293213598837791871e-12
7.612965636251773075e-12
6.987095908217350783e-12
6.411439810575856610e-12
5.882128530611226593e-12
5.395570948927686698e-12
4.948436292505729262e-12
4.537638289681324814e-12
4.160318497647922965e-12
3.813829106474990103e-12
3.495722463547082398e-12
3.203735951607972794e-12
2.935779209437118806e-12
2.689922063373938422e-12
2.464383178527866608e-12
2.257519386778819581e-12
2.067816602269499686e-12
1.893878864739498767e-12
1.734418605347157603e-12
1.588251444502613439e-12
1.454287168333176538e-12
1.331522601471943516e-12
1.219034977197683331e-12
1.115977495206162231e-12
1.021568674174892893e-12
9.350912047374629870e-13
8.558864836197277484e-13
7.833495752115441174e-13
7.169261295506465350e-13
6.561058782899983608e-13
6.004196461119754414e-13
5.494378617947584592e-13
5.027667386770399668e-13
4.600461270642499469e-13
4.209425008624324723e-13
3.851517861179479569e-13
3.523960845221160756e-13
3.224200351821455378e-13
2.949880705551106348e-13
2.698858306921245763e-13
2.469179761860900741e-13
2.259023371401031647e-13
2.066743080302810241e-13
1.890835504242756912e-13
1.729898422755360821e-13
1.582676152588892025e-13
1.447998908854330614e-13
1.324800471993789820e-13
1.212114406189721375e-13
1.109034861828917240e-13
1.014760187245393936e-13
9.285252490936538176e-14
8.496607478810644164e-14
7.775259825124770109e-14
7.115568641052490984e-14
6.512232532451428703e-14
5.960435354899863264e-14
5.455861605183626443e-14
4.994402523893792265e-14
4.572409482131704841e-14
4.186571132731006301e-14
3.833750122854573890e-14
3.511141251018985779e-14
3.216178051245000167e-14
2.946543175154788721e-14
2.700050293163299996e-14
2.474730453732719213e-14
2.268784994015238709e-14
2.080567928262687863e-14
1.908573034283796749e-14
1.751421992250546962e-14
1.607853585343192626e-14
1.476713602714817583e-14
1.356964730903546254e-14
1.247633109068099398e-14
1.147823223840104200e-14
1.056725454164219843e-14
9.736377143585082886e-15
8.978378556661771024e-15
8.287419578539051052e-15
7.657562256416592355e-15
7.083973681038840613e-15
