# bin_2_1
9.295824883574300454e-09
9.334550893970921708e-09
9.374710289473914819e-09
9.416333617322303743e-09
9.459444234097686681e-09
9.504063107216552496e-09
9.550210761558037203e-09
9.597923811643648922e-09
9.647257820344946978e-09
9.698277320366618636e-09
9.751069417063852329e-09
9.805720900203937042e-09
9.862313496028427858e-09
9.920893125898638488e-09
9.981453998370076309e-09
1.004398745770682418e-08
1.010849536733316623e-08
1.017504266953363490e-08
1.024374645641147695e-08
1.031473940144261261e-08
1.038811350852874321e-08
1.046384579320897199e-08
1.054187818641057753e-08
1.062219546592615106e-08
1.070492778243927229e-08
1.079026173637818743e-08
1.087830183192842399e-08
1.096896957292576550e-08
1.106217024244948435e-08
1.115802296753590598e-08
1.125678309007372825e-08
1.135854257458480697e-08
1.146315215084522424e-08
1.157060641673854575e-08
1.168121882963099832e-08
1.179515981573100033e-08
1.191226036471488516e-08
1.203258244658784956e-08
1.215643462746021526e-08
1.228371815273406486e-08
1.241432327111502342e-08
1.254852240600493952e-08
1.268619447235417077e-08
1.282721654767468944e-08
1.297176241806903817e-08
1.311958150476916272e-08
1.327070599493969690e-08
1.342508937954450818e-08
1.358261634428393139e-08
1.374335420913836033e-08
1.390723299038879148e-08
1.407435244315513322e-08
1.424469829545699432e-08
1.441835352750253510e-08
1.459531143107453128e-08
1.477554348720186106e-08
1.495899538284520749e-08
1.514557341861270374e-08
1.533516507415256068e-08
1.552770335612714423e-08
1.572319509954063573e-08
1.592166942760191762e-08
1.612324328432055787e-08
1.632803955304229508e-08
1.653614915277468509e-08
1.674757734580298045e-08
1.696227878495135737e-08
1.718000129374471568e-08
1.740049933548279810e-08
1.762354459768788785e-08
1.784888349446118287e-08
1.807617705393960009e-08
1.830500470463117313e-08
1.853482220912539674e-08
1.876515541882870814e-08
1.899566846904351206e-08
1.922617882897393357e-08
1.945660658805281910e-08
1.968690438615025576e-08
1.991715735596089044e-08
2.014766995114754369e-08
2.037873152533693803e-08
2.061037045079758448e-08
2.084247861620786889e-08
2.107452641213893474e-08
2.130579167385515062e-08
2.153541245456376113e-08
2.176250054249017925e-08
2.198624520719800116e-08
2.220614223091041215e-08
2.242193860683806140e-08
2.263365513486746305e-08
2.284131153293728070e-08
2.304472244695888099e-08
2.324351600631500529e-08
2.343715149117670298e-08
2.362545702892022430e-08
2.380844750410394334e-08
2.398609258980830461e-08
2.415792453029374731e-08
2.432285902110866344e-08
2.447949070758546752e-08
2.462659253958520821e-08
2.476364729535569949e-08
2.489080130607089246e-08
2.500878828051052577e-08
2.511816471141803214e-08
2.521867358630058299e-08
2.530953247677102257e-08
2.538964103846189580e-08
2.545773332997573971e-08
2.551281815610247433e-08
2.555457826407407604e-08
2.558356767134827560e-08
2.560031416572285816e-08
2.560502595756815086e-08
2.559715003835039178e-08
2.557588845566914043e-08
2.554064235636537767e-08
2.549097353402601783e-08
2.542651886796761323e-08
2.534743570849127717e-08
2.525444280608199225e-08
2.514798647168176150e-08
2.502784199064402159e-08
2.489311028133714809e-08
2.474320629306549332e-08
2.457854680015214074e-08
2.439991650558143920e-08
2.420797280358431459e-08
2.400265368779249868e-08
2.378372287270998390e-08
2.355092731650495172e-08
2.330487906641491078e-08
2.304634907873438137e-08
2.277596377408188036e-08
2.249391435982600019e-08
2.220020393351829553e-08
2.189522090521474953e-08
2.157984113769051040e-08
2.125485980293798909e-08
2.092059820935673638e-08
2.057737627876996496e-08
2.022576621533855917e-08
1.986657438265558607e-08
1.950063871958712672e-08
1.912834354160343232e-08
1.875020343204830663e-08
1.836710275194004670e-08
1.797984085829344112e-08
1.758900370303249282e-08
1.719516972736347773e-08
1.679913267429211134e-08
1.640159408386536723e-08
1.600308981793462558e-08
1.560417863984947166e-08
1.520543512878206463e-08
1.480740038734288602e-08
1.441050400691416271e-08
1.401519661919269777e-08
1.362203395411571776e-08
1.323141725184630616e-08
1.284384315896970290e-08
1.245981182060401023e-08
1.207975544418329267e-08
1.170407735436693208e-08
1.133314336575440899e-08
1.096725830615654597e-08
1.060666673649301321e-08
1.025158092545969132e-08
9.902183752538741149e-09
9.558656831723042752e-09
9.221195312239786266e-09
8.890019688063193343e-09
8.565381630908523559e-09
8.247569575414329966e-09
7.936893878072141220e-09
7.633698807752325788e-09
7.338315090859070694e-09
7.051076528194874009e-09
6.772259568610774033e-09
6.502046604456110521e-09
6.240483037212171627e-09
5.987456162186977628e-09
5.742739960196244661e-09
5.506043587004184063e-09
5.277058801250970473e-09
5.055556179825855533e-09
4.841430491503598677e-09
4.634671507703748261e-09
4.435303551782679760e-09
4.243324140450952835e-09
4.058690924559458140e-09
3.881301962383143194e-09
3.710980007019028205e-09
3.547485808934737231e-09
3.390540353331569868e-09
3.239848155137944243e-09
3.095159897114333139e-09
2.956339933430573234e-09
2.823340760606751834e-09
2.696116290388715132e-09
2.574533963955773381e-09
2.458336193562558328e-09
2.347197250760125912e-09
2.240825123738763084e-09
2.139023171096194823e-09
2.041691820225443991e-09
1.948752424476816394e-09
1.860060816879857378e-09
1.775403860060033792e-09
1.694551950279742047e-09
1.617316250571012288e-09
1.543564008894016166e-09
1.473171013889939194e-09
1.405979953222454257e-09
1.341825391494715001e-09
1.280572323139589088e-09
1.222099082362657977e-09
1.166270658529132653e-09
1.112951257613588065e-09
1.062023132962516866e-09
1.013379278405884167e-09
9.669055283551288792e-10
9.224899404159702368e-10
8.800357055565522301e-10
8.394498542492652553e-10
8.006387176308717216e-10
7.635153865699345016e-10
7.279983720912695938e-10
6.940087473788217822e-10
6.614730438154007562e-10
6.303225095929945319e-10
6.004910454635270589e-10
5.719165941364499684e-10
5.445412039693505911e-10
5.183102003134879108e-10
4.931721377708396358e-10
4.690788671464010382e-10
4.459852481880443898e-10
4.238490456577673281e-10
4.026306799796384467e-10
3.822930160482671924e-10
3.628012205068870609e-10
3.441226931810993757e-10
3.262268713549310297e-10
3.090850279814854892e-10
2.926700874435390404e-10
2.769564788096072010e-10
2.619200252962319051e-10
2.475378211128180858e-10
2.337880839144174966e-10
2.206500220517390439e-10
2.081037115136152225e-10
1.961299898165497251e-10
1.847103684351957795e-10
1.738269545118185679e-10
1.634623854645846442e-10
1.535997528752040601e-10
1.442225043153271094e-10
1.353143825441700511e-10
1.268594057146651542e-10
1.188418487656441982e-10
1.112462181719521649e-10
1.040571962240795547e-10
9.725960666161794506e-11
9.083843029480278066e-11
8.477881418697349258e-11
7.906608019952997764e-11
7.368572888542465701e-11
6.862344027111660111e-11
6.386509912803583894e-11
5.939681768261580870e-11
5.520495604652547672e-11
5.127614977386252411e-11
4.759733107484456812e-11
4.415575007079448693e-11
4.093899502488412393e-11
3.793500980584648210e-11
3.513211286316717313e-11
3.251901395631726462e-11
3.008482602803038030e-11
2.781907144511283534e-11
2.571169085608260433e-11
2.375304677232739621e-11
2.193392659182206966e-11
2.024554188283040879e-11
1.867952462069736815e-11
1.722792201366719901e-11
1.588318981110376940e-11
1.463818460880316583e-11
1.348615411670793340e-11
1.242072550088200673e-11
1.143589323484837188e-11
1.052600629432147596e-11
9.685755075396166707e-12
8.910157673823897341e-12
8.194545362219840433e-12
7.534548162505573967e-12
6.926080492771186024e-12
6.365327020155919866e-12
5.848728687369682208e-12
5.372968702223999005e-12
4.934958931390331308e-12
4.531826751972588097e-12
4.160902342385928391e-12
3.819706465625809780e-12
3.505938602678403455e-12
3.217465594499428566e-12
2.952311526429406913e-12
2.708646657285888685e-12
2.484775901637804584e-12
2.279132844899976971e-12
2.090269581771577462e-12
1.916848472315020385e-12
1.757634370519146623e-12
1.611487326871119405e-12
1.477355725356310506e-12
1.354269835036156062e-12
1.241335799721079018e-12
1.137730019315599335e-12
1.042693905241636446e-12
9.555290873477157131e-13
8.755943573285195210e-13
8.022961675598556589e-13
7.350903233113144517e-13
6.734763539590266520e-13
6.169941222904868398e-13
5.652206714967386190e-13
5.177673124723050880e-13
4.742769289484981022e-13
4.344220857373575553e-13
3.979021269641111989e-13
3.644390493679158389e-13
3.337789182108014285e-13
3.056886984912796028e-13
2.799543317259829281e-13
2.563794893783818401e-13
2.347855118773185759e-13
2.150059038447650885e-13
1.968887440450187455e-13
1.802950600799042184e-13
1.650972528620000375e-13
1.511795208423120791e-13
1.384342240346176335e-13
1.267624313891571811e-13
1.160740636340261251e-13
1.062869872966545896e-13
9.732630756595644500e-14
8.912134759065895301e-14
8.160854432914344282e-14
7.473059449196775921e-14
6.843382670554651312e-14
6.266863273573896739e-14
5.739068945038266956e-14
5.255953375900607397e-14
4.813640391068547859e-14
4.408756769210926166e-14
4.038164036287586689e-14
3.698876771036781561e-14
3.388390055439354161e-14
3.104158325846075727e-14
2.844019632019207108e-14
2.605939800023035937e-14
2.388028191985920848e-14
2.188632782846653526e-14
2.006137911254626429e-14
1.839164360551024248e-14
1.686374880382294988e-14
1.546572251603733032e-14
1.418698347480292223e-14
1.301686802601975813e-14
1.194690052704101433e-14
1.096827102447246905e-14
1.007317304093016936e-14
9.254900086537518850e-15
8.506961066841996815e-15
7.823244562768114160e-15
7.198399790208134264e-15
6.627501732841836107e-15
6.106058455129520653e-15
5.630013030020091101e-15
5.195422613104100457e-15
4.798819118842023492e-15
4.437029097717294107e-15
4.107143114674361520e-15
3.806616940040071053e-15
3.532899168646842858e-15
3.283726835042442286e-15
3.057026371094623945e-15
2.850932433235848188e-15
2.663840853729376373e-15
2.493933913143782250e-15
2.339926305134341450e-15
2.200349198274569995e-15
2.074098180817083046e-15
1.959921112915082734e-15
1.856940760242830731e-15
1.764164354131558866e-15
1.680703512167367170e-15
