# bin_4_3
1.121432948226018153e-08
1.126501295186039234e-08
1.131756142007528467e-08
1.137201225659982326e-08
1.142839989273780578e-08
1.148676945503790615e-08
1.154719082618556071e-08
1.160974050679961098e-08
1.167450133113022287e-08
1.174157618303574235e-08
1.181107161595461367e-08
1.188309693812561045e-08
1.195774969904325633e-08
1.203506005781814721e-08
1.211503651069479318e-08
1.219768804972128324e-08
1.228307291201923038e-08
1.237129594806912845e-08
1.246250984889317833e-08
1.255687795395133873e-08
1.265453389034361444e-08
1.275548413167779430e-08
1.285968409842085685e-08
1.296712471628404260e-08
1.307794091060642983e-08
1.319237608268469182e-08
1.331065680325726586e-08
1.343281227533627990e-08
1.355873743788015367e-08
1.368843152777882116e-08
1.382217435396656408e-08
1.396029823307475528e-08
1.410284497467429474e-08
1.424965886823076109e-08
1.440086705828498892e-08
1.455692493261832076e-08
1.471801034273072916e-08
1.488389747152662837e-08
1.505473255683195741e-08
1.523101175014722042e-08
1.541264340008270078e-08
1.559940551653916018e-08
1.579172374879170139e-08
1.598962282434308678e-08
1.619280699692185861e-08
1.640164274333346160e-08
1.661599868875539868e-08
1.683577676574267657e-08
1.706128426363176295e-08
1.729228883419332017e-08
1.752910730671347440e-08
1.777166886578614286e-08
1.802017332298293792e-08
1.827468372480551532e-08
1.853534208189973482e-08
1.880210978750578804e-08
1.907504240190300910e-08
1.935404466334857846e-08
1.963909081610000243e-08
1.993012015090905317e-08
2.022717631228922849e-08
2.053037531742470657e-08
2.083994033584068955e-08
2.115606483945133554e-08
2.147888030381265066e-08
2.180849781125796685e-08
2.214494624567735034e-08
2.248824577679718499e-08
2.283845414520267085e-08
2.319547432518352787e-08
2.355921680378014163e-08
2.392953774285606846e-08
2.430611745406646749e-08
2.468849388248986299e-08
2.507617641295911671e-08
2.546869716608716724e-08
2.586563308991348400e-08
2.626671325015471418e-08
2.667175290616372759e-08
2.708067188039648361e-08
2.749350583158023958e-08
2.791049621910667353e-08
2.833201248089860719e-08
2.875841254675535773e-08
2.918961919126829439e-08
2.962542899892292484e-08
3.006518451690307100e-08
3.050799889699000118e-08
3.095290058353118212e-08
3.139900837440341689e-08
3.184551262653448454e-08
3.229188436154488133e-08
3.273789967447789924e-08
3.318352456290814125e-08
3.362864106563022135e-08
3.407284089844118874e-08
3.451556482990499757e-08
3.495613062980259360e-08
3.539438206278360588e-08
3.583031738951093540e-08
3.626363648506577477e-08
3.669347336410274876e-08
3.711842667307895427e-08
3.753670276930699861e-08
3.794678089042633093e-08
3.834813679646021385e-08
3.874086074154152939e-08
3.912543489135486670e-08
3.950208473920904675e-08
3.987020109300984266e-08
4.022855390132340710e-08
4.057556050673775603e-08
4.090937596326796625e-08
4.122861707906220598e-08
4.153265832972264487e-08
4.182175837918071561e-08
4.209597030177763497e-08
4.235500389855914799e-08
4.259767892993605074e-08
4.282257927495523316e-08
4.302844672232052420e-08
4.321424015565830118e-08
4.337898372524127474e-08
4.352234484908885638e-08
4.364466679521917173e-08
4.374584053162843910e-08
4.382488553771038186e-08
4.388009916391895578e-08
4.391023394763679635e-08
4.391531042185358190e-08
4.389565049473388455e-08
4.385137674139179958e-08
4.378178367533719323e-08
4.368597148579356415e-08
4.356307656231190328e-08
4.341331535355491139e-08
4.323709054312608963e-08
4.303461813878821970e-08
4.280555254808394043e-08
4.254943409334524639e-08
4.226632778885433485e-08
4.195693181162783457e-08
4.162186205919784502e-08
4.126118252780607495e-08
4.087505082628685031e-08
4.046401147331408762e-08
4.002892204633478233e-08
3.957071089055220734e-08
3.908980780906132313e-08
3.858685587087820532e-08
3.806302288900425879e-08
3.751939967726418981e-08
3.695686691046615441e-08
3.637637076612755613e-08
3.577919240493637642e-08
3.516657346347229430e-08
3.453961757233989504e-08
3.389953615266828880e-08
3.324762123703141292e-08
3.258516787978437009e-08
3.191335864924227473e-08
3.123340738893639974e-08
3.054664903480783242e-08
2.985420732033696204e-08
2.915728628564889075e-08
2.845708608336218905e-08
2.775471562078081984e-08
2.705127196585803999e-08
2.634781639064885532e-08
2.564533822645853751e-08
2.494476705789685381e-08
2.424698029731388052e-08
2.355279639257906212e-08
2.286298802226012888e-08
2.217829173683153743e-08
2.149941333294513195e-08
2.082704226450297709e-08
2.016184135647691059e-08
1.950445205698403793e-08
1.885551228651408267e-08
1.821562478929469995e-08
1.758541075970227210e-08
1.696547730780111553e-08
1.635642781678975976e-08
1.575886971908644703e-08
1.517340248829991458e-08
1.460060332889354167e-08
1.404103059589181042e-08
1.349519638316539138e-08
1.296355351184449788e-08
1.244648866510131913e-08
1.194429922092772115e-08
1.145719873773365361e-08
1.098531198752352791e-08
1.052867472515724585e-08
1.008723633830154988e-08
9.660857433976260514e-09
9.249323350866387628e-09
8.852362067767365640e-09
8.469669042580540921e-09
8.100931992026518920e-09
7.745842770032640895e-09
7.404103341012252030e-09
7.075429712712785957e-09
6.759550214506722542e-09
6.456201136502940735e-09
6.165122798019265120e-09
5.886052468229115908e-09
5.618713907798923854e-09
5.362803962800137885e-09
5.117986849021300427e-09
4.883900632510969794e-09
4.660167634168774431e-09
4.446401772729012869e-09
4.242215578967013145e-09
4.047227071029201971e-09
3.861064419261779504e-09
3.683371902565079278e-09
3.513812982460440798e-09
3.352066146066644517e-09
3.197818300800069253e-09
3.050758937346613202e-09
2.910575076983116482e-09
2.776951442399627604e-09
2.649576564323561232e-09
2.528150916384557495e-09
2.412394009284137277e-09
2.302042763492311811e-09
2.196843118742268443e-09
2.096544186495040253e-09
2.000899411556727904e-09
1.909672706338777798e-09
1.822642668367437598e-09
1.739600077918137374e-09
1.660342412899785924e-09
1.584673378916152513e-09
1.512407724025239665e-09
1.443371659228250314e-09
1.377399790501926077e-09
1.314333711673533755e-09
1.254023800714778089e-09
1.196330254801295647e-09
1.141120794422170719e-09
1.088270165372846716e-09
1.037661121461942820e-09
9.891839543872477940e-10
9.427354513365774493e-10
8.982190409402347888e-10
8.555445806625688341e-10
8.146277861500070428e-10
7.753899724489107186e-10
7.377578205651183711e-10
7.016629243549266490e-10
6.670414964887522685e-10
6.338340483365105481e-10
6.019850659717704860e-10
5.714426846021404059e-10
5.421583827696103169e-10
5.140866874247399117e-10
4.871848863705737683e-10
4.614127524834168078e-10
4.367322837274217066e-10
4.131074584034603957e-10
3.905040113172315367e-10
3.688892205322222176e-10
3.482317091788932332e-10
3.285012683832730882e-10
3.096686980050724136e-10
2.917056654304702629e-10
2.745845790234958426e-10
2.582784778466658650e-10
2.427609389109821857e-10
2.280060009186882054e-10
2.139881021198505920e-10
2.006820310811933750e-10
1.880628907053545075e-10
1.761060737074890267e-10
1.647872495938425669e-10
1.540823600299693398e-10
1.439676218915405744e-10
1.344195383895588397e-10
1.254149164761453270e-10
1.169308865560981306e-10
1.089449295550191620e-10
1.014349022988531609e-10
9.437906658279641283e-11
8.775611956168017155e-11
8.154522482577681076e-11
7.572604085279721504e-11
7.027874737373286280e-11
6.518407064538339890e-11
6.042330664641109983e-11
5.597834244166012086e-11
5.183167318187384911e-11
4.796641530269950273e-11
4.436631776109499278e-11
4.101577006911918475e-11
3.789980732092744483e-11
3.500411118249032830e-11
3.231500702600418469e-11
2.981945895367921500e-11
2.750506248806450771e-11
2.536003500341151680e-11
2.337320382452829661e-11
2.153399212695816151e-11
1.983240307665507163e-11
1.825900251063302820e-11
1.680490040932389368e-11
1.546173139184716752e-11
1.422163464609353506e-11
1.307723328770007056e-11
1.202161525802675660e-11
1.104830643792507568e-11
1.015125484612827690e-11
9.324808186968522210e-12
8.563692874420655986e-12
7.862993620925829606e-12
7.218133535108620933e-12
6.624854716060104055e-12
6.079199529877745046e-12
5.577492539467206494e-12
5.116323092134822137e-12
4.692528653515900121e-12
4.303178850413800726e-12
3.945561036470827572e-12
3.617164981154831574e-12
3.315667305481176018e-12
3.038922070222164924e-12
2.784947053376369180e-12
2.551912233846399232e-12
2.338128968845409169e-12
2.142039815394950715e-12
1.962208990767939172e-12
1.797314475695852867e-12
1.646137490103201461e-12
1.507554799811593376e-12
1.380533603295102277e-12
1.264123622640797834e-12
1.157450796995624215e-12
1.059711417639943758e-12
9.701685636713574934e-13
8.881414471556530491e-13
8.130061169471152923e-13
7.441896545012812021e-13
6.811659540219744826e-13
6.234533838270559217e-13
5.706077712556817927e-13
5.222215464776635652e-13
4.779214177647974551e-13
4.373655810184388626e-13
4.002406276636594288e-13
3.662570253388527362e-13
3.351506743559815569e-13
3.066806329919472248e-13
2.806244918981240984e-13
2.567779455162563022e-13
2.349552369066254084e-13
2.149861604457026860e-13
1.967127768955903596e-13
1.799925732330494371e-13
1.646943684733386557e-13
1.506966699273569777e-13
1.378909171577335446e-13
1.261747651547730967e-13
1.154563737512404798e-13
1.056511466535933025e-13
9.668110190008067048e-14
8.847599446814682274e-14
8.097004769693401516e-14
7.410450085773171103e-14
6.782440308080897140e-14
6.208007847347640812e-14
5.682623128854699177e-14
5.202044265662946360e-14
4.762552095487579295e-14
4.360586676537507348e-14
3.992947394340390645e-14
3.656767184222011187e-14
3.349347287423842874e-14
3.068226987997213421e-14
2.811175898232052434e-14
2.576152905653959351e-14
2.361304053879221758e-14
2.164905955556160041e-14
1.985385745512184666e-14
1.821311971885018047e-14
1.671374279585008399e-14
1.534373358301319691e-14
1.409216316785503201e-14
1.294910963342010366e-14
1.190523839830971607e-14
1.095212307137304199e-14
1.008204814258265975e-14
9.288305539740308241e-15
8.564118165401493469e-15
7.903709814426321448e-15
7.301743650277628092e-15
6.753233613322345711e-15
6.253618324174380095e-15
5.798991719493693760e-15
