# bin_3_1
9.599236592875795909e-09
9.639890816851231352e-09
9.682020007726804975e-09
9.725648579429620603e-09
9.770797464200041887e-09
9.817496929388771673e-09
9.865799989141156307e-09
9.915765130031666121e-09
9.967456226587582381e-09
1.002095531338719345e-08
1.007634707265775016e-08
1.013371853716932398e-08
1.019314506197066643e-08
1.025463898929006470e-08
1.031819182768895622e-08
1.038379484498950944e-08
1.045148397824569832e-08
1.052133736408962004e-08
1.059347611462166027e-08
1.066803033287137308e-08
1.074510173063509449e-08
1.082467443657842275e-08
1.090668517041327338e-08
1.099110259982450725e-08
1.107802643702750446e-08
1.116765443891278805e-08
1.126016787378668129e-08
1.135556736708981232e-08
1.145373019986608728e-08
1.155462741977224567e-08
1.165848390821890425e-08
1.176557213211167269e-08
1.187590163934555225e-08
1.198930138286801829e-08
1.210585336141299613e-08
1.222593626694904502e-08
1.234968122479917490e-08
1.247685203437372259e-08
1.260753889246496172e-08
1.274214934247584571e-08
1.288056597545541739e-08
1.302253950826342248e-08
1.316839721403059627e-08
1.331812178266802307e-08
1.347139186665569059e-08
1.362846875770251995e-08
1.378919108995062240e-08
1.395340324823414602e-08
1.412132097697511922e-08
1.429268700443472585e-08
1.446771455311339706e-08
1.464629482427765396e-08
1.482853769648877531e-08
1.501445011173599968e-08
1.520408852515712514e-08
1.539735438046416046e-08
1.559421677674506794e-08
1.579451615935368617e-08
1.599814752306292483e-08
1.620497855150790473e-08
1.641497912145825296e-08
1.662819199997031089e-08
1.684476802438886296e-08
1.706483010916543718e-08
1.728843963249417259e-08
1.751563769766435442e-08
1.774638445985608184e-08
1.798063011142449275e-08
1.821836242713915513e-08
1.845941844524204580e-08
1.870364419319077063e-08
1.895083139795250426e-08
1.920059861139606939e-08
1.945242531786777223e-08
1.970576556367853169e-08
1.996009973008202613e-08
2.021495935753763913e-08
2.047003472297476960e-08
2.072509035525831120e-08
2.097999652683274031e-08
2.123474997793720472e-08
2.148955730945618188e-08
2.174478704033642571e-08
2.200080099940468046e-08
2.225754545392348776e-08
2.251481213936307832e-08
2.277192764243502761e-08
2.302799752432843763e-08
2.328205393740735915e-08
2.353322745259911091e-08
2.378072946747189777e-08
2.402404232729100700e-08
2.426295579517624274e-08
2.449747776755921817e-08
2.472755954798806765e-08
2.495288047578370039e-08
2.517298889148020968e-08
2.538738998897260994e-08
2.559616348785629432e-08
2.579944733557777293e-08
2.599694385317864392e-08
2.618790835172027334e-08
2.637118143773773643e-08
2.654513704261800395e-08
2.670842029079088903e-08
2.686076905066438298e-08
2.700250637857773454e-08
2.713435200415522569e-08
2.725681024181526660e-08
2.736958548091155481e-08
2.747179192956446172e-08
2.756219495671867263e-08
2.763932640064966602e-08
2.770217892045071513e-08
2.775052194272258123e-08
2.778500405251265288e-08
2.780614084263701097e-08
2.781416292106646454e-08
2.780846999931857278e-08
2.778821341929113793e-08
2.775269029378733690e-08
2.770140317196428529e-08
2.763390137988647093e-08
2.755037608741727691e-08
2.745171859864104106e-08
2.733845164046968049e-08
2.721026137964826070e-08
2.706607504193925453e-08
2.690520062930467592e-08
2.672816380202016245e-08
2.653583780059853607e-08
2.632895432343713104e-08
2.610746649524276346e-08
2.587107146972929750e-08
2.561943305963121713e-08
2.535321866147556250e-08
2.507332545299096691e-08
2.478048836165727791e-08
2.447486708104190522e-08
2.415643003215724798e-08
2.382557518797502528e-08
2.348329214753450437e-08
2.313048915372578914e-08
2.276749358259466722e-08
2.239463916211402663e-08
2.201256139780260045e-08
2.162217245097084157e-08
2.122442835714240223e-08
2.081975341187798070e-08
2.040868765083014341e-08
1.999222352103194858e-08
1.957125076446757094e-08
1.914639130774768349e-08
1.871824368964073000e-08
1.828765549789968163e-08
1.785538454467420034e-08
1.742198983554987898e-08
1.698806638909619878e-08
1.655425268040062377e-08
1.612116901869038103e-08
1.568930889360037816e-08
1.525919408852862471e-08
1.483147603898951067e-08
1.440661652592336369e-08
1.398514202495155553e-08
1.356755642388694156e-08
1.315426219628174447e-08
1.274563897166051215e-08
1.234200978270682356e-08
1.194362476752186874e-08
1.155070084755621409e-08
1.116344815342609957e-08
1.078209060422618085e-08
1.040688897088631244e-08
1.003815417915803449e-08
9.676245733028061890e-09
9.321578327712319299e-09
8.974595651174712550e-09
8.635755555340065651e-09
8.305516718889446693e-09
7.984265464160609103e-09
7.672300352922263435e-09
7.369739711068438984e-09
7.076511353686881318e-09
6.792415788163526756e-09
6.517171004019630889e-09
6.250464647368038446e-09
5.992079216316513542e-09
5.741932635003123945e-09
5.500047229227636763e-09
5.266480799661185210e-09
5.041253974262096747e-09
4.824339743281001963e-09
4.615638783036292109e-09
4.414959813391984387e-09
4.222042701041986249e-09
4.036588357388830844e-09
3.858288251790096375e-09
3.686897459243815900e-09
3.522310012908316837e-09
3.364523127987951365e-09
3.213522507379793427e-09
3.069172808851443969e-09
2.931164872636481059e-09
2.799088520830407157e-09
2.672571994972456850e-09
2.551373465681168013e-09
2.435392904005008242e-09
2.324574235885345795e-09
2.218783250312695226e-09
2.117791519078248792e-09
2.021336340350671850e-09
1.929193189043330029e-09
1.841201774854815697e-09
1.757213673466870270e-09
1.677043761374349659e-09
1.600500672494871741e-09
1.527430563838415393e-09
1.457691854382171201e-09
1.391122987355773172e-09
1.327562211013693334e-09
1.266872201336040069e-09
1.208929229699635380e-09
1.153598578061920074e-09
1.100745435039505506e-09
1.050252388525408763e-09
1.002006652294983559e-09
9.558955155623291210e-10
9.118157461221075472e-10
8.696696928651370456e-10
8.293609386790427798e-10
7.907991948201207154e-10
7.539003253786465290e-10
7.185837100625338182e-10
6.847734412416364853e-10
6.523980973030601813e-10
6.213900881334915041e-10
5.916859351642125545e-10
5.632260077848109791e-10
5.359541839565615210e-10
5.098179494517316322e-10
4.847681890560773961e-10
4.607587060639971382e-10
4.377461113910453416e-10
4.156898722005879042e-10
3.945520815482463174e-10
3.742971341575753759e-10
3.548915767189199705e-10
3.363039502319607115e-10
3.185046352219261531e-10
3.014657108908355331e-10
2.851607939717746396e-10
2.695648689453330652e-10
2.546541398166455747e-10
2.404058962476082537e-10
2.267983988128794876e-10
2.138107770445774213e-10
2.014229428373237787e-10
1.896154874514080727e-10
1.783695460429089958e-10
1.676667080216990031e-10
1.574889807195160471e-10
1.478187518374329695e-10
1.386387445551741824e-10
1.299319334229203173e-10
1.216814849467128548e-10
1.138707636878329631e-10
1.064833285053508593e-10
9.950292925894192093e-11
9.291350100773392268e-11
8.669915269343137222e-11
8.084418871293486227e-11
7.533312760049220715e-11
7.015071807170991486e-11
6.528196791388895214e-11
6.071216585486954544e-11
5.642690466838411584e-11
5.241210453037513815e-11
4.865403259934708583e-11
4.513932602947758016e-11
4.185501408441106942e-11
3.878853516963074588e-11
3.592774861175805400e-11
3.326094851225668239e-11
3.077687155763459391e-11
2.846470490475103753e-11
2.631408983777356749e-11
2.431512223343356272e-11
2.245835110024554718e-11
2.073477472016119861e-11
1.913583558032311610e-11
1.765341288739031421e-11
1.627981269287966748e-11
1.500775709920004143e-11
1.383037220588549570e-11
1.274117555489901221e-11
1.173406271458978794e-11
1.080329271381776945e-11
9.943473309424884716e-12
9.149545980835464401e-12
8.416770927445079268e-12
7.740712146840315131e-12
7.117222283130752788e-12
6.542427772233149463e-12
6.012714355514390891e-12
5.524712898459465624e-12
5.075285673783614958e-12
4.661512906680502936e-12
4.280679784028595771e-12
3.930264066370742986e-12
3.607924168703547045e-12
3.311489706963091980e-12
3.038944959511160986e-12
2.788423885486550068e-12
2.558198893132538867e-12
2.346671317525680898e-12
2.152362640438985880e-12
1.973906195081956718e-12
1.810039318874450737e-12
1.659596011357010914e-12
1.521500031596970912e-12
1.394758429009669875e-12
1.278455488174037298e-12
1.171747042839170183e-12
1.073855904785313844e-12
9.840660351196023997e-13
9.017160921596015716e-13
8.261986213095541620e-13
7.569545922346794822e-13
6.934696906137904463e-13
6.352708754334652374e-13
5.819231832994403633e-13
5.330267686704740909e-13
4.882151725216765687e-13
4.471506556122873113e-13
4.095220323294812180e-13
3.750443755629043702e-13
3.434560266376984735e-13
3.145168040792403096e-13
2.880062300819896196e-13
2.637237708930284367e-13
2.414820215593724381e-13
2.211104411053250417e-13
2.024526547131505541e-13
1.853653260327807856e-13
1.697183307489405732e-13
1.553904058630625290e-13
1.422703299940517992e-13
1.302566772120686603e-13
1.192571601361576397e-13
1.091873098223133012e-13
9.996768685542738879e-14
9.152666516501115054e-14
8.379982420100798144e-14
7.672673362059188195e-14
7.025147966221139077e-14
6.432424505502372661e-14
5.889946055254967210e-14
5.393346186577259560e-14
4.938829068824827596e-14
4.522864803669251190e-14
4.142091381874797490e-14
3.793685029290915917e-14
3.474790014730715510e-14
3.182964629388432024e-14
2.915929106028643575e-14
2.671547306258072025e-14
2.447970104317902779e-14
2.243369912151991588e-14
2.056206763002973502e-14
1.884963468251529811e-14
1.728308826571313823e-14
1.585035777806449059e-14
1.453954397398466469e-14
1.334119147316715809e-14
1.224522611422767707e-14
1.124295669662924367e-14
1.032693957920470417e-14
9.489684822544720850e-15
8.724421206093267790e-15
8.025132578050291456e-15
7.386298886297331004e-15
6.802970966312682697e-15
6.270393996345560623e-15
5.784250909523612324e-15
5.340653623212844154e-15
4.936035823371545360e-15
4.567126240526012066e-15
4.230960192357444936e-15
3.924876526141589630e-15
3.646237753203099766e-15
3.392705044472919003e-15
3.162129963393696947e-15
2.952810394356703536e-15
2.762711580093754138e-15
2.590279175213270229e-15
2.434070352736492674e-15
2.292679941281605538e-15
2.164839244398808737e-15
2.049535696858842409e-15
