# bin_3_3
1.094372817839713239e-08
1.099278502791544202e-08
1.104364440663966492e-08
1.109634155110890617e-08
1.115090849077010433e-08
1.120738788841580728e-08
1.126584718205321219e-08
1.132636015285946557e-08
1.138900680921379854e-08
1.145388693231132234e-08
1.152110363867661890e-08
1.159076308918699407e-08
1.166295950376719750e-08
1.173772011916890888e-08
1.181505037691611526e-08
1.189495626440035263e-08
1.197749258597409244e-08
1.206276025385767497e-08
1.215090742553073870e-08
1.224209286354390829e-08
1.233644564563260320e-08
1.243396850687757393e-08
1.253461344320478516e-08
1.263836761112268423e-08
1.274536086234889435e-08
1.285583051047182863e-08
1.296999706590270731e-08
1.308788514676206610e-08
1.320938611869218248e-08
1.333449464602206379e-08
1.346348338653504125e-08
1.359667692796351774e-08
1.373411185708066854e-08
1.387562895930378969e-08
1.402134915307317937e-08
1.417171835336125983e-08
1.432690744782754177e-08
1.448668739079644330e-08
1.465119730951225940e-08
1.482092241629212544e-08
1.499576569302781423e-08
1.517550078188933318e-08
1.536054172990345482e-08
1.555090588034276035e-08
1.574629319657574193e-08
1.594705773541922266e-08
1.615306194473732293e-08
1.636420075716773553e-08
1.658076964194149223e-08
1.680253140801076893e-08
1.702979067229501351e-08
1.726246998622121935e-08
1.750075833278065455e-08
1.774471041010034321e-08
1.799445760138035184e-08
1.824995277006029978e-08
1.851124061748332257e-08
1.877821719106911709e-08
1.905084653122360514e-08
1.932905870104542502e-08
1.961288780242912072e-08
1.990244034320333390e-08
2.019793004601804350e-08
2.049954092557544433e-08
2.080739477012041226e-08
2.112159272511010942e-08
2.144215366335735343e-08
2.176908746101376113e-08
2.210244168959834458e-08
2.244210955896846531e-08
2.278799240971831625e-08
2.313993789989759088e-08
2.349761855045630563e-08
2.386056492090964655e-08
2.422827902818886926e-08
2.460028527071400314e-08
2.497615285031430352e-08
2.535560290241901659e-08
2.573844243159383989e-08
2.612458339103122164e-08
2.651405499168113992e-08
2.690709205167276870e-08
2.730405997580110592e-08
2.770531212586445626e-08
2.811076796563678146e-08
2.852021890965353052e-08
2.893300240375939279e-08
2.934822718341976891e-08
2.976491866303133080e-08
3.018219420043968048e-08
3.059924488575477382e-08
3.101554367862517624e-08
3.143086856396744323e-08
3.184518527353792918e-08
3.225837368676187931e-08
3.267002544308968326e-08
3.307958476782163101e-08
3.348637330024164371e-08
3.389023277316280247e-08
3.429116128077065069e-08
3.468886873857602113e-08
3.508249868236564215e-08
3.547065964409016045e-08
3.585157297575138751e-08
3.622373425516303255e-08
3.658663870502079206e-08
3.694039737439422331e-08
3.728551338443502271e-08
3.762223944752870401e-08
3.794999908190383961e-08
3.826759864341384988e-08
3.857349642574340595e-08
3.886589211545255351e-08
3.914344915449493444e-08
3.940559100069400546e-08
3.965262704114161579e-08
3.988466508960496046e-08
4.010147486530380041e-08
4.030194432479410982e-08
4.048473120316229351e-08
4.064865300533044530e-08
4.079274601884424488e-08
4.091611337786407141e-08
4.101850207274257902e-08
4.110033385022209351e-08
4.116158274959794069e-08
4.120135581281984737e-08
4.121804409250442154e-08
4.121049675682210108e-08
4.117883132142361573e-08
4.112347064161166301e-08
4.104463936443331366e-08
4.094173769684501506e-08
4.081397054086850880e-08
4.066057955779624022e-08
4.048188165018276485e-08
4.027838123327889301e-08
4.005039703459417101e-08
3.979768913629490047e-08
3.951990301246772746e-08
3.921720458238499240e-08
3.889038671227724826e-08
3.854015484306128500e-08
3.816665837800993004e-08
3.777013468988636869e-08
3.735120250019235732e-08
3.691078717437377631e-08
3.644987674503429092e-08
3.596895379048464810e-08
3.546870292677339898e-08
3.495032122652186727e-08
3.441491874737079372e-08
3.386338420826639001e-08
3.329665850031195526e-08
3.271600131469923972e-08
3.212261862800296552e-08
3.151756496118784031e-08
3.090198882725047674e-08
3.027710686306699749e-08
2.964412722750243003e-08
2.900413721564983060e-08
2.835824748829045047e-08
2.770768146272234311e-08
2.705344469857120622e-08
2.639661422886047136e-08
2.573825718118818358e-08
2.507934415406073431e-08
2.442083134516141936e-08
2.376364090366243804e-08
2.310862849434108971e-08
2.245659820793594580e-08
2.180831097617302507e-08
2.116447692365936558e-08
2.052576685169851671e-08
1.989282102937893481e-08
1.926625486156210688e-08
1.864667587841286149e-08
1.803467559493342430e-08
1.743083607609032594e-08
1.683574633353921207e-08
1.624996587299031694e-08
1.567407130349766687e-08
1.510861966511075860e-08
1.455415759024364929e-08
1.401122696000993353e-08
1.348035531160937042e-08
1.296204209936023276e-08
1.245675853547731268e-08
1.196491357627239082e-08
1.148683536543093539e-08
1.102276559459538574e-08
1.057284404639652385e-08
1.013712460038604194e-08
9.715584350848410831e-09
9.308135805481178305e-09
8.914634371289548605e-09
8.534874702674277987e-09
8.168602040243507174e-09
7.815529150132590367e-09
7.475360636674799367e-09
7.147814534690940083e-09
6.832627151973531481e-09
6.529548368869822338e-09
6.238336818411091599e-09
5.958751367771921632e-09
5.690544179157854952e-09
5.433455580671591795e-09
5.187207368024366776e-09
4.951497877130471763e-09
4.725998470190167607e-09
4.510359215808441293e-09
4.304223882491341206e-09
4.107241010476789931e-09
3.919065543277458101e-09
3.739358326433028459e-09
3.567786863191143083e-09
3.404023850461102717e-09
3.247748316488026907e-09
3.098649958187529067e-09
2.956430777511005736e-09
2.820803435841079851e-09
2.691486563834821063e-09
2.568199026498665963e-09
2.450659818915198037e-09
2.338592298371989643e-09
2.231730431686060190e-09
2.129826018298854607e-09
2.032647722497393289e-09
1.939972294645074438e-09
1.851578162747667557e-09
1.767246839853789477e-09
1.686770000757153940e-09
1.609954156941524222e-09
1.536617591689042459e-09
1.466584045267437876e-09
1.399682034667103992e-09
1.335750130048417388e-09
1.274637753147103106e-09
1.216201948020151268e-09
1.160305736886455307e-09
1.106819924222004463e-09
1.055624237395623690e-09
1.006605000710862640e-09
9.596546350361955200e-10
9.146726965426030416e-10
8.715653846945148972e-10
8.302445001000506038e-10
7.906276390791263154e-10
7.526379867720624266e-10
7.162037564577372354e-10
6.812579705487329416e-10
6.477382422334661286e-10
6.155863490783330439e-10
5.847479666451136609e-10
5.551723785030929257e-10
5.268121784800344855e-10
4.996229835236513904e-10
4.735631563718991662e-10
4.485935437431453004e-10
4.246772228135780795e-10
4.017792605122692765e-10
3.798664886958084511e-10
3.589072934653691365e-10
3.388714242855483664e-10
3.197298156216084916e-10
3.014544225405396893e-10
2.840180758692089605e-10
2.673943542403339793e-10
2.515574725883154566e-10
2.364821853123811992e-10
2.221437034267693032e-10
2.085176272434716963e-10
1.955798943160016719e-10
1.833067395527603904e-10
1.716746667266954926e-10
1.606604307476117251e-10
1.502410294824546520e-10
1.403937054525800387e-10
1.310959540289412875e-10
1.223255373885418892e-10
1.140605045595010227e-10
1.062792160527935942e-10
9.896036912483782638e-11
9.208302881478028026e-11
8.562665570052627844e-11
7.957113611378905833e-11
7.389681259663413739e-11
6.858451388373267453e-11
6.361558110073944218e-11
5.897189079822519061e-11
5.463587638279626771e-11
5.059054722363681116e-11
4.681950567744265084e-11
4.330695937891070670e-11
4.003772926000144488e-11
3.699725547409942774e-11
3.417160021738523261e-11
3.154744777844253948e-11
2.911210092153083728e-11
2.685347372593766497e-11
2.476008269747830072e-11
2.282103590458111235e-11
2.102602016011318993e-11
1.936528628832830673e-11
1.782963263281265801e-11
1.641038732611702783e-11
1.509938961727606909e-11
1.388897041705654518e-11
1.277193225712420508e-11
1.174152900939923086e-11
1.079144535048264027e-11
9.915778081208263210e-12
9.109009955912674244e-12
8.365994852293633657e-12
7.681936512225669152e-12
7.052368929357980816e-12
6.473137438961523288e-12
5.940380425926132922e-12
5.450511622853288692e-12
5.000203161727609852e-12
4.586369327328258150e-12
4.206150990072447664e-12
3.856900789320907967e-12
3.536169018022502230e-12
3.241691009454866520e-12
2.971373620825359765e-12
2.723281421222168499e-12
2.495628973529856253e-12
2.286768758193711112e-12
2.095181241804824281e-12
1.919465579038477069e-12
1.758330891840271148e-12
1.610588119474021770e-12
1.475143441422110679e-12
1.350989011627033767e-12
1.237196453660087600e-12
1.132912865387687016e-12
1.037353969552027220e-12
9.497988016289617375e-13
8.695847786020285041e-13
7.961050057406418007e-13
7.287984565729874750e-13
6.671514281733101510e-13
6.106924559048403103e-13
5.589887605892268372e-13
5.116445260694564985e-13
4.682944736588806983e-13
4.286035351960496936e-13
3.922650242432611670e-13
3.589983072187288826e-13
3.285461417049871745e-13
3.006705623406009649e-13
2.751547894689795840e-13
2.518012938768822429e-13
2.304274975096676814e-13
2.108656285533399501e-13
1.929634230946141732e-13
1.765813785966487561e-13
1.615897119653789749e-13
1.478717058985206942e-13
1.353198196836537564e-13
1.238342280723718257e-13
1.133262040821968674e-13
1.037115890882160479e-13
9.491519301530668017e-14
8.686767375432380090e-14
7.950502578801903265e-14
7.276979743687238793e-14
6.660794192689970350e-14
6.097142966362361293e-14
5.581514395203524938e-14
5.109840596512196136e-14
4.678414972188008392e-14
4.283749729327629524e-14
3.922813704203099637e-14
3.592677662380858990e-14
3.290717270529981658e-14
3.014591517856069158e-14
2.762083574422222116e-14
2.531173277883136755e-14
2.320032759133261099e-14
2.126988824219204419e-14
1.950523778678282427e-14
1.789222016495892583e-14
1.641792113046121990e-14
1.507059930455745624e-14
1.383950264001616739e-14
1.271478826298468323e-14
1.168749160317022434e-14
1.074948371832037453e-14
9.893074179096820213e-15
9.111337338924885873e-15
8.397930863459943351e-15
7.747393525012960995e-15
7.154106066367972890e-15
6.613339983701932042e-15
6.120716443819670459e-15
5.672126792808588500e-15
5.263811461780375807e-15
4.892587867825447011e-15
