# bin_3_2
1.041391717835796729e-08
1.045961924866935351e-08
1.050702949474032627e-08
1.055618777267979502e-08
1.060712648194475083e-08
1.065987588817519934e-08
1.071446618073485822e-08
1.077094512126876404e-08
1.082938134124012475e-08
1.088985362954507157e-08
1.095246543146289707e-08
1.101732032178959485e-08
1.108451672888747248e-08
1.115411506354382648e-08
1.122612071273489667e-08
1.130053662641690383e-08
1.137737778256701264e-08
1.145672757700228171e-08
1.153872627848986174e-08
1.162353161903931705e-08
1.171125825312414227e-08
1.180189724638834902e-08
1.189540232525757537e-08
1.199177429821777812e-08
1.209117214774646718e-08
1.219381674085322061e-08
1.229984068745915093e-08
1.240917825108883956e-08
1.252174673755355798e-08
1.263769742322889082e-08
1.275733110894773280e-08
1.288076988246942308e-08
1.300787139543463149e-08
1.313865340335895854e-08
1.327348530904841290e-08
1.341257542784251499e-08
1.355575794640378979e-08
1.370313172564421462e-08
1.385507022406020565e-08
1.401148753380009413e-08
1.417229492531199722e-08
1.433783811844968330e-08
1.450801240628701992e-08
1.468272334707770011e-08
1.486221614548087864e-08
1.504624808903074718e-08
1.523491221207100258e-08
1.542820188994697036e-08
1.562603637744495401e-08
1.582854205637955381e-08
1.603568134944440491e-08
1.624761363025013418e-08
1.646436303578731834e-08
1.668606904118151451e-08
1.691277220272850569e-08
1.714449436364808218e-08
1.738123473697300367e-08
1.762294895264295239e-08
1.786957602347597908e-08
1.812110057554253534e-08
1.837757892396074290e-08
1.863908935933222871e-08
1.890579702006544173e-08
1.917787099002854945e-08
1.945544806311553349e-08
1.973857738375587334e-08
2.002725692459403053e-08
2.032127552677435140e-08
2.062042768631452940e-08
2.092452254632409168e-08
2.123334490903309158e-08
2.154659274972818781e-08
2.186388172025061566e-08
2.218470128330868195e-08
2.250860848229886018e-08
2.283529274205033656e-08
2.316458814264346546e-08
2.349643898331739336e-08
2.383081591676178212e-08
2.416783108535649359e-08
2.450780877328853022e-08
2.485104789000111920e-08
2.519755548795840489e-08
2.554718672093603595e-08
2.589937687478709673e-08
2.625338625566958370e-08
2.660834232880408398e-08
2.696334106291824671e-08
2.731754531229433497e-08
2.767041966988447022e-08
2.802168845728122939e-08
2.837134669019981498e-08
2.871938087651544369e-08
2.906554641800585052e-08
2.940938304532289518e-08
2.975025701928672935e-08
3.008788980002116170e-08
3.042212629145485859e-08
3.075272743702257923e-08
3.107908993199001618e-08
3.140010180585771520e-08
3.171423389600902104e-08
3.202006398423817144e-08
3.231694339051031530e-08
3.260488468056590877e-08
3.288442197957493276e-08
3.315591037085738854e-08
3.341886533908175749e-08
3.367224594007574527e-08
3.391467713707511278e-08
3.414463527581376521e-08
3.436084448962238146e-08
3.456272975838734232e-08
3.475056561504741966e-08
3.492459671431857470e-08
3.508470151434479609e-08
3.522993567672996627e-08
3.535909029027858286e-08
3.547117203118961496e-08
3.556534882455588204e-08
3.564088132937427364e-08
3.569758814111357221e-08
3.573586357299606624e-08
3.575579569975528234e-08
3.575673695938960691e-08
3.573732065436050721e-08
3.569655907922336908e-08
3.563454721566731933e-08
3.555177267609181842e-08
3.544859507155397702e-08
3.532458038611271508e-08
3.517909606629147625e-08
3.501152658450072056e-08
3.482224175355998935e-08
3.461179497443907683e-08
3.438056721804265175e-08
3.412847086243013734e-08
3.385525132182176913e-08
3.356112914928349205e-08
3.324688913048598888e-08
3.291323858876355037e-08
3.256040415677150962e-08
3.218865415704655908e-08
3.179857896773744200e-08
3.139107681624164928e-08
3.096709277329606716e-08
3.052710086178901370e-08
3.007176278211612028e-08
2.960218364973772993e-08
2.911939373674738852e-08
2.862421037524510443e-08
2.811748165490222478e-08
2.760032876754125863e-08
2.707380562696487599e-08
2.653881606206816349e-08
2.599632742671612569e-08
2.544735812380584394e-08
2.489291085571542644e-08
2.433386893485674345e-08
2.377114041940056504e-08
2.320573493847824445e-08
2.263846562021774353e-08
2.207021737453595117e-08
2.150185448616084601e-08
2.093415373666617535e-08
2.036787040028383795e-08
1.980372828372716459e-08
1.924239423507540715e-08
1.868449822010002938e-08
1.813065809154479195e-08
1.758146061991432195e-08
1.703747850546287046e-08
1.649926170051396379e-08
1.596734035607020382e-08
1.544222693986333400e-08
1.492442644917298113e-08
1.441442859742692587e-08
1.391273175081698637e-08
1.341980326953904307e-08
1.293612152734926104e-08
1.246213776991768471e-08
1.199828000952671444e-08
1.154495285445383407e-08
1.110252297520733112e-08
1.067131325402509874e-08
1.025160370235829439e-08
9.843618648731436179e-09
9.447526814473117305e-09
9.063436844211147824e-09
8.691392422162670883e-09
8.331383061717867823e-09
7.983343947918164115e-09
7.647172487750868927e-09
7.322728566412557018e-09
7.009842717146214044e-09
6.708308466876024180e-09
6.417885014216134985e-09
6.138304055605928162e-09
5.869283920920688739e-09
5.610548921991306190e-09
5.361841460898199915e-09
5.122928118692103075e-09
4.893595571435090173e-09
4.673645015513555196e-09
4.462881524348629874e-09
4.261100372366497861e-09
4.068066728166797887e-09
3.883498235787875653e-09
3.707067906167647092e-09
3.538424833526896380e-09
3.377223699470249121e-09
3.223152526832102030e-09
3.075943604367255491e-09
2.935361075971958329e-09
2.801176853862710399e-09
2.673147093695679692e-09
2.551004615663795860e-09
2.434474251375131810e-09
2.323292724281356018e-09
2.217220622406819916e-09
2.116039199433640414e-09
2.019534766344719380e-09
1.927488220807192063e-09
1.839679329901804266e-09
1.755898987334507623e-09
1.675955041818988263e-09
1.599667200038167825e-09
1.526859074214583895e-09
1.457354610718286627e-09
1.390984688690938802e-09
1.327591826689912544e-09
1.267028848352540732e-09
1.209154213245447315e-09
1.153830488721138082e-09
1.100927964274275131e-09
1.050324989063449408e-09
1.001906651670239861e-09
9.555635048884800860e-10
9.111928091410492828e-10
8.686977008274146009e-10
8.279872004509096851e-10
7.889759397325458389e-10
7.515839433872609525e-10
7.157361489740214833e-10
6.813625346721575459e-10
6.483976763024895917e-10
6.167804722702056067e-10
5.864538983371853807e-10
5.573647908689250714e-10
5.294635337833843883e-10
5.027038290867951182e-10
4.770424424876636474e-10
4.524389343571356000e-10
4.288554150134917316e-10
4.062563059531684731e-10
3.846081127264962654e-10
3.638792094349315566e-10
3.440396297841361959e-10
3.250608691895340819e-10
3.069157003470656345e-10
2.895780041872028711e-10
2.730226196060895012e-10
2.572252054555016264e-10
2.421621160479833779e-10
2.278102896483313607e-10
2.141471513486610954e-10
2.011505343003446367e-10
1.887986152175413330e-10
1.770698629136341440e-10
1.659429968021315627e-10
1.553969569266673066e-10
1.454108844301911862e-10
1.359641129024480612e-10
1.270361717019464772e-10
1.186067944017721592e-10
1.106559333679357982e-10
1.031637764994983292e-10
9.611076703153889902e-11
8.947763158584718569e-11
8.324541036568876492e-11
7.739548862025527408e-11
7.190962590639832693e-11
6.676997877254557165e-11
6.195913062876562656e-11
5.746011838099993761e-11
5.325645858136118110e-11
4.933216980777331156e-11
4.567178966210382998e-11
4.226038937392165443e-11
3.908358661707705159e-11
3.612755595072295755e-11
3.337903555479322667e-11
3.082533039924312096e-11
2.845431221297429944e-11
2.625441690195826301e-11
2.421463964759192952e-11
2.232452717768236616e-11
2.057416788265546221e-11
1.895417984647752632e-11
1.745569721459334456e-11
1.607035529729431878e-11
1.479027434455696076e-11
1.360804241934722907e-11
1.251669744889806205e-11
1.150970866280697314e-11
1.058095771801961999e-11
9.724719629534207867e-12
8.935643786726901011e-12
8.208735095338947125e-12
7.539335979021056791e-12
6.923107226005717517e-12
6.356008250247570043e-12
5.834283037473945621e-12
5.354441968723014119e-12
4.913245609004617240e-12
4.507689111906205533e-12
4.134987264022950144e-12
3.792560250804438286e-12
3.478020127496529870e-12
3.189157958715360466e-12
2.923931625077103261e-12
2.680454274300149462e-12
2.456983550823144399e-12
2.251912906960040151e-12
2.063756656136381383e-12
1.891146658415791451e-12
1.732821854952847456e-12
1.587620360639805160e-12
1.454472083675431033e-12
1.332391837463059793e-12
1.220472922845078405e-12
1.117881755727032711e-12
1.023851699068017357e-12
9.376758706666448667e-13
8.587057782129915090e-13
7.863454678942240871e-13
7.200473981002334723e-13
6.593086237456296328e-13
6.036687804481167504e-13
5.527025241205528225e-13
5.060201707849242806e-13
4.632644397764122781e-13
4.241074739597445014e-13
3.882495937220791246e-13
3.554143725995539705e-13
3.253479183019800498e-13
2.978181306108871785e-13
2.726126866502965105e-13
2.495372533710047406e-13
2.284114949653493898e-13
2.090714505659305206e-13
1.913678785796679303e-13
1.751627190886441149e-13
1.603289137025869589e-13
1.467514141452794931e-13
1.343248595229693337e-13
1.229508714010263366e-13
1.125413445345887615e-13
1.030149750033228477e-13
9.429610551433243851e-14
8.631793102270085958e-14
7.901653420953520764e-14
7.233521462300699046e-14
6.622145034338831064e-14
6.062685208587903468e-14
5.550796616256076407e-14
5.082390268171942893e-14
4.653830840683711878e-14
4.261710699707195908e-14
3.902939477101102196e-14
3.574731422043481372e-14
3.274428425777123097e-14
2.999740851434550609e-14
2.748457528339469238e-14
2.518580956171235651e-14
2.308335506191303794e-14
2.116056192758985924e-14
1.940199694766349801e-14
1.779380810060102825e-14
1.632331239531496785e-14
1.497891320582069507e-14
1.375006435352748229e-14
1.262685009051023173e-14
1.160035741442482761e-14
1.066243019318977322e-14
9.805599234967351378e-15
9.023173387945932845e-15
8.308765132842093481e-15
7.656615854404323357e-15
7.061452318619418445e-15
6.518515508703534796e-15
6.023578157918007030e-15
5.572318491743811020e-15
5.161296418225445093e-15
4.786963426208125648e-15
4.446400014719147994e-15
4.136587776456966176e-15
3.855134657675711213e-15
3.599591778141156027e-15
3.367758129594840706e-15
