# bin_2_2
9.978293017675333475e-09
1.002137613408744466e-08
1.006606589509929412e-08
1.011239863012370884e-08
1.016040322129722647e-08
1.021010633002828007e-08
1.026153441935676416e-08
1.031473111055692932e-08
1.036976042275177573e-08
1.042669621738610772e-08
1.048563643531730373e-08
1.054667899031324220e-08
1.060991657155714344e-08
1.067540435754393052e-08
1.074314330691921031e-08
1.081313180526221164e-08
1.088537985581495796e-08
1.095996448015933067e-08
1.103701832666959075e-08
1.111669097862706115e-08
1.119908951809736380e-08
1.128419960214186451e-08
1.137197009101013286e-08
1.146239579086013476e-08
1.155562633115009592e-08
1.165187178955215089e-08
1.175125555205187945e-08
1.185370656587131101e-08
1.195913697940700653e-08
1.206768777160967808e-08
1.217964604013714940e-08
1.229512387801111241e-08
1.241397467118958851e-08
1.253620806782280889e-08
1.266217736170123965e-08
1.279207868533776036e-08
1.292574237268275733e-08
1.306325600016497435e-08
1.320497475296345810e-08
1.335080588449131071e-08
1.350065281931602033e-08
1.365484148225453199e-08
1.381325912908894863e-08
1.397580167075097149e-08
1.414269475942663873e-08
1.431368932037168523e-08
1.448886138303131822e-08
1.466819068493326311e-08
1.485158449468528960e-08
1.503915148148892892e-08
1.523084190681934655e-08
1.542679692673714047e-08
1.562702683310759648e-08
1.583165301394769217e-08
1.604069969527195778e-08
1.625417137481284289e-08
1.647204972498007479e-08
1.669427556682304192e-08
1.692077295293524977e-08
1.715151101147412664e-08
1.738653093096219731e-08
1.762589564838972002e-08
1.786975469876065193e-08
1.811826130942584493e-08
1.837153588667197293e-08
1.862961102034034195e-08
1.889246755694706381e-08
1.915987747831127786e-08
1.943161803513601743e-08
1.970748150441408590e-08
1.998723615863419121e-08
2.027056447771460135e-08
2.055706725071287002e-08
2.084622008929861142e-08
2.113756678988794330e-08
2.143078497876430772e-08
2.172569724379266701e-08
2.202223595706625179e-08
2.232036246458761920e-08
2.262017792333804950e-08
2.292199678773051337e-08
2.322610778688292746e-08
2.353251043843333495e-08
2.384105270476043117e-08
2.415116615450580320e-08
2.446211007613050696e-08
2.477301399115272503e-08
2.508297904813631025e-08
2.539117614834393934e-08
2.569707778537859343e-08
2.600041567495337443e-08
2.630119157516731002e-08
2.659940049052534002e-08
2.689481166324263615e-08
2.718698443487773851e-08
2.747530793113248098e-08
2.775952701052427173e-08
2.803951491453979120e-08
2.831506657805414444e-08
2.858561570841045840e-08
2.885009002104204789e-08
2.910700658112452520e-08
2.935499229116632947e-08
2.959344690411795081e-08
2.982243247606236702e-08
3.004253183065795988e-08
3.025415311263715747e-08
3.045687404126944918e-08
3.064971987052442626e-08
3.083139031618641939e-08
3.100044214224599651e-08
3.115568254296508209e-08
3.129662366437170950e-08
3.142362876020839537e-08
3.153704006206178569e-08
3.163684292289547779e-08
3.172220974966703429e-08
3.179205503191303043e-08
3.184551205251341829e-08
3.188187805632482699e-08
3.190054774160683938e-08
3.190147310551669830e-08
3.188518052024589096e-08
3.185189674193594420e-08
3.180111872815588253e-08
3.173163212301714696e-08
3.164260067363253035e-08
3.153426547905890364e-08
3.140726167094103619e-08
3.126209472836997331e-08
3.109848241074876855e-08
3.091594196584890715e-08
3.071400796322238084e-08
3.049318742032895352e-08
3.025416814117702089e-08
2.999746030136627741e-08
2.972310276916684652e-08
2.943096064068539920e-08
2.912136095627219452e-08
2.879518138685290287e-08
2.845321236430622181e-08
2.809575570963447250e-08
2.772314272131789061e-08
2.733601331486466391e-08
2.693530134918530511e-08
2.652197485630603153e-08
2.609652329773785022e-08
2.565960856093498981e-08
2.521231846065682010e-08
2.475565217388782556e-08
2.429037987954810308e-08
2.381728220766996415e-08
2.333738824702564510e-08
2.285163804743429056e-08
2.236079962808153424e-08
2.186568220555283036e-08
2.136712879465118551e-08
2.086595548253967351e-08
2.036285622476077706e-08
1.985855135833268771e-08
1.935386864290770821e-08
1.884945106122810787e-08
1.834601869708347561e-08
1.784427396568623423e-08
1.734483027387386892e-08
1.684827472260448994e-08
1.635515974894274109e-08
1.586598424035642769e-08
1.538122147529809729e-08
1.490135139074468116e-08
1.442684570510901772e-08
1.395818338182380342e-08
1.349583523163525382e-08
1.304025805427589181e-08
1.259189122182495160e-08
1.215116255158005107e-08
1.171847929330002567e-08
1.129424922038182967e-08
1.087883940656144586e-08
1.047261573243707589e-08
1.007590666388943572e-08
9.689008799348232398e-09
9.312186067596225904e-09
8.945652715693564697e-09
8.589566502537601796e-09
8.244031091527742426e-09
7.909087471356650788e-09
7.584722152556576743e-09
7.270874500355020879e-09
6.967445480103274008e-09
6.674316882593889843e-09
6.391355222205823875e-09
6.118424718178404348e-09
5.855378497648902101e-09
5.602056792652132494e-09
5.358272291627858370e-09
5.123810517605447527e-09
4.898435003024099477e-09
4.681897787189632375e-09
4.473954305968331012e-09
4.274368429840880468e-09
4.082915121357184157e-09
3.899378830941462428e-09
3.723555012384246594e-09
3.555247281716702501e-09
3.394257246421554812e-09
3.240364841728240260e-09
3.093312229511566960e-09
2.952808135832184152e-09
2.818549247231361267e-09
2.690246987073229358e-09
2.567649081066902885e-09
2.450544211378840635e-09
2.338745572233760225e-09
2.232066170413408146e-09
2.130297840692361205e-09
2.033209088227811169e-09
1.940565441402478529e-09
1.852149439665024367e-09
1.767769351875685378e-09
1.687252718567799696e-09
1.610429858186678430e-09
1.537124398434885482e-09
1.467157757614609717e-09
1.400361351921255938e-09
1.336582173772010284e-09
1.275677263066887801e-09
1.217506718840778683e-09
1.161931226966008052e-09
1.108818179094935020e-09
1.058044702677547503e-09
1.009495719789247448e-09
9.630605408723017724e-10
9.186321323559684150e-10
8.761104727054177658e-10
8.354020724947243547e-10
7.964184665663393985e-10
7.590755433798021980e-10
7.232949172611490415e-10
6.890029520250273803e-10
6.561305546124291549e-10
6.246129863351353080e-10
5.943898389275698097e-10
5.654045536120177700e-10
5.376044147743902161e-10
5.109402033909377482e-10
4.853660066919933297e-10
4.608389520224434240e-10
4.373190126843819614e-10
4.147687681614822694e-10
3.931531928596008855e-10
3.724394388902528829e-10
3.525966189037403159e-10
3.335956012009860226e-10
3.154088195295422320e-10
2.980100939711524925e-10
2.813744631880522012e-10
2.654780232068970513e-10
2.502977786970319126e-10
2.358115091331583425e-10
2.219976492388443588e-10
2.088351866288588126e-10
1.963035703577690204e-10
1.843826315496732406e-10
1.730525155954189487e-10
1.622936272008753794e-10
1.520865912950888688e-10
1.424122251747945217e-10
1.332515207579799787e-10
1.245856334389087141e-10
1.163958797084172894e-10
1.086637424908698533e-10
1.013708838542790175e-10
9.449916648377271033e-11
8.803067639811768086e-11
8.194774848889984486e-11
7.623299174984043299e-11
7.086931475938352089e-11
6.583995714701686204e-11
6.112852008623768742e-11
5.671899535402559955e-11
5.259579061739745443e-11
4.874374669666161445e-11
4.514816121259622118e-11
4.179480745416741978e-11
3.866995141659451459e-11
3.576036467509310223e-11
3.305333162330290792e-11
3.053665478625431313e-11
2.819865836588309195e-11
2.602818945711306793e-11
2.401461616985778924e-11
2.214782262062616774e-11
2.041820159785873766e-11
1.881664537318692587e-11
1.733453489905813901e-11
1.596372721066019510e-11
1.469654153261010805e-11
1.352574418345284444e-11
1.244453255694714942e-11
1.144651848835730355e-11
1.052571104249603457e-11
9.676499104327407594e-12
8.893633769645613950e-12
8.172210649878584530e-12
7.507652324632829907e-12
6.895691000159484143e-12
6.332351606323355826e-12
5.813935302877119031e-12
5.337004059652782031e-12
4.898364288189968184e-12
4.495050029291886719e-12
4.124311906396155213e-12
3.783602024475651211e-12
3.470560844117094101e-12
3.183004683624253669e-12
2.918913841861030206e-12
2.676421387181982187e-12
2.453802587823872900e-12
2.249464924343234351e-12
2.061938685895775741e-12
1.889868121713003998e-12
1.732003258829414462e-12
1.587193687826952561e-12
1.454375996873646057e-12
1.332572687718821970e-12
1.220883859652681311e-12
1.118481326309002266e-12
1.024603147884992370e-12
9.385485441781738497e-13
8.596731705705210527e-13
7.873853386359302945e-13
7.211413446963439598e-13
6.604396857997896059e-13
6.048209851693631956e-13
5.538633661262363615e-13
5.071794650125725797e-13
4.644136749060417318e-13
4.252411059072874662e-13
3.893609666662595100e-13
3.564980306784070593e-13
3.264001717890465244e-13
2.988361180223431375e-13
2.735948739359419367e-13
2.504814433020629013e-13
2.293166789178787969e-13
2.099370674700478986e-13
1.921932104893703569e-13
1.759484949162004265e-13
1.610755442965899917e-13
1.474589507701914928e-13
1.349939794766486513e-13
1.235833857227292993e-13
1.131375294845811940e-13
1.035756420627119312e-13
9.482377630539021579e-14
8.681236092193699654e-14
7.947965972512732833e-14
7.276853504351979702e-14
6.662548404559098039e-14
6.100396070229252016e-14
5.585864547446861996e-14
5.114984399725892743e-14
4.684062022141221665e-14
4.289686231791813516e-14
3.928817633481085327e-14
3.598564792491971614e-14
3.296386684274422968e-14
3.019878611836777509e-14
2.766867551502884371e-14
2.535406001827899427e-14
2.323605283983963213e-14
2.129876307231845751e-14
1.952651452519461063e-14
1.790521446908595446e-14
1.642247307457805550e-14
1.506655934748184096e-14
1.382654590214988555e-14
1.269269392563213244e-14
1.165608281180525548e-14
1.070855681955312961e-14
9.842715130996358947e-15
9.051527782878260959e-15
8.328717801242258491e-15
7.668546324900670786e-15
7.065755002509069112e-15
6.515666854732357050e-15
6.013743132844880130e-15
5.555910797906173676e-15
5.138437145591357402e-15
4.757966632615294879e-15
4.411548057169572615e-15
4.096053101015014115e-15
3.809105915599829351e-15
3.548157121231092561e-15
3.311180858242455117e-15
3.096000422794834142e-15
2.900966781177696037e-15
2.724327950304101353e-15
2.564516654848935818e-15
