# d_z
1.000000000000000000e+00
9.970214832768502511e-01
9.940495431780306257e-01
9.910852305793503847e-01
9.881295901388085223e-01
9.851835299865037143e-01
9.822478913136428735e-01
9.793234516508260157e-01
9.764109112120938905e-01
9.735108832209085072e-01
9.706239589101104404e-01
9.677506396607863381e-01
9.648913777104678458e-01
9.620466105269768198e-01
9.592166010737692705e-01
9.564017441494749860e-01
9.536022531576429095e-01
9.508184121908660469e-01
9.480503677930284256e-01
9.452982912010525762e-01
9.425623008715816598e-01
9.398425064287081465e-01
9.371389841108881402e-01
9.344517994908322356e-01
9.317809473717989510e-01
9.291264750187692156e-01
9.264883364788051301e-01
9.238664937934714105e-01
9.212609628531767125e-01
9.186716545799169520e-01
9.160984810525639732e-01
9.135414011822743374e-01
9.110003199541160113e-01
9.084751199685746625e-01
9.059656710936293544e-01
9.034719404146219768e-01
9.009937486611164781e-01
8.985309675245102268e-01
8.960834548566752877e-01
8.936511244540426002e-01
8.912337934029337383e-01
8.888313491843019554e-01
8.864435996075384905e-01
8.840704408787335433e-01
8.817117186574218168e-01
8.793672676636691277e-01
8.770369172373595479e-01
8.747205369588283430e-01
8.724179955981115064e-01
8.701290566336583598e-01
8.678536323118885010e-01
8.655915745510563974e-01
8.633426764239010565e-01
8.611068059697228882e-01
8.588838146063036971e-01
8.566735731163604983e-01
8.544758615198021490e-01
8.522905557896878204e-01
8.501175501737664453e-01
8.479566340439723682e-01
8.458076872790254441e-01
8.436705278266937169e-01
8.415451077055084994e-01
8.394311473245265054e-01
8.373285784546442567e-01
8.352372788941571091e-01
8.331570684902021018e-01
8.310878104202067407e-01
8.290293805930130100e-01
8.269816258042151924e-01
8.249444422424920820e-01
8.229176634598659446e-01
8.209011639436590846e-01
8.188948183042946694e-01
8.168985405025254165e-01
8.149121434708356260e-01
8.129355454304190154e-01
8.109686053344451473e-01
8.090111893037108537e-01
8.070632040079981362e-01
8.051245047727410009e-01
8.031950131201223142e-01
8.012745935816909526e-01
7.993631379276807669e-01
7.974605185619012548e-01
7.955666420123911342e-01
7.936813840142997734e-01
7.918046844851709398e-01
7.899363945639845674e-01
7.880764086676869118e-01
7.862246427398879023e-01
7.843810067295154953e-01
7.825453740726859841e-01
7.807176373597717323e-01
7.788977604649370834e-01
7.770856143735980215e-01
7.752810785618931000e-01
7.734840913254000805e-01
7.716945445697029893e-01
7.699123933863499802e-01
7.681374743112771020e-01
7.663697948211631861e-01
7.646091769191419862e-01
7.628555937050366387e-01
7.611089362055842855e-01
7.593691425224173841e-01
7.576360981727026100e-01
7.559097771782391506e-01
7.541900685469952181e-01
7.524768646066185562e-01
7.507701813317350092e-01
7.490698307267316114e-01
7.473758144294235795e-01
7.456880323521760667e-01
7.440064023625047041e-01
7.423309036252545567e-01
7.406613977916436387e-01
7.389978716259002489e-01
7.373402250830585203e-01
7.356884010686042252e-01
7.340423433090834671e-01
7.324019571215242275e-01
7.307672242258150819e-01
7.291380409216794423e-01
7.275143445411781373e-01
7.258961086859497813e-01
7.242832484598619169e-01
7.226756776924904146e-01
7.210733948145050531e-01
7.194763148192533375e-01
7.178843700488297674e-01
7.162975203348114217e-01
7.147156680031502285e-01
7.131387903392277794e-01
7.115668859536334878e-01
7.099998163536666018e-01
7.084375321034629414e-01
7.068800181523473558e-01
7.053272205311712506e-01
7.037791080368809293e-01
7.022355731669989165e-01
7.006965820987878235e-01
6.991621145036444052e-01
6.976320850262681672e-01
6.961064907352081388e-01
6.945852296797256908e-01
6.930682914010871665e-01
6.915556340314326089e-01
6.900472036967483236e-01
6.885429252771944064e-01
