# da
0.000000000000000000e+00
8.411058897042134674e+01
1.636034420826388214e+02
2.387562610083855930e+02
3.098271593741640686e+02
3.770563271844571887e+02
4.406675217000825455e+02
5.008694066681774189e+02
5.578567586123394904e+02
6.118115562123059590e+02
6.629039665459740718e+02
7.112932400618284419e+02
7.571285245384550535e+02
8.005496069215889747e+02
8.416875907681013587e+02
8.806655160373037461e+02
9.175989271254475170e+02
9.525963943163201293e+02
9.857599932003271306e+02
1.017185746080450485e+03
1.046964028922614034e+03
1.075179947009181888e+03
1.101913682108141757e+03
1.127240813669230192e+03
1.151232616295170146e+03
1.173956335505849665e+03
1.195475443610940602e+03
1.215849877328257662e+03
1.235136258627718007e+03
1.253388100141273071e+03
1.270655996355272919e+03
1.286987801691316236e+03
1.302428796483053247e+03
1.317021841768068043e+03
1.330807523734771166e+03
1.343824288592859148e+03
1.356108568571639580e+03
1.367694899692394984e+03
1.378616031908382638e+03
1.388903032158311589e+03
1.398585380835831074e+03
1.407691062138068901e+03
1.416246648720312351e+03
1.424277381051078692e+03
1.431807241831809051e+03
1.438859025817961083e+03
1.445454405353076936e+03
1.451613991904349859e+03
1.457357393866962639e+03
1.462703270885021993e+03
1.467669384918936657e+03
1.472272648272609331e+03
1.476529168778560688e+03
1.480454292325102870e+03
1.484062642896666148e+03
1.487368160286495822e+03
1.490384135629793946e+03
1.493123244895215748e+03
1.495597580463136865e+03
1.497818680910349940e+03
1.499797559112735371e+03
1.501544728769931908e+03
1.503070229449048838e+03
1.504383650238000428e+03
1.505494152093020375e+03
1.506410488959354097e+03
1.507141027738940693e+03
1.507693767174059076e+03
1.508076355711483075e+03
1.508296108407455904e+03
1.508360022929992056e+03
1.508274794711351433e+03
1.508046831300189524e+03
1.507682265959777624e+03
1.507186970555721246e+03
1.506566567773933684e+03
1.505826442707060096e+03
1.504971753845181183e+03
1.504007443504413914e+03
1.502938247724994881e+03
1.501768705668449456e+03
1.500503168541702962e+03
1.499145808074284105e+03
1.497700624573192499e+03
1.496171454578550765e+03
1.494561978141771306e+03
1.492875725746677745e+03
1.491116084892837080e+03
1.489286306359203536e+03
1.487389510165125557e+03
1.485428691244803304e+03
1.483406724850292676e+03
1.481326371697367676e+03
1.479190282867653650e+03
1.477001004479722724e+03
1.474760982141130626e+03
1.472472565192655566e+03
1.470138010755417554e+03
1.467759487590920799e+03
1.465339079783524085e+03
1.462878790254316755e+03
1.460380544114869508e+03
1.457846191868877895e+03
1.455277512469283010e+03
1.452676216238015286e+03
1.450043947655160764e+03
1.447382288023947922e+03
1.444692758017626147e+03
1.441976820113985696e+03
1.439235880922956312e+03
1.436471293412445448e+03
1.433684359037277773e+03
1.430876329775893510e+03
1.428048410079158202e+03
1.425201758023412822e+03
1.422337489898935701e+03
1.419456677779911843e+03
1.416560353878674505e+03
1.413649511444246855e+03
1.410725106264142823e+03
1.407788058103278900e+03
1.404839252082892926e+03
1.401879540002212480e+03
1.398909741605464887e+03
1.395930645796710451e+03
1.392943011804848084e+03
1.389947570301031419e+03
1.386945024470617227e+03
1.383936051041672272e+03
1.380921301271967195e+03
1.377901401896276184e+03
1.374876956035743888e+03
1.371848544070962589e+03
1.368816724480356470e+03
1.365782034645357271e+03
1.362744991623834494e+03
1.359706092893116875e+03
1.356665817063933673e+03
1.353624624566497914e+03
1.350582958309926880e+03
1.347541244316129905e+03
1.344499892329227805e+03
1.341459296401551455e+03
1.338419835457181307e+03
1.335381873833973032e+03
1.332345761804963786e+03
1.329311836080005833e+03
1.326280420288450159e+03
1.323251825443648841e+03
1.320226350390029211e+03
