# f_ap
0.000000000000000000e+00
2.036876944906401699e-02
4.107902507781943657e-02
6.214020178627269880e-02
8.356106751866446136e-02
1.053497460044086620e-01
1.275137410801463478e-01
1.500599621627967395e-01
1.729947504921840740e-01
1.963239058089109035e-01
2.200527131778935719e-01
2.441859697098868187e-01
2.687280109720482923e-01
2.936827369139553001e-01
3.190536371674261851e-01
3.448438156070435801e-01
3.710560140835551524e-01
3.976926352644727380e-01
4.247557645354296807e-01
4.522471909323919070e-01
4.801684270888969541e-01
5.085207281943425750e-01
5.373051099692024435e-01
5.665223656711340094e-01
5.961730821524713342e-01
6.262576549947687088e-01
6.567763027500420625e-01
6.877290803213425008e-01
7.191158915174086230e-01
7.509365008175158396e-01
7.831905443834316083e-01
8.158775403556250971e-01
8.489968984707618738e-01
8.825479290369639962e-01
9.165298513026425287e-01
9.509418012536432485e-01
9.857828388723989255e-01
1.021051954891472935e+00
1.056748077072596104e+00
1.092870076040871163e+00
1.129416770702443173e+00
1.166386933272492543e+00
1.203779293939012396e+00
1.241592545186417818e+00
1.279825345801708147e+00
1.318476324584553216e+00
1.357544083781417443e+00
1.397027202262604240e+00
1.436924238459936554e+00
1.477233733081664280e+00
1.517954211620122118e+00
1.559084186666673366e+00
1.600622160047480147e+00
1.642566624792803465e+00
1.684916066951605451e+00
1.727668967262510513e+00
1.770823802691362525e+00
1.814379047844958404e+00
1.858333176269870490e+00
1.902684661644620467e+00
1.947431978872929959e+00
1.992573605085229849e+00
2.038108020555081445e+00
2.084033709536717627e+00
2.130349161029455818e+00
2.177052869474353614e+00
2.224143335388077070e+00
2.271619065938584647e+00
2.319478575466963122e+00
2.367720385959340756e+00
2.416343027472652061e+00
2.465345038517629206e+00
2.514724966402241968e+00
2.564481367538568701e+00
2.614612807715802401e+00
2.665117862341991550e+00
2.715995116656861441e+00
2.767243165917933734e+00
2.818860615561962213e+00
2.870846081343628509e+00
2.923198189453197315e+00
2.975915576614815539e+00
3.028996890166964828e+00
3.082440788126428632e+00
3.136245939237154001e+00
3.190411023005153446e+00
3.244934729720622357e+00
3.299815760468275183e+00
3.355052827126908888e+00
3.410644652359034357e+00
3.466589969591509668e+00
3.522887522987806275e+00
3.579536067412765643e+00
3.636534368390423211e+00
3.693881202055544488e+00
3.751575355099460385e+00
3.809615624710679604e+00
3.868000818510851868e+00
3.926729754486457669e+00
3.985801260916684186e+00
4.045214176297886155e+00
4.104967349264984300e+00
4.165059638510095752e+00
4.225489912698811246e+00
4.286257050384257639e+00
4.347359939919368976e+00
4.408797479367485117e+00
4.470568576411572792e+00
4.532672148262252065e+00
4.595107121564841357e+00
4.657872432305585342e+00
4.720967025717219379e+00
4.784389856184044554e+00
4.848139887146643900e+00
4.912216088552129989e+00
4.976617446380484644e+00
5.041342948395223011e+00
5.106391593305582788e+00
5.171762388399356425e+00
5.237454349447856927e+00
5.303466500611146550e+00
5.369797874343727351e+00
5.436447511300697144e+00
5.503414460244438366e+00
5.570697777951893137e+00
5.638296529122495571e+00
5.706209786286742691e+00
5.774436629715524738e+00
5.842976147330180225e+00
5.911827434613345922e+00
5.980989594520601749e+00
6.050461737392963002e+00
6.120242980870228777e+00
6.190332449805200810e+00
6.260729276178780722e+00
6.331432599015987428e+00
6.402441564302892019e+00
6.473755324904454156e+00
6.545373040483332794e+00
6.617293877419568204e+00
6.689517008731318271e+00
6.762041613996395029e+00
6.834866879274907880e+00
6.907991997032723930e+00
6.981416166065967488e+00
7.055138591426413974e+00
7.129158484347863478e+00
7.203475062173430921e+00
7.278087548283799890e+00
7.352995172026392190e+00
