# f_z
1.475860994440205409e-01
1.507119200506460144e-01
1.537876272698170121e-01
1.568102111050665437e-01
1.597797413422235580e-01
1.626991830660160510e-01
1.655680971621437680e-01
1.683873038696913349e-01
1.711594487172718171e-01
1.738846060543479122e-01
1.765633041737157405e-01
1.791991775223039651e-01
1.817892797276282058e-01
1.843413984882514289e-01
1.868529533398016751e-01
1.893241904445550072e-01
1.917583626020275545e-01
1.941552721153351202e-01
1.965195021860745017e-01
1.988495169738728474e-01
2.011475674377501410e-01
2.034142413951182948e-01
2.056498243665330905e-01
2.078583279518139704e-01
2.100388787953727243e-01
2.121921162012745388e-01
2.143240883534058006e-01
2.164284557466993886e-01
2.185079978662429201e-01
2.205695681063285507e-01
2.226081669063876001e-01
2.246244961870841883e-01
2.266225375457692481e-01
2.286057506615469803e-01
2.305666388659842192e-01
2.325091124202764981e-01
2.344397644521684643e-01
2.363556002708420145e-01
2.382536226778279587e-01
2.401377670168394485e-01
2.420090468082029267e-01
2.438684540926706612e-01
2.457164514529286969e-01
2.475490824042591020e-01
2.493724284226696564e-01
2.511871772733687558e-01
2.529922974234486976e-01
2.547824584380692370e-01
2.565693774291422091e-01
2.583493711641572377e-01
2.601131346854237969e-01
2.618746127345404906e-01
2.636304496617872806e-01
2.653772831729636072e-01
2.671145074489539861e-01
2.688490464536800184e-01
2.705827192393182035e-01
2.723021347836566131e-01
2.740197633362780882e-01
2.757341916855434727e-01
2.774464244248237010e-01
2.791466705157630290e-01
2.808467664571745459e-01
2.825512762631365860e-01
2.842399537988328229e-01
2.859298446555933459e-01
2.876204292550423314e-01
2.893056056690550548e-01
2.909901440056117394e-01
2.926707459590972560e-01
2.943496171134464268e-01
2.960299877008888414e-01
2.977086568786724285e-01
2.993803037285297508e-01
3.010540215503316741e-01
3.027293248805047465e-01
3.043992692414928536e-01
3.060743648247424842e-01
3.077459058865045782e-01
3.094185944447109815e-01
3.110902410608629154e-01
3.127598267102830176e-01
3.144320047434941978e-01
3.161057445929350007e-01
3.177795836401651752e-01
3.194554071420945274e-01
3.211282022081927146e-01
3.228010293822178856e-01
3.244819400050380498e-01
3.261612719375523994e-01
3.278386574802144571e-01
3.295191076807246766e-01
3.312077885502847652e-01
3.328908552177231028e-01
3.345716112078709337e-01
3.362646990456318319e-01
3.379567900137212533e-01
3.396516659374851921e-01
3.413430469904998876e-01
3.430440522729088504e-01
3.447430966292542864e-01
3.464441436792558004e-01
3.481548459424811948e-01
3.498616591624658101e-01
3.515734029604751232e-01
3.532904048607719005e-01
3.550085351507408782e-01
3.567234498530661435e-01
3.584568505782933512e-01
3.601787866585907660e-01
3.619095333730927289e-01
3.636514706835339839e-01
3.653845835247057083e-01
3.671333650349777877e-01
3.688751381500412485e-01
3.706261575667416652e-01
3.723834134252875794e-01
3.741386614473396488e-01
3.759049761367648790e-01
3.776689806072283107e-01
3.794433823544328122e-01
3.812183734943150881e-01
3.829954957060405230e-01
3.847868924657883438e-01
3.865750336563527068e-01
3.883650236182886184e-01
3.901714226086943627e-01
3.919756288648968967e-01
3.937785830428406353e-01
3.955960440755396101e-01
3.974138582563094824e-01
3.992414876110165212e-01
4.010798111349732631e-01
4.029040359282949346e-01
4.047403966038456424e-01
4.065990202644766960e-01
4.084518232799153603e-01
4.103073335747697836e-01
4.121641352336903874e-01
4.140327571998277389e-01
4.159172040579881546e-01
4.177945941185927103e-01
4.196838353868280747e-01
4.215755120876223394e-01
4.234748487345312284e-01
4.253864053313211602e-01
4.272937404640866910e-01
4.292095776979099053e-01
4.311369514544672876e-01
4.330811385391724611e-01
