# fsigma_8
6.031094112556749653e-01
6.035041968699360604e-01
6.034710653308845707e-01
6.030395719304086910e-01
6.022382463166191524e-01
6.010945114218416707e-01
5.996346449955437530e-01
5.978837258547252675e-01
5.958655939146798586e-01
5.936028744364867382e-01
5.911169541818858120e-01
5.884279980258421139e-01
5.855549971244228269e-01
5.825157478425206925e-01
5.793269566114545022e-01
5.760042199618621295e-01
5.725620958466453025e-01
5.690141451579238119e-01
5.653729732014305398e-01
5.616502966728048607e-01
5.578569556820603959e-01
5.540030006041928301e-01
5.500977048604064334e-01
5.461496340783830172e-01
5.421666824760028591e-01
5.381561089102373519e-01
5.341245816192642382e-01
5.300782243607737865e-01
5.260226376627512579e-01
5.219629524886976180e-01
5.179038489501428533e-01
5.138495954726499670e-01
5.098040735437756599e-01
5.057708222592883773e-01
5.017530180247498084e-01
4.977535774978407712e-01
4.937750909800664445e-01
4.898199145373060004e-01
4.858901561647287481e-01
4.819876834567283219e-01
4.781141994834774422e-01
4.742711760741937788e-01
4.704599404557789355e-01
4.666816327155466904e-01
4.629372763884639919e-01
4.592277389736747484e-01
4.555537611272137966e-01
4.519159899173725847e-01
4.483149454191165950e-01
4.447510708547779412e-01
4.412247100470856886e-01
4.377361348981650968e-01
4.342855288672351488e-01
4.308730312867596890e-01
4.274987068701817106e-01
4.241625685700051718e-01
4.208645807067895594e-01
4.176046620364676221e-01
4.143826879624822324e-01
4.111984974502843060e-01
4.080518943292656964e-01
4.049426660639494080e-01
4.018705515069518341e-01
3.988352836456584560e-01
3.958365618384281914e-01
3.928740744155919673e-01
3.899474856401308198e-01
3.870564542969995858e-01
3.842006172569218392e-01
3.813796049456884552e-01
3.785930395422930639e-01
3.758405252336088909e-01
3.731216752114818735e-01
3.704360762691907838e-01
3.677833369653442652e-01
3.651630373864929169e-01
3.625747718281026044e-01
3.600181192371207373e-01
3.574926660543858437e-01
3.549980007014524319e-01
3.525337004130631446e-01
3.500993583684243182e-01
3.476945570908660521e-01
3.453188791768135868e-01
3.429719212920287474e-01
3.406532715348106199e-01
3.383625306149634082e-01
3.360992919009628821e-01
3.338631611684464984e-01
3.316537442282527226e-01
3.294706473575061412e-01
3.273134826426107868e-01
3.251818734941195888e-01
3.230754378738924792e-01
3.209938018662459869e-01
3.189366016969896744e-01
3.169034682914167456e-01
3.148940447230300088e-01
3.129079733473023595e-01
3.109449083754570187e-01
3.090044970254653967e-01
3.070864093275599838e-01
3.051903045697250128e-01
3.033158539977957591e-01
3.014627310362344437e-01
2.996306169728305546e-01
2.978191947458041500e-01
2.960281570823893871e-01
2.942571949216356564e-01
2.925060052868727611e-01
2.907743015812005449e-01
2.890617813903985089e-01
2.873681631847221363e-01
2.856931644093797518e-01
2.840365084699604248e-01
2.823979189590308247e-01
2.807771290888649851e-01
2.791738837062034961e-01
2.775879104161447231e-01
2.760189595050851485e-01
2.744667807149223648e-01
2.729311269309506183e-01
2.714117542737090050e-01
2.699084242765226183e-01
2.684209076120344095e-01
2.669489658587183567e-01
2.654923785363137445e-01
2.640509215711959179e-01
2.626243765832203536e-01
2.612125239436445256e-01
2.598151595484302634e-01
2.584320706809082879e-01
2.570630547720803571e-01
2.557079097505570719e-01
2.543664409608109023e-01
2.530384494378296045e-01
2.517237518970517618e-01
2.504221522403480837e-01
2.491334744157244208e-01
2.478575314559406106e-01
2.465941471539880858e-01
2.453431507427664970e-01
2.441043636975057107e-01
2.428776198299669176e-01
2.416627521610817952e-01
2.404595998080634456e-01
2.392679993598624266e-01
2.380877914575127152e-01
2.369188270220137227e-01
2.357609474899378388e-01
