# h
6.999999999998728129e+01
7.116212869013010334e+01
7.235139850422289953e+01
7.356738538849748466e+01
7.480966393984789420e+01
7.607780899566981248e+01
7.737139704762920189e+01
7.869000748914326948e+01
8.003322370702954913e+01
8.140063402816217319e+01
8.279183253211745352e+01
8.420641974073136282e+01
8.564400319527130989e+01
8.710419793157687707e+01
8.858662686307978618e+01
9.009092108109992125e+01
9.161672008125471223e+01
9.316367192423021493e+01
9.473143333856393156e+01
9.631966977248954720e+01
9.792805540130792963e+01
9.955627309617757703e+01
1.012040143596751989e+02
1.028709792329587458e+02
1.045568761788820211e+02
1.062614219449550319e+02
1.079843414096255572e+02
1.097253674149700373e+02
1.114842405885263901e+02
1.132607091566778621e+02
1.150545287517021507e+02
1.168654622143330499e+02
1.186932793934430492e+02
1.205377569442359658e+02
1.223986781261499601e+02
1.242758326014928940e+02
1.261690162356834719e+02
1.280780308998308499e+02
1.300026842762676438e+02
1.319427896675433090e+02
1.338981658092911857e+02
1.358686366873012901e+02
1.378540313590586948e+02
1.398541837799442078e+02
1.418689326342415882e+02
1.438981211710471371e+02
1.459415970451381952e+02
1.479992121628217490e+02
1.500708225327566367e+02
1.521562881217154484e+02
1.542554727152345322e+02
1.563682437830802598e+02
1.584944723494469372e+02
1.606340328677903528e+02
1.627868031001907809e+02
1.649526640011320069e+02
1.671314996055781705e+02
1.693231969212257013e+02
1.715276458248050631e+02
1.737447389623048934e+02
1.759743716529907829e+02
1.782164417970922443e+02
1.804708497870299198e+02
1.827374984220582519e+02
1.850162928261997024e+02
1.873071403693501793e+02
1.896099505914360464e+02
1.919246351295071520e+02
1.942511076476531002e+02
1.965892837696324591e+02
1.989390810141096324e+02
2.013004187323942347e+02
2.036732180485846584e+02
2.060574018020190010e+02
2.084528944919397304e+02
2.108596222242825604e+02
2.132775126605032483e+02
2.157064949683586406e+02
2.181464997745621019e+02
2.205974591192365324e+02
2.230593064120900806e+02
2.255319763902452905e+02
2.280154050776522752e+02
2.305095297460198367e+02
2.330142888772047911e+02
2.355296221269953776e+02
2.380554702902358031e+02
2.405917752672320944e+02
2.431384800313907135e+02
2.456955285980354518e+02
2.482628659943588616e+02
2.508404382304567264e+02
2.534281922714050097e+02
2.560260760103353164e+02
2.586340382424691597e+02
2.612520286400707619e+02
2.638799977282822056e+02
2.665178968618055251e+02
2.691656782023978280e+02
2.718232946971448314e+02
2.744907000574851850e+02
2.771678487389530687e+02
2.798546959216105847e+02
2.825511974911453876e+02
2.852573100206030858e+02
2.879729907527341766e+02
2.906981975829274347e+02
2.934328890427094620e+02
2.961770242837878868e+02
2.989305630626168409e+02
3.016934657254644208e+02
3.044656931939642845e+02
3.072472069511310337e+02
3.100379690278232374e+02
3.128379419896370450e+02
3.156470889242133921e+02
3.184653734289429963e+02
3.212927595990576037e+02
3.241292120160875356e+02
3.269746957366778020e+02
3.298291762817447079e+02
3.326926196259649373e+02
3.355649921875810833e+02
3.384462608185144745e+02
3.413363927947737011e+02
3.442353558071488351e+02
3.471431179521786135e+02
3.500596477233848418e+02
3.529849140027611725e+02
3.559188860525089808e+02
3.588615335070115293e+02
3.618128263650372674e+02
3.647727349821661278e+02
3.677412300634285884e+02
3.707182826561527804e+02
3.737038641430102643e+02
3.766979462352562109e+02
3.797005009661540385e+02
3.827115006845826883e+02
3.857309180488152833e+02
3.887587260204695667e+02
3.917948978586169915e+02
3.948394071140536425e+02
3.978922276237194069e+02
4.009533335052674943e+02
4.040226991517748729e+02
4.071002992265912326e+02
4.101861086583208476e+02
4.132801026359347247e+02
4.163822566040067841e+02
