# rs_dv
inf
1.464155978851609863e+00
7.401818912653849170e-01
4.989358837833994809e-01
3.783699722538910182e-01
3.060745897878012212e-01
2.579132414643879323e-01
2.235417403445031648e-01
1.977880161752496591e-01
1.777787180506860132e-01
1.617898552809967638e-01
1.487243612655038683e-01
1.378508753004692444e-01
1.286630865250041611e-01
1.207993589484633590e-01
1.139945063986950446e-01
1.080496518099998693e-01
1.028127243658900208e-01
9.816545755987683697e-02
9.401449310498129208e-02
9.028515364980284341e-02
8.691699470309313669e-02
8.386056965852173306e-02
8.107503871814983332e-02
7.852637557993223660e-02
7.618600451735038637e-02
7.402975197805292118e-02
7.203703116092075032e-02
7.019020132807834988e-02
6.847405967536500382e-02
6.687543483169104686e-02
6.538285903940276034e-02
6.398630180463725503e-02
6.267695197892722558e-02
6.144703830117223542e-02
6.028968070808987667e-02
5.919876643051058540e-02
5.816884618637847837e-02
5.719504676846802471e-02
5.627299708417900920e-02
5.539876529327268651e-02
5.456880514873583415e-02
5.377991000685913847e-02
5.302917325798253700e-02
5.231395415635787388e-02
5.163184820918082646e-02
5.098066143091539715e-02
5.035838788713685454e-02
4.976319004807882446e-02
4.919338155040491739e-02
4.864741202996198527e-02
4.812385374117207626e-02
4.762138972246671154e-02
4.713880330348333564e-02
4.667496878001080318e-02
4.622884310798105328e-02
4.579945848905171701e-02
4.538591573821305902e-02
4.498737833896842425e-02
4.460306710444632283e-02
4.423225537368981330e-02
4.387426468165063487e-02
4.352846084934960946e-02
4.319425044746542236e-02
4.287107759245856881e-02
4.255842103937201859e-02
4.225579153979858171e-02
4.196272943726988419e-02
4.167880247558662654e-02
4.140360379845152428e-02
4.113675012123921282e-02
4.087788005789991241e-02
4.062665258788377559e-02
4.038274564963029861e-02
4.014585484862405462e-02
3.991569226929814196e-02
3.969198538119703135e-02
3.947447603080726092e-02
3.926291951134742997e-02
3.905708370358938752e-02
3.885674828147779591e-02
3.866170397693048655e-02
3.847175189875146756e-02
3.828670290107784313e-02
3.810637699721857591e-02
3.793060281513323945e-02
3.775921709114953700e-02
3.759206419883045353e-02
3.742899571018446642e-02
3.726986998666451806e-02
3.711455179762883361e-02
3.696291196414248220e-02
3.681482702618240482e-02
3.667017893147676844e-02
3.652885474435979551e-02
3.639074637316002531e-02
3.625575031476412080e-02
3.612376741511019035e-02
3.599470264446723300e-02
3.586846488644925002e-02
3.574496673979761507e-02
3.562412433204176221e-02
3.550585714421840289e-02
3.539008784589319639e-02
3.527674213978765350e-02
3.516574861536662239e-02
3.505703861079124961e-02
3.495054608268672452e-02
3.484620748321481248e-02
3.474396164397924175e-02
3.464374966632601666e-02
3.454551481763293991e-02
3.444920243321110409e-02
3.435475982346865992e-02
3.426213619742304178e-02
3.417128253450237713e-02
3.408215157199557394e-02
3.399469768665455000e-02
3.390887683444868822e-02
3.382464648320458039e-02
3.374196554865101227e-02
3.366079433367028667e-02
3.358109447057057440e-02
3.350282886620598727e-02
3.342596164978232920e-02
3.335045812319683417e-02
3.327628471377001851e-02
3.320340892923657333e-02
3.313179931487091057e-02
3.306142541263027562e-02
3.299225772220610448e-02
3.292426766388055481e-02
3.285742754309176061e-02
3.279171051661699393e-02
3.272709056028859365e-02
3.266354243816223246e-02
3.260104167306235312e-02
3.253956451843347669e-02
3.247908793143076261e-02
3.241958954718673208e-02
3.236104765419468149e-02
3.230344117075306665e-02
3.224674962241776133e-02
3.219095312041255624e-02
3.213603234095091521e-02
3.208196850542435058e-02
3.202874336141561806e-02
3.197633916449700575e-02
3.192473866077623346e-02
3.187392507015449072e-02
