# sigma_8
8.445925743623534654e-01
8.325513184577366665e-01
8.207427249873240349e-01
8.091657659359593469e-01
7.978189219421211176e-01
7.867002583542417327e-01
7.758074472053944071e-01
7.651378240325847901e-01
7.546884381051403023e-01
7.444561114642166411e-01
7.344374286260983986e-01
7.246288151996351790e-01
7.150265350006562715e-01
7.056267659620970578e-01
6.964255662047059703e-01
6.874189472481800900e-01
6.786028467240807771e-01
6.699732117570986745e-01
6.615259508750421791e-01
6.532569738900579903e-01
6.451622139458902394e-01
6.372376352749791195e-01
6.294792123670464035e-01
6.218830081967594570e-01
6.144450774310973307e-01
6.071615873864074642e-01
6.000287231550164302e-01
5.930427614427595806e-01
5.862000421576686326e-01
5.794969853602494059e-01
5.729300531500063354e-01
5.664958350500129969e-01
5.601909508360037870e-01
5.540121261237971328e-01
5.479561554395228073e-01
5.420199078572264240e-01
5.362003340635222992e-01
5.304944678907421718e-01
5.248994174651394617e-01
5.194123612732723938e-01
5.140305540199353596e-01
5.087513271754742217e-01
5.035720884807429742e-01
4.984903153472134418e-01
4.935035477039166896e-01
4.886094003260049723e-01
4.838055520404627163e-01
4.790897506176358678e-01
4.744597958567781659e-01
4.699135729981841481e-01
4.654490066709398022e-01
4.610640920006007226e-01
4.567568698726500176e-01
4.525254522527766277e-01
4.483679901988266159e-01
4.442827020051863807e-01
4.402678449047022213e-01
4.363217356773858024e-01
4.324427283610248196e-01
4.286292376111150992e-01
4.248797145529152886e-01
4.211926555604986189e-01
4.175665927016515289e-01
4.140001155407694866e-01
4.104918430990516787e-01
4.070404387583767547e-01
4.036445969926074073e-01
4.003030459155639820e-01
3.970145684984519030e-01
3.937779609474826858e-01
3.905920661878367062e-01
3.874557476226100361e-01
3.843679134588222079e-01
3.813274914361056145e-01
3.783334388445145913e-01
3.753847513070220909e-01
3.724804428234023690e-01
3.696195561201404689e-01
3.668011618193126044e-01
3.640243559712802446e-01
3.612882568096188463e-01
3.585919964668181081e-01
3.559347584483533722e-01
3.533157150256712731e-01
3.507340819449162317e-01
3.481890841174998807e-01
3.456799763014573590e-01
3.432060198963796660e-01
3.407665113766002452e-01
3.383607500567720749e-01
3.359880634318818671e-01
3.336477925448836368e-01
3.313392944886534575e-01
3.290619448194629926e-01
3.268151284018162017e-01
3.245982587799968733e-01
3.224107519766075125e-01
3.202520403384244152e-01
3.181215765913328886e-01
3.160188184490166918e-01
3.139432423618793710e-01
3.118943405766677612e-01
3.098716084072661303e-01
3.078745596138987017e-01
3.059027187721785612e-01
3.039556193935881723e-01
3.020328126293883586e-01
3.001338496980010540e-01
2.982583044467394529e-01
2.964057492864443089e-01
2.945757717478871274e-01
2.927679756187708815e-01
2.909819596458898538e-01
2.892173418508797167e-01
2.874737497183231238e-01
2.857508153639731763e-01
2.840481791011792989e-01
2.823654819491861478e-01
2.807023962554796581e-01
2.790585756232273340e-01
2.774336937668816505e-01
2.758274330267633800e-01
2.742394801996722031e-01
2.726695252870670050e-01
2.711172729612307819e-01
2.695824245360224913e-01
2.680646958628065124e-01
2.665638075244430305e-01
2.650794815856791775e-01
2.636114483811815568e-01
2.621594491390842885e-01
2.607232200509686515e-01
2.593025119693520009e-01
2.578970788747149689e-01
2.565066761856605315e-01
2.551310708300068564e-01
2.537700242529156713e-01
2.524233111848483979e-01
2.510907133036703320e-01
2.497720104983121858e-01
2.484669841727804862e-01
2.471754334616624860e-01
2.458971431931316065e-01
2.446319202701885409e-01
2.433795640288085316e-01
2.421398788688619297e-01
2.409126810151170084e-01
2.396977789869661202e-01
2.384949953681737289e-01
2.373041459779996476e-01
