# bin_4_2
1.549965996420128470e-08
1.556213174775319428e-08
1.562680739697809388e-08
1.569375436619689293e-08
1.576304219730066861e-08
1.583474222171266032e-08
1.590892774839692035e-08
1.598567476419168603e-08
1.606506045326696522e-08
1.614716307207902430e-08
1.623206197365923008e-08
1.631983703753983935e-08
1.641057119814033864e-08
1.650435099780782527e-08
1.660126560577637049e-08
1.670140593132472147e-08
1.680486277529443770e-08
1.691172729100036783e-08
1.702209109726802369e-08
1.713604577046588359e-08
1.725368488304919716e-08
1.737510516837813806e-08
1.750040518972478029e-08
1.762968357198634876e-08
1.776303804950923840e-08
1.790056411631692602e-08
1.804235664543418377e-08
1.818850141607640227e-08
1.833907956001058049e-08
1.849417749949873388e-08
1.865388825701658379e-08
1.881830049764510447e-08
1.898748502644549256e-08
1.916150011488088418e-08
1.934040430548488705e-08
1.952426626052445021e-08
1.971315405776848281e-08
1.990712124886717346e-08
2.010621566365919865e-08
2.031046594567035472e-08
2.051988350941232808e-08
2.073461124058713399e-08
2.095479678169221940e-08
2.118024067035634563e-08
2.141076793307459453e-08
2.164641833483925928e-08
2.188728508276017226e-08
2.213342718352694386e-08
2.238471819726147079e-08
2.264109999148559784e-08
2.290260680179319562e-08
2.316915145294896838e-08
2.344069094991447731e-08
2.371721898476546084e-08
2.399867243694014923e-08
2.428505262030248206e-08
2.457634199320798128e-08
2.487252685033615561e-08
2.517362071875834614e-08
2.547962891555933980e-08
2.579055956760762809e-08
2.610643667583430971e-08
2.642724670005509012e-08
2.675291240603517587e-08
2.708326457924956555e-08
2.741843114328888057e-08
2.775766216893039242e-08
2.810034338018866081e-08
2.844625968871101998e-08
2.879491679628210509e-08
2.914573847474715470e-08
2.949828250266026535e-08
2.985207099656436922e-08
3.020667198119429537e-08
3.056162100388849095e-08
3.091655944640450150e-08
3.127114090086892625e-08
3.162559607115531213e-08
3.197926158612287595e-08
3.233179778467317010e-08
3.268322721433553818e-08
3.303318023388173141e-08
3.338115156976594803e-08
3.372661195519991482e-08
3.406870012173457846e-08
3.440694333148041800e-08
3.473998287278958429e-08
3.506655391415146615e-08
3.538624148519800585e-08
3.569837095704338805e-08
3.600227284195533651e-08
3.629762045381003439e-08
3.658370265660965342e-08
3.685934633852722305e-08
3.712443285884300273e-08
3.737836978775211635e-08
3.762077314724171612e-08
3.785073261968479097e-08
3.806691596662419438e-08
3.826863966573667957e-08
3.845494695478605184e-08
3.862497213136659898e-08
3.877704370899053288e-08
3.891091992650572830e-08
3.902659988722688792e-08
3.912319598416460848e-08
3.919985561495535988e-08
3.925662439617690169e-08
3.929234761564956602e-08
3.930565723948860119e-08
3.929636958483246754e-08
3.926337327194122015e-08
3.920605300189496573e-08
3.912484088339469184e-08
3.901843355779072528e-08
3.888725818432956191e-08
3.873036690717417340e-08
3.854774548552409981e-08
3.833875266657101985e-08
3.810326210396196978e-08
3.784084628625980555e-08
3.755202197556176747e-08
3.723659603513339284e-08
3.689493422059558894e-08
3.652701854016426523e-08
3.613298298359775745e-08
3.571330852783806634e-08
3.526837473159819407e-08
3.479874837986199549e-08
3.430526085281289359e-08
3.378860070459921266e-08
3.324948812752569937e-08
3.268886715627798545e-08
3.210776328089520268e-08
3.150734391163624177e-08
3.088878897250783352e-08
3.025351825219259135e-08
2.960276251115945643e-08
2.893801157752485542e-08
2.826076230461018799e-08
2.757268956842518107e-08
2.687544410089870036e-08
2.617063543624096917e-08
2.546003321876696621e-08
2.474538818062930500e-08
2.402844751258662227e-08
2.331103827085978034e-08
2.259482585316021349e-08
2.188155777907980324e-08
2.117292201140402347e-08
2.047052607475505116e-08
1.977593767141346805e-08
1.909054563250358515e-08
1.841578945367284486e-08
1.775284093351008002e-08
1.710288285486524234e-08
1.646679091125848963e-08
1.584552799699308945e-08
1.523967448858552292e-08
1.464981097917247375e-08
1.407630899216566721e-08
1.351937013797362424e-08
1.297911323216186381e-08
1.245544596827432265e-08
1.194819530839865914e-08
1.145707652629175960e-08
1.098169719710261934e-08
1.052160574744700869e-08
1.007629691576660085e-08
9.645238592433611482e-09
9.227904634876696756e-09
8.823770751989424642e-09
8.432366083001264607e-09
8.053269068387947035e-09
7.686129953967243618e-09
7.330678087987364241e-09
6.986732139195513858e-09
6.654201346601526026e-09
6.333074549702903331e-09
6.023413558528496690e-09
5.725331416426766113e-09
5.438967616448227931e-09
5.164462102001234470e-09
4.901924977574908504e-09
4.651411239688961386e-09
4.412892087071560657e-09
4.186238824714444688e-09
3.971209669039276825e-09
3.767449192208211753e-09
3.574501397913853849e-09
3.391831429301959881e-09
3.218852689286877765e-09
3.054959393304522376e-09
2.899558867532556211e-09
2.752098858669599437e-09
2.612088822112530714e-09
2.479111114959324466e-09
2.352820473416523081e-09
2.232934784222268841e-09
2.119216985572864511e-09
2.011454101045843100e-09
1.909436679419356093e-09
1.812943554446656457e-09
1.721734314399846654e-09
1.635549090761430385e-09
1.554114443003647747e-09
1.477152468478811186e-09
1.404390957338987559e-09
1.335571826436261132e-09
1.270456888501684305e-09
1.208829866752053086e-09
1.150495418772711273e-09
1.095275504757184544e-09
1.043004526825325615e-09
9.935239381456325749e-10
9.466776609812707131e-10
9.023104161472792927e-10
8.602691816639507662e-10
8.204072420464259883e-10
7.825883324998952058e-10
7.466885929872799179e-10
7.125954196022980425e-10
6.802040354892006860e-10
6.494144014865296812e-10
6.201299973560001050e-10
5.922587505375376286e-10
5.657145014445502655e-10
5.404176271369069088e-10
5.162944522980495562e-10
4.932762176009503942e-10
4.712984480922662582e-10
4.503008123539168397e-10
4.302271070797641871e-10
4.110251199889392529e-10
3.926463754109896153e-10
3.750458814681687755e-10
3.581819054537553586e-10
3.420157797450605495e-10
3.265116985397265899e-10
3.116365147724848584e-10
2.973595760343453747e-10
2.836525562837341167e-10
2.704892851275473040e-10
2.578455691360618158e-10
2.456990397246425895e-10
2.340290157221501543e-10
2.228163590501560813e-10
2.120433369042570294e-10
2.016934953218255629e-10
1.917515369528311489e-10
1.822032068100628634e-10
1.730351843309189707e-10
1.642349829208812588e-10
1.557908552912813339e-10
1.476917042135675756e-10
1.399269999777712806e-10
1.324867048564364237e-10
1.253612041784014978e-10
1.185412436718645396e-10
1.120178730319127683e-10
1.057823957274307361e-10
9.982632495663076291e-11
9.414134599054315328e-11
8.871928405863989857e-11
8.355207757366591253e-11
7.863175668662114229e-11
7.395042651918002868e-11
6.950025505618473506e-11
6.527346565172194453e-11
6.126233348331732764e-11
5.745918543046843795e-11
5.385640302656849190e-11
5.044642783881311440e-11
4.722176879465767295e-11
4.417501165030140772e-11
4.129882982197416800e-11
3.858599599146176567e-11
3.602939415475425752e-11
3.362203184643991575e-11
3.135705231837833447e-11
2.922774650244077748e-11
2.722756445032769650e-11
2.535012498120525720e-11
2.358922524741974552e-11
2.193884862327837944e-11
2.039317166248572647e-11
1.894656965658728382e-11
1.759362076101996057e-11
1.632910908089670598e-11
1.514802625448237893e-11
1.404557175905594962e-11
1.301715244138565217e-11
1.205838094218110828e-11
1.116507292667887642e-11
1.033324376302962122e-11
9.559104367169995192e-12
8.839056472386089157e-12
8.169687432718652341e-12
7.547764706552155418e-12
6.970229932290757635e-12
6.434192768937560229e-12
5.936924709101429100e-12
5.475852661533238172e-12
5.048552577238716873e-12
4.652742936603959331e-12
4.286278381630415702e-12
3.947143253634361343e-12
3.633445316355075399e-12
3.343409556710833037e-12
3.075372186723596586e-12
2.827774808902149378e-12
2.599158868622324144e-12
2.388160344313763362e-12
2.193504890987818249e-12
2.014002281029670271e-12
1.848541921857618015e-12
1.696088474654916469e-12
1.555677109974060657e-12
1.426409119522053623e-12
1.307447733104449016e-12
1.198014203434340472e-12
1.097384186203077239e-12
1.004884406849244870e-12
9.198895536805550534e-13
8.418193641014283071e-13
7.701358238204800296e-13
7.043404498573604814e-13
6.439719301139918648e-13
5.886028474549228410e-13
5.378376106102330816e-13
4.913103586491098942e-13
4.486826171665162079e-13
4.096413153644700770e-13
3.738969664478540373e-13
3.411820080496063588e-13
3.112492836514854064e-13
2.838709201880268441e-13
2.588363774570425325e-13
2.359515750834969456e-13
2.150380150003428788e-13
1.959315094260898554e-13
1.784811367735343706e-13
1.625482305417275475e-13
1.480058071130458592e-13
1.347364062037864177e-13
1.226324124640088916e-13
1.115949078618851038e-13
1.015329220337134554e-13
9.236307995026816186e-14
8.400836677925879318e-14
7.639803381207736143e-14
6.946736353677474313e-14
6.315718193159890128e-14
5.741347071029587328e-14
5.218627823502214013e-14
4.743025810390709599e-14
4.310413877347221719e-14
3.916997182385201472e-14
3.559279260953512446e-14
3.234090157154489052e-14
2.938546592885039198e-14
2.669953813943564922e-14
2.425895111118741561e-14
2.204169866389593813e-14
2.002724370979992922e-14
1.819742618122031758e-14
1.653528905386420901e-14
1.502551684235926783e-14
1.365434427119003074e-14
1.240885597644368584e-14
1.127784098061943970e-14
1.025050813658657414e-14
9.317654547369225620e-15
8.470372611493424078e-15
7.701004951506782901e-15
7.002317931454711708e-15
6.367817576267113198e-15
5.791763508537514423e-15
5.268645180498770926e-15
4.793669669882570671e-15
4.362514144966025345e-15
3.971064291299299171e-15
3.615699724108825426e-15
3.293133042407819802e-15
3.000434548826307201e-15
2.734806294325457501e-15
2.493780731678284944e-15
2.275115063587110558e-15
2.076770620185678044e-15
1.896894133114549062e-15
1.733800766744494452e-15
1.585958716931551440e-15
1.451975243069618757e-15
1.330606497804267576e-15
1.220710900533761536e-15
1.121213251719867778e-15
1.031160479937952430e-15
9.497553173865761294e-16
8.761486493127022684e-16
8.096689837071092243e-16
