# bin_4_4
1.732717542953987028e-08
1.740060889501231350e-08
1.747666341113021823e-08
1.755542305448033848e-08
1.763697368331921565e-08
1.772140199219084204e-08
1.780879582416284098e-08
1.789924460778550554e-08
1.799283988989112298e-08
1.808967777848685046e-08
1.818985810704798797e-08
1.829348359081102831e-08
1.840066099170657627e-08
1.851149879904445714e-08
1.862610745457840118e-08
1.874460015707066463e-08
1.886709468343421092e-08
1.899371283773250768e-08
1.912457602383544893e-08
1.925980454166424435e-08
1.939952062963480528e-08
1.954385348944938487e-08
1.969293486917368558e-08
1.984689630166312670e-08
2.000586573127798444e-08
2.016996789954422280e-08
2.033932694901024714e-08
2.051406776144370150e-08
2.069431891035095500e-08
2.088020967259970974e-08
2.107186411371320836e-08
2.126940252930424731e-08
2.147293700335267507e-08
2.168256439493164910e-08
2.189838043562564735e-08
2.212049947492314056e-08
2.234904246249663601e-08
2.258411530084149510e-08
2.282580692112565852e-08
2.307420106658286437e-08
2.332940565963418360e-08
2.359154611466690454e-08
2.386070532559317469e-08
2.413689775855248770e-08
2.442025781792500958e-08
2.471105828098290838e-08
2.500915005989025265e-08
2.531425813846048267e-08
2.562642832012926139e-08
2.594576032811124099e-08
2.627234150086705397e-08
2.660612197742690216e-08
2.694704318949598105e-08
2.729512683673268684e-08
2.765040063876309773e-08
2.801284121655805129e-08
2.838247066131935551e-08
2.875928883249557766e-08
2.914330935071309601e-08
2.953456237223137039e-08
2.993305979751372996e-08
3.033887094682232507e-08
3.075206271753943992e-08
3.117268182732326300e-08
3.160081532018862190e-08
3.203647407812680720e-08
3.247953511526099860e-08
3.292994289709164064e-08
3.338765375833822764e-08
3.385161612229837000e-08
3.432142518707611353e-08
3.479675049004883067e-08
3.527694750992083400e-08
3.576145662129987599e-08
3.624979720963256974e-08
3.674150227204469423e-08
3.723609993376256830e-08
3.773318218600387207e-08
3.823242318356268086e-08
3.873377909228316127e-08
3.923727461466633652e-08
3.974202779044976147e-08
4.024800668529941031e-08
4.075502136236229632e-08
4.126244336525459755e-08
4.176966215037860402e-08
4.227582362943395571e-08
4.278007146561032127e-08
4.328163615970849216e-08
4.377857510430630195e-08
4.427023964566431610e-08
4.475600391689162381e-08
4.523505114123030393e-08
4.570662455111364866e-08
4.617039218323875831e-08
4.662477703428883404e-08
4.706924823477532727e-08
4.750337978634726213e-08
4.792629838060127557e-08
4.833749311342207218e-08
4.873502382357679510e-08
4.911788343450796615e-08
4.948479253514518148e-08
4.983488071764357313e-08
5.016608669006658674e-08
5.047756877228549750e-08
5.076908377081815302e-08
5.103997521809493106e-08
5.128868398286875408e-08
5.151466477168748772e-08
5.171718828835824479e-08
5.189402799966104488e-08
5.204429589742355016e-08
5.216721866738704953e-08
5.226104611741476948e-08
5.232609920579370539e-08
5.236095577763527024e-08
5.236498248957984247e-08
5.233762351262606432e-08
5.227757413733602603e-08
5.218454677975028928e-08
5.205723257667301595e-08
5.189533505912733347e-08
5.169835660747717205e-08
5.146610623611787846e-08
5.119839049326103896e-08
5.089464308052038346e-08
5.055469766874038439e-08
5.017857547273341142e-08
4.976607785360223549e-08
4.931756403240560645e-08
4.883345929679489393e-08
4.831405535653803753e-08
4.775972015677640401e-08
4.717114837162392013e-08
4.654903528887082265e-08
4.589436270469812319e-08
4.520802744933086370e-08
4.449137052313784164e-08
4.374546775328850120e-08
4.297176997184027260e-08
4.217170039932857997e-08
4.134702768013998591e-08
4.049951756458452389e-08
3.963091916599673587e-08
3.874324100606561514e-08
3.783855948958350224e-08
3.691896699594708696e-08
3.598676748189780104e-08
3.504415962007215688e-08
3.409345485274630236e-08
3.313705180896706218e-08
3.217730190594513846e-08
3.121657893379964603e-08
3.025719063617515798e-08
2.930148740181007829e-08
2.835171318031383853e-08
2.741003967282781140e-08
2.647852295245144011e-08
2.555917129954732784e-08
2.465378180138687437e-08
2.376405098607830871e-08
2.289150513350398805e-08
2.203745350547467970e-08
2.120310129033714959e-08
2.038935167694387178e-08
1.959697085528761130e-08
1.882653246669258198e-08
1.807835528274358033e-08
1.735259525096512535e-08
1.664923039890620225e-08
1.596804495580843386e-08
1.530869085657490120e-08
1.467067053503252533e-08
1.405339951322825595e-08
1.345620477148064779e-08
1.287836259066135689e-08
1.231913560224607284e-08
1.177780097894093691e-08
1.125366969000073965e-08
1.074612252874707905e-08
1.025462770020535779e-08
9.778754061400414562e-09
9.318183681244382832e-09
8.872710880022114107e-09
8.442240054291606591e-09
8.026778575840893434e-09
7.626423825660136239e-09
7.241338949955325437e-09
6.871726569150012810e-09
6.517795894570715996e-09
6.179721029239228419e-09
5.857596631059461405e-09
5.551398449982091542e-09
5.260956193149378702e-09
4.985939123942752315e-09
4.725855908276016465e-09
4.480068230852384799e-09
4.247815093618912042e-09
4.028251067476365455e-09
3.820490000286376036e-09
3.623655178947396034e-09
3.436928006558403048e-09
3.259587923010106268e-09
3.091039963148413954e-09
2.930823117957757924e-09
2.778600861222273925e-09
2.634132415448338495e-09
2.497232452557531637e-09
2.367725867565231564e-09
2.245407035483669182e-09
2.130011667002433494e-09
2.021206064651298745e-09
1.918597123377449128e-09
1.821759843119166811e-09
1.730273372458486020e-09
1.643754710051290500e-09
1.561879435842812727e-09
1.484384949257842928e-09
1.411056793836155407e-09
1.341704807525957125e-09
1.276139538841310336e-09
1.214157789769150178e-09
1.155542244527845404e-09
1.100072673605839326e-09
1.047540768570415595e-09
9.977602114161520068e-10
9.505675285491058856e-10
9.058153529732030499e-10
8.633639315611755408e-10
8.230763398361144759e-10
7.848192902937136644e-10
7.484668144662805068e-10
7.139029082536214695e-10
6.810210776954378431e-10
6.497221351460106175e-10
6.199124903459275632e-10
5.915039978981858737e-10
5.644144404512387565e-10
5.385675375268576995e-10
5.138924023134059120e-10
4.903229698850131206e-10
4.677977449850535313e-10
4.462595965874970861e-10
4.256554998933039570e-10
4.059362531642912767e-10
3.870562141242853388e-10
3.689730582482361920e-10
3.516475355570051755e-10
3.350432530513687411e-10
3.191264722475225730e-10
3.038658983465712578e-10
2.892324872887199872e-10
2.751992668218764912e-10
2.617411585193380858e-10
2.488348119256215938e-10
2.364584503023970699e-10
2.245917271946278354e-10
2.132155933781466998e-10
2.023121708375707210e-10
1.918646339766453794e-10
1.818570987069292289e-10
1.722745199478510075e-10
1.631025979528256294e-10
1.543276927048727411e-10
1.459367459720461399e-10
1.379172110411922757e-10
1.302569899548733219e-10
1.229443778519039852e-10
1.159680141172584533e-10
1.093168398053720292e-10
1.029800607750136644e-10
9.694711626525342986e-11
9.120765332142586497e-11
8.575150667781887573e-11
8.056868275359783170e-11
7.564934768159591643e-11
7.098381904734781602e-11
6.656256131185843804e-11
6.237618433902761535e-11
5.841544460234698682e-11
5.467124828576474869e-11
5.113465543389653784e-11
4.779688661381614409e-11
4.464932966832752553e-11
4.168354730914737770e-11
3.889128546135973413e-11
3.626448164207997820e-11
3.379527282997782718e-11
3.147600289886829457e-11
2.929923031630810804e-11
2.725773501925893205e-11
2.534452418633625657e-11
2.355283712781180742e-11
2.187614922300700424e-11
2.030817447021369957e-11
1.884286719520592013e-11
1.747442277207119272e-11
1.619727717671164894e-11
1.500610548204074486e-11
1.389581943227009336e-11
1.286156431474782701e-11
1.189871506060446230e-11
1.100287183336927631e-11
1.016985475692271882e-11
9.395698320189264862e-12
8.676644958563899133e-12
8.009138408114399699e-12
7.389816633415218342e-12
6.815504647983790118e-12
6.283207198195452827e-12
5.790101519604306325e-12
5.333530117385089852e-12
4.910993652586088042e-12
4.520143912423892518e-12
4.158777295608903875e-12
3.824826466646452794e-12
3.516354803875265238e-12
3.231549150594482561e-12
2.968712986613173816e-12
2.726259839199712820e-12
2.502706970883474104e-12
2.296669447266693376e-12
2.106854658218753791e-12
1.932057285197005378e-12
1.771154575270967482e-12
1.623101766964402039e-12
1.486927523351890079e-12
1.361729322088924746e-12
1.246669191841269344e-12
1.140968305673204461e-12
1.043903447829958909e-12
9.548032785966538060e-13
8.730447639298504588e-13
7.980501103905606773e-13
7.292839509232835675e-13
6.662506904903631361e-13
6.084919472896104266e-13
5.555843604733868354e-13
5.071365431366384288e-13
4.627870875979807401e-13
4.222027777053658293e-13
3.850763404047871624e-13
3.511245312580832497e-13
3.200863129835043792e-13
2.917215318123035554e-13
2.658081273746712368e-13
2.421417097996961990e-13
2.205340354697779097e-13
2.008117461322313446e-13
1.828155676971954641e-13
1.663988540780439603e-13
1.514267440702321703e-13
1.377757757675748674e-13
1.253328116775638014e-13
1.139945199918934846e-13
1.036653417130331221e-13
9.425807857900767226e-14
8.569288300347092850e-14
7.789654246517123783e-14
7.080142620661352022e-14
6.434589547484062153e-14
5.847398191055225320e-14
5.313359068376710775e-14
4.827760569579035023e-14
4.386331054766738949e-14
3.985088881259899810e-14
3.620458225829916371e-14
3.289153398563319647e-14
2.988149893367630117e-14
2.714743108893228312e-14
2.466387034974569146e-14
2.240839221303364039e-14
2.035982461873215964e-14
1.849956864015084166e-14
1.681004095377773530e-14
1.527593741914003902e-14
1.388269226622714765e-14
1.261755115615551466e-14
1.146872063076533767e-14
1.042544060416914561e-14
9.478191397939878741e-15
8.618066382325467181e-15
7.837050018716994071e-15
7.127909563624572470e-15
6.484156044449496531e-15
5.899701606880244945e-15
5.369122668999697035e-15
4.887492207010656232e-15
4.450334023200265065e-15
4.053581261424219398e-15
3.693538787180859500e-15
3.366849071979824371e-15
3.070461219920784934e-15
2.801602868076526256e-15
2.557754666199052944e-15
2.336627779052116838e-15
2.136211399134183150e-15
1.954548221029840265e-15
1.789918695667307243e-15
