# bin_3_1
1.280879792350635131e-08
1.285566294632526704e-08
1.290413433747832179e-08
1.295425777777651156e-08
1.300608045247224016e-08
1.305965062991232195e-08
1.311501746732852732e-08
1.317223065744163145e-08
1.323134014386456439e-08
1.329239742724568838e-08
1.335545507680379491e-08
1.342056678272792693e-08
1.348778918028567414e-08
1.355718019695421322e-08
1.362879712466368598e-08
1.370269670404333951e-08
1.377893486051615599e-08
1.385757126654684543e-08
1.393866810584592199e-08
1.402228880121874724e-08
1.410849469084354096e-08
1.419734488268217360e-08
1.428889446263304481e-08
1.438319661932359783e-08
1.448030565257878216e-08
1.458027677333525501e-08
1.468316653130605814e-08
1.478902629353903887e-08
1.489790409516001205e-08
1.500984377076325153e-08
1.512487580097690847e-08
1.524301960251705687e-08
1.536429675972401989e-08
1.548873859770928540e-08
1.561637209570309798e-08
1.574720666837972410e-08
1.588123644373983938e-08
1.601845584539461780e-08
1.615887211820284712e-08
1.630249700030134415e-08
1.644932522373534717e-08
1.659930072854715786e-08
1.675238054790062364e-08
1.690870933267649397e-08
1.706828073073312756e-08
1.723071907364573984e-08
1.739586132635339481e-08
1.756369986946290676e-08
1.773422788541680253e-08
1.790737152209567543e-08
1.808294911211378794e-08
1.826084781145773360e-08
1.844099399163526268e-08
1.862325000275236840e-08
1.880753177682442256e-08
1.899373963399496019e-08
1.918176421726562537e-08
1.937155921610210771e-08
1.956301852344986775e-08
1.975607815262553673e-08
1.995071119446219954e-08
2.014686043227481752e-08
2.034449295191708126e-08
2.054357601875666684e-08
2.074403779717243773e-08
2.094562484367987172e-08
2.114836138791733101e-08
2.135184687353673599e-08
2.155511695675559085e-08
2.175786275252412553e-08
2.195967562725121573e-08
2.215989399824433946e-08
2.235801571001781976e-08
2.255355586973749509e-08
2.274606948845670578e-08
2.293510182557077581e-08
2.312029721699115668e-08
2.330133487819964558e-08
2.347836306960897911e-08
2.365116061217060223e-08
2.381913714449884819e-08
2.398240466413743986e-08
2.414080221983096438e-08
2.429387484972063762e-08
2.444121266165686022e-08
2.458211930280231719e-08
2.471609654938043637e-08
2.484235989176445974e-08
2.495945671172644028e-08
2.506711970464626242e-08
2.516496342441385752e-08
2.525253392648404336e-08
2.532955532908155079e-08
2.539593269826608513e-08
2.545058275363890903e-08
2.549357335970134496e-08
2.552483075272581827e-08
2.554411206964071257e-08
2.555127085490744696e-08
2.554511332724103238e-08
2.552535460557349910e-08
2.549138943763972696e-08
2.544300623967759437e-08
2.537890103099340540e-08
2.529915748236343997e-08
2.520428814172481263e-08
2.509425928074487764e-08
2.496856242206512514e-08
2.482764391324830305e-08
2.467141334375211121e-08
2.449883845651970738e-08
2.431015119084537298e-08
2.410530497693047310e-08
2.388388762868098018e-08
2.364714681022155394e-08
2.339461055946836538e-08
2.312699406784908671e-08
2.284450252110412928e-08
2.254728363093518947e-08
2.223582717011283874e-08
2.191022305844298432e-08
2.157101778793385431e-08
2.121900112779538117e-08
2.085482613290195221e-08
2.047937178114081839e-08
2.009308623198384598e-08
1.969667620596072666e-08
1.929106326556742826e-08
1.887691615416074806e-08
1.845525545748931810e-08
1.802718333818311410e-08
1.759358597100555164e-08
1.715531138365651956e-08
1.671340535703764423e-08
1.626883798214729794e-08
1.582269997396872783e-08
1.537591423470505143e-08
1.492964325926654205e-08
1.448469121381689689e-08
1.404205222199670883e-08
1.360256622667531427e-08
1.316720752692693223e-08
1.273680482682999441e-08
1.231201842786246943e-08
1.189358477955283690e-08
1.148214257496083652e-08
1.107821111273287170e-08
1.068234498829451265e-08
1.029487657042015455e-08
9.916130182570652079e-09
9.546388362743940370e-09
9.185818457092194821e-09
8.834537778942851196e-09
8.492544065306768545e-09
8.159880267690280445e-09
7.836458044893616636e-09
7.522199129363768644e-09
7.216923432838279308e-09
6.920551391217928988e-09
6.632863642420138016e-09
6.353721742447872436e-09
6.082973693249988318e-09
5.820452530765678076e-09
5.566086200323910058e-09
5.319739249388281991e-09
5.081354885655314175e-09
4.850909255282131292e-09
4.628355804337012420e-09
4.413682454240194365e-09
4.206887093631292076e-09
4.007949948478470730e-09
3.816854736137880205e-09
3.633552204545733428e-09
3.457983577294364914e-09
3.290051021645227312e-09
3.129622353075479146e-09
2.976531665111164525e-09
2.830581762050290753e-09
2.691541938457077324e-09
2.559158650675399655e-09
2.433160146102511429e-09
2.313262282505525686e-09
2.199177417267388099e-09
2.090618254598055307e-09
1.987304733806154265e-09
1.888971889939647543e-09
1.795374437384922574e-09
1.706291607321696756e-09
1.621527573651963542e-09
1.540912027052399948e-09
1.464298012782727838e-09
1.391554160835775164e-09
1.322555940378206972e-09
1.257177603343742646e-09
1.195282639758540815e-09
1.136719386037867682e-09
1.081320605156226553e-09
1.028907198944088287e-09
9.792964023784335773e-10
9.323102558661479103e-10
8.877830816921891029e-10
8.455651649099580572e-10
8.055231895002874422e-10
7.675380854884163078e-10
7.315014109156919177e-10
6.973123448409879142e-10
6.648752861292266160e-10
6.340982968247972063e-10
6.048919123509060262e-10
5.771684442127303185e-10
5.508421467650218338e-10
5.258296923163241914e-10
5.020511336763989661e-10
4.794310728492902883e-10
4.578996560602593308e-10
4.373929405074216865e-10
4.178526014730505875e-10
3.992248126624673986e-10
3.814588972871605803e-10
3.645063556046058641e-10
3.483205693193757312e-10
3.328570492857270252e-10
3.180739402209493440e-10
3.039324932908679445e-10
2.903972379201561542e-10
2.774357452832632896e-10
2.650181299847854854e-10
2.531165679769983143e-10
2.417049465657720502e-10
2.307587028272048077e-10
2.202548680818026124e-10
2.101721988288626313e-10
2.004912068759478037e-10
1.911940149092380325e-10
1.822640991936365904e-10
1.736860670184918370e-10
1.654455638206272861e-10
1.575292623380417020e-10
1.499248131247556552e-10
1.426207398668758351e-10
1.356063377331843922e-10
1.288715966641961310e-10
1.224071260607759086e-10
1.162040816355228068e-10
1.102541020999417550e-10
1.045492601736535314e-10
9.908200574090691154e-11
9.384510817242168644e-11
8.883161014634879152e-11
8.403479030271202371e-11
7.944812709918550074e-11
7.506526579450187879e-11
7.087999081955426497e-11
6.688620261196059199e-11
6.307789873903644530e-11
5.944915884504504237e-11
5.599413329109640572e-11
5.270703544499776514e-11
4.958213613184945895e-11
4.661376103924988895e-11
4.379629045167299463e-11
4.112416113451197582e-11
3.859187010796550018e-11
3.619397973933629601e-11
3.392512403448970502e-11
3.178001553420477616e-11
2.975345284096536072e-11
2.784032807646437189e-11
2.603563424523626345e-11
2.433447267936309272e-11
2.273205989400255475e-11
2.122373374611414199e-11
1.980495913315579198e-11
1.847133304903356300e-11
1.721858857333706650e-11
1.604259809908428929e-11
1.493937572923898364e-11
1.390507898371360354e-11
1.293600983958985751e-11
1.202861494020288212e-11
1.117948499764093784e-11
1.038535377091373073e-11
9.643095872965521433e-12
8.949725234713560268e-12
8.302392042723380301e-12
7.698379844043911923e-12
7.135102395483567130e-12
6.610100132030914792e-12
6.121036314739659191e-12
5.665693442078772482e-12
5.241969321275837944e-12
4.847872835893260673e-12
4.481519881724176646e-12
4.141129385132411375e-12
3.825019047096020951e-12
3.531601321266042066e-12
3.259379384114542252e-12
3.006943117382070754e-12
2.772965197529012089e-12
2.556197265250999949e-12
2.355466143465787784e-12
2.169670130659683301e-12
1.997775496122264755e-12
1.838812913480118535e-12
1.691874172869500938e-12
1.556108851419918997e-12
1.430721215765148126e-12
1.314967150514862346e-12
1.208151311297983792e-12
1.109624354511956170e-12
1.018780305189039892e-12
9.350540229377945468e-13
8.579187937045306673e-13
7.868840072482800402e-13
7.214932856393158456e-13
6.613214182859650700e-13
6.059730792862216819e-13
5.550809398294596834e-13
5.083037446727747067e-13
4.653246336279610213e-13
4.258495574373156281e-13
3.896057958438727567e-13
3.563405665492767406e-13
3.258197216855319785e-13
2.978265272402797663e-13
2.721605031174519377e-13
2.486363171559390341e-13
2.270827248228293740e-13
2.073418485916210145e-13
1.892674643989729409e-13
1.727244999614540779e-13
1.575883987285720261e-13
1.437441511758501644e-13
1.310855855444906343e-13
1.195147329469058872e-13
1.089412511867147647e-13
9.928190087627197525e-14
9.046031352550111899e-14
8.240594824441418460e-14
7.505384652702327402e-14
6.834457249571757953e-14
6.222358551407281180e-14
5.664084914840355292e-14
5.155045854292572236e-14
4.691066966422926155e-14
4.268247615394630351e-14
3.883031422582527127e-14
3.532160381951303892e-14
3.212644523574475856e-14
2.921764907243257207e-14
2.657003707362260259e-14
2.416038548699787598e-14
2.196765851246099394e-14
1.997268005377871725e-14
1.815821149188952402e-14
1.650780286975234819e-14
1.500681315399663915e-14
1.364202405846716991e-14
1.240134260636137355e-14
1.127334341749967032e-14
1.024790145511906482e-14
9.316124004660974084e-15
8.469163690319957124e-15
7.699408000156947601e-15
7.000151297007586049e-15
6.364664462166280235e-15
5.787372713632412898e-15
5.262967894855491716e-15
4.786515733662055916e-15
4.353923238047279515e-15
3.960867744282484089e-15
3.604104402538244694e-15
3.279973753613961176e-15
2.985831026908947995e-15
2.718636374152526530e-15
2.476201653824941177e-15
2.256063950789015818e-15
2.056282096085051723e-15
1.875018993371586806e-15
1.710489077806297020e-15
1.561272873497207256e-15
1.425944007215452667e-15
1.303191121379693443e-15
1.191879809233450633e-15
1.091032451054598812e-15
9.996562041136998340e-16
9.168759132904127597e-16
8.419145272966922836e-16
7.740644286642548536e-16
7.126811274061554997e-16
6.571775514235088799e-16
6.070188440869804365e-16
5.617176903869472256e-16
5.208300917008846009e-16
4.839515096828927361e-16
4.507346697315605705e-16
4.208485955366335088e-16
3.939625128343489693e-16
3.698131926274834772e-16
3.481728707048593194e-16
