# bin_2_2
1.428987077983175948e-08
1.434526982028503657e-08
1.440260333528890063e-08
1.446192889776465977e-08
1.452330583006474984e-08
1.458679489877579849e-08
1.465245848568686375e-08
1.472036126685007999e-08
1.479056875504160850e-08
1.486314717557918094e-08
1.493816347158789642e-08
1.501568473314319883e-08
1.509578066559767700e-08
1.517852412963133534e-08
1.526399016674622806e-08
1.535225512175509596e-08
1.544339481957270944e-08
1.553748500657270553e-08
1.563460145348913738e-08
1.573481945360147934e-08
1.583821582103384499e-08
1.594487000543679985e-08
1.605486271917214217e-08
1.616827422865469544e-08
1.628518340943644546e-08
1.640566641983088525e-08
1.652979831906958693e-08
1.665764475190482929e-08
1.678926626748974672e-08
1.692472795642552856e-08
1.706410074185589864e-08
1.720745068994253218e-08
1.735482576916725257e-08
1.750626118550215622e-08
1.766179189306553757e-08
1.782146203362038171e-08
1.798531445853649108e-08
1.815337746606392943e-08
1.832567352343213906e-08
1.850220516289924726e-08
1.868295702768206784e-08
1.886804465461136891e-08
1.905758822315654281e-08
1.925136117885146083e-08
1.944916095327143828e-08
1.965099942224776526e-08
1.985694077475713907e-08
2.006701422066232801e-08
2.028106563675146503e-08
2.049900825971127305e-08
2.072084575870767110e-08
2.094646292932310744e-08
2.117578782043025173e-08
2.140878448684129597e-08
2.164536195502401876e-08
2.188549224935474884e-08
2.212913005787993933e-08
2.237623402248586913e-08
2.262679000454767087e-08
2.288077690401438186e-08
2.313817709291287236e-08
2.339898900591308713e-08
2.366317561806891139e-08
2.393063672813472478e-08
2.420118260264594705e-08
2.447492011818618959e-08
2.475108421113365066e-08
2.502904706182216583e-08
2.530857875532028250e-08
2.558917438971319949e-08
2.587024920971782643e-08
2.615135451681011915e-08
2.643200858369290265e-08
2.671177871724598637e-08
2.699020290496752958e-08
2.726692805114803038e-08
2.754161740794986398e-08
2.781451089428954129e-08
2.808496560093160255e-08
2.835266417530722075e-08
2.861765293767960100e-08
2.887959361008044383e-08
2.913801820365678195e-08
2.939243913383571916e-08
2.964204516411442632e-08
2.988641552218094623e-08
3.012425852008463709e-08
3.035438206012850422e-08
3.057644264732679540e-08
3.078984750094644264e-08
3.099401725550989225e-08
3.118871776273374813e-08
3.137334309789188812e-08
3.154683987634605382e-08
3.170920523596909080e-08
3.185997589386192215e-08
3.199890283056121640e-08
3.212522598927761246e-08
3.223777800376914037e-08
3.233603830143440709e-08
3.241922476929353978e-08
3.248665475217797644e-08
3.253686452950624079e-08
3.256980824797211618e-08
3.258568665279135568e-08
3.258383994692934037e-08
3.256365124460516622e-08
3.252538920739386978e-08
3.246815306846457704e-08
3.239084196687017695e-08
3.229351773080160996e-08
3.217534888881977618e-08
3.203599762711872830e-08
3.187615471276322649e-08
3.169482617290251715e-08
3.149270328746010326e-08
3.126914692685577098e-08
3.102442141941345159e-08
3.075818827788776354e-08
3.047060475531079492e-08
3.016154260718624619e-08
2.983178650735392531e-08
2.948143356149885887e-08
2.911111071748786436e-08
2.872106607480598349e-08
2.831168626318427867e-08
2.788368263116327004e-08
2.743765648007741643e-08
2.697438028698116415e-08
2.649486068438086162e-08
2.599994527186453538e-08
2.549048974396199352e-08
2.496754194313148365e-08
2.443220217057164840e-08
2.388567744782514715e-08
2.332915502601048237e-08
2.276402094984836831e-08
2.219143758072330411e-08
2.161278051913617915e-08
2.102939117635818038e-08
2.044274308791019516e-08
1.985424011410605235e-08
1.926520109422729216e-08
1.867705657128776744e-08
1.809117331236212193e-08
1.750887105793677241e-08
1.693150480271237484e-08
1.636023174775243365e-08
1.579625079673217188e-08
1.524067213573305465e-08
1.469449634856665911e-08
1.415866238925570091e-08
1.363391822643908649e-08
1.312105053140355135e-08
1.262058300485046675e-08
1.213305448324026301e-08
1.165871986502032730e-08
1.119794094478048103e-08
1.075074039307736656e-08
1.031718056344649036e-08
9.897170251704039763e-09
9.490509287612395769e-09
9.096980344304646271e-09
8.716229577371139766e-09
8.347897287147466225e-09
7.991588504229214872e-09
7.646877099941693146e-09
7.313350269673589922e-09
6.990607832978586982e-09
6.678280123426949656e-09
6.376050147870826936e-09
6.083637247610033928e-09
5.800833774164559658e-09
5.527487138106283709e-09
5.263506632502873414e-09
5.008855985718890482e-09
4.763549664771740971e-09
4.527640612587742232e-09
4.301199279398456157e-09
4.084298825940176056e-09
3.876991431928000667e-09
3.679287332091846211e-09
3.491138284138393489e-09
3.312422660815376211e-09
3.142939478363804556e-09
2.982405171207767688e-09
2.830462445135076318e-09
2.686691490981051275e-09
2.550628132874664856e-09
2.421787751385477766e-09
2.299689855592221843e-09
2.183880369210213229e-09
2.073950504045025291e-09
1.969548967997359186e-09
1.870384711105891675e-09
1.776222235962873619e-09
1.686869723018874001e-09
1.602161604631832448e-09
1.521941316341709892e-09
1.446045217174216395e-09
1.374292643546623928e-09
1.306483022204461387e-09
1.242399926428578707e-09
1.181820545644624133e-09
1.124526265525387335e-09
1.070312014776617993e-09
1.018991311501986964e-09
9.703967986233349827e-10
9.243767738865217059e-10
8.807902539468754312e-10
8.395025884961829630e-10
8.003833012067164082e-10
7.633059821590194685e-10
7.281494616231793974e-10
6.947988541781821922e-10
6.631458105285925842e-10
6.330882597741165543e-10
6.045299575145299930e-10
5.773803431901164245e-10
5.515545288779056551e-10
5.269732016336199583e-10
5.035622029979387459e-10
4.812519046988032472e-10
4.599768231546615060e-10
4.396754918706056193e-10
4.202905529690187834e-10
4.017686690375935751e-10
3.840602259426676764e-10
3.671189963353775715e-10
3.509019012871893313e-10
3.353688975224858721e-10
3.204828623886430291e-10
3.062094025353549361e-10
2.925166626268347674e-10
2.793751558013712821e-10
2.667576149507030255e-10
2.546388376868496605e-10
2.429955406105563549e-10
2.318062290508957119e-10
2.210510574487259511e-10
2.107117003892017269e-10
2.007712285609027269e-10
1.912139910344223083e-10
1.820254997980256335e-10
1.731923230779233365e-10
1.647019851071047797e-10
1.565428703719418390e-10
1.487041317858008258e-10
1.411756058793389902e-10
1.339477322002301788e-10
1.270114790072350549e-10
1.203582737387591830e-10
1.139799389729937038e-10
1.078686336030781178e-10
1.020167995782722152e-10
9.641711425529244509e-11
9.106244830993575891e-11
8.594582869126052379e-11
8.106040640760929047e-11
7.639942918721483399e-11
7.195621896275059446e-11
6.772415391482309939e-11
6.369665512247839578e-11
5.986717706191353954e-11
5.622920172758158520e-11
5.277623634375668430e-11
4.950181391525687517e-11
4.639949648709071517e-11
4.346288097773154834e-11
4.068560690755237000e-11
3.806136563463801579e-11
3.558391088371566414e-11
3.324707000348373902e-11
3.104475541393624410e-11
2.897097642580373700e-11
2.701985093011893407e-11
2.518561665123753364e-11
2.346264184365068494e-11
2.184543519355583885e-11
2.032865475553115939e-11
1.890711592494131298e-11
1.757579838750156608e-11
1.632985103079646867e-11
1.516459661521656240e-11
1.407553465007897693e-11
1.305834333311588477e-11
1.210888022955486977e-11
1.122318185780445968e-11
1.039746266685740766e-11
9.628112922457266517e-12
8.911695720097567525e-12
8.244943635959639333e-12
7.624754743809419186e-12
7.048187915535694371e-12
6.512458005839034781e-12
6.014930640082485805e-12
5.553116806507697906e-12
5.124667320318023118e-12
4.727367276883279342e-12
4.359130381588087703e-12
4.017993290054768129e-12
3.702110095979948188e-12
3.409746766897535520e-12
3.139275766329090854e-12
2.889170672358489472e-12
2.658001042372250900e-12
2.444427293537119100e-12
2.247195820410552727e-12
2.065134241464932877e-12
1.897146873977652082e-12
1.742210385608896823e-12
1.599369705511137591e-12
1.467734132056012795e-12
1.346473843379425524e-12
1.234815649613437756e-12
1.132039802574834297e-12
1.037476915347662935e-12
9.505045372522253106e-13
8.705440969877098072e-13
7.970580389494274470e-13
7.295471665264196040e-13
6.675481891559456938e-13
6.106314489232996520e-13
5.583987789693258544e-13
5.104814791422224370e-13
4.665383732745461962e-13
4.262539428283673985e-13
3.893368176921115417e-13
3.555173558980118012e-13
3.245464050484584760e-13
2.961939968653260744e-13
2.702477395774327470e-13
2.465115066241475517e-13
2.248042298353693432e-13
2.049587999484607571e-13
1.868210679729649822e-13
1.702492076796620372e-13
1.551122285611136672e-13
1.412895337797368252e-13
1.286704505258270663e-13
1.171533476602553429e-13
1.066449618784924144e-13
9.705974209122597122e-14
8.831961605163710796e-14
8.035217241269900064e-14
7.309128283680802602e-14
6.647624838348461447e-14
6.045131277901049474e-14
5.496553890900483773e-14
4.997178475765726098e-14
4.542678148423776776e-14
4.129105558032495634e-14
3.752859246954485392e-14
3.410659659348737883e-14
3.099456117175674894e-14
2.816494127578961924e-14
2.559276947859724875e-14
2.325504584418772397e-14
2.113052025758420026e-14
1.920006985239710023e-14
1.744639491089598958e-14
1.585313299814424017e-14
1.440580500806291240e-14
1.309127214041018463e-14
1.189711959665308841e-14
1.081260018607214696e-14
9.827540521751822078e-15
8.932815685494069756e-15
8.120303437643644082e-15
7.382241934910172678e-15
6.712097219800535785e-15
6.103350952203640234e-15
5.550666416784975865e-15
5.048667466352766011e-15
4.592891282355666594e-15
4.179015889172470478e-15
3.803190163332748145e-15
3.462067337174289543e-15
3.152322971173873317e-15
2.871140868138599657e-15
2.615991153094550979e-15
2.384396483056567888e-15
2.174217743944101068e-15
1.983512439294881920e-15
1.810568748771054089e-15
1.653702160094510897e-15
1.511452307634988414e-15
1.382491030344755211e-15
1.265610278761957572e-15
1.159711140094735742e-15
1.063793891769570579e-15
9.769489729185897286e-16
8.983488048014022081e-16
8.272609641298748648e-16
7.630090624731220482e-16
7.049437014895484575e-16
6.524966039270419551e-16
6.052130738606510204e-16
5.625672420745913661e-16
5.241710245254059051e-16
