# bin_1_1
1.058786505489697151e-08
1.062527610787819175e-08
1.066390363572268590e-08
1.070377626471738944e-08
1.074492255987573139e-08
1.078737106575178127e-08
1.083114999712963630e-08
1.087628712259481872e-08
1.092281044051212710e-08
1.097074904883694238e-08
1.102013190000743414e-08
1.107098756496379870e-08
1.112334552818461835e-08
1.117723690000037307e-08
1.123269285621969933e-08
1.128974477109523086e-08
1.134842521865573852e-08
1.140876734417616962e-08
1.147080463607910488e-08
1.153457196897022476e-08
1.160010519824886205e-08
1.166743967779911828e-08
1.173660760841828009e-08
1.180764020893947658e-08
1.188056727243032994e-08
1.195541661226045016e-08
1.203221427461214315e-08
1.211098165237293964e-08
1.219173706865658455e-08
1.227449429673233383e-08
1.235926210914386711e-08
1.244604194841545154e-08
1.253482438736410942e-08
1.262559664062868688e-08
1.271834776312873537e-08
1.281306321795864592e-08
1.290972387982568438e-08
1.300831089419905806e-08
1.310881231456783992e-08
1.321122246808857611e-08
1.331554384849433038e-08
1.342178025740730439e-08
1.352993782474063901e-08
1.364002317122827353e-08
1.375204125902555997e-08
1.386600639719516813e-08
1.398192688768857688e-08
1.409978465531317021e-08
1.421950002612333357e-08
1.434100340110620875e-08
1.446423292767199346e-08
1.458906836660171037e-08
1.471539243688587024e-08
1.484309630202562658e-08
1.497205845769742144e-08
1.510214632511206237e-08
1.523322812415111598e-08
1.536516182776220719e-08
1.549776073840362914e-08
1.563083937226147876e-08
1.576417442176489944e-08
1.589752579208287125e-08
1.603068285949708435e-08
1.616316839595096872e-08
1.629514472780182441e-08
1.642594759313279700e-08
1.655429003532080770e-08
1.668012865374556972e-08
1.680338804033925879e-08
1.692353975421108177e-08
1.704033788347079647e-08
1.715353066721467680e-08
1.726285302832743197e-08
1.736806335696773927e-08
1.746895326385278870e-08
1.756544159469570161e-08
1.765749659589156598e-08
1.774521176941454597e-08
1.782875176450785771e-08
1.790826388519558498e-08
1.798385961362865326e-08
1.805548613129395283e-08
1.812308554097958503e-08
1.818638047699378648e-08
1.824500274923605136e-08
1.829843986455015815e-08
1.834426276989877153e-08
1.838190639735935695e-08
1.841062704271749158e-08
1.842939833472082220e-08
1.843766787134381437e-08
1.843506454919462638e-08
1.842157998486778575e-08
1.839744447448399635e-08
1.836324269451586202e-08
1.831941094984371706e-08
1.826698001821150049e-08
1.820477250794119047e-08
1.813322306760949083e-08
1.805243216267602977e-08
1.796181695284129528e-08
1.786097229483203993e-08
1.774956000370919912e-08
1.762740443557922139e-08
1.749426468739025462e-08
1.734852210264265369e-08
1.719073831746206646e-08
1.702117564848127448e-08
1.683987852589429671e-08
1.664731975179692279e-08
1.644435726429690742e-08
1.623058869706480366e-08
1.600758492103967819e-08
1.577621926796086350e-08
1.553693277494840552e-08
1.528947704667896198e-08
1.503258345752244343e-08
1.476676831227654952e-08
1.449228466047806614e-08
1.420970418743390345e-08
1.391911031680070910e-08
1.362249519230271069e-08
1.332163773565639828e-08
1.301639278037830810e-08
1.270709093468768673e-08
1.239527180518146111e-08
1.208011771906120670e-08
1.176170673268180560e-08
1.144179696719186355e-08
1.112015818861699102e-08
1.079854940113140432e-08
1.047826478082850571e-08
1.015908534427622458e-08
9.842693134246513799e-09
9.528273121810213696e-09
9.217463483454268112e-09
8.909606556112402688e-09
8.606068099128382886e-09
8.307003345296223994e-09
8.013774416561810931e-09
7.726461608392945803e-09
7.445057409820420510e-09
7.169864222786248781e-09
6.901044925096976073e-09
6.638824293533734102e-09
6.383633398951689254e-09
6.135573338811282864e-09
5.894546000542116022e-09
5.660447882557529024e-09
5.433266627176661215e-09
5.212880270956173285e-09
4.999326759836472580e-09
4.792393339182137392e-09
4.592078583585770476e-09
4.398023022406669056e-09
4.210084856832376924e-09
4.028114828963193073e-09
3.852100330265711492e-09
3.681870898641761268e-09
3.517176595106092818e-09
3.357985813047845040e-09
3.204255018703511437e-09
3.055857869232889301e-09
2.912857815754300723e-09
2.775108652885758046e-09
2.642612215875256226e-09
2.515401260655888514e-09
2.393433714125115241e-09
2.276669907277224140e-09
2.165020804606520319e-09
2.058487475910949621e-09
1.956928551460358975e-09
1.860254653777620426e-09
1.768254579467071004e-09
1.680867824306448282e-09
1.597816418642270029e-09
1.518958462893950992e-09
1.444085577696505978e-09
1.372980358924612367e-09
1.305507183794692532e-09
1.241421964560410379e-09
1.180596038393840012e-09
1.122872128465221637e-09
1.068081647148305391e-09
1.016096054779731047e-09
9.667818840893596206e-10
9.199983684601598678e-10
8.756332623337632808e-10
8.335516070605475369e-10
7.936468420601610722e-10
7.558089599323731440e-10
7.199320260696195355e-10
6.859172814610578289e-10
6.536722390100769047e-10
6.231031086199032743e-10
5.941183925260895207e-10
5.666293781132455514e-10
5.405490559218647599e-10
5.157953069617349128e-10
4.922916136636071272e-10
4.699667592575890867e-10
4.487553856175198746e-10
4.285963933806784219e-10
4.094315140262793568e-10
3.912046387391051665e-10
3.738621448189372267e-10
3.573530061676127472e-10
3.416291704648339510e-10
3.266451933421225363e-10
3.123581370751174589e-10
2.987273299503830270e-10
2.857142457298878125e-10
2.732826327292184716e-10
2.613985271520044473e-10
2.500302135282188259e-10
2.391482251924178742e-10
2.287253170688838009e-10
2.187362888006098281e-10
2.091580270532278411e-10
1.999691562053763439e-10
1.911499568651071094e-10
1.826822514216450776e-10
1.745491007856221069e-10
1.667348031023584463e-10
1.592246509788266807e-10
1.520048567645567106e-10
1.450625111275464649e-10
1.383855720610619586e-10
1.319629168371508327e-10
1.257843428450220356e-10
1.198405495354919876e-10
1.141230284172332153e-10
1.086239759380833759e-10
1.033361271104921711e-10
9.825265268831772147e-11
9.336709154913171182e-11
8.867329215330110145e-11
8.416545051643295027e-11
7.983809382657909398e-11
7.568606576689026999e-11
7.170447073552777658e-11
6.788860627101299119e-11
6.423390775625138153e-11
6.073591211520419100e-11
5.739024371675997505e-11
5.419262265666594087e-11
5.113884490504614366e-11
4.822475788855020412e-11
4.544624357232844822e-11
4.279919865397433593e-11
4.027953585061748131e-11
3.788318422342499132e-11
3.560608655230501453e-11
3.344419627228081446e-11
3.139347658423298564e-11
2.944990694373539158e-11
2.760948792539714013e-11
2.586824734667576938e-11
2.422224498320269054e-11
2.266758064128197053e-11
2.120040166390135116e-11
1.981691073474428317e-11
1.851337388907927250e-11
1.728612798975341005e-11
1.613158817772370874e-11
1.504625389162976732e-11
1.402671554575971031e-11
1.306965945102994362e-11
1.217187285751560830e-11
1.133024730804068363e-11
1.054178209433838607e-11
9.803586227994922997e-12
9.112880109625228601e-12
8.466995829954095541e-12
7.863377380275229309e-12
7.299579883556332639e-12
6.773268532480423120e-12
6.282217022925877090e-12
5.824305758349584347e-12
5.397519516237689438e-12
4.999944942915414773e-12
4.629767949506769730e-12
4.285269243873897098e-12
3.964822106467511208e-12
3.666888688211493657e-12
3.390016599894176402e-12
3.132835238902010438e-12
2.894052523621499486e-12
2.672451746521675018e-12
2.466887816134225445e-12
2.276283740657571962e-12
2.099627435019936976e-12
1.935968440821513645e-12
1.784414715103769447e-12
1.644129858656008394e-12
1.514330085796126604e-12
1.394281261624994286e-12
1.283296210013803887e-12
1.180732334248903619e-12
1.085988806072668327e-12
9.985041329583769655e-13
9.177540923486281510e-13
8.432496085875463148e-13
7.745343310705809796e-13
7.111827084706849506e-13
6.527984487849204700e-13
5.990125018698901600e-13
5.494812438665816847e-13
5.038850765316969349e-13
4.619269575767739651e-13
4.233307329215606573e-13
3.878399797091340544e-13
3.552166306970725222e-13
3.252397677739512658e-13
2.977044529677357995e-13
2.724206994544694025e-13
2.492124209041863604e-13
2.279164856143885239e-13
2.083818859228344773e-13
1.904688385837973736e-13
1.740481136610284878e-13
1.590002256263987330e-13
1.452148339485524303e-13
1.325900453084197281e-13
1.210318574970443966e-13
1.104535651961633221e-13
1.007753197186709690e-13
9.192413874976920046e-14
8.383126941632241530e-14
7.643415284621494838e-14
6.967513464953076954e-14
6.350109125378034606e-14
5.786307956606256644e-14
5.271602107918073171e-14
4.801842164613966685e-14
4.373211778036034609e-14
3.982204177376920678e-14
3.625600125866397139e-14
3.300446935902282988e-14
3.004038346335327831e-14
2.733895120932149879e-14
2.487746491594970970e-14
2.263549431008383752e-14
2.059403379278604372e-14
1.873513894752505971e-14
1.704282170341853426e-14
1.550243522901209567e-14
1.410056602961761408e-14
1.282493728100913630e-14
1.166432101580758688e-14
1.060845723493189382e-14
9.647977974963534716e-15
8.774929576744218852e-15
7.981050638702389751e-15
7.259041363958732267e-15
6.602431321878070385e-15
6.005325406677953039e-15
5.462353981572902044e-15
4.968627155628440674e-15
4.520235359235042676e-15
4.112728094886051826e-15
3.742212564041818831e-15
3.405339764929957311e-15
3.099062951177622775e-15
2.820760315976906066e-15
2.568293282983073933e-15
2.338774618217515038e-15
2.130123836928913702e-15
1.940448438660573832e-15
1.768467465084072045e-15
1.612351178504252320e-15
1.470443004129272627e-15
1.341452825471688156e-15
1.224703726317801294e-15
1.118710279269322061e-15
1.022371902995621130e-15
9.350688030827037882e-16
8.560464291243051601e-16
7.842264540233526026e-16
7.192094538135257908e-16
6.604122991190929277e-16
6.069766079543261700e-16
5.588229706908834286e-16
5.151668185123093346e-16
4.756757590117329501e-16
4.400862897513171666e-16
4.078171312274709334e-16
3.788695535507957228e-16
3.526154367873002939e-16
3.291260298474603930e-16
3.078740423205780474e-16
2.888608856519597281e-16
2.717600175118215235e-16
2.564097241595462698e-16
2.427446054557527378e-16
2.304751810889051170e-16
2.195540518054646457e-16
2.098725568524194281e-16
2.012492869429999792e-16
1.935975613244488964e-16
