# bin_4_3
1.622865037237245242e-08
1.629663355221811965e-08
1.636703633336036309e-08
1.643993549931536371e-08
1.651540940586161767e-08
1.659353803748974891e-08
1.667440305207352463e-08
1.675808778370361725e-08
1.684467824535036861e-08
1.693426387959680375e-08
1.702693634285301683e-08
1.712278944676640582e-08
1.722191952212734884e-08
1.732442555673136684e-08
1.743040882330867500e-08
1.753997266276804456e-08
1.765322187102559252e-08
1.777026326098119818e-08
1.789120593801094330e-08
1.801616153020044773e-08
1.814524382668876374e-08
1.827856814335030324e-08
1.841624896909399872e-08
1.855840161110329379e-08
1.870514191327865259e-08
1.885658491765525671e-08
1.901284554406436615e-08
1.917403644805109899e-08
1.934026934829007090e-08
1.951165493672514544e-08
1.968830092090722719e-08
1.987031057380133215e-08
2.005778064621298227e-08
2.025080626618644138e-08
2.044948170222549936e-08
2.065389880937690125e-08
2.086414690516261578e-08
2.108030941744238719e-08
2.130246231509135563e-08
2.153069623302392051e-08
2.176511650052871640e-08
2.200576353969340423e-08
2.225266817260386175e-08
2.250605460512247545e-08
2.276600723057612170e-08
2.303224233917096935e-08
2.330469516738553041e-08
2.358348210469699287e-08
2.386870721924615639e-08
2.416038010221590405e-08
2.445844927789411991e-08
2.476291122848870209e-08
2.507374739601616808e-08
2.539093581685179153e-08
2.571448375110609502e-08
2.604436845227369845e-08
2.638058869354964165e-08
2.672317689635599042e-08
2.707214623094897199e-08
2.742754021672359832e-08
2.778942688014769208e-08
2.815786909782084169e-08
2.853291578513520152e-08
2.891461345592888441e-08
2.930299091842785341e-08
2.969784639851070728e-08
3.009925701369641316e-08
3.050687551407846992e-08
3.091981271815568117e-08
3.133787671649875706e-08
3.176074227324574759e-08
3.218779608648398753e-08
3.261854761491197914e-08
3.305250984970330189e-08
3.348923977621907022e-08
3.392826968030246660e-08
3.436925786083346393e-08
3.481185592148491100e-08
3.525615224399846509e-08
3.570187263331809401e-08
3.614840573790156699e-08
3.659585637925082233e-08
3.704399020975681128e-08
3.749221432140504831e-08
3.793998267102486274e-08
3.838645935096675950e-08
3.883093506522446968e-08
3.927239982575740597e-08
3.970917913580905000e-08
4.014083664477878663e-08
4.056677010960118105e-08
4.098629254581824498e-08
4.139878380877348743e-08
4.180373438790205641e-08
4.219960334239286242e-08
4.258608701268304742e-08
4.296280571651921199e-08
4.332910586646997190e-08
4.368435416821958159e-08
4.402675572536059424e-08
4.435551817613857122e-08
4.466943189584172818e-08
4.496764808338375936e-08
4.524818987915002781e-08
4.551056954162483662e-08
4.575460556314877459e-08
4.597944331209694240e-08
4.618379726287317783e-08
4.636734334249939452e-08
4.652917544184761538e-08
4.666742791827362345e-08
4.678148109495386737e-08
4.687032534599674938e-08
4.693253657326695392e-08
4.696853518266073196e-08
4.697686418344716711e-08
4.695729854856571175e-08
4.690903234041227485e-08
4.683117359456097647e-08
4.672328381100825396e-08
4.658445890405944955e-08
4.641425955956661552e-08
4.621248541376111203e-08
4.597882434097075161e-08
4.571331915381508812e-08
4.541548886524096940e-08
4.508516469753587621e-08
4.472248971513123838e-08
4.432739038030464683e-08
4.390019406000753794e-08
4.344139119301717683e-08
4.295134027173241899e-08
4.243045241050661856e-08
4.187941152749438289e-08
4.129893729312059655e-08
4.069000771678265409e-08
4.005352864421306296e-08
3.939077506195856376e-08
3.870281253633834937e-08
3.799102473906421203e-08
3.725678393791857765e-08
3.650175138543014827e-08
3.572760258067968446e-08
3.493597026253847047e-08
3.412873985013183740e-08
3.330782086599999859e-08
3.247515618309918944e-08
3.163285641792924895e-08
3.078292349336472657e-08
2.992745941717386244e-08
2.906862062509886200e-08
2.820852021810281851e-08
2.734927188687981160e-08
2.649290140988326917e-08
2.564148931559692711e-08
2.479695889703073470e-08
2.396121009864006984e-08
2.313595269094890965e-08
2.232292266636026612e-08
2.152356893271620216e-08
2.073929820494524674e-08
1.997132117260301093e-08
1.922065369719100811e-08
1.848821649269449076e-08
1.777464475219635355e-08
1.708046062343266621e-08
1.640600646905261752e-08
1.575141139030485626e-08
1.511666386387748855e-08
1.450160867513608643e-08
1.390593310714737395e-08
1.332923225955394619e-08
1.277098613473036374e-08
1.223062622112081825e-08
1.170753501333295407e-08
1.120107796960381627e-08
1.071063636507602822e-08
1.023563259014737412e-08
9.775542319607893569e-09
9.329920291586973535e-09
8.898410888038587800e-09
8.480754239020798861e-09
8.076793377224596402e-09
7.686468363805841004e-09
7.309807642391933199e-09
6.946916589696861615e-09
6.597953576819349276e-09
6.263102547778216035e-09
5.942532100823012863e-09
5.636362454477446475e-09
5.344634458185234386e-09
5.067278832776356308e-09
4.804096273984309100e-09
4.554749653099696913e-09
4.318765733042706719e-09
4.095549875658730190e-09
3.884412624584648460e-09
3.684605198232521286e-09
3.495361864684549038e-09
3.315940995269606714e-09
3.145662674189418935e-09
2.983936551701723594e-09
2.830276902793206655e-09
2.684301362893111119e-09
2.545714867915889777e-09
2.414283035881134333e-09
2.289799204477586399e-09
2.172051995527524154e-09
2.060799937640381999e-09
1.955758635588263653e-09
1.856603177815156350e-09
1.762982572663265062e-09
1.674541089089830203e-09
1.590940015180386020e-09
1.511873681014868851e-09
1.437075021341884556e-09
1.366310925130037647e-09
1.299370901230083858e-09
1.236054844219932969e-09
1.176164975340722657e-09
1.119503899796102991e-09
1.065877687867582036e-09
1.015100727766718106e-09
9.669991621318041376e-10
9.214117052667919809e-10
8.781881122946463767e-10
8.371871550685930464e-10
7.982755636551007429e-10
7.613276015680703189e-10
7.262248131559632051e-10
6.928557895855513760e-10
6.611160619936998843e-10
6.309079733066692846e-10
6.021404186526472320e-10
5.747282123612852115e-10
5.485916140822457188e-10
5.236561245636923512e-10
4.998524546699967728e-10
4.771162190022154718e-10
4.553874344753262292e-10
4.346102533238114535e-10
4.147328497498284287e-10
3.957071766402263116e-10
3.774886499613227821e-10
3.600358940717502664e-10
3.433105821860124097e-10
3.272772193233093426e-10
3.119029071218550599e-10
2.971571635464236043e-10
2.830117470672130719e-10
2.694404709241098198e-10
2.564190308343080149e-10
2.439248493524460173e-10
2.319369253268530048e-10
2.204356907790990303e-10
2.094028782060792179e-10
1.988213954212819507e-10
1.886752081394541349e-10
1.789492295311592710e-10
1.696292176353311594e-10
1.607016801531896735e-10
1.521537867854566278e-10
1.439732894722717399e-10
1.361484498748436054e-10
1.286679742569967059e-10
1.215209550991819794e-10
1.146968194172200211e-10
1.081852831424420793e-10
1.019763115990545938e-10
9.606008612204115503e-11
9.042697605605787884e-11
8.506751578294932988e-11
7.997238673981781947e-11
7.513240398496691801e-11
7.053850649359498229e-11
6.618175119084961243e-11
6.205331044777711823e-11
5.814447267553843325e-11
5.444664534645946077e-11
5.095135973588106795e-11
4.765027711565702967e-11
4.453519660450020015e-11
4.159806339029798295e-11
3.883097851525900979e-11
3.622620764598666229e-11
3.377619045985591672e-11
3.147354987781497686e-11
2.931110066388382647e-11
2.728185723857161395e-11
2.537904119534167700e-11
2.359608755480102057e-11
2.192664977958740266e-11
2.036460396269916569e-11
1.890405199638368304e-11
1.753932323852040391e-11
1.626497524362805822e-11
1.507579335682671941e-11
1.396678926212301615e-11
1.293319866351009446e-11
1.197047811685926386e-11
1.107430114552229205e-11
1.024055373359212430e-11
9.465329313303123334e-12
8.744923071524724672e-12
8.075826072111409053e-12
7.454718802163590331e-12
6.878464502105026356e-12
6.344102191381934430e-12
5.848839682053704480e-12
5.390046503621233182e-12
4.965246884780209035e-12
4.572112865561696380e-12
4.208457533187969884e-12
3.872228379759874945e-12
3.561501174288388790e-12
3.274472633370046528e-12
3.009454891634906104e-12
2.764869329075728223e-12
2.539240343828385046e-12
2.331189405151621020e-12
2.139429314028992380e-12
1.962758800861444109e-12
1.800057511541386612e-12
1.650281388533013790e-12
1.512458399004572835e-12
1.385684463657290058e-12
1.269119480204413870e-12
1.161983352564796049e-12
1.063552341092696405e-12
9.731544277977105011e-13
8.901660426029780390e-13
8.140088561314522834e-13
7.441464847255546451e-13
6.800816930102510599e-13
6.213538632871700733e-13
5.675366555055601794e-13
5.182358104392007002e-13
4.730873086556792342e-13
4.317547473461316300e-13
3.939276119577858385e-13
3.593198067091542224e-13
3.276676707197335004e-13
2.987283061503908865e-13
2.722779879265686979e-13
2.481110513025673693e-13
2.260373325939677470e-13
2.058819121018883014e-13
1.874837386621286927e-13
1.706945153348257421e-13
1.553780284213368617e-13
1.414087863680025563e-13
1.286713834916167082e-13
1.170601878873296343e-13
1.064784486038780145e-13
9.683783140960626824e-14
8.805666673402607284e-14
8.006051594050709901e-14
7.278129577605538973e-14
6.615654686647902104e-14
6.012858925210060884e-14
5.464488828883585891e-14
4.965770980173485234e-14
4.512259037182644666e-14
4.099937160856258811e-14
3.725160945748242573e-14
3.384533765527392709e-14
3.075013201678206579e-14
2.793794728899269800e-14
2.538306288512081701e-14
2.306243980921201880e-14
2.095440424757842647e-14
1.903996632667223593e-14
1.730104361039134693e-14
1.572194655395466665e-14
1.428769232049417445e-14
1.298531034770386287e-14
1.180247882960735973e-14
1.072833984314283085e-14
9.752951103422864161e-15
8.867146265067658639e-15
8.062836784292846614e-15
7.332519980865244219e-15
6.669361788293427661e-15
6.067223080198513145e-15
5.520593357707123147e-15
5.024343506672351268e-15
4.573846172121512683e-15
4.164921089245463657e-15
3.793770064620285060e-15
3.456941838927719699e-15
3.151300243028436331e-15
2.873995275538742520e-15
2.622436887550725570e-15
2.394271185180372194e-15
2.187358820533476973e-15
1.999785051131514673e-15
1.829790246963906748e-15
1.675734573048751644e-15
1.536181024243261766e-15
1.409842121477498671e-15
