# bin_2_2
1.385601702191219203e-08
1.390995699209776461e-08
1.396578129284813080e-08
1.402354670029622973e-08
1.408331168779661886e-08
1.414513615861879168e-08
1.420908119537282060e-08
1.427520910323825089e-08
1.434358345820373875e-08
1.441426938868644471e-08
1.448733329393616524e-08
1.456284278358972327e-08
1.464086652700310001e-08
1.472147453312724580e-08
1.480473804208476755e-08
1.489072962274447142e-08
1.497952318437463699e-08
1.507119389151340520e-08
1.516581808033095350e-08
1.526347276501131649e-08
1.536423597453388190e-08
1.546818633698024229e-08
1.557540087285247749e-08
1.568595634037915241e-08
1.579992834325792415e-08
1.591739046396430999e-08
1.603841634303551705e-08
1.616307720944257639e-08
1.629144185428561894e-08
1.642357525916561758e-08
1.655953882443398814e-08
1.669938959780320479e-08
1.684317632692759326e-08
1.699094513803385104e-08
1.714274201715960756e-08
1.729860595795851399e-08
1.745856307155681799e-08
1.762264535485386968e-08
1.779089873577550137e-08
1.796332868144311683e-08
1.813990630002614607e-08
1.832073951739777591e-08
1.850594710693663248e-08
1.869529871610563392e-08
1.888859488093590176e-08
1.908587576489053703e-08
1.928721246543035452e-08
1.949262622334439466e-08
1.970200183746860557e-08
1.991526495315704159e-08
2.013238134394818734e-08
2.035325529002544986e-08
2.057781664332625651e-08
2.080600810555473165e-08
2.103774997740256310e-08
2.127299909072437316e-08
2.151172687294644756e-08
2.175390894451054560e-08
2.199953597813290425e-08
2.224861344472000981e-08
2.250114271848237962e-08
2.275711179377757268e-08
2.301650851686943280e-08
2.327923186623464854e-08
2.354507856586197684e-08
2.381414034789151821e-08
2.408565370780460975e-08
2.435904976596196375e-08
2.463414653949700022e-08
2.491048782724622364e-08
2.518749113528885358e-08
2.546469983467085217e-08
2.574161715320679994e-08
2.601780989571675529e-08
2.629281696317513392e-08
2.656632189222004158e-08
2.683797599684716218e-08
2.710799731900608037e-08
2.737575836179805854e-08
2.764100970905023000e-08
2.790385606113272032e-08
2.816397335684818251e-08
2.842087510477480917e-08
2.867408744294815768e-08
2.892280460183629553e-08
2.916657485355584764e-08
2.940409871309479500e-08
2.963423055509798268e-08
2.985668609563888028e-08
3.007092308457924114e-08
3.027640381092929153e-08
3.047284832127772629e-08
3.065957863516392356e-08
3.083550746217099157e-08
3.100067185388290780e-08
3.115470377976272019e-08
3.129738380776226173e-08
3.142793742367243855e-08
3.154517277611466787e-08
3.164859847205149321e-08
3.173739812076630087e-08
3.181085692196767556e-08
3.186756010856770347e-08
3.190752625406872832e-08
3.193091089175095415e-08
3.193699122270739876e-08
3.192517690521761854e-08
3.189570901466900898e-08
3.184770201499166194e-08
3.178011872868004638e-08
3.169298073703937777e-08
3.158540040401204089e-08
3.145699031688522818e-08
3.130847212139748636e-08
3.113886650472835354e-08
3.094883811102632855e-08
3.073770306093589596e-08
3.050568870860666243e-08
3.025246719494509452e-08
2.997819953919073339e-08
2.968270158259043488e-08
2.936670675787156239e-08
2.903029163765554403e-08
2.867409911216859380e-08
2.829833721510551703e-08
2.790333409624182474e-08
2.748977980983274816e-08
2.705826875140780380e-08
2.660952516635077798e-08
2.614450847618359149e-08
2.566405299266380900e-08
2.516899375835742502e-08
2.466032437892810459e-08
2.413911856453380741e-08
2.360655909598775147e-08
2.306380021634726912e-08
2.251218802957486381e-08
2.195287466071024393e-08
2.138719419740887053e-08
2.081646608200540436e-08
2.024213683869677048e-08
1.966559183592324412e-08
1.908812372499140600e-08
1.851115273915197726e-08
1.793601867887717902e-08
1.736403327069031236e-08
1.679653897464758598e-08
1.623468448521654849e-08
1.567966258610311798e-08
1.513257781907666924e-08
1.459443411673920499e-08
1.406616890415164523e-08
1.354853973376964017e-08
1.304233670687505381e-08
1.254809722684937822e-08
1.206637200217117187e-08
1.159743001304793472e-08
1.114165059895959794e-08
1.069907538061753657e-08
1.026978745065235389e-08
9.853716603975817888e-09
9.450681795724924663e-09
9.060494075561245006e-09
8.682812854188538016e-09
8.317308245390288664e-09
7.963602076580304906e-09
7.621289352812590741e-09
7.289973108279945541e-09
6.969274206928769172e-09
6.658833444878034072e-09
6.358349766953712261e-09
6.067553263359703914e-09
5.786244202483076012e-09
5.514279241327141431e-09
5.251573379411798953e-09
4.998094746137562764e-09
4.753862201572930091e-09
4.518931704141384324e-09
4.293375880830580495e-09
4.077269751956911475e-09
3.870668135245196081e-09
3.673584104826285899e-09
3.485974053796899795e-09
3.307722672757687330e-09
3.138636201346446404e-09
2.978439228947253012e-09
2.826782536691857999e-09
2.683254120095988896e-09
2.547397046632051007e-09
2.418733448343305965e-09
2.296788447163793110e-09
2.181112574803368955e-09
2.071300369918654093e-09
1.967002517088270051e-09
1.867929307976851267e-09
1.773846081079879680e-09
1.684561630039242942e-09
1.599911144808505768e-09
1.519739058919070275e-09
1.443883046159281015e-09
1.372163925967083278e-09
1.304382889641964228e-09
1.240325112706398406e-09
1.179769109362027560e-09
1.122497166873250469e-09
1.068304849640003571e-09
1.017006018507868579e-09
9.684335087952584390e-10
9.224358111161374648e-10
8.788721697334942299e-10
8.376081810577888733e-10
7.985136054798858313e-10
7.614622481931788089e-10
7.263330630392811835e-10
6.930112177528246149e-10
6.613884164438144971e-10
6.313625877015105827e-10
6.028374835277583273e-10
5.757225159592150667e-10
5.499327313542582832e-10
5.253887353824440945e-10
5.020162798178935644e-10
4.797456593356507438e-10
4.585112907497040427e-10
4.382516056622068077e-10
4.189091361360583084e-10
4.004304157710003351e-10
3.827657146809821854e-10
3.658686886794996289e-10
3.496961381644050661e-10
3.342078984821458368e-10
3.193667247126407068e-10
3.051381054359456675e-10
2.914900714172006285e-10
2.783930192331859618e-10
2.658195727121008203e-10
2.537444230848077471e-10
2.421441847613038857e-10
2.309972666530548177e-10
2.202837324073448826e-10
2.099851708427721985e-10
2.000845735520906804e-10
1.905662163887794963e-10
1.814155446486053385e-10
1.726190663643193557e-10
1.641642522906819209e-10
1.560394403318361412e-10
1.482337439122540291e-10
1.407369672084300859e-10
1.335395246425902392e-10
1.266323664156874826e-10
1.200069088895575591e-10
1.136549703278560888e-10
1.075687119372426498e-10
1.017405842907711915e-10
9.616327938615200804e-11
9.082968816587552236e-11
8.573286301054814496e-11
8.086598498793858543e-11
7.622233604754114653e-11
7.179527606969763127e-11
6.757822447198652707e-11
6.356464638510813022e-11
5.974804263958902065e-11
5.612194338994784251e-11
5.267990537386055265e-11
4.941551198858645496e-11
4.632237610000248774e-11
4.339414545704886991e-11
4.062451003220911749e-11
3.800721090717393276e-11
3.553605043284984513e-11
3.320490314928390131e-11
3.100772700660302526e-11
2.893857497842509117e-11
2.699160655526555426e-11
2.516109886066834186e-11
2.344145731404352975e-11
2.182722548362428432e-11
2.031309398000415080e-11
1.889390840394636531e-11
1.756467635479140346e-11
1.632057245800306694e-11
1.515694313010735038e-11
1.406930958439973405e-11
1.305336995048229609e-11
1.210500009850045552e-11
1.122025324889365909e-11
1.039535902559502043e-11
9.626721449701049363e-12
8.910916027050003457e-12
8.244686474726793377e-12
7.624940884967316478e-12
7.048747163649886274e-12
6.513328308400779157e-12
6.016057275168025259e-12
5.554451653762495406e-12
5.126168197845215434e-12
4.728997330465316214e-12
4.360857520429193649e-12
4.019789693989750106e-12
3.703951773532020984e-12
3.411613146887815382e-12
3.141149316651760259e-12
2.891036559339471927e-12
2.659846806846792026e-12
2.446242551248522246e-12
2.248971998533768850e-12
2.066864354903563049e-12
1.898825329605748946e-12
1.743832818939834582e-12
1.600932841767903143e-12
1.469235657263162989e-12
1.347912282148548733e-12
1.236190240979109481e-12
1.133350381169032256e-12
1.038723799562804161e-12
9.516884317471018834e-13
8.716660134203027328e-13
7.981192396556754895e-13
7.305491296936854819e-13
6.684925901920227421e-13
6.115201503323271713e-13
5.592338219080205977e-13
5.112650678164069055e-13
4.672728485940215809e-13
4.269417444270251102e-13
3.899804371105549670e-13
3.561192780378716267e-13
3.251090542109961303e-13
2.967196884984896399e-13
2.707386425592631989e-13
2.469696223634088943e-13
2.252313896102355450e-13
2.053566792130121534e-13
1.871912152315610413e-13
1.705930845550640992e-13
1.554312457850911819e-13
1.415850853193904951e-13
1.289439368469377054e-13
1.174061830904223807e-13
1.068785659091233127e-13
9.727551814073753345e-14
8.851892573517779312e-14
8.053630020838239212e-14
7.326141536420219816e-14
6.663346099409372037e-14
6.059656859783746832e-14
5.509970089178131911e-14
5.009563003347469432e-14
4.554102264336591775e-14
4.139635952756502276e-14
3.762559408584064819e-14
3.419590457338168196e-14
3.107675605011586203e-14
2.824057398968852987e-14
2.566235878034979608e-14
2.331907309999157647e-14
2.118942819055680287e-14
1.925426567962615445e-14
1.749625305670081696e-14
1.589899595607884828e-14
1.444798927689312185e-14
1.313007015232539467e-14
1.193280009617097343e-14
1.084541316684049678e-14
9.857715277334160961e-15
8.960564181545728610e-15
8.145821270072497963e-15
7.405708657582158321e-15
6.733679168580852984e-15
6.123200340306571583e-15
5.568924313469892048e-15
5.065463090733859465e-15
4.608343905500297502e-15
4.193235401657419161e-15
3.816277051445139041e-15
3.474115256114987248e-15
3.163417099430661105e-15
2.881359527052430330e-15
2.625407285224477365e-15
2.393076462563619337e-15
2.182222669012996268e-15
1.990898276276106743e-15
1.817387762057272863e-15
1.660001877235845993e-15
1.517276456546435510e-15
1.387879840227945709e-15
1.270600758783845130e-15
1.164337336838475039e-15
1.068087126474295137e-15
9.809380595334318414e-16
9.020602500860908195e-16
8.307194781332215207e-16
7.662369962012217238e-16
7.079617096480598224e-16
6.553236750657782751e-16
6.078672026504095112e-16
5.650642970759123915e-16
5.265261840880579547e-16
