# bin_4_2
1.502289243868935851e-08
1.508365979028709505e-08
1.514657160044058187e-08
1.521169420493670584e-08
1.527909596283847244e-08
1.534884699714576849e-08
1.542101895276367809e-08
1.549568504911802193e-08
1.557292013647945172e-08
1.565280098635254629e-08
1.573540602014376896e-08
1.582081525851162699e-08
1.590911017791228491e-08
1.600037399918812995e-08
1.609469158986053965e-08
1.619214957091030287e-08
1.629283633367223126e-08
1.639684196492745975e-08
1.650425817301756000e-08
1.661517779880378829e-08
1.672969516275429408e-08
1.684790565690877486e-08
1.696990353692087223e-08
1.709578327599821808e-08
1.722563868109727245e-08
1.735956203038372424e-08
1.749764616685470937e-08
1.763998201867306832e-08
1.778665857094395361e-08
1.793776149863779562e-08
1.809337340263551840e-08
1.825357304438991841e-08
1.841843137390913042e-08
1.858801721519776915e-08
1.876239974875268151e-08
1.894164165107326443e-08
1.912579316793386603e-08
1.931491092554878774e-08
1.950906598097259008e-08
1.970828925928290927e-08
1.991257764853397745e-08
2.012206571062874070e-08
2.033689928242186411e-08
2.055687432285665602e-08
2.078181813455682368e-08
2.101179874643218905e-08
2.124691553936538255e-08
2.148721816542143090e-08
2.173261961713749282e-08
2.198307396623947643e-08
2.223857564901113805e-08
2.249905750582372073e-08
2.276447802035105982e-08
2.303480846977333576e-08
2.330999749659838763e-08
2.359003021072285263e-08
2.387490606847460687e-08
2.416462836169487618e-08
2.445921502867252176e-08
2.475869830574371883e-08
2.506310562765377093e-08
2.537245027516656903e-08
2.568674454146686183e-08
2.600591032057521869e-08
2.632976554635500752e-08
2.665842356882849825e-08
2.699113644789833054e-08
2.732735041436065910e-08
2.766689910803415857e-08
2.800933872026279493e-08
2.835409630598035990e-08
2.870072336441059837e-08
2.904872834787591220e-08
2.939768065174242738e-08
2.974711858110252591e-08
3.009672256092121749e-08
3.044613650337986557e-08
3.079557152142788282e-08
3.114438237078050028e-08
3.149230067435137575e-08
3.183941077049119524e-08
3.218536063118578689e-08
3.252962986420679666e-08
3.287170657274610670e-08
3.321073871252606201e-08
3.354622624202966638e-08
3.387680657809613241e-08
3.420126618094763347e-08
3.451925434524652765e-08
3.483015223097571736e-08
3.513333730028497132e-08
3.542844128309814051e-08
3.571468537025878211e-08
3.599086757787938249e-08
3.625691515568773386e-08
3.651233741472685363e-08
3.675678548382783053e-08
3.698933998295576190e-08
3.720864964305700082e-08
3.741406653093628664e-08
3.760460493429885850e-08
3.777937217809887776e-08
3.793675219653926285e-08
3.807657475392132252e-08
3.819879857739332801e-08
3.830247780903541086e-08
3.838679289102372721e-08
3.845176692229215284e-08
3.849626585815718763e-08
3.851899147832300871e-08
3.851972449274248607e-08
3.849730141953902252e-08
3.845106152190782170e-08
3.838147281538016274e-08
3.828725044525547920e-08
3.816879850646495199e-08
3.802512715096505643e-08
3.785618723240271443e-08
3.766135057530921273e-08
3.744049664279539922e-08
3.719314226047389403e-08
3.691975308741872327e-08
3.662011477125184393e-08
3.629460918832438825e-08
3.594317666205624730e-08
3.556588958727914027e-08
3.516320512354248615e-08
3.473549321624033283e-08
3.428326807456787325e-08
3.380730832843733482e-08
3.330828416345487348e-08
3.278688909868749971e-08
3.224400497775398892e-08
3.168062347644291692e-08
3.109787850852592354e-08
3.049690758337651060e-08
2.987908096163857439e-08
2.924560779108066367e-08
2.859792491599371575e-08
2.793749545658663795e-08
2.726595424954658946e-08
2.658492022008068009e-08
2.589596276396396972e-08
2.520082767333368375e-08
2.450122421148654513e-08
2.379887662222586720e-08
2.309558516293630052e-08
2.239299177037719131e-08
2.169282368195298647e-08
2.099674901400663814e-08
2.030636505018545196e-08
1.962322481072893814e-08
1.894871433653877430e-08
1.828426562200114688e-08
1.763105364839491781e-08
1.699026383762309585e-08
1.636277818588347574e-08
1.574957121427487524e-08
1.515123740749838304e-08
1.456837525034357095e-08
1.400137621578017409e-08
1.345046129458288464e-08
1.291578010502060154e-08
1.239725718611777291e-08
1.189475540092459578e-08
1.140801357700688005e-08
1.093666855091254895e-08
1.048029361170923903e-08
1.003841479765991614e-08
9.610520598782509463e-09
9.196111564545347458e-09
8.794684574537998413e-09
8.405786451035363660e-09
8.029014422909509795e-09
7.664032898275367039e-09
7.310582761921785501e-09
6.968493308455406319e-09
6.637681719378881230e-09
6.318142333458874032e-09
6.009940732959161895e-09
5.713193015958486938e-09
5.428040094578171298e-09
5.154624207216408683e-09
4.893059389248292617e-09
4.643405507175155720e-09
4.405640440513620838e-09
4.179642864402097409e-09
3.965179587481381223e-09
3.761904734722546775e-09
3.569373305170382444e-09
3.387061196298847822e-09
3.214392098690808371e-09
3.050768850588967328e-09
2.895605087008429287e-09
2.748353531886024048e-09
2.608527318961927975e-09
2.475711662677895776e-09
2.349563628965545855e-09
2.229802801448394862e-09
2.116193303468236504e-09
2.008523093136932258e-09
1.906584289822362683e-09
1.810157696214861194e-09
1.719005169251361875e-09
1.632868938527519249e-09
1.551477597390146281e-09
1.474554944120882418e-09
1.401830101401327025e-09
1.333045999846859121e-09
1.267965094611539114e-09
1.206371475526736100e-09
1.148070008624381260e-09
1.092882879138801856e-09
1.040644712230241605e-09
9.911972365077137215e-10
9.443848086629371131e-10
9.000525481839866885e-10
8.580477672410668061e-10
8.182239187819335159e-10
7.804447222214051990e-10
7.445862116971121751e-10
7.105356620458941513e-10
6.781882647489127756e-10
6.474439746999062307e-10
6.182062741611331141e-10
5.903830487842161629e-10
5.638880154441796023e-10
5.386414208552210332e-10
5.145694615754828184e-10
4.916032574677059615e-10
4.696782135220330605e-10
4.487338702112274282e-10
4.287138912507514945e-10
4.095659331026614492e-10
3.912413784026545052e-10
3.736951033349544684e-10
3.568852412935858194e-10
3.407729916490186565e-10
3.253224218313288612e-10
3.105002626624948171e-10
2.962757405004620355e-10
2.826204158053568377e-10
2.695080091143174619e-10
2.569142245170676057e-10
2.448165967826495127e-10
2.331943545814468280e-10
2.220282769271195608e-10
2.113005554809582222e-10
2.009946684355615436e-10
1.910952585474404149e-10
1.815880189965092883e-10
1.724595855547547049e-10
1.636974361536606448e-10
1.552897963133389623e-10
1.472255497483329563e-10
1.394941556678906251e-10
1.320855729923803255e-10
1.249901910700250910e-10
1.181987665738045552e-10
1.117023666982879030e-10
1.054923186112928020e-10
9.956016502795232131e-11
9.389762610974833947e-11
8.849656682193776062e-11
8.334896962373393283e-11
7.844691252587879383e-11
7.378255176152617122e-11
6.934810910901342093e-11
6.513586384758032474e-11
6.113814866582379466e-11
5.734734901629299169e-11
5.375590549640581818e-11
5.035631869355774180e-11
4.714115610053820055e-11
4.410306116577182643e-11
4.123476370698363025e-11
3.852909116797136034e-11
3.597898045489504090e-11
3.357748992216272496e-11
3.131781132611604494e-11
2.919328158620129523e-11
2.719739414268673814e-11
2.532380860901560721e-11
2.356636033016453199e-11
2.191906832855648371e-11
2.037614240635185310e-11
1.893198881768892833e-11
1.758121436754622993e-11
1.631862954839284992e-11
1.513925023680318381e-11
1.403829807395803492e-11
1.301120008311118221e-11
1.205358727468201548e-11
1.116129205386634514e-11
1.033034502017390141e-11
9.556970920987234513e-12
8.837584041931720601e-12
8.168783115640135159e-12
7.547345896485938244e-12
6.970223315067524651e-12
6.434533435737586705e-12
5.937555354728852760e-12
5.476722843088207384e-12
5.049618017474709550e-12
4.653964895012528324e-12
4.287623057626404919e-12
3.948581231921485498e-12
3.634951069493571138e-12
3.344961011967263874e-12
3.076950343094328226e-12
2.829363408511617737e-12
2.600744114811525964e-12
2.389730647042916277e-12
2.195050633575845871e-12
2.015515589624646277e-12
1.850016444743004874e-12
1.697519168671427278e-12
1.557060042198606056e-12
1.427741290060383771e-12
1.308726933584045865e-12
1.199238910912670117e-12
1.098553489941867857e-12
1.005997960317840383e-12
9.209475401753565770e-13
8.428224579892400752e-13
7.710851399722033595e-13
7.052374766736901988e-13
6.448184459508375952e-13
5.894008202397320488e-13
5.385891022772640880e-13
4.920174382902277856e-13
4.493472905202389182e-13
4.102654805431929421e-13
3.744823971273865737e-13
3.417303609315721132e-13
3.117621267857165282e-13
2.843497771413092003e-13
2.592827686053934553e-13
2.363670560524464078e-13
2.154242018074988986e-13
1.962900832901764696e-13
1.788138272005010491e-13
1.628567810615275332e-13
1.482919333122118767e-13
1.350017429317885741e-13
1.228784778143070768e-13
1.118230795313039709e-13
1.017444327282937941e-13
9.255903247499568999e-14
8.418975673273409424e-14
7.656578177197011026e-14
6.962234394592497815e-14
6.330024332445216004e-14
5.754544329230234729e-14
5.230796883846996923e-14
4.754244256054757738e-14
4.320755232119724330e-14
3.926529817059742527e-14
3.568065962393580724e-14
3.242188436599816127e-14
2.946009171056524637e-14
2.676829009629029732e-14
2.432227723297505892e-14
2.210001553352559347e-14
2.008093763821259551e-14
1.824685823017077929e-14
1.658079272041737337e-14
1.506740129997078692e-14
1.369289539141197636e-14
1.244433695278089122e-14
1.131049565939412828e-14
1.028056053186536876e-14
9.345312310388342785e-15
8.495826643767858880e-15
7.724431670259170455e-15
7.023880137931534162e-15
6.387664688439047882e-15
5.810034491626596718e-15
5.285467069251322103e-15
4.809159475363936570e-15
4.376780610563508573e-15
3.984206836168235047e-15
3.627809973119455867e-15
3.304295140269688823e-15
3.010726823346081419e-15
2.744300303141204275e-15
2.502542382216569968e-15
2.283205052784430487e-15
2.084244842129807730e-15
1.903804056214882429e-15
1.740193782077989680e-15
1.591878459336109873e-15
1.457461886713792701e-15
1.335697385303600484e-15
1.225439996953174489e-15
1.125611928067358240e-15
1.035257603223187270e-15
9.535780480372400745e-16
8.797212326408459867e-16
8.130143905584327316e-16
