# bin_3_3
1.574663366302054597e-08
1.581173553523890620e-08
1.587914647454273396e-08
1.594893914259559436e-08
1.602118762898930416e-08
1.609596750320950568e-08
1.617335585486553964e-08
1.625343129202630003e-08
1.633627493840061068e-08
1.642197117892306791e-08
1.651060644020971115e-08
1.660226912725436384e-08
1.669704998256030625e-08
1.679504221940053798e-08
1.689634114495657056e-08
1.700104393850720000e-08
1.710924903386454383e-08
1.722105667578113008e-08
1.733656919039859367e-08
1.745589121023524438e-08
1.757912930904561503e-08
1.770639136251748734e-08
1.783778419022311362e-08
1.797341519587724402e-08
1.811339208045364839e-08
1.825782150070450786e-08
1.840680974600309179e-08
1.856046059152396961e-08
1.871887662020219316e-08
1.888215912673619068e-08
1.905040616091444448e-08
1.922371107768140927e-08
1.940216044534957702e-08
1.958583893807661327e-08
1.977483009659011385e-08
1.996921477832665761e-08
2.016907103212684096e-08
2.037447074656533567e-08
2.058547808220516845e-08
2.080217158237910911e-08
2.102464420603234406e-08
2.125292379267504170e-08
2.148702832317324634e-08
2.172716872166177817e-08
2.197341597632297857e-08
2.222547306487221598e-08
2.248326146080423779e-08
2.274688337761881967e-08
2.301642847546835259e-08
2.329189181807462064e-08
2.357320727636501497e-08
2.386035644872401622e-08
2.415330574114862347e-08
2.445201802164679249e-08
2.475648522690057786e-08
2.506666921359662167e-08
2.538255326988289116e-08
2.570415424071539405e-08
2.603146970478542096e-08
2.636452757393150206e-08
2.670338029518937043e-08
2.704807525059615244e-08
2.739864599722597605e-08
2.775512385365447732e-08
2.811752265681106961e-08
2.848562629093830531e-08
2.885949738188456288e-08
2.923877522794042313e-08
2.962255846985296567e-08
3.001064237693774960e-08
3.040268960228475026e-08
3.079807584939314797e-08
3.119630004947577007e-08
3.159686547980870996e-08
3.199932033496201486e-08
3.240318918440178551e-08
3.280812351514276172e-08
3.321376954119596335e-08
3.362021065738947021e-08
3.402716999203831264e-08
3.443403585754295563e-08
3.484091261347241905e-08
3.524756787238297907e-08
3.565341332354865025e-08
3.605790914749998656e-08
3.646022840141781099e-08
3.685967264573255162e-08
3.725524607745243867e-08
3.764529303337120026e-08
3.802939509278905084e-08
3.840697149836695051e-08
3.877736034149743891e-08
3.913996934581309736e-08
3.949431956793618861e-08
3.983890821059056952e-08
4.017346918437779662e-08
4.049766408560924460e-08
4.081088567342082634e-08
4.111255061846173619e-08
4.140092294449111844e-08
4.167526838721559986e-08
4.193444160505581258e-08
4.217766081892098223e-08
4.240302711893844533e-08
4.261012879432771524e-08
4.279886410800647602e-08
4.296846667643648927e-08
4.311774663793172157e-08
4.324647389125355709e-08
4.335384429139973762e-08
4.343810495111868680e-08
4.349874498896977091e-08
4.353487238618821269e-08
4.354518934808571593e-08
4.353023448896642012e-08
4.348868853982823842e-08
4.342045693314672469e-08
4.332487435732827229e-08
4.320119254146839152e-08
4.304911717653818810e-08
4.286789549707002227e-08
4.265723915243204538e-08
4.241709998936152495e-08
4.214732254718703293e-08
4.184810248703870167e-08
4.151911807751683623e-08
4.116035586767921981e-08
4.077211177978344971e-08
4.035446637399429025e-08
3.990789624291081392e-08
3.943303539767370457e-08
3.893038339370062092e-08
3.840048650628811218e-08
3.784415496392837836e-08
3.726222753624774048e-08
3.665579020928945345e-08
3.602584756472768743e-08
3.537375925886663154e-08
3.470066350648902456e-08
3.400800028243378170e-08
3.329718261803966992e-08
3.256989426249181032e-08
3.182781370283289576e-08
3.107255764629522859e-08
3.030597273788263843e-08
2.952990758717292419e-08
2.874622105912011949e-08
2.795691479930064802e-08
2.716385752641236349e-08
2.636899308612159233e-08
2.557429395198616799e-08
2.478166478451502890e-08
2.399298681813267346e-08
2.321002966722170951e-08
2.243459569566678844e-08
2.166831036829471526e-08
2.091275751226560669e-08
2.016931633514235810e-08
1.943937945346173986e-08
1.872404592956723931e-08
1.802436718344804750e-08
1.734119994240297104e-08
1.667521160275212259e-08
1.602698427588727335e-08
1.539683107774110532e-08
1.478497252789302909e-08
1.419147540424392506e-08
1.361622462612153798e-08
1.305899982022709180e-08
1.251947589634713630e-08
1.199721275608351700e-08
1.149172189629016969e-08
1.100244468063712891e-08
1.052881756449814689e-08
1.007026964367205270e-08
9.626250747452795900e-09
9.196258360825399257e-09
8.779855694238384482e-09
8.376675904091498771e-09
7.986438876569894537e-09
7.608953127741040841e-09
7.244113529407680290e-09
6.891900010889127337e-09
6.552363823981319097e-09
6.225611407422503397e-09
5.911785897263805492e-09
5.611037643595002551e-09
5.323493583070768656e-09
5.049218850799884178e-09
4.788191115902263682e-09
4.540281070184044761e-09
4.305237308110299815e-09
4.082683093455160841e-09
3.872125404374740017e-09
3.672972050759615483e-09
3.484559788619919361e-09
3.306189335203761644e-09
3.137163217673273517e-09
2.976823566160752075e-09
2.824581868811850214e-09
2.679939525896837911e-09
2.542495258464930045e-09
2.411939040700820203e-09
2.288032634683877068e-09
2.170581081620835200e-09
2.059401793302687396e-09
1.954296265376093353e-09
1.855030205175620718e-09
1.761326020293062036e-09
1.672868969973863984e-09
1.589325130537382176e-09
1.510364196012660890e-09
1.435680275031559043e-09
1.365004996389746727e-09
1.298110050144561592e-09
1.234799245220550302e-09
1.174894579773300602e-09
1.118222404132389852e-09
1.064605277522931320e-09
1.013861819601865866e-09
9.658125413536111142e-10
9.202873096914348972e-10
8.771301026827200006e-10
8.361992286994833247e-10
7.973642614602464182e-10
7.605022130988086519e-10
7.254954251432057641e-10
6.922317617339788891e-10
6.606055317383429067e-10
6.305178546685010301e-10
6.018763591274554705e-10
5.745947537816991984e-10
5.485925503581404100e-10
5.237947871487969828e-10
5.001314464257571803e-10
4.775369994811257961e-10
4.559502648241514871e-10
4.353144604236903203e-10
4.155769778864538235e-10
3.966889232742618983e-10
3.786048264743573178e-10
3.612825214811677763e-10
3.446829640718889980e-10
3.287699840677214671e-10
3.135100602925227502e-10
2.988721634854042780e-10
2.848275687660775872e-10
2.713496646695735593e-10
2.584137983687970522e-10
2.459971189767288515e-10
2.340784181054495392e-10
2.226379853611222785e-10
2.116574755008055341e-10
2.011197812136992635e-10
1.910089137740942877e-10
1.813098909114430392e-10
1.720086310642118084e-10
1.630918552287888715e-10
1.545469951406827969e-10
1.463621087444030730e-10
1.385258025104991732e-10
1.310271607452567231e-10
1.238556822022790325e-10
1.170012233157269281e-10
1.104539480668971415e-10
1.042042837224118905e-10
9.824288245920216754e-11
9.256058832918256541e-11
8.714840966432583323e-11
8.199749695858504159e-11
7.709912538606639122e-11
7.244468153468832497e-11
6.802565430393332005e-11
6.383362956318086198e-11
5.986028780068836162e-11
5.609740476140247307e-11
5.253685472178343038e-11
4.917061598440200066e-11
4.599077797865782023e-11
4.298954936063688185e-11
4.015926691311906535e-11
3.749240545321458096e-11
3.498158745575994489e-11
3.261959364105657091e-11
3.039937205222828635e-11
2.831404734602988100e-11
2.635692958010290851e-11
2.452152200919604096e-11
2.280152774501611361e-11
2.119085580742468557e-11
1.968362572238749722e-11
1.827417079333251949e-11
1.695704051223409789e-11
1.572700194889371363e-11
1.457903966719275783e-11
1.350835477787389022e-11
1.251036297691033416e-11
1.158069169237676545e-11
1.071517652851275293e-11
9.909857024145441893e-12
9.160971846031744140e-12
8.464953509973289781e-12
7.818422757881666968e-12
7.218182410149004090e-12
6.661211176055848310e-12
6.144657037917814762e-12
5.665830565030989935e-12
5.222198053550276746e-12
4.811374770233422061e-12
4.431118197468889905e-12
4.079321404416330649e-12
3.754006591175829613e-12
3.453318800704444645e-12
3.175519792606998220e-12
2.918982465878268585e-12
2.682184109625296287e-12
2.463701473555528319e-12
2.262205214001843715e-12
2.076454306981082223e-12
1.905290767238194238e-12
1.747634596945513537e-12
1.602479070290467099e-12
1.468886377193406862e-12
1.345983609092563309e-12
1.232959028792448697e-12
1.129058495914837864e-12
1.033581972582607123e-12
9.458800537863332573e-13
8.653508499486391009e-13
7.914359103059147054e-13
7.236175035305184017e-13
6.614159305661349886e-13
6.043866924939652384e-13
5.521180957559606294e-13
5.042290777146814961e-13
4.603671980808630122e-13
4.202067665843330498e-13
3.834473296899932753e-13
3.498113786236671638e-13
3.190429416104137941e-13
2.909064169833316109e-13
2.651848712963798633e-13
2.416786270156307926e-13
2.202039132158204608e-13
2.005919801373341743e-13
1.826867621871010621e-13
1.663448251712339442e-13
1.514341843230440145e-13
1.378333667537752415e-13
1.254308987591540485e-13
1.141240893655760534e-13
1.038185238918812679e-13
9.442787419453600131e-14
8.587312747667082042e-14
7.808224004239067854e-14
7.098850705740888500e-14
6.453123595687834695e-14
5.865497591192883745e-14
5.330887956711618353e-14
4.844594081251542651e-14
4.402342619565889196e-14
4.000259120066235330e-14
3.634721460790642545e-14
3.302468052727624862e-14
3.000544486979248326e-14
2.726185972177734312e-14
2.476928088609842322e-14
2.250495949798547846e-14
2.044802959829951443e-14
1.857989826709819957e-14
1.688297073564855938e-14
1.534198512459981316e-14
1.394227574029292831e-14
1.267126660888739879e-14
1.151682205595388871e-14
1.046855850845215326e-14
9.516513879070888881e-15
8.651971914348272015e-15
7.866936838764081927e-15
7.154012053606201986e-15
6.506712895592678937e-15
5.918994949716990885e-15
5.385348679943900231e-15
4.900836651627557297e-15
4.461038330164345674e-15
4.061816279923512127e-15
3.699443194614055556e-15
3.370555692648137501e-15
3.072097355373692530e-15
2.801290514887075068e-15
2.555610691376470379e-15
2.332763371088846021e-15
2.130662965990225593e-15
1.947413715277815459e-15
1.781292341236287203e-15
1.630761151030525966e-15
1.494403403964604249e-15
1.370891868451906952e-15
1.259071912010248740e-15
1.157911819887882930e-15
