# bin_4_3
5.132163207874260960e-05
5.139914500371155302e-05
5.146852574440356765e-05
5.152928140990738784e-05
5.158164752231119430e-05
5.162526474365513414e-05
5.166021876313938187e-05
5.168627012461536325e-05
5.170346213367513471e-05
5.171155391256356259e-05
5.171062654738754457e-05
5.170042878367681451e-05
5.168104463330924406e-05
5.165227475180646314e-05
5.161414208751019175e-05
5.156651721292404030e-05
5.150940108372897771e-05
5.144266381246436723e-05
5.136635824116229622e-05
5.128034593644014870e-05
5.118466471201259498e-05
5.107921821511958850e-05
5.096403671902606253e-05
5.083905150104442195e-05
5.070427957725614951e-05
5.055966152102051286e-05
5.040523988987434550e-05
5.024096586104924851e-05
5.006690067532967202e-05
4.988300536792309613e-05
4.968933209502098913e-05
4.948588087510710071e-05
4.927270707289699633e-05
4.904981908453942216e-05
4.881729618566390291e-05
4.857517772470615574e-05
4.832356102399169926e-05
4.806248692167049315e-05
4.779205812730926659e-05
4.751234362143331801e-05
4.722347238286988614e-05
4.692551953363833454e-05
4.661861150737264521e-05
4.630288696408559762e-05
4.597848457718968685e-05
4.564553257555584799e-05
4.530419370825146408e-05
4.495460296533973000e-05
4.459698648019875476e-05
4.423148313290103993e-05
4.385828213758656753e-05
4.347762646728703303e-05
4.308970055692148125e-05
4.269473216095682311e-05
4.229294533980672754e-05
4.188454345792876548e-05
4.146985458092370465e-05
4.104907128882063068e-05
4.062245112468774121e-05
4.019032439835806982e-05
3.975291550252083364e-05
3.931054257661454552e-05
3.886347699222554732e-05
3.841197346603380435e-05
3.795644481197883605e-05
3.749711836390812213e-05
3.703430631794073723e-05
3.656839261636591812e-05
3.609961791186902552e-05
3.562836576018818064e-05
3.515492330076082079e-05
3.467956569593939653e-05
3.420275735488900325e-05
3.372472531180552074e-05
3.324580510043301479e-05
3.276638947389594195e-05
3.228670233166393202e-05
3.180715132832851220e-05
3.132799681423740156e-05
3.084949296155387673e-05
3.037211231976328895e-05
2.989603833725651565e-05
2.942159457409937188e-05
2.894912609857788226e-05
2.847881008215102843e-05
2.801103732548067824e-05
2.754599716042750352e-05
2.708389240975450041e-05
2.662515676186228358e-05
2.616989622098550949e-05
2.571838725413778753e-05
2.527088811494986829e-05
2.482750020027886249e-05
2.438857344698168342e-05
2.395419688475192158e-05
2.352449619261063070e-05
2.309984120977102040e-05
2.268023494669270233e-05
2.226588777790667397e-05
2.185695336557380832e-05
2.145344300916382372e-05
2.105566204052417215e-05
2.066358076653946569e-05
2.027724060370767530e-05
1.989693709473626488e-05
1.952256946213359366e-05
1.915428752863220020e-05
1.879213114755028051e-05
1.843602700605751025e-05
1.808624184951289902e-05
1.774263105807193848e-05
1.740516751712172926e-05
1.707407271178112144e-05
1.674915232896004530e-05
1.643051237695348092e-05
1.611809397695819084e-05
1.581175073734124192e-05
1.551172436286200778e-05
1.521777126964173342e-05
1.492982477848531480e-05
1.464804446161515811e-05
1.437215189155004656e-05
1.410223989477725896e-05
1.383817488456940506e-05
1.357975068225843867e-05
1.332720550025756081e-05
1.308022295965173139e-05
1.283872240500258457e-05
1.260280987532489324e-05
1.237215320279202850e-05
1.214685177451599160e-05
1.192671344818394100e-05
1.171149908092381359e-05
1.150145643527366148e-05
1.129621878990601251e-05
1.109572230620287428e-05
1.090001815413186464e-05
1.070876079329540892e-05
1.052206660779230711e-05
1.033970264507464694e-05
1.016141961944329124e-05
9.987481679863204306e-06
9.817491908925820034e-06
9.651418773354880393e-06
9.489268305119231370e-06
9.330699754241174884e-06
9.175868268561611834e-06
9.024508462441920112e-06
8.876381318462028139e-06
8.731769884947375440e-06
8.590261485056971107e-06
8.451864211753142106e-06
8.316548060486562166e-06
8.183985784567605258e-06
8.054391559090546868e-06
7.927471141277928600e-06
7.803010014230492687e-06
7.681306834665478696e-06
7.561939263293927410e-06
7.444963885755835498e-06
7.330320992934134042e-06
7.217706594665822466e-06
7.107402160629347303e-06
6.999081326224000254e-06
6.892560484860708395e-06
6.788148115027350281e-06
6.685424509856713949e-06
6.584505898916160391e-06
6.485302073886957614e-06
6.387529562833949381e-06
6.291532114962428536e-06
6.196958724027965542e-06
6.103672482428245907e-06
6.011975981704941693e-06
5.921453838338822093e-06
5.832285352128080973e-06
5.744360809678066006e-06
5.657419073499959799e-06
5.571842138777649014e-06
5.487262240599910445e-06
5.403609940622537325e-06
5.321162353432699260e-06
5.239510107376711029e-06
5.158892669701950015e-06
5.079194633698535280e-06
5.000171579175930785e-06
4.922220438901874824e-06
4.844981015214576786e-06
4.768446605148735941e-06
4.692847654653543998e-06
4.617817249761253352e-06
4.543625476897466648e-06
4.470154355966711620e-06
4.397201773077211699e-06
4.325142605757294640e-06
4.253640165325034634e-06
4.182753217350043161e-06
4.112632313455207391e-06
4.042985493864753595e-06
3.974057552519857960e-06
3.905724865690912522e-06
3.837813747980065314e-06
3.770617531569908451e-06
3.703813069782131892e-06
3.637460173639003516e-06
3.571607378564539527e-06
3.506000551268248520e-06
3.440820268615161478e-06
3.375927796944752360e-06
3.311191906880113632e-06
3.246836860663236400e-06
3.182624079009467737e-06
3.118668907494939846e-06
3.055037994823600569e-06
2.991622788752600155e-06
2.928650643904787690e-06
2.866093147884127264e-06
2.803962075390072575e-06
2.742491685113677976e-06
2.681581898882476258e-06
2.621395421539373449e-06
2.562005618658465245e-06
2.503372270853758844e-06
2.445663196367379838e-06
2.388845507057492269e-06
2.332926054529468859e-06
2.278016944646175275e-06
2.224018369754083620e-06
2.171005473479376919e-06
2.118972671720117795e-06
2.067858029808042154e-06
2.017715807822073455e-06
