# bin_2_1
8.086583978054239660e-06
8.123250177940921266e-06
8.159101525566039796e-06
8.193906556888762955e-06
8.227826622288958970e-06
8.260712552073103349e-06
8.292627079749739032e-06
8.323486216147033895e-06
8.353330775685087516e-06
8.382066485099566231e-06
8.409768845231402516e-06
8.436306986492263945e-06
8.461762165675890682e-06
8.486043518161067803e-06
8.509178424328029040e-06
8.531112383157174659e-06
8.551864582457230793e-06
8.571373018624372508e-06
8.589677010817800502e-06
8.606695548340156208e-06
8.622480716044637748e-06
8.636962101480103477e-06
8.650151194074440201e-06
8.662014880163449419e-06
8.672563226105261625e-06
8.681751349398754371e-06
8.689606061824550634e-06
8.696068420731404327e-06
8.701168179812136558e-06
8.704859124618727744e-06
8.707154098355069833e-06
8.708020530354678988e-06
8.707467960507356524e-06
8.705461636296213436e-06
8.702019054812514396e-06
8.697101871713226975e-06
8.690729800847268597e-06
8.682869211814794587e-06
8.673532853070232271e-06
8.662695449389127772e-06
8.650367932731974047e-06
8.636525569707569950e-06
8.621182988390322367e-06
8.604315656860063677e-06
8.585939931003762032e-06
8.566033521405207608e-06
8.544609453572047712e-06
8.521651832233139730e-06
8.497173567578519349e-06
8.471158054794489782e-06
8.443621407579923835e-06
8.414550744337382458e-06
8.383963529156986390e-06
8.351847091594306329e-06
8.318216261244598390e-06
8.283064119282588313e-06
8.246409282967863831e-06
8.208245477680165063e-06
8.168589777232936281e-06
8.127441946881324873e-06
8.084821616479677864e-06
8.040727769683634558e-06
7.995180408601857772e-06
7.948180944711170446e-06
7.899758166533918136e-06
7.849913190403468683e-06
7.798670741224879657e-06
7.746042595916489298e-06
7.692051905076486158e-06
7.636711639904535955e-06
7.580048004744676979e-06
7.522071852272526403e-06
7.462824556161358580e-06
7.402316439059618698e-06
7.340580373618498720e-06
7.277642355908886692e-06
7.213530243866683439e-06
7.148273649266159186e-06
7.081905328703149754e-06
7.014446322690061040e-06
6.945952384744696262e-06
6.876442649305352782e-06
6.805961394454407837e-06
6.734546019813209890e-06
6.662231687169624058e-06
6.589064142600226067e-06
6.515082108473266524e-06
6.440317818547787252e-06
6.364839387474120203e-06
6.288673710259938485e-06
6.211875698085610805e-06
6.134491058500386250e-06
6.056561229596124453e-06
5.978145815411363515e-06
5.899287516967658514e-06
5.820025776076129290e-06
5.740438274892153389e-06
5.660554592338321995e-06
5.580436907629258358e-06
5.500134515611355371e-06
5.419690255546822321e-06
5.339173992223212822e-06
5.258625578499720818e-06
5.178086339315480937e-06
5.097636850699129732e-06
5.017303797745326655e-06
4.937151167928720302e-06
4.857223509584926540e-06
4.777559344937927751e-06
4.698231778062573760e-06
4.619270737802812762e-06
4.540713731721812190e-06
4.462635490871238656e-06
4.385053228537369465e-06
4.308026542906391342e-06
4.231588113662508341e-06
4.155765807835874386e-06
4.080628713682893019e-06
4.006190710735545032e-06
3.932481004866014276e-06
3.859561835065076706e-06
3.787434356035578401e-06
3.716150088057568901e-06
3.645725746017750948e-06
3.576173114110551611e-06
3.507553541581914195e-06
3.439862038048305892e-06
3.373116852948439395e-06
3.307363586579050069e-06
3.242585892137962345e-06
3.178825436153456434e-06
3.116080689224553357e-06
3.054347315024430896e-06
2.993677315836275422e-06
2.934046992266964018e-06
2.875465528403293704e-06
2.817959513749608431e-06
2.761498964527675055e-06
2.706115773212499133e-06
2.651791591542488873e-06
2.598508788602100549e-06
2.546310677926580097e-06
2.495158076189971933e-06
2.445053676097999794e-06
2.396007168411158445e-06
2.347978566568626953e-06
2.300994081233339465e-06
2.255021251351060975e-06
2.210033892677896701e-06
2.166068966184556383e-06
2.123076066079237656e-06
2.081054520364795969e-06
2.040000582349543548e-06
1.999868293110916187e-06
1.960683558255601927e-06
1.922403045211215226e-06
1.884996831113346770e-06
1.848497981175699353e-06
1.812848544921324245e-06
1.778048069024449129e-06
1.744082966221114136e-06
1.710905810961098752e-06
1.678546761583577546e-06
1.646953652025577722e-06
1.616096039797915416e-06
1.586005531638070330e-06
1.556620836374712169e-06
1.527945660865762381e-06
1.499958625384647172e-06
1.472612824798329217e-06
1.445945862920068917e-06
1.419899325519651049e-06
1.394445961390468539e-06
1.369616781991488250e-06
1.345348580536360212e-06
1.321652374760401185e-06
1.298501854184007839e-06
1.275851819490983879e-06
1.253747922911269537e-06
1.232126743345716868e-06
1.210968419251663897e-06
1.190303172191654469e-06
1.170065241557322523e-06
1.150276118144637017e-06
1.130907099830333340e-06
1.111913190397428375e-06
1.093348681733732827e-06
1.075147568324235379e-06
1.057298086037741740e-06
1.039828130517640635e-06
1.022672609147264962e-06
1.005863240830257707e-06
9.893688098773146319e-07
9.731469929838603694e-07
9.572583263600611585e-07
9.416350016816482071e-07
9.262765358611372475e-07
9.112041700987992390e-07
8.963587393355661236e-07
8.817794933400273071e-07
8.674342390109569573e-07
8.532849351979958933e-07
8.393951695976307771e-07
8.256976375968936291e-07
8.122021610002681232e-07
7.989233535164083501e-07
7.858078380398709121e-07
7.729013620435084923e-07
7.601693265080802730e-07
7.475791738733373361e-07
7.351920289134762817e-07
7.229418335077696951e-07
7.108456286037054338e-07
6.989102344679051870e-07
6.870877343041296473e-07
6.754275815717920464e-07
6.638933611674150698e-07
6.524606753621666919e-07
6.411857492652562796e-07
6.300084900696049223e-07
6.189539034602010375e-07
6.080245414346381446e-07
5.971819118509163831e-07
5.864771542823324337e-07
5.758744157335746927e-07
5.653581518824786732e-07
5.549752873548098332e-07
5.446725776211827263e-07
5.344771197977646774e-07
5.243847007281884979e-07
5.143627551715976481e-07
5.044562362388568954e-07
