# bin_3_2
2.598404031009252782e-05
2.606086192450377979e-05
2.613418063678366903e-05
2.620363736357261486e-05
2.626942765872675571e-05
2.633130276753302870e-05
2.638933206896686839e-05
2.644335485659089324e-05
2.649340815967471082e-05
2.653932738241701102e-05
2.658118760084301086e-05
2.661878901550608658e-05
2.665221234624839502e-05
2.668130944091355402e-05
2.670609813943683534e-05
2.672647670740234757e-05
2.674245222207241696e-05
2.675391955422993067e-05
2.676090990190039190e-05
2.676330160492495526e-05
2.676114119595825931e-05
2.675432305558848048e-05
2.674284813450243062e-05
2.672665476193738168e-05
2.670574149868012038e-05
2.668003705934021100e-05
2.664956226704278555e-05
2.661423574889708131e-05
2.657408410606433720e-05
2.652904213189832510e-05
2.647911806068788918e-05
2.642426703433162785e-05
2.636449606234732762e-05
2.629976049342083128e-05
2.623008147189643025e-05
2.615541934288484490e-05
2.607580253059355488e-05
2.599119696192717810e-05
2.590162371341907236e-05
2.580706607910440622e-05
2.570755064836864129e-05
2.560306145578229186e-05
2.549363145768266306e-05
2.537925965519382583e-05
2.525998619158012690e-05
2.513581061713340413e-05
2.500677199207634483e-05
2.487288426105086167e-05
2.473420419200583037e-05
2.459074389466833787e-05
2.444255802555936877e-05
2.428969109267866991e-05
2.413220230037259903e-05
2.397013353818536104e-05
2.380355133194614342e-05
2.363250232660258566e-05
2.345708968983912889e-05
2.327735969299937860e-05
2.309339594282256951e-05
2.290529458772679308e-05
2.271313734559174876e-05
2.251701836688562342e-05
2.231703652418003927e-05
2.211327456738262370e-05
2.190588898845566906e-05
2.169495726155880086e-05
2.148060510125524616e-05
2.126297518337696253e-05
2.104217420678113773e-05
2.081835058395707397e-05
2.059163413497658480e-05
2.036214135335879619e-05
2.013008042910010894e-05
1.989555704266628158e-05
1.965873335601438750e-05
1.941979064784300830e-05
1.917885445788405056e-05
1.893611912657919941e-05
1.869173234772108914e-05
1.844583314640189874e-05
1.819866671258442339e-05
1.795035078853589986e-05
1.770107348833715912e-05
1.745102741120626596e-05
1.720034618570206794e-05
1.694924850336066043e-05
1.669787753977538644e-05
1.644637821393799692e-05
1.619500512514752583e-05
1.594386664540552460e-05
1.569315294364153685e-05
1.544304150131137765e-05
1.519365082575269606e-05
1.494520176887737973e-05
1.469780906238875187e-05
1.445159768214231816e-05
1.420680829821141636e-05
1.396351320230561673e-05
1.372188240436716505e-05
1.348205506986905709e-05
1.324411290575681174e-05
1.300826244246594558e-05
1.277456547722055009e-05
1.254310909472904928e-05
1.231409933199745560e-05
1.208755770814299823e-05
1.186362163462409782e-05
1.164237264598145654e-05
1.142384505594637749e-05
1.120821950445638657e-05
1.099549395126294421e-05
1.078571259829228490e-05
1.057903466499405523e-05
1.037542486587640265e-05
1.017498550751350953e-05
9.977737477910878574e-06
9.783664562410453544e-06
9.592919526214008786e-06
9.405436828002315742e-06
9.221224558616615685e-06
9.040395255092093790e-06
8.862856248683110885e-06
8.688684671163940165e-06
8.517848704130668875e-06
8.350284916243016543e-06
8.186126483182469421e-06
8.025255077434143819e-06
7.867654010181951047e-06
7.713392836060398931e-06
7.562335610075803310e-06
7.414544407834941292e-06
7.269943135260089022e-06
7.128435822231786268e-06
6.990144257316520252e-06
6.854910743708029664e-06
6.722711205651909499e-06
6.593574796816341887e-06
6.467344586043102602e-06
6.344075779017591474e-06
6.223660013851845702e-06
6.105983591284724139e-06
5.991164384432141700e-06
5.879019231875278049e-06
5.769528031296476910e-06
5.662688288336504891e-06
5.558335263923624541e-06
5.456531703660713328e-06
5.357145140290945418e-06
5.260058358004539010e-06
5.165391180777846772e-06
5.072946030272959397e-06
4.982713718694977571e-06
4.894668084068218941e-06
4.808645399032187300e-06
4.724730353436997155e-06
4.642771853490464377e-06
4.562659338094052893e-06
4.484517655783886001e-06
4.408140571567289396e-06
4.333536667250334888e-06
4.260662170224399695e-06
4.189362564443252564e-06
4.119754129950228530e-06
4.051666921141974863e-06
3.985001092078276121e-06
3.919888486009253303e-06
3.856121391283700562e-06
3.793734825823810060e-06
3.732668221157912442e-06
3.672775443012310118e-06
3.614208581722526889e-06
3.556781789387500091e-06
3.500413791769029395e-06
3.445240187037712284e-06
3.391050407084503198e-06
3.337912664917239735e-06
3.285755289374258827e-06
3.234439389571363908e-06
3.184147634235610613e-06
3.134679298382830414e-06
3.085983913293990905e-06
3.038194541293272007e-06
2.991093302236599270e-06
2.944787732815122806e-06
2.899201719375530478e-06
2.854197420940461197e-06
2.809981952763055937e-06
2.766348580750700025e-06
2.723278209968507086e-06
2.680890469636735075e-06
2.638974210829949879e-06
2.597666798449037336e-06
2.556886382369470239e-06
2.516507403357815333e-06
2.476743399867306605e-06
2.437387356469206312e-06
2.398459077572103508e-06
2.360045699435935382e-06
2.321965963638898158e-06
2.284367186750147065e-06
2.247168919303725124e-06
2.210266755599718001e-06
2.173863100316858119e-06
2.137764938108043888e-06
2.102022181531274571e-06
2.066691312410150168e-06
2.031623380154813756e-06
1.996963138767201796e-06
1.962627096923357491e-06
1.928532418987208755e-06
1.894843914729018708e-06
1.861381459096960134e-06
1.828197887963537443e-06
1.795308101039147792e-06
1.762580953330128246e-06
1.730133908820858077e-06
1.697875074047049165e-06
1.665742469967414535e-06
1.633859694680758311e-06
1.602082089094633079e-06
1.570477565787902080e-06
1.539058783976592246e-06
1.507750370789153654e-06
1.476675100118149104e-06
1.445782300900235456e-06
1.415069592561336603e-06
1.384654496471427574e-06
1.354461233245094058e-06
1.324582055812092636e-06
1.295044202679341312e-06
1.265820694612661596e-06
1.237018247868258100e-06
