# bin_3_1
1.034069435330213422e-05
1.037857606804574830e-05
1.041525065265934164e-05
1.045047712726022872e-05
1.048442221876108606e-05
1.051692277799544666e-05
1.054804356024583532e-05
1.057769695728793216e-05
1.060592562745582852e-05
1.063262257627510890e-05
1.065786515677275353e-05
1.068152235954455032e-05
1.070367506859633183e-05
1.072422144153939727e-05
1.074319352129833137e-05
1.076053643201279502e-05
1.077626473859329602e-05
1.079031243431142421e-05
1.080273155374030545e-05
1.081343431648565995e-05
1.082245426351316891e-05
1.082973241203094560e-05
1.083529679391693938e-05
1.083910104506492803e-05
1.084115938985036647e-05
1.084142814491013150e-05
1.083993225210576548e-05
1.083661862762799494e-05
1.083151997697044227e-05
1.082458767322872616e-05
1.081584316999408979e-05
1.080525502807324340e-05
1.079283432103187101e-05
1.077855306756424224e-05
1.076243266791327483e-05
1.074443835671520561e-05
1.072459717146725873e-05
1.070287829330317297e-05
1.067930281650836167e-05
1.065385162843568584e-05
1.062654020223230955e-05
1.059735286454095724e-05
1.056631066974587478e-05
1.053339750672500078e-05
1.049863893487395901e-05
1.046201959049523906e-05
1.042356357336628873e-05
1.038326089301661083e-05
1.034113634401769504e-05
1.029718539121149344e-05
1.025143148948987557e-05
1.020387545511321553e-05
1.015454296293640141e-05
1.010343402162631667e-05
1.005057507654135800e-05
9.995969440929989436e-06
9.939651458842721322e-06
9.881623683715055908e-06
9.821917102487732082e-06
9.760545439957110973e-06
9.697539359574947388e-06
9.632912508746990497e-06
9.566697059330019125e-06
9.498905826564081143e-06
9.429585726834641273e-06
9.358748670335523742e-06
9.286431732885719540e-06
9.212663507923269068e-06
9.137477030772290840e-06
9.060902502716961624e-06
8.982976721192533081e-06
8.903722690885175603e-06
8.823200759284994792e-06
8.741430212934065344e-06
8.658457660587925064e-06
8.574325079810139825e-06
8.489068687077302961e-06
8.402735002528678739e-06
8.315366431536087076e-06
8.226994142794944969e-06
8.137693386501253313e-06
8.047489711952652956e-06
7.956440008945032155e-06
7.864596131418149350e-06
7.771998841715839200e-06
7.678710469162227590e-06
7.584776492658455097e-06
7.490236687482851636e-06
7.395177557142136948e-06
7.299629000536334185e-06
7.203657177594071788e-06
7.107318368505235083e-06
7.010657096975519235e-06
6.913747969497205187e-06
6.816636338273759761e-06
6.719366444298151600e-06
6.622031552794762945e-06
6.524660599459528380e-06
6.427324296644701661e-06
6.330078108546004598e-06
6.232964497759276671e-06
6.136066424270867337e-06
6.039421632264596842e-06
5.943072579938633271e-06
5.847112340651987276e-06
5.751562337275960138e-06
5.656492499205306356e-06
5.561948566510793317e-06
5.467964705746932469e-06
5.374625367526808305e-06
5.281952998382542487e-06
5.189983028934563766e-06
5.098799070156540594e-06
5.008408643277973655e-06
4.918875049536830051e-06
4.830227309166069068e-06
4.742485533521358784e-06
4.655728445376446758e-06
4.569957721496043377e-06
4.485198410838155841e-06
4.401518414282932092e-06
4.318905125523996727e-06
4.237412814082513266e-06
4.157050889980756176e-06
4.077820413920883617e-06
3.999791736254557014e-06
3.922944236127940212e-06
3.847291070356617387e-06
3.772880864965699673e-06
3.699681043119783876e-06
3.627736120556260260e-06
3.557034629434597927e-06
3.487560049932378394e-06
3.419373553142452224e-06
3.352433708101644973e-06
3.286745399906251409e-06
3.222335875666101898e-06
3.159158588844891953e-06
3.097249124451356828e-06
3.036577723043344842e-06
2.977114466620896759e-06
2.918912572784364357e-06
2.861914260501498698e-06
2.806119683887175584e-06
2.751537568565107083e-06
2.698112098426550226e-06
2.645875110171744475e-06
2.594781927744322474e-06
2.544795072803505712e-06
2.495962364728757677e-06
2.448214805939566152e-06
2.401551403499128579e-06
2.355966409633519648e-06
2.311399236866328986e-06
2.267884084119879509e-06
2.225364887639133061e-06
2.183802159336142964e-06
2.143240550612891021e-06
2.103603957497019370e-06
2.064894104808014501e-06
2.027094660989282117e-06
1.990145229418521382e-06
1.954086944127337562e-06
1.918854407524214138e-06
1.884409634930050772e-06
1.850796091981671201e-06
1.817935366548067544e-06
1.785835950686530879e-06
1.754472956702739021e-06
1.723788143592800871e-06
1.693832186572603017e-06
1.664533291769746343e-06
1.635859134331904004e-06
1.607852047626352385e-06
1.580432927720255886e-06
1.553619878751795255e-06
1.527382685605066083e-06
1.501666513570071732e-06
1.476531033881224480e-06
1.451899670668838065e-06
1.427750445657845633e-06
1.404123698804554692e-06
1.380939202374338899e-06
1.358227507951233156e-06
1.335956232004021550e-06
1.314072171143715234e-06
1.292643712691668131e-06
1.271592629851375554e-06
1.250907278372738220e-06
1.230623461511414352e-06
1.210663462808929092e-06
1.191068114211375879e-06
1.171801913415667868e-06
1.152815375140689817e-06
1.134181157230597967e-06
1.115819858509827446e-06
1.097732921878256466e-06
1.079946579105683782e-06
1.062392241467020194e-06
1.045117646388409726e-06
1.028086973087218368e-06
1.011256752150872861e-06
9.947001472911465955e-07
9.783391568422177436e-07
9.621853396910992061e-07
9.462545387584669608e-07
9.304848572695147080e-07
9.149278925648846619e-07
8.995451089067366673e-07
8.843006900231125767e-07
8.692643427922016631e-07
8.543646424474919391e-07
8.396252666006989725e-07
8.250585539718636300e-07
8.106167211216601948e-07
7.963599176012346619e-07
7.822544337102557547e-07
7.682792476608714269e-07
7.544998347667716717e-07
7.408546748329188183e-07
7.273746545518668225e-07
7.140646020541114235e-07
7.008839477053866294e-07
6.878869007678476804e-07
6.750347290675962787e-07
6.623095062527345814e-07
6.497576777230264835e-07
6.373200106520879722e-07
6.250223911275189694e-07
6.128574330201916266e-07
6.007882162693819499e-07
5.888580596195034799e-07
