# bin_3_3
4.232717530301094802e-05
4.240918125916990500e-05
4.248475727072799222e-05
4.255345889679880634e-05
4.261550434618149456e-05
4.267057117912525409e-05
4.271873549938521865e-05
4.275978642973164750e-05
4.279376169299889800e-05
4.282044370252079688e-05
4.283990785998705790e-05
4.285192144457985834e-05
4.285656284304547697e-05
4.285364638473885635e-05
4.284319044342905543e-05
4.282507412316044709e-05
4.279929394773954328e-05
4.276572559637530297e-05
4.272441383643727929e-05
4.267522061118154503e-05
4.261817372200865905e-05
4.255317468924836133e-05
4.248024350456876963e-05
4.239930432744382500e-05
4.231036239517861034e-05
4.221335016081259448e-05
4.210829429932417926e-05
4.199513019577642175e-05
4.187390034316269209e-05
4.174454900677890691e-05
4.160710729052652341e-05
4.146155312451255679e-05
4.130791508664457808e-05
4.114617826069037033e-05
4.097639367964794465e-05
4.079856348099236669e-05
4.061275471159538699e-05
4.041897323117458324e-05
4.021728483002040051e-05
4.000772262465262591e-05
3.979036784495599616e-05
3.956525832976739954e-05
3.933247935713142426e-05
3.909211057850718439e-05
3.884425006242162547e-05
3.858897175365260637e-05
3.832638766210201651e-05
3.805658329525037368e-05
3.777971578075138705e-05
3.749587560599135797e-05
3.720519690687967037e-05
3.690784594304992114e-05
3.660395785284898675e-05
3.629368939388410108e-05
3.597720449707543988e-05
3.565464795545907783e-05
3.532626304493492812e-05
3.499218879306211595e-05
3.465261932535724691e-05
3.430779901566823352e-05
3.395790192053128187e-05
3.360316598443452012e-05
3.324380190245249475e-05
3.288000543797402225e-05
3.251209847242812469e-05
3.214025935398013976e-05
3.176473660356690225e-05
3.138583168950673865e-05
3.100374301535296711e-05
3.061877536592865233e-05
3.023116539138929703e-05
2.984113926846271311e-05
2.944907510666860116e-05
2.905516542125272404e-05
2.865969138139005379e-05
2.826297810380791627e-05
2.786522360716137017e-05
2.746676770689309008e-05
2.706783979515925225e-05
2.666866309089683667e-05
2.626963673211902154e-05
2.587093150121465144e-05
2.547283159840169514e-05
2.507563714265320168e-05
2.467951979680372925e-05
2.428481776782032489e-05
2.389171357658351211e-05
2.350039932040321944e-05
2.311125208716503215e-05
2.272438882993129376e-05
2.234006321344550805e-05
2.195851293777399725e-05
2.157985421347045023e-05
2.120439774047322255e-05
2.083224969287526926e-05
2.046354329993544993e-05
2.009860730688776864e-05
1.973747738374862141e-05
1.938035483687113278e-05
1.902739397786488480e-05
1.867863725335376047e-05
1.833435852751928559e-05
1.799456621738421521e-05
1.765932290461341928e-05
1.732889434214760505e-05
1.700322854161441164e-05
1.668247327717453145e-05
1.636668651705817639e-05
1.605583663407520148e-05
1.575016051405831325e-05
1.544956746664144683e-05
1.515405814522685617e-05
1.486383153439053654e-05
1.457875296256729133e-05
1.429892705122593375e-05
1.402432462894987937e-05
1.375484701398140135e-05
1.349070279253425442e-05
1.323171338136964860e-05
1.297783915309322245e-05
1.272922107171948834e-05
1.248564839319648628e-05
1.224720656563075518e-05
1.201379831231356470e-05
1.178526846383076410e-05
1.156181498913250904e-05
1.134319280200086569e-05
1.112934329691006897e-05
1.092035687388392147e-05
1.071597201668939218e-05
1.051627190272913988e-05
1.032110523540998236e-05
1.013028351162289133e-05
9.944006134384511045e-06
9.761981384502685366e-06
9.584158147079031962e-06
9.410577010883048349e-06
9.240959977677272398e-06
9.075398106188481005e-06
8.913702099472574063e-06
8.755670447131067263e-06
8.601511590505155676e-06
8.450905341502953395e-06
8.303822294320024078e-06
8.160262866719847783e-06
8.019949304611585940e-06
7.883000119996395205e-06
7.749196515963480096e-06
7.618342286646200428e-06
7.490659199514902893e-06
7.365811833072892159e-06
7.243799820888937132e-06
7.124592255404222659e-06
7.007920447134400003e-06
6.893949224078724954e-06
6.782434472239126892e-06
6.673197823329349442e-06
6.566473918764305973e-06
6.461917626196448229e-06
6.359566009897052682e-06
6.259363078092044373e-06
6.161058071539988822e-06
6.064871814894774034e-06
5.970532184846637081e-06
5.877883859402234008e-06
5.787171943244164678e-06
5.698051437200045085e-06
5.610607842921156356e-06
5.524759637100431890e-06
5.440271257192605608e-06
5.357418677091089537e-06
5.275907067649925919e-06
5.195617218778144875e-06
5.116793698598214989e-06
5.039091396840439942e-06
4.962649833645297190e-06
4.887370931420949650e-06
4.813034780116335609e-06
4.739955538617132755e-06
4.667820760718064917e-06
4.596565920065162458e-06
4.526419927580792230e-06
4.457036710909260464e-06
4.388610867606454768e-06
4.321038878192011787e-06
4.254110679256443403e-06
4.188160898711843330e-06
4.122878238439798132e-06
4.058250202979381162e-06
3.994470934327335307e-06
3.931221995382330347e-06
3.868729337680514659e-06
3.806884341054828208e-06
3.745507287777941990e-06
3.684921427009148783e-06
3.624829882485903186e-06
3.565278951909948827e-06
3.506402136125939953e-06
3.447945223759215844e-06
3.390129413416299142e-06
3.332851951668563713e-06
3.275969857437265813e-06
3.219760407091795205e-06
3.163949894932525086e-06
3.108603473728115426e-06
3.053778446363602703e-06
2.999252675613125416e-06
2.945192876923113209e-06
2.891466026707999663e-06
2.837939253788102698e-06
2.784800750983162123e-06
2.731805178778281592e-06
2.679025600331987154e-06
2.626491333257538224e-06
2.574066323055885933e-06
2.521932388962250721e-06
2.470031660479846847e-06
2.418349669233074949e-06
2.367092090738482353e-06
2.316150321562205040e-06
2.265670257719372129e-06
2.215720837200797534e-06
2.166264557160433529e-06
2.117473592890853748e-06
2.069322725036340667e-06
2.021828703952418563e-06
1.975119243020407115e-06
1.929108647689222672e-06
1.883885582640694323e-06
1.839459218380566825e-06
1.795779411550401359e-06
1.752920116265192781e-06
