# bin_4_1
1.232616546496722005e-05
1.236559094593463172e-05
1.240348851237974494e-05
1.243959580185277392e-05
1.247408504053078777e-05
1.250678105389987937e-05
1.253775992251677791e-05
1.256691956569269554e-05
1.259430385912947277e-05
1.261980000180668302e-05
1.264349714406697232e-05
1.266524862073747523e-05
1.268513749138130167e-05
1.270306250143119547e-05
1.271905919968490642e-05
1.273306141780378876e-05
1.274509740349132332e-05
1.275510431419127639e-05
1.276311112846445226e-05
1.276902902783131922e-05
1.277292439686264727e-05
1.277472464500751423e-05
1.277445548669496675e-05
1.277207582131664160e-05
1.276760080252036590e-05
1.276098536802108324e-05
1.275226512967178511e-05
1.274138177287883400e-05
1.272837429396143639e-05
1.271320020038797029e-05
1.269588137924169171e-05
1.267638962102381245e-05
1.265474605433603377e-05
1.263092130820984167e-05
1.260494509050687478e-05
1.257678751204120564e-05
1.254648138226699800e-05
1.251400373628373397e-05
1.247938000206723111e-05
1.244259550829498801e-05
1.240367870040644427e-05
1.236261461436826270e-05
1.231943468965997091e-05
1.227413010147119825e-05
1.222673429540685425e-05
1.217723972589789903e-05
1.212567522684152843e-05
1.207204230312942963e-05
1.201637682658645962e-05
1.195867712134158962e-05
1.189897745148094908e-05
1.183728673823636720e-05
1.177364044089019475e-05
1.170804609663242179e-05
1.164054012660929521e-05
1.157113084542561630e-05
1.149986715622623453e-05
1.142675666181707745e-05
1.135183822288936537e-05
1.127513778297545997e-05
1.119669135860941742e-05
1.111652302199458161e-05
1.103467195993581049e-05
1.095115803087988499e-05
1.086604078725428994e-05
1.077933565404098731e-05
1.069108807328404090e-05
1.060133739218182044e-05
1.051012053256919504e-05
1.041747738657896282e-05
1.032345119750641244e-05
1.022806855458989283e-05
1.013140357790016886e-05
1.003347726168313477e-05
9.934343678453941214e-06
9.834053505535333934e-06
9.732645367487265581e-06
9.630175211334692897e-06
9.526689730362935410e-06
9.422222847991066399e-06
9.316862656012951725e-06
9.210634804913401367e-06
9.103603497408035091e-06
8.995827180120073948e-06
8.887348485144761352e-06
8.778238693351320194e-06
8.668545964483479174e-06
8.558311965376246070e-06
8.447635809074003577e-06
8.336546373154714922e-06
8.225116634128953376e-06
8.113408595520431497e-06
8.001467151264764205e-06
7.889377008627109988e-06
7.777183950777782350e-06
7.664934087653564444e-06
7.552733263895006120e-06
7.440607830843485775e-06
7.328635366239683414e-06
7.216875668956535385e-06
7.105370703881325824e-06
6.994214644878169096e-06
6.883443637786395373e-06
6.773101347332651348e-06
6.663293038404631617e-06
6.554036203304407958e-06
6.445407699798047576e-06
6.337455562968856025e-06
6.230212544787654937e-06
6.123774902870390241e-06
6.018161198791693211e-06
5.913407441792952638e-06
5.809608344638462964e-06
5.706765587197173957e-06
5.604949365411692462e-06
5.504188712322229427e-06
5.404500681733862486e-06
5.305976039240113202e-06
5.208609817887755667e-06
5.112426983036561021e-06
5.017504830798612072e-06
4.923822432698645727e-06
4.831440923678542348e-06
4.740367308185912679e-06
4.650597568372187613e-06
4.562214044921774962e-06
4.475186703746507597e-06
4.389528173597085901e-06
4.305294197442473188e-06
4.222441726790478639e-06
4.141022207135315649e-06
4.061019204469902064e-06
3.982409529611074479e-06
3.905266004884274060e-06
3.829535407665313609e-06
3.755222241554697904e-06
3.682358057614712873e-06
3.610884843391754634e-06
3.540845030509525598e-06
3.472201884210317045e-06
3.404917770489036255e-06
3.339057171497290606e-06
3.274548763407355630e-06
3.211392951920140596e-06
3.149600261813441189e-06
3.089103045278288997e-06
3.029940452479361975e-06
2.972059173060370067e-06
2.915413890525264461e-06
2.860063174397855585e-06
2.805923590140834813e-06
2.752995346028743216e-06
2.701272495308733496e-06
2.650682837454572285e-06
2.601268797232102462e-06
2.552964494994920779e-06
2.505723342366592650e-06
2.459600036932351876e-06
2.414503901026233872e-06
2.370439068478297956e-06
2.327387510071524896e-06
2.285278150842542083e-06
2.244161253545285498e-06
2.203960846465157508e-06
2.164633141088207298e-06
2.126230727700184372e-06
2.088661415862812656e-06
2.051937399774018314e-06
2.016030939089779933e-06
1.980874441343447606e-06
1.946528269356799362e-06
1.912909958667242000e-06
1.879983147687357665e-06
1.847798016979632480e-06
1.816262997642842955e-06
1.785400926264394621e-06
1.755178139171961820e-06
1.725532009177451075e-06
1.696531826738266312e-06
1.668090708975444761e-06
1.640184646653335338e-06
1.612860342967528864e-06
1.586026571870294031e-06
1.559719405098074191e-06
1.533902983892620220e-06
1.508517630045349764e-06
1.483641163345101975e-06
1.459186161842632640e-06
1.435140821574731746e-06
1.411546252405055834e-06
1.388316188110586050e-06
1.365497828323252602e-06
1.343052687285209869e-06
1.320926263086956621e-06
1.299199437792450524e-06
1.277783030870629304e-06
1.256677113868763852e-06
1.235907570943273499e-06
1.215394367533611955e-06
1.195185727797224665e-06
1.175237507951865335e-06
1.155497744196720715e-06
1.136044310893687751e-06
1.116790477857097095e-06
1.097750659844147478e-06
1.078945836374107976e-06
1.060313701542889755e-06
1.041917959150300024e-06
1.023724399498347315e-06
1.005701933621378589e-06
9.879344597781643592e-07
9.703504701154801984e-07
9.529813335602910847e-07
9.358442441095378612e-07
9.188891228209720027e-07
9.021821528530235551e-07
8.856858185387519797e-07
8.693752986175425621e-07
8.533190957613102152e-07
8.374468051947863190e-07
8.217885042524148935e-07
8.063457024785779469e-07
7.910705348611171799e-07
7.760184013503820671e-07
7.611440481926989549e-07
7.464251687819508424e-07
7.319095949573036174e-07
7.175309400886695418e-07
7.033157612349690598e-07
6.892549411125390584e-07
6.753077129842365503e-07
6.615205713126507833e-07
