# bin_4_2
2.956911153016003041e-05
2.964973678236101633e-05
2.972625910483716436e-05
2.979829790440788345e-05
2.986605422729154312e-05
2.992926259180687113e-05
2.998799392838441644e-05
3.004207441378290339e-05
3.009154085954200526e-05
3.013621726895602485e-05
3.017617862650697144e-05
3.021121484915700907e-05
3.024140649739913040e-05
3.026659714781241721e-05
3.028680343275183410e-05
3.030191709906666808e-05
3.031194375154261465e-05
3.031677275233225232e-05
3.031643478351263158e-05
3.031080382825009949e-05
3.029992650161141940e-05
3.028369383093746484e-05
3.026210639128147531e-05
3.023510056555774053e-05
3.020267466846660473e-05
3.016475593111449591e-05
3.012136619330133431e-05
3.007242426191139906e-05
3.001795856702164735e-05
2.995790454641922721e-05
2.989227244817915772e-05
2.982101973952474723e-05
2.974415657019319336e-05
2.966164102148325892e-05
2.957349846753119755e-05
2.947969511291084846e-05
2.938026466956022780e-05
2.927517870836951044e-05
2.916446434829262605e-05
2.904811203695547160e-05
2.892615706239243335e-05
2.879859064837642804e-05
2.866545394858464548e-05
2.852675835187489905e-05
2.838255291930063650e-05
2.823284869686111377e-05
2.807769555778792317e-05
2.791711930941395895e-05
2.775119283059618582e-05
2.757993987694993751e-05
2.740342835888943439e-05
2.722172282509714947e-05
2.703489527367511260e-05
2.684300645018819950e-05
2.664613903915365981e-05
2.644435632065869811e-05
2.623778596318320451e-05
2.602649015070403242e-05
2.581057132175611444e-05
2.559015259803503202e-05
2.536533190265989536e-05
2.513622947334132090e-05
2.490296452406555940e-05
2.466564071014043497e-05
2.442444603310014545e-05
2.417947681386335948e-05
2.393088268941573739e-05
2.367883749632480902e-05
2.342346629136177378e-05
2.316494872354404137e-05
2.290343688964908923e-05
2.263907003641348840e-05
2.237209214333891360e-05
2.210262803125701063e-05
2.183086593915706941e-05
2.155701884941859151e-05
2.128122982762600091e-05
2.100372599133639248e-05
2.072467535133036743e-05
2.044423789687130309e-05
2.016269475717819416e-05
1.988017910978653803e-05
1.959690379520840552e-05
1.931308862359596955e-05
1.902888071030722536e-05
1.874452901797373338e-05
1.846019086959110078e-05
1.817602710344494628e-05
1.789232398256181128e-05
1.760919822041376014e-05
1.732685974841634312e-05
1.704550516905078991e-05
1.676525939253723435e-05
1.648636859841317255e-05
1.620895264639883701e-05
1.593314496353244800e-05
1.565921127620709761e-05
1.538722289538743665e-05
1.511736293928921073e-05
1.484978012862459746e-05
1.458455437471927663e-05
1.432191229884424407e-05
1.406191060510920820e-05
1.380463702823528373e-05
1.355031559622572827e-05
1.329895785817625006e-05
1.305070849583977922e-05
1.280564896013742558e-05
1.256380451928335780e-05
1.232537178829340916e-05
1.209033442058564622e-05
1.185873136153613057e-05
1.163073366341709609e-05
1.140628865300282717e-05
1.118550218855687989e-05
1.096838750125890003e-05
1.075491379593917605e-05
1.054524767383657875e-05
1.033930216838829989e-05
1.013707722010224689e-05
9.938692857253648305e-06
9.744033210324727219e-06
9.553178306562894203e-06
9.366083670070835931e-06
9.182667557376292827e-06
9.003077150206670692e-06
8.827168184533940506e-06
8.654915485632089952e-06
8.486392990054677623e-06
8.321438535066167871e-06
8.160118370107035695e-06
8.002340435565763645e-06
7.847989081056638301e-06
7.697201624783611923e-06
7.549791912804760501e-06
7.405729534406044591e-06
7.265045134284719470e-06
7.127555641452579527e-06
6.993322632656619479e-06
6.862219887200980544e-06
6.734114384957972361e-06
6.609141606453030817e-06
6.487088861534314571e-06
6.367932941584227007e-06
6.251670593846464750e-06
6.138112261252453140e-06
6.027330686964049292e-06
5.919174133598246758e-06
5.813507724283368915e-06
5.710470996872562554e-06
5.609836624888357919e-06
5.511595841520314064e-06
5.415719942343361964e-06
5.322022134181231241e-06
5.230601988743857092e-06
5.141287759848801101e-06
5.053953627034734112e-06
4.968745830430327447e-06
4.885428334087727551e-06
4.804014053522517817e-06
4.724455100221181062e-06
4.646576042916227734e-06
4.570513327688067171e-06
4.496074453175376060e-06
4.423146858519246856e-06
4.351884880164860560e-06
4.282051518734035092e-06
4.213690684708768027e-06
4.146735859166237198e-06
4.081021604234051714e-06
4.016724965559653987e-06
3.953635907490458818e-06
3.891663897535585871e-06
3.830966879617842838e-06
3.771305292420752957e-06
3.712760989890083075e-06
3.655255159250638787e-06
3.598631079758244757e-06
3.543099308258707619e-06
3.488433697779738801e-06
3.434579410242591260e-06
3.381690179816058867e-06
3.329519382626655575e-06
3.278192679687606555e-06
3.227626534393892903e-06
3.177666325782277922e-06
3.128548106890652184e-06
3.080040264949991174e-06
3.032123961537990585e-06
2.984936160715464047e-06
2.938240056484505515e-06
2.892193321367839558e-06
2.846706621670984326e-06
2.801640620341523643e-06
2.757235590732612113e-06
2.713261031473178140e-06
2.669741037997484771e-06
2.626773167419123505e-06
2.584155068579474962e-06
2.542051011296895679e-06
2.500372069502651403e-06
2.459002171735088673e-06
2.418164660972163549e-06
2.377646293831434424e-06
2.337504202639758330e-06
2.297801675972777195e-06
2.258376306561020914e-06
2.219388651851396755e-06
2.180749269875986689e-06
2.142368557749734900e-06
2.104425796211306029e-06
2.066723971732444502e-06
2.029320899987708492e-06
1.992231719949001878e-06
1.955313857020043677e-06
1.918694126698447297e-06
1.882275189645060756e-06
1.845992915437287761e-06
1.809982462958868768e-06
1.774092782225053007e-06
1.738402496738678696e-06
1.702930510259936161e-06
1.667602447892070549e-06
1.632553772149800386e-06
1.597737136062691025e-06
1.563155853543617455e-06
1.528937369196437756e-06
1.495005899649061221e-06
1.461462002695396178e-06
1.428336487048747863e-06
1.395602871015313471e-06
1.363371351852169238e-06
