# bin_4_4
6.199249821738382410e-05
6.204495681783614783e-05
6.208699058603845008e-05
6.211805850007956747e-05
6.213841498142482725e-05
6.214767038106645445e-05
6.214593725562076593e-05
6.213294570164475540e-05
6.210875211192282662e-05
6.207310270803731986e-05
6.202609952284186389e-05
6.196747590950756057e-05
6.189732529682394932e-05
6.181545316028588376e-05
6.172189655088995274e-05
6.161652031043750408e-05
6.149935232515795554e-05
6.137027842132205255e-05
6.122934240992425955e-05
6.107642696489578075e-05
6.091162648460531564e-05
6.073485431141969397e-05
6.054616323169523609e-05
6.034552263443010374e-05
6.013298029971250535e-05
5.990850875015922496e-05
5.967219658663400276e-05
5.942403490992766293e-05
5.916412873550055631e-05
5.889249095299478181e-05
5.860921604666308399e-05
5.831435669916853836e-05
5.800802972159478465e-05
5.769029301049437882e-05
5.736128476178533432e-05
5.702112158022327386e-05
5.666995855738426736e-05
5.630791323224864037e-05
5.593515720606671252e-05
5.555183041373775712e-05
5.515815566728893743e-05
5.475427720290818820e-05
5.434040046934792106e-05
5.391676997473687961e-05
5.348359736082672068e-05
5.304110904697120993e-05
5.258955118313437930e-05
5.212914967913915464e-05
5.166024284455366018e-05
5.118304825031559570e-05
5.069784592046256289e-05
5.020499702462395561e-05
4.970476466065481983e-05
4.919748480690526357e-05
4.868347197266791282e-05
4.816301527083740984e-05
4.763656579919206037e-05
4.710439199433677222e-05
4.656683782665601521e-05
4.602435376462561743e-05
4.547722695500125211e-05
4.492588299271633296e-05
4.437066822617278367e-05
4.381190967945091866e-05
4.325013366122735077e-05
4.268562090791326900e-05
4.211875493138553798e-05
4.155001728122942626e-05
4.097968557857610946e-05
4.040823163064979055e-05
3.983598842733185894e-05
3.926327385560817341e-05
3.869064447645216245e-05
3.811834731556120208e-05
3.754676374545881944e-05
3.697634869181897589e-05
3.640733061742305226e-05
3.584017794388154917e-05
3.527516052268743116e-05
3.471254159512231528e-05
3.415285919494124206e-05
3.359627952513664066e-05
3.304314486842599338e-05
3.249382663928145575e-05
3.194847375510924582e-05
3.140751351342609631e-05
3.087110985969596907e-05
3.033944437650473554e-05
2.981299332403483061e-05
2.929181376131547479e-05
2.877617899952848718e-05
2.826634226843638832e-05
2.776235217948949929e-05
2.726458018981962788e-05
2.677306044621569295e-05
2.628787936408197629e-05
2.580943213919290199e-05
2.533764989093204945e-05
2.487272797611304051e-05
2.441479269037259112e-05
2.396378866280079401e-05
2.352003951398342959e-05
2.308344137072217253e-05
2.265398532755588665e-05
2.223198676643991205e-05
2.181725984461377354e-05
2.140993846237197257e-05
2.101002158867040326e-05
2.061736315442967707e-05
2.023225591268075824e-05
1.985446847379268362e-05
1.948392378704294449e-05
1.912086222355295501e-05
1.876499860053170790e-05
1.841643154132840266e-05
1.807505354609420002e-05
1.774064673303171464e-05
1.741349095010204863e-05
1.709324926295451578e-05
1.677981376365618107e-05
1.647336532261697530e-05
1.617353140099725065e-05
1.588041254827701092e-05
1.559382505143210626e-05
1.531349275614054520e-05
1.503970822660321553e-05
1.477205894975307713e-05
1.451043526180357415e-05
1.425496632204108651e-05
1.400522671632027174e-05
1.376134118844073811e-05
1.352306582582254287e-05
1.329009642341906899e-05
1.306274965116480985e-05
1.284056116819723850e-05
1.262345441233548237e-05
1.241150012615322944e-05
1.220426685593429082e-05
1.200191194251873710e-05
1.180415014868081925e-05
1.161067318911776268e-05
1.142182557544812086e-05
1.123711234631744937e-05
1.105650569458144031e-05
1.088002643069420742e-05
1.070725520919566080e-05
1.053840445995128063e-05
1.037315442522081917e-05
1.021121490887426171e-05
1.005295586439453113e-05
9.897867101656906782e-06
9.745975927009294465e-06
9.597261437428204143e-06
9.451324492429315208e-06
9.308451583130152675e-06
9.168291029164637288e-06
9.030587331789916120e-06
8.895726527281363591e-06
8.763191078010362014e-06
8.633071428948222565e-06
8.505310869498583975e-06
8.379541677990723060e-06
8.256127227156219358e-06
8.134681153963887860e-06
8.014991240144083597e-06
7.897447199517155738e-06
7.781541061379536545e-06
7.667435026958163097e-06
7.555035918551495253e-06
7.444006368733463218e-06
7.334773045750981113e-06
7.226926641428518812e-06
7.120316774504915817e-06
7.015314044104475693e-06
6.911426423101191893e-06
6.808885113718486208e-06
6.707574265104011499e-06
6.607191159536641788e-06
6.508191255484394365e-06
6.410154959382607997e-06
6.313014424790680873e-06
6.217096698624108101e-06
6.121932095224454258e-06
6.027810044786297008e-06
5.934609692302286480e-06
5.842058075335076918e-06
5.750610144463775104e-06
5.659867740750824495e-06
5.569837408188143573e-06
5.480783399287697839e-06
5.392304554356629061e-06
5.304714637570064878e-06
5.217897961174334799e-06
5.131643357258389696e-06
5.046366403593996119e-06
4.961707464704357279e-06
4.877737904928611717e-06
4.794610718095664676e-06
4.711998282109931604e-06
4.630136357810326352e-06
4.548862251879760762e-06
4.467950955769488251e-06
4.387660919608724193e-06
4.307613345613250664e-06
4.227845064678078235e-06
4.148388505276750309e-06
4.068990234251467423e-06
3.989859962197672015e-06
3.910908894883628559e-06
3.832070958204095993e-06
3.753641590942215559e-06
3.675464102763701226e-06
3.597736382479522218e-06
3.520593873163791100e-06
3.443994184077562014e-06
3.368201398634091393e-06
3.293226033811039518e-06
3.219101498037888579e-06
3.146050823715085813e-06
3.073978111486701351e-06
3.003026760384512265e-06
2.933245338981884894e-06
2.864577530348217024e-06
2.797143818162433177e-06
2.730893702828255709e-06
2.665810176966182130e-06
2.601957691370780390e-06
2.539227979905661320e-06
2.477663591528510624e-06
2.417238377381727362e-06
2.357885116942950235e-06
2.299620245428479699e-06
