# bin_1_1
4.347647696536757900e-06
4.369187031772046490e-06
4.390373307380942246e-06
4.411019538871173525e-06
4.431269259142941693e-06
4.451008456734043412e-06
4.470282636316589057e-06
4.489045375648150972e-06
4.507327580774997577e-06
4.525055779831119617e-06
4.542304787208459266e-06
4.558970757083596652e-06
4.575125720883904879e-06
4.590701474327906776e-06
4.605719012357617040e-06
4.620153307338777988e-06
4.634014701694854037e-06
4.647256908777526613e-06
4.659923629794553442e-06
4.671946666874057307e-06
4.683373556254906225e-06
4.694156513826029069e-06
4.704313064605264293e-06
4.713809812773805355e-06
4.722658248680588289e-06
4.730835253233860253e-06
4.738359346875908237e-06
4.745190142207825391e-06
4.751355414617949701e-06
4.756817234329271749e-06
4.761592749436713382e-06
4.765658179266829756e-06
4.769023764568562197e-06
4.771662180452618845e-06
4.773594299669684672e-06
4.774786857997996747e-06
4.775259291749903330e-06
4.774986838736780520e-06
4.773980550997636584e-06
4.772220051137208134e-06
4.769713986651031177e-06
4.766447595546186087e-06
4.762431033199664881e-06
4.757643949862879302e-06
4.752098968073501560e-06
4.745779712813532414e-06
4.738693349936666353e-06
4.730828730310973234e-06
4.722191587977796571e-06
4.712770729753174098e-06
4.702574444287533515e-06
4.691589648749717159e-06
4.679828475128270141e-06
4.667278149523881848e-06
4.653946151977361507e-06
4.639824588939629602e-06
4.624921108406549014e-06
4.609227867775789250e-06
4.592752639281447164e-06
4.575489554808551051e-06
4.557446975096313173e-06
4.538619854102577668e-06
4.519014814960330390e-06
4.498627999523368143e-06
4.477469952856460598e-06
4.455536296039243357e-06
4.432836728683091808e-06
4.409370095188036362e-06
4.385146135525334828e-06
4.360163652343092450e-06
4.334432734899345603e-06
4.307952486632424336e-06
4.280739290154096847e-06
4.252791906444562952e-06
4.224123081950618414e-06
4.194737645351078977e-06
4.164646755721080201e-06
4.133857323212004528e-06
4.102381905191529185e-06
4.070224247410927851e-06
4.037407088417411025e-06
4.003933905882575685e-06
3.969822579731623378e-06
3.935084521105441935e-06
3.899734035525819438e-06
3.863786901418364805e-06
3.827259220294354600e-06
3.790161050993474458e-06
3.752522511531113048e-06
3.714352243034716963e-06
3.675674466234430489e-06
3.636506842176989522e-06
3.596868383591815995e-06
3.556784141050045191e-06
3.516273863744513437e-06
3.475354231297939495e-06
3.434062597551625155e-06
3.392411728346498411e-06
3.350432392645023967e-06
3.308147583798989722e-06
3.265579764916698853e-06
3.222763084236821734e-06
3.179719184020047945e-06
3.136469277487065330e-06
3.093056060108534923e-06
3.049494563906091956e-06
3.005820220161532315e-06
2.962057741601729135e-06
2.918230944724099544e-06
2.874379695157021372e-06
2.830524426991300583e-06
2.786688124248389922e-06
2.742914393783776993e-06
2.699216952262465871e-06
2.655632484854470878e-06
2.612183163309391669e-06
2.568890450098100352e-06
2.525795427524729347e-06
2.482913024107336228e-06
2.440264808285083747e-06
2.397890396715449602e-06
2.355797714856365481e-06
2.314021298484651673e-06
2.272577142159688098e-06
2.231479987339484109e-06
2.190768437662660997e-06
2.150448825625030021e-06
2.110538113070345274e-06
2.071068074986402032e-06
2.032038179522941084e-06
1.993478094333374806e-06
1.955394615931663398e-06
1.917793944888073105e-06
1.880709560522483382e-06
1.844137577233506754e-06
1.808089575800441351e-06
1.772586634610435878e-06
1.737620182485602973e-06
1.703213552995471961e-06
1.669363652527298048e-06
1.636068296556123159e-06
1.603354845007947253e-06
1.571209711194338855e-06
1.539639356569045291e-06
1.508654253505912896e-06
1.478238798344169406e-06
1.448411211137820820e-06
1.419159203530669984e-06
1.390474052385975938e-06
1.362377644193690896e-06
1.334848521825069648e-06
1.307889278648666376e-06
1.281501329202588030e-06
1.255663924968479369e-06
1.230392733826779022e-06
1.205667954523227881e-06
1.181476868345750362e-06
1.157837219566716466e-06
1.134721795391804499e-06
1.112131313778283827e-06
1.090060254395052755e-06
1.068485363648872734e-06
1.047422359423412526e-06
1.026845425018343121e-06
1.006739965386163438e-06
9.871212445757624142e-07
9.679589874125762736e-07
9.492544044210421258e-07
9.309966464777714434e-07
9.131615942600873073e-07
8.957671799549215629e-07
8.787835054232481169e-07
8.621965283493586163e-07
8.460201191163173796e-07
8.302223248494415832e-07
8.148069124046400236e-07
7.997596887873787883e-07
7.850568044717123476e-07
7.707192271669893266e-07
7.567138521135632439e-07
7.430292567873488399e-07
7.296778755216217097e-07
7.166255991340830412e-07
7.038801046268994410e-07
6.914249118020433288e-07
6.792356640441903246e-07
6.673372161256075263e-07
6.556949531632637321e-07
6.443013323351259188e-07
6.331681325057745410e-07
6.222621248870649852e-07
6.115968396630865795e-07
6.011551550940223696e-07
5.909148210788371749e-07
5.809051643091189686e-07
5.710910292841691654e-07
5.614706808305027712e-07
5.520531617821519194e-07
5.428077709202778303e-07
5.337522517085705736e-07
5.248683016244571917e-07
5.161350510821079945e-07
5.075841109972657576e-07
4.991794543121210847e-07
4.909241011550699265e-07
4.828238443257005259e-07
4.748497932169228983e-07
4.670241601987166409e-07
4.593268185102828453e-07
4.517392224101178193e-07
4.442937312275865809e-07
4.369542349691587513e-07
4.297284865868694090e-07
4.226192956139853765e-07
4.156001251349242150e-07
4.086976236946632148e-07
4.018902383285524043e-07
3.951631484410426279e-07
3.885478527419146352e-07
3.820093413043609699e-07
3.755598922843976528e-07
3.691994625409782426e-07
3.629046246709201254e-07
3.567044522029755251e-07
3.505759350096828881e-07
3.445081424749025637e-07
3.385290470320497003e-07
3.326057438047938243e-07
3.267532761781038804e-07
3.209680735951992980e-07
3.152293341271706850e-07
3.095651451664485944e-07
