# bin_2_2
1.836660125085944000e-05
1.843221351640339246e-05
1.849555687733107443e-05
1.855631926054110295e-05
1.861468563271403715e-05
1.867044393889161138e-05
1.872366202807466075e-05
1.877420794635453960e-05
1.882212106978155375e-05
1.886726225390351728e-05
1.890970848013040902e-05
1.894928361213058055e-05
1.898607041257789250e-05
1.901994006769769550e-05
1.905091511294405610e-05
1.907890958938808544e-05
1.910393600829584100e-05
1.912590298590219115e-05
1.914484533128068752e-05
1.916065329690590786e-05
1.917337586489813932e-05
1.918291717546807793e-05
1.918928191562014327e-05
1.919241550624335634e-05
1.919232029959821710e-05
1.918893106918251033e-05
1.918226984115173610e-05
1.917225866036052071e-05
1.915892370224146397e-05
1.914220206197302999e-05
1.912210170355122806e-05
1.909857652404874204e-05
1.907163150252623001e-05
1.904121998040985379e-05
1.900735823263236644e-05
1.896999937466172089e-05
1.892916442026546951e-05
1.888481206058903109e-05
1.883695546638287270e-05
1.878556662087996708e-05
1.873065943883845389e-05
1.867220681570496644e-05
1.861022878225815588e-05
1.854470397533852371e-05
1.847565741864797459e-05
1.840306954844780779e-05
1.832696134205064981e-05
1.824732546654114524e-05
1.816419026135414428e-05
1.807754677476157895e-05
1.798742576369960464e-05
1.789383419215831219e-05
1.779680723338832553e-05
1.769635106484106140e-05
1.759250134010698186e-05
1.748527219652588766e-05
1.737471881267243311e-05
1.726085567691062133e-05
1.714372889043052085e-05
1.702338008995305820e-05
1.689985764632399398e-05
1.677320224332134690e-05
1.664347046751413851e-05
1.651070087122632682e-05
1.637498428270164511e-05
1.623635729443820188e-05
1.609489434257408406e-05
1.595067152372894189e-05
1.580375453626259676e-05
1.565422423063848835e-05
1.550216075335997273e-05
1.534762934351687608e-05
1.519076022692047306e-05
1.503161443384660980e-05
1.487029528540476010e-05
1.470691311685167500e-05
1.454155143181901006e-05
1.437433092306830241e-05
1.420535101993847679e-05
1.403470080794029607e-05
1.386254483728783340e-05
1.368896187157676930e-05
1.351408210249764668e-05
1.333803485671700857e-05
1.316091868764346317e-05
1.298288265796264692e-05
1.280403353378175564e-05
1.262447600622097268e-05
1.244439244031209217e-05
1.226386666522989671e-05
1.208304121558421163e-05
1.190204722637217329e-05
1.172098322170892264e-05
1.154001131719471585e-05
1.135922928199475151e-05
1.117873836940024251e-05
1.099872180687606664e-05
1.081924798992032418e-05
1.064045453262647048e-05
1.046245561247932802e-05
1.028533166789882923e-05
1.010924313454886687e-05
9.934257889502010101e-06
9.760457436306018764e-06
9.588007000606681759e-06
9.416944896051399457e-06
9.247390355251745419e-06
9.079421990850245096e-06
8.913090008513569222e-06
8.748539631684160845e-06
8.585796103284142256e-06
8.424912387921524144e-06
8.266021708628921652e-06
8.109122992230579703e-06
7.954310074145303557e-06
7.801618526543917603e-06
7.651061388248271724e-06
7.502762247064682330e-06
7.356699303693659763e-06
7.212897123381356098e-06
7.071452792740253260e-06
6.932321459259975288e-06
6.795574627948928647e-06
6.661206903002045596e-06
6.529193134434986116e-06
6.399638153944542864e-06
6.272477850818118199e-06
6.147713769170975186e-06
6.025407438808769112e-06
5.905477938014703488e-06
5.787979991405247930e-06
5.672871594899564673e-06
5.560098597011175988e-06
5.449751862280325531e-06
5.341733676475850202e-06
5.236034295871219051e-06
5.132681269029833907e-06
5.031573007810555737e-06
4.932753247327243491e-06
4.836152049920853965e-06
4.741697073937345008e-06
4.649471057667710625e-06
4.559353243673376613e-06
4.471331403327304076e-06
4.385406221923601326e-06
4.301465685636847817e-06
4.219553583554767705e-06
4.139578974486175205e-06
4.061462610753358401e-06
3.985284529147968907e-06
3.910910081590423199e-06
3.838330720762291329e-06
3.767527141674606281e-06
3.698384665162226492e-06
3.630958460303918520e-06
3.565141947880480355e-06
3.500857598826973875e-06
3.438186372712293801e-06
3.376985265588821983e-06
3.317255280849172100e-06
3.258962681212714211e-06
3.201997533987489066e-06
3.146434662552839573e-06
3.092152972049816435e-06
3.039080597214487875e-06
2.987302276122854472e-06
2.936672917920579645e-06
2.887210001244198150e-06
2.838866843513043772e-06
2.791538902676518606e-06
2.745325383476492098e-06
2.700093341528790469e-06
2.655782461591334303e-06
2.612480456109069697e-06
2.570039706602491778e-06
2.528499968049234537e-06
2.487806024187574563e-06
2.447858139404383881e-06
2.408778318787696212e-06
2.370422237777093736e-06
2.332749912179116471e-06
2.295849035335024190e-06
2.259565448640971385e-06
2.223967333508554547e-06
2.188995724735022026e-06
2.154550512494417933e-06
2.120774496285039618e-06
2.087517205689623699e-06
2.054760013320355383e-06
2.022584083514664297e-06
1.990836890140835162e-06
1.959611047261190440e-06
1.928842766167613825e-06
1.898438549653850436e-06
1.868551375538685741e-06
1.839027546309642068e-06
1.809876466544081657e-06
1.781159279599154871e-06
1.752740347182634384e-06
1.724724516015348844e-06
1.697047231017297399e-06
1.669627421243145378e-06
1.642616016457386384e-06
1.615865140819326740e-06
1.589408053262986651e-06
1.563286501117132988e-06
1.537385555592453278e-06
1.511816455762536063e-06
1.486513842427231244e-06
1.461414957076768757e-06
1.436654414239133032e-06
1.412095792699756133e-06
1.387784364966328119e-06
1.363738422747127953e-06
1.339858399403267354e-06
1.316243993442522217e-06
1.292821381226055821e-06
1.269538541703022973e-06
1.246495084211186284e-06
1.223564827288897123e-06
1.200791696310513761e-06
1.178173175620900559e-06
1.155629977181949031e-06
1.133250390089243231e-06
1.110971686387134956e-06
1.088772716494743878e-06
1.066740603364063971e-06
1.044794674934704128e-06
1.023001859626859500e-06
1.001376479388063033e-06
9.798874578640374066e-07
9.586293912536633022e-07
