# bin_3_2
1.459777284464797664e-08
1.465597312482045793e-08
1.471622057704216299e-08
1.477857732178621724e-08
1.484310740361131054e-08
1.490987650284169083e-08
1.497895208947947785e-08
1.505040411418663773e-08
1.512430358831854990e-08
1.520072245141459462e-08
1.527973360774162268e-08
1.536141034191786174e-08
1.544582874687317024e-08
1.553306826695808626e-08
1.562321070326635393e-08
1.571633944594720849e-08
1.581253776829526127e-08
1.591188928085876262e-08
1.601447799591316579e-08
1.612038767898673477e-08
1.622970376433005156e-08
1.634251446262367056e-08
1.645890966692544262e-08
1.657897936147567678e-08
1.670281274581516402e-08
1.683049671475616131e-08
1.696211715408233161e-08
1.709775074602594749e-08
1.723746975914291412e-08
1.738135173001631966e-08
1.752948018837531508e-08
1.768193384644065377e-08
1.783877409874653111e-08
1.800005048063248604e-08
1.816581233965543899e-08
1.833611812354915951e-08
1.851102585479235882e-08
1.869057988873647533e-08
1.887481861002956858e-08
1.906376137346191965e-08
1.925741120592704063e-08
1.945589903301092524e-08
1.965936046341304545e-08
1.986759399080659812e-08
2.008042171570061486e-08
2.029787435142057979e-08
2.052003381518424213e-08
2.074694817320532085e-08
2.097848663119523141e-08
2.121458352231491057e-08
2.145526153790024920e-08
2.170042777335029850e-08
2.195003099120088407e-08
2.220405563542110735e-08
2.246243341186036253e-08
2.272515704696097940e-08
2.299220098816554639e-08
2.326354490720390065e-08
2.353919536472662247e-08
2.381915008928157522e-08
2.410341020276375856e-08
2.439199340159680486e-08
2.468488277306000930e-08
2.498199919703193505e-08
2.528317461626744796e-08
2.558852980910354024e-08
2.589733567287609559e-08
2.620899274535186383e-08
2.652328804735785476e-08
2.683974028898034196e-08
2.715778665009055283e-08
2.747699438258822531e-08
2.779689799703283492e-08
2.811707530066524720e-08
2.843707627626641604e-08
2.875655353022694210e-08
2.907517641613883367e-08
2.939317665001699504e-08
2.970992318553277456e-08
3.002510023671330112e-08
3.033874417205128010e-08
3.065051376880223618e-08
3.095993607330158944e-08
3.126651155416156250e-08
3.156941984875347718e-08
3.186821645707163147e-08
3.216159919081524293e-08
3.244835883964081338e-08
3.272811675412723451e-08
3.300024698709131088e-08
3.326413085418488420e-08
3.351948386462553274e-08
3.376564978343535447e-08
3.400152904102459927e-08
3.422704544918157572e-08
3.444167108356838570e-08
3.464508116781592730e-08
3.483644851929457749e-08
3.501453221352685078e-08
3.517871742631479851e-08
3.532812377218866598e-08
3.546195760651336231e-08
3.557865617956232922e-08
3.567804282815340052e-08
3.576018898577178668e-08
3.582431141724763597e-08
3.586966580985033037e-08
3.589636972616231956e-08
3.590338030919522531e-08
3.588943840573114941e-08
3.585443377896458588e-08
3.579736525522041062e-08
3.571772140796630829e-08
3.561600440298106712e-08
3.549104751380528399e-08
3.534335101590554857e-08
3.517208651737724653e-08
3.497732279297064542e-08
3.475852024597509848e-08
3.451562958818389424e-08
3.424832423653743203e-08
3.395718785668132186e-08
3.364212628683296877e-08
3.330357166737693873e-08
3.294158086465777379e-08
3.255635010546663608e-08
3.214840765887894957e-08
3.171818429689008947e-08
3.126629284847479317e-08
3.079358998008082844e-08
3.030078600404384688e-08
2.978861377394511987e-08
2.925801393290302376e-08
2.870999773258236764e-08
2.814570595737829632e-08
2.756628711416972699e-08
2.697309917580047177e-08
2.636731068751539468e-08
2.575032772081774963e-08
2.512355533517118962e-08
2.448855382598855089e-08
2.384684697888882140e-08
2.319990685079631706e-08
2.254934600549863356e-08
2.189674779604304238e-08
2.124367765266901288e-08
2.059176513767786805e-08
1.994247388032211573e-08
1.929733641321576742e-08
1.865781732021110647e-08
1.802529503644924949e-08
1.740110371337488490e-08
1.678640262802498323e-08
1.618239265095959156e-08
1.559002015421924807e-08
1.501023923377161411e-08
1.444371758156944598e-08
1.389120782344392001e-08
1.335310843402227476e-08
1.282982639735763671e-08
1.232158258421769373e-08
1.182845047159681123e-08
1.135043966275265285e-08
1.088737893709592554e-08
1.043903855797519562e-08
1.000510178631981103e-08
9.585169613584710040e-09
9.178806211051857694e-09
8.785543454743805647e-09
8.404903684700567211e-09
8.036429255049024740e-09
7.679675816210788688e-09
7.334257053050492952e-09
6.999838847522184342e-09
6.676154502339443102e-09
6.363008643702635859e-09
6.060283777965945471e-09
5.767936557204172768e-09
5.485985049966857839e-09
5.214499736598734459e-09
4.953582963760000059e-09
4.703344806704716481e-09
4.463880105437064915e-09
4.235243305152619875e-09
4.017427481513970265e-09
3.810343450258901907e-09
3.613810142110875750e-09
3.427548683152279984e-09
3.251186372599994080e-09
3.084272149558004728e-09
2.926297720301686722e-09
2.776723389700905871e-09
2.635005989471369660e-09
2.500626401641837677e-09
2.373111039677704344e-09
2.252046849105292211e-09
2.137087080550602362e-09
2.027946911565325882e-09
1.924392169969193890e-09
1.826221566891561645e-09
1.733247942586958470e-09
1.645281715790944330e-09
1.562119582343250029e-09
1.483540711680387932e-09
1.409308949257772328e-09
1.339179767719006789e-09
1.272908920927700685e-09
1.210260831687083344e-09
1.151014567451098185e-09
1.094966812631552955e-09
1.041931820957382543e-09
9.917396234424449774e-10
9.442329525034384096e-10
8.992640721242646324e-10
8.566917284117302155e-10
8.163787146431152939e-10
7.781910613177563546e-10
7.419989196473911741e-10
7.076786971697678056e-10
6.751150568803746136e-10
6.442016395074243616e-10
6.148401602485466891e-10
5.869384614082387075e-10
5.604090410954903914e-10
5.351686815514780894e-10
5.111390450119178533e-10
4.882471907986654614e-10
4.664254567081548793e-10
4.456107368452930614e-10
4.257438585199998145e-10
4.067693879537920530e-10
3.886356993425683142e-10
3.712949098154588702e-10
3.547026200266932353e-10
3.388175804624869668e-10
3.236014600959807540e-10
3.090186922948429755e-10
2.950363598936123355e-10
2.816240227981558927e-10
2.687535253234477450e-10
2.563988295234589981e-10
2.445358701109066932e-10
2.331424121591653231e-10
2.221979049739315498e-10
2.116833465447698734e-10
2.015811603002396928e-10
1.918750711489133113e-10
1.825499880306852974e-10
1.735918945687034858e-10
1.649877448800437418e-10
1.567253648416060193e-10
1.487933603835902345e-10
1.411810310195922167e-10
1.338782892066251627e-10
1.268755842386596391e-10
1.201638326735358629e-10
1.137343545758390537e-10
1.075788156857698598e-10
1.016891747718573269e-10
9.605763692014487720e-11
9.067661210325036390e-11
8.553867897898482002e-11
8.063655420171435783e-11
7.596306661098933498e-11
7.151113599083307164e-11
6.727375630221083829e-11
6.324398285023584635e-11
5.941492351186418068e-11
5.577973374546573515e-11
5.233161477254761722e-11
4.906381455944869969e-11
4.596963155665157859e-11
4.304242052974198227e-11
4.027559985218820299e-11
3.766266031771137475e-11
3.519717499378957604e-11
3.287280962855674188e-11
3.068333328135306714e-11
2.862262892089772556e-11
2.668470393483067871e-11
2.486370041932902563e-11
2.315390494594318897e-11
2.154975661132691786e-11
2.004585521895041665e-11
1.863696793740688839e-11
1.731803496949713767e-11
1.608417388832292065e-11
1.493068273040508520e-11
1.385304226946043466e-11
1.284691690200300672e-11
1.190815447224120328e-11
1.103278547711967546e-11
1.021702138122371178e-11
9.457251830926874862e-12
8.750041418520666149e-12
8.092125793449857806e-12
7.480407318856513133e-12
6.911950274372276548e-12
6.383975820328656666e-12
5.893856710134650190e-12
5.439111769556052616e-12
5.017400308680578931e-12
4.626516387260184967e-12
4.264383143518589406e-12
3.929046943904387685e-12
3.618671714105388485e-12
3.331533285673364601e-12
3.066013900202904020e-12
2.820596803182103321e-12
2.593861079433606325e-12
2.384476630132596353e-12
2.191199346442018124e-12
2.012866484983327702e-12
1.848392430415785073e-12
1.696763691525731370e-12
1.557034934806674584e-12
1.428325149599399076e-12
1.309813490892794014e-12
1.200735513470522597e-12
1.100379661058012762e-12
1.008084001891519691e-12
9.232332062931243908e-13
8.452557360072865861e-13
7.736211732014457664e-13
7.078376520214672500e-13
6.474493636705246534e-13
5.920341315770531127e-13
5.412013470516209597e-13
4.945890456197852990e-13
4.518621864837645481e-13
4.127109190641673675e-13
3.768486086848756618e-13
3.440101938520213751e-13
3.139506744338005516e-13
2.864437233875479319e-13
2.612804072574526270e-13
2.382682618784189154e-13
2.172295417198291893e-13
1.980004978057180621e-13
1.804306371356530007e-13
1.643815875991598763e-13
1.497261815339484517e-13
1.363475741582500058e-13
1.241387918651601236e-13
1.130007490331880935e-13
1.028426784114166136e-13
9.358113807651146843e-14
8.513939686226062482e-14
7.744719292784725500e-14
7.043961942619064892e-14
6.405709510199339749e-14
5.824518245719644267e-14
5.295415157491324635e-14
4.813863735448693166e-14
4.375661989063518672e-14
3.976998709575286412e-14
3.614406747289927770e-14
3.284695078532903000e-14
2.984920576277510351e-14
2.712419328042866512e-14
2.464771490684083988e-14
2.239709118725907382e-14
2.035204941639441968e-14
1.849414481538969523e-14
1.680611102529070340e-14
1.527275520802296171e-14
1.387984274187188788e-14
1.261453686601700169e-14
1.146532593936025552e-14
1.042136188435505715e-14
9.473296316779495274e-15
8.612054811689691059e-15
7.829972820511757727e-15
7.119561730195914148e-15
6.474436978696327776e-15
5.888531989546485339e-15
5.356410085186335834e-15
4.873284327526589925e-15
4.434522111008503189e-15
4.036118764247974978e-15
3.674465377654929494e-15
3.346103819826745815e-15
3.048004315481206572e-15
2.777415445289973543e-15
2.531891329032305083e-15
2.309079470708457973e-15
2.106913302112876323e-15
1.923514045953666602e-15
1.757173514409036363e-15
1.606338489537774114e-15
1.469596565755989549e-15
1.345663297073464542e-15
1.233370542635010254e-15
1.131677193053033495e-15
1.039626271715370717e-15
9.563122188575157734e-16
8.809347168512894419e-16
8.128312441593021662e-16
7.512820291669059693e-16
6.957272256178447095e-16
