# bin_3_3
1.567235978606108208e-08
1.573695401815319236e-08
1.580383572615676718e-08
1.587307601205025831e-08
1.594474841229324133e-08
1.601892846218927782e-08
1.609569350888781802e-08
1.617512238731811706e-08
1.625729510189585928e-08
1.634229417517069773e-08
1.643020426510084579e-08
1.652111223177428592e-08
1.661510903829239935e-08
1.671228806200091271e-08
1.681274312780583402e-08
1.691656866747016788e-08
1.702385949641517855e-08
1.713471548798539140e-08
1.724924026739564712e-08
1.736754002172164644e-08
1.748972019319213143e-08
1.761588545209722819e-08
1.774613788607262256e-08
1.788057882184392539e-08
1.801931187864778096e-08
1.816244311630401251e-08
1.831008182964322108e-08
1.846233391056107384e-08
1.861930332445259899e-08
1.878109076965925705e-08
1.894778440372348678e-08
1.911946315249678371e-08
1.929621075935605434e-08
1.947812232803745070e-08
1.966528926091319048e-08
1.985778659411629707e-08
2.005567538451367692e-08
2.025901835004408014e-08
2.046789349180312900e-08
2.068238508613439310e-08
2.090256017958651662e-08
2.112843699014129353e-08
2.136004971186748248e-08
2.159761747095217113e-08
2.184121091008859541e-08
2.209054016688781922e-08
2.234552506713417159e-08
2.260623627044730332e-08
2.287274721454451314e-08
2.314506749245043816e-08
2.342309619660419687e-08
2.370680159227425360e-08
2.399619542222796237e-08
2.429121973271176175e-08
2.459187094934434075e-08
2.489813258465854415e-08
2.520997406498581403e-08
2.552742819610225719e-08
2.585046455810241762e-08
2.617909556664296877e-08
2.651336801319259317e-08
2.685329376558684798e-08
2.719890962357826244e-08
2.755024880591699673e-08
2.790730354059399327e-08
2.826988278972955352e-08
2.863806398475603272e-08
2.901150280764235376e-08
2.938929275420002528e-08
2.977116488604475201e-08
3.015674917824610555e-08
3.054541615593552980e-08
3.093668619925065733e-08
3.133008942659637993e-08
3.172518363851119352e-08
3.212150959650478196e-08
3.251869552033140009e-08
3.291639308507550411e-08
3.331471228187756149e-08
3.371338373818960250e-08
3.411175940930441280e-08
3.450987712226833887e-08
3.490748983379099982e-08
3.530404277472717400e-08
3.569900926844903409e-08
3.609155910448447029e-08
3.648104210910346286e-08
3.686650204667142465e-08
3.724629286784090245e-08
3.761993979540620222e-08
3.798682980030044188e-08
3.834625664329455762e-08
3.869767303399789591e-08
3.904069069598514092e-08
3.937389766318897502e-08
3.969701812487811422e-08
4.000961519407615136e-08
4.031105743955225431e-08
4.060079131855797774e-08
4.087716743491837055e-08
4.113943457101206247e-08
4.138649147255315498e-08
4.161760505369288813e-08
4.183089901909626190e-08
4.202588223076901519e-08
4.220248305199926140e-08
4.236004541909835763e-08
4.249739861646794638e-08
4.261433900292883396e-08
4.271008740393720901e-08
4.278285329411122304e-08
4.283215041359228241e-08
4.285716857956894529e-08
4.285669607740566277e-08
4.283124426071233382e-08
4.277950128754897113e-08
4.270141178001935495e-08
4.259635661553063124e-08
4.246366834789712649e-08
4.230303026276981137e-08
4.211370317004004807e-08
4.189544182115463874e-08
4.164826438350140128e-08
4.137205756574590819e-08
4.106699023518134133e-08
4.073278356667416568e-08
4.036948152041617608e-08
3.997738970745696842e-08
3.955659499214321492e-08
3.910760829608735074e-08
3.863110036494997768e-08
3.812757523786588588e-08
3.759757879709185959e-08
3.704194757808372222e-08
3.646153403805780198e-08
3.585741872995052339e-08
3.523061537546717244e-08
3.458249011501802382e-08
3.391416081989734006e-08
3.322706773208101595e-08
3.252261893713143500e-08
3.180248069637500524e-08
3.106830649955491472e-08
3.032170149938278523e-08
2.956447517798322994e-08
2.879846053841741796e-08
2.802547885813848356e-08
2.724749395177381953e-08
2.646634015982087913e-08
2.568392061301519202e-08
2.490216475345397105e-08
2.412293142182086407e-08
2.334805554762845866e-08
2.257925923022295261e-08
2.181829516755784273e-08
2.106674196810172831e-08
2.032612773111157194e-08
1.959779242450105122e-08
1.888307031303940253e-08
1.818302219943823375e-08
1.749864795936823022e-08
1.683076580479291120e-08
1.618000271237757913e-08
1.554689878174374439e-08
1.493174053965530919e-08
1.433471036785850861e-08
1.375585107054899339e-08
1.319502466019220232e-08
1.265199095335116938e-08
1.212640575031309613e-08
1.161782066820382837e-08
1.112573357853393447e-08
1.064958101872922677e-08
1.018879560068247245e-08
9.742801714002536183e-09
9.311049113936642268e-09
8.893035418397680015e-09
8.488323054918208349e-09
8.096545864474962212e-09
7.717423446040780106e-09
7.350763351003074563e-09
6.996459170895044863e-09
6.654488124287118444e-09
6.324897868054970578e-09
6.007790824259782381e-09
5.703304662702437131e-09
5.411584569268868632e-09
5.132753268085245597e-09
4.866872819106751144e-09
4.613918026283635333e-09
4.373757197401558866e-09
4.146137928996305659e-09
3.930684287852776648e-09
3.726907745547102728e-09
3.534223834552353474e-09
3.351980723823536235e-09
3.179493003030262719e-09
3.016078100731188376e-09
2.861092963957978627e-09
2.713963369612091504e-09
2.574204452858661993e-09
2.441427353851591882e-09
2.315332709677793694e-09
2.195690793312964540e-09
2.082313510829974147e-09
1.975023992918159467e-09
1.873629107335635776e-09
1.777899960106889375e-09
1.687564824240947637e-09
1.602315787437939126e-09
1.521826771152366602e-09
1.445775921902769527e-09
1.373865748941334984e-09
1.305835970823760995e-09
1.241465766916795554e-09
1.180565508583619717e-09
1.122962895817632870e-09
1.068489425632227502e-09
1.016972539778326140e-09
9.682357112027862430e-10
9.221043373832576092e-10
8.784132010048242209e-10
8.370109889179227023e-10
7.977604306665827690e-10
7.605351383638591894e-10
7.252158121383204604e-10
6.916882584296716609e-10
6.598436338647329997e-10
6.295793744053561104e-10
6.007995746573730040e-10
5.734146355544513652e-10
5.473408534210053487e-10
5.225001492444523509e-10
4.988197988818051281e-10
4.762318736303234223e-10
4.546727794395397637e-10
4.340831344175321595e-10
4.144078440943701826e-10
3.955958491465824378e-10
3.775996863538147260e-10
3.603752153589281799e-10
3.438814990487313540e-10
3.280806317864898682e-10
3.129374940180453796e-10
2.984195390514052562e-10
2.844966416641700610e-10
2.711409158308105381e-10
2.583265318277945054e-10
2.460295672540029109e-10
2.342278547158950325e-10
2.229008293488907794e-10
2.120293894957554423e-10
2.015957688617771770e-10
1.915834134632095091e-10
1.819768666598936362e-10
1.727616605544436889e-10
1.639242139028560419e-10
1.554517370508715088e-10
1.473321431283895718e-10
1.395539662413541911e-10
1.321062862213615822e-10
1.249786596246135147e-10
1.181610577010133048e-10
1.116438108649571149e-10
1.054175594918849441e-10
9.947320999860296787e-11
9.380189658237226865e-11
8.839494821940453077e-11
8.324386075950088252e-11
7.834027421404740832e-11
7.367595445812422573e-11
6.924277920791619588e-11
6.503272818483281495e-11
6.103787677435356782e-11
5.725039250256768474e-11
5.366253450565678905e-11
5.026665560913882034e-11
4.705520636640764818e-11
4.402074075522840481e-11
4.115592310691783946e-11
3.845353601768656852e-11
3.590648924416505784e-11
3.350782832393262849e-11
3.125074445438788006e-11
2.912858303776620716e-11
2.713485233178283232e-11
2.526323167986987777e-11
2.350757905526029167e-11
2.186193754360498090e-11
2.032054117262091268e-11
1.887781950225956839e-11
1.752840104589875059e-11
1.626711588124704479e-11
1.508899724109111703e-11
1.398928171475984302e-11
1.296340871131011125e-11
1.200701895747641266e-11
1.111595207638972451e-11
1.028624351974430403e-11
9.514120954571506146e-12
8.795999974446625932e-12
8.128479277599793627e-12
7.508335580719121670e-12
6.932517998880907113e-12
6.398142244417387656e-12
5.902484452628619086e-12
5.442975025445986315e-12
5.017192232262241501e-12
4.622855913635816337e-12
4.257821250004787834e-12
3.920072628386853231e-12
3.607717584937191020e-12
3.318980911970654675e-12
3.052198869444877974e-12
2.805813836740652167e-12
2.578367796765561025e-12
2.368497584711257173e-12
2.174929532175368158e-12
1.996474125037777912e-12
1.832021043504461553e-12
1.680534469612541639e-12
1.541048736966870443e-12
1.412664309786412418e-12
1.294544028315815237e-12
1.185909528831226221e-12
1.086037742732708398e-12
9.942574302810364479e-13
9.099457454841824799e-13
8.325251821077410920e-13
7.614596610547831692e-13
6.962519834793615295e-13
6.364413526144683425e-13
5.816007478058439458e-13
5.313346960522785130e-13
4.852772176675466623e-13
4.430898953875633825e-13
4.044600454353341511e-13
3.690992300263286805e-13
3.367410245731468068e-13
3.071396465146438855e-13
2.800688286933491317e-13
2.553201863594997128e-13
2.327018683942992871e-13
2.120372670345685834e-13
1.931641771382989346e-13
1.759325569561846978e-13
1.602044936587782787e-13
1.458530777176055858e-13
1.327615127174773612e-13
1.208226315309834832e-13
1.099377251379967341e-13
1.000160497628937223e-13
9.097463993650940754e-14
8.273755651953502723e-14
7.523554788400833789e-14
6.840447305298499764e-14
6.218595832456460791e-14
5.652665959818567854e-14
5.137765488167208581e-14
4.669371430701932025e-14
4.243372286257632255e-14
3.856040868371245279e-14
3.503892508741218684e-14
3.183789599911730255e-14
2.892890009450260698e-14
2.628533342167364894e-14
2.388348155493649693e-14
2.170145098496640859e-14
1.971915725903818966e-14
1.791870516923375940e-14
1.628315644525029606e-14
1.479782059344562789e-14
1.344857819111372412e-14
1.222332266333456741e-14
1.111036886404234508e-14
1.009972005141380830e-14
9.181782406307384146e-15
8.348163135195060630e-15
7.591161685962636480e-15
6.903654370172088504e-15
6.279396037342213383e-15
5.712564179603009612e-15
5.197851737434081133e-15
4.730502425821163389e-15
4.306257987106519191e-15
3.921131783400874373e-15
3.571532751105635273e-15
3.254220136253726213e-15
2.966248781178380948e-15
2.704941972754007463e-15
2.467866838450064417e-15
2.252811993365217961e-15
2.057767286194026180e-15
1.880905414701439090e-15
1.720565229910734612e-15
1.575264305736372365e-15
1.443637166172311640e-15
1.324403951052266160e-15
1.216451287744794426e-15
1.118784747123324776e-15
