# bin_4_3
1.615439980161267991e-08
1.622187414585707916e-08
1.629174641679781458e-08
1.636409182976397971e-08
1.643898818455334707e-08
1.651651543090052885e-08
1.659675548492389827e-08
1.667979190775244189e-08
1.676570958484035633e-08
1.685459608333161881e-08
1.694654127863667483e-08
1.704163742639584444e-08
1.713998107656770922e-08
1.724167137764521328e-08
1.734680810480491330e-08
1.745549182724973919e-08
1.756782369261647726e-08
1.768391013241437348e-08
1.780386155122431980e-08
1.792779113488583747e-08
1.805581152956291974e-08
1.818803482270389592e-08
1.832457073780454697e-08
1.846552845520809535e-08
1.861101969170608005e-08
1.876115886677313524e-08
1.891606390967529435e-08
1.907584959238990851e-08
1.924062900802244846e-08
1.941051222715208541e-08
1.958559696777880852e-08
1.976597194261930225e-08
1.995173103648574158e-08
2.014297986033243361e-08
2.033982056745935118e-08
2.054233910323446824e-08
2.075060761316405235e-08
2.096470023197781633e-08
2.118470681823263891e-08
2.141072376201732898e-08
2.164283027524402065e-08
2.188105697595453209e-08
2.212545090066867401e-08
2.237624442289508531e-08
2.263352139649633327e-08
2.289700514638375229e-08
2.316662923579630306e-08
2.344247819046370204e-08
2.372463966993984459e-08
2.401313793280725759e-08
2.430788624427145264e-08
2.460886741929559875e-08
2.491610851372316732e-08
2.522956617861903780e-08
2.554925194542865195e-08
2.587516465422496937e-08
2.620728870485566805e-08
2.654567244424600320e-08
2.689030051583081359e-08
2.724120062706737455e-08
2.759843489756534742e-08
2.796203010331389449e-08
2.833203812284663166e-08
2.870850687479772166e-08
2.909144306242995904e-08
2.948066954725335749e-08
2.987627771331167184e-08
3.027793618199683522e-08
3.068475006163047411e-08
3.109646244022314404e-08
3.151271476747144080e-08
3.193288780216507521e-08
3.235651173565053944e-08
3.278312568984628371e-08
3.321229542791203657e-08
3.364356864822043243e-08
3.407657941346069317e-08
3.451098388292129152e-08
3.494689612882810808e-08
3.538404846007641723e-08
3.582179208325496893e-08
3.626016407453415575e-08
3.669891426650266009e-08
3.713748224479464437e-08
3.757533397773661701e-08
3.801162907579503668e-08
3.844570549960265160e-08
3.887659172013688667e-08
3.930262171104420928e-08
3.972330132248620632e-08
4.013799468153017043e-08
4.054596912454263371e-08
4.094664849139786900e-08
4.133961305341278988e-08
4.172341183415875232e-08
4.209773033255419185e-08
4.246208894030815742e-08
4.281580892182274312e-08
4.315828609517788968e-08
4.348781160765512465e-08
4.380357510241095511e-08
4.410441063526255492e-08
4.438951786553843737e-08
4.465694224143109350e-08
4.490611593813126016e-08
4.513688752756665880e-08
4.534851327492636561e-08
4.553972698347998405e-08
4.571023138747416413e-08
4.585914617544276539e-08
4.598456852397266784e-08
4.608590448956334066e-08
4.616222771196689619e-08
4.621220187413629264e-08
4.623622154587971895e-08
4.623283908291733181e-08
4.620187079225838776e-08
4.614255935079144242e-08
4.605409671860996174e-08
4.593602443574249051e-08
4.578745527508468421e-08
4.560799665614284863e-08
4.539751813768988326e-08
4.515575382097474774e-08
4.488272387017961147e-08
4.457799479972648334e-08
4.424146037042128532e-08
4.387327835166760644e-08
4.347338683289845440e-08
4.304215334161915588e-08
4.258011081239900430e-08
4.208762796282457754e-08
4.156512158821021559e-08
4.101330767176032374e-08
4.043292580598738638e-08
3.982495458351863443e-08
3.919031482129906363e-08
3.853029429467890041e-08
3.784594368407392486e-08
3.713865292901133117e-08
3.640979481245033932e-08
3.566101848615656180e-08
3.489397950164454729e-08
3.411030345096601857e-08
3.331184278795569802e-08
3.250049523705665801e-08
3.167816929282353010e-08
3.084694040193697814e-08
3.000877816933584528e-08
2.916574526981667355e-08
2.831995577153866457e-08
2.747347680745309620e-08
2.662837523344894970e-08
2.578662727352415869e-08
2.495026157816848258e-08
2.412115140083997546e-08
2.330113671690208278e-08
2.249188336294754268e-08
2.169506328362255712e-08
2.091208119803881266e-08
2.014428514963873614e-08
1.939283996813304454e-08
1.865871324672098386e-08
1.794277549657950576e-08
1.724562679226971712e-08
1.656774253972968219e-08
1.590943266023316401e-08
1.527079503080760314e-08
1.465179032963997454e-08
1.405223635980250957e-08
1.347180537963338789e-08
1.291007241118367317e-08
1.236650712959754723e-08
1.184053266689506214e-08
1.133152295124800987e-08
1.083884069635498974e-08
1.036186558946732289e-08
9.900018245452989168e-09
9.452774827752139198e-09
9.019690242091015537e-09
8.600408652785039020e-09
8.194670104086823773e-09
7.802316060347528171e-09
7.423284054178421057e-09
7.057599359237821465e-09
6.705361995502972950e-09
6.366724592330069442e-09
6.041865669408530591e-09
5.730949088711637890e-09
5.434090339801346024e-09
5.151325725296098520e-09
4.882582297644926444e-09
4.627657980834639114e-09
4.386215791194029258e-09
4.157785378023289454e-09
3.941779240309175230e-09
3.737518794335293213e-09
3.544268852768050990e-09
3.361278831881711152e-09
3.187823027473768813e-09
3.023237869998872365e-09
2.866948685950945180e-09
2.718484063945139287e-09
2.577473867662199267e-09
2.443633221124406087e-09
2.316735956581048908e-09
2.196582282428325691e-09
2.082966776855416262e-09
1.975653654330288255e-09
1.874364737638901604e-09
1.778782319400326449e-09
1.688563551667896695e-09
1.603361380465974495e-09
1.522846132532295464e-09
1.446721151376388316e-09
1.374727750562099598e-09
1.306640297358794562e-09
1.242254978345321118e-09
1.181377718365966413e-09
1.123816371091338377e-09
1.069378966775500713e-09
1.017877012429828494e-09
9.691302178428900723e-10
9.229699062037460656e-10
8.792396817260534619e-10
8.377938426736225880e-10
7.984954138420121068e-10
7.612151056927594147e-10
7.258309186890036480e-10
6.922279469153206234e-10
6.602981099632404473e-10
6.299400715365850779e-10
6.010591082918645452e-10
5.735668499434151016e-10
5.473806714674666028e-10
5.224232083899989935e-10
4.986221729605980401e-10
4.759103531973298333e-10
4.542252747698202289e-10
4.335087262845606632e-10
4.137065113991361209e-10
3.947683317585190610e-10
3.766475566668556366e-10
3.593009093364738772e-10
3.426882275257665686e-10
3.267723099698032566e-10
3.115187040589979872e-10
2.968954805095551014e-10
2.828730597328018538e-10
2.694240410107407707e-10
2.565230245054742500e-10
2.441464451274907252e-10
2.322724227595626610e-10
2.208806167687499030e-10
2.099520882247354077e-10
1.994691715416015759e-10
1.894153536688861376e-10
1.797751605048414815e-10
1.705340501968973974e-10
1.616783140309199340e-10
1.531949844203703934e-10
1.450717496726019249e-10
1.372968762971338353e-10
1.298591384229861842e-10
1.227477542745202283e-10
1.159523287238272488e-10
1.094628022784831272e-10
1.032694060257389546e-10
9.736262227715830434e-11
9.173315103099805639e-11
8.637188154506722817e-11
8.126986896024982552e-11
7.641831588758821299e-11
7.180855821068254334e-11
6.743205439472716641e-11
6.328037849716851770e-11
5.934521656884884857e-11
5.561836582021946499e-11
5.209173622088312954e-11
4.875735402025195253e-11
4.560736686936949545e-11
4.263405054059952490e-11
3.982981598916081602e-11
3.718721826349920445e-11
3.469896456273739762e-11
3.235792278396559650e-11
3.015712999401492818e-11
2.808980058352561047e-11
2.614933370874988555e-11
2.432932037743012516e-11
2.262354949925816336e-11
2.102601286870236424e-11
1.953090939057315013e-11
1.813264830030790194e-11
1.682585098454822820e-11
1.560535201809294444e-11
1.446619913138739680e-11
1.340365211979829669e-11
1.241318096543492686e-11
1.149046328388010595e-11
1.063138094751692378e-11
9.832016036970860558e-12
9.088646386075645459e-12
8.397740440796731129e-12
7.755951785709303120e-12
7.160113155872822479e-12
6.607230335622932211e-12
6.094475684219312866e-12
5.619181662588211506e-12
5.178834349972022215e-12
4.771066997038918449e-12
4.393653603584274995e-12
4.044502616042979228e-12
3.721650679924981654e-12
3.423256786968426051e-12
3.147595215301371646e-12
2.893050210112547734e-12
2.658110034315884445e-12
2.441361012150265562e-12
2.241481940709826066e-12
2.057238761264346776e-12
1.887479588472526621e-12
1.731130107283704727e-12
1.587189284652765994e-12
1.454725296341845960e-12
1.332871551072272088e-12
1.220822739662742681e-12
1.117830885378635746e-12
1.023201749233828120e-12
9.362903718072022439e-13
8.564980079197738212e-13
7.832691815023967010e-13
7.160886523013629367e-13
6.544788301824816020e-13
5.979973913000780162e-13
5.462350245570116208e-13
4.988132750223832977e-13
4.553827240848819520e-13
4.156204273167732486e-13
3.792282334813493176e-13
3.459313727978277183e-13
3.154765627537825556e-13
2.876304194545683499e-13
2.621779409506533657e-13
2.389214491636394040e-13
2.176781357675268511e-13
1.982798299194430209e-13
1.805716855909788204e-13
1.644111219884734327e-13
1.496671895365212677e-13
1.362192614261465987e-13
1.239564163532466859e-13
1.127771333877893848e-13
1.025884220465884604e-13
9.330536865250980322e-14
8.484944140321579367e-14
7.714904421113176755e-14
7.013867928816520515e-14
6.375825147550893632e-14
5.795226060633352932e-14
5.267016212663480017e-14
4.786603668057626218e-14
4.349710987809093819e-14
3.952475094018411836e-14
3.591390106482389379e-14
3.263187709805041091e-14
2.964940227231514320e-14
2.693948526962897616e-14
2.447736857395003388e-14
2.224087712635763666e-14
2.020914614452272785e-14
1.836389658306447760e-14
1.668771999415596983e-14
1.516551250031456946e-14
1.378284791398813117e-14
1.252723877318258816e-14
1.138681918130211201e-14
1.035113412145132961e-14
9.410608626114923486e-15
8.556414716587594871e-15
7.780762607822774830e-15
7.076425302350220706e-15
6.436819990347223774e-15
5.856032887259382924e-15
5.328755802903501369e-15
4.850046775653405384e-15
4.415447651171407977e-15
4.020930659571987267e-15
3.662835950228447920e-15
3.337837775363445402e-15
3.042913840710707347e-15
2.775317465929911173e-15
2.532552349403894175e-15
2.312349660472834014e-15
2.112647238025740914e-15
1.931599230000159164e-15
1.767509654572668983e-15
1.618797305060049559e-15
1.484076592714677323e-15
1.362106526185405500e-15
