# bin_4_2
1.549967359276435506e-08
1.556214561730788817e-08
1.562682152898703835e-08
1.569376875862748685e-08
1.576305683676692605e-08
1.583475709640565160e-08
1.590894283466601320e-08
1.598569003828603029e-08
1.606507590555162728e-08
1.614717870248391881e-08
1.623207782259207370e-08
1.631985317880369805e-08
1.641058770586763854e-08
1.650436791930032720e-08
1.660128289591997803e-08
1.670142347869851713e-08
1.680488046056375457e-08
1.691174508597860964e-08
1.702210911388190901e-08
1.713606416737208176e-08
1.725370373165679764e-08
1.737512435259076691e-08
1.750042450279449324e-08
1.762970288126133756e-08
1.776305743819697730e-08
1.790058379896726397e-08
1.804237667170649857e-08
1.818852145055078195e-08
1.833909918312236708e-08
1.849419668727455241e-08
1.865390725499936765e-08
1.881831931258717201e-08
1.898750348905946759e-08
1.916151833240035037e-08
1.934042246664446837e-08
1.952428418780343488e-08
1.971317163035379062e-08
1.990713887943462945e-08
2.010623371443513704e-08
2.031048430475341498e-08
2.051990204659966944e-08
2.073463004154593827e-08
2.095481590295970244e-08
2.118026011523501609e-08
2.141078785336081000e-08
2.164643888327982772e-08
2.188730637382337100e-08
2.213344932392213580e-08
2.238474130740558278e-08
2.264112430898784241e-08
2.290263271089158677e-08
2.316917909218289479e-08
2.344072019355300202e-08
2.371724972705503147e-08
2.399870488068503385e-08
2.428508700474332166e-08
2.457637793334863759e-08
2.487256411233279852e-08
2.517365948292397124e-08
2.547966913191736869e-08
2.579060069037957769e-08
2.610647834768569928e-08
2.642728900941418405e-08
2.675295561816517459e-08
2.708330814224818592e-08
2.741847461930234908e-08
2.775770603880403025e-08
2.810038737668209409e-08
2.844630383007722970e-08
2.879496117037238724e-08
2.914578372402583537e-08
2.949832915250101239e-08
2.985211975837693005e-08
3.020672317451300183e-08
3.056167527330403947e-08
3.091661687347320794e-08
3.127120213889329370e-08
3.162566087932692432e-08
3.197932985303326282e-08
3.233186955127127920e-08
3.268330132653058134e-08
3.303325593453391963e-08
3.338122925461099331e-08
3.372669109997908952e-08
3.406878023619137356e-08
3.440702530494908260e-08
3.474006740945101863e-08
3.506664104051891984e-08
3.538633238183088199e-08
3.569846630823557017e-08
3.600237267091227158e-08
3.629772477276988604e-08
3.658381169756915417e-08
3.685946030601494527e-08
3.712455161535652791e-08
3.737849290758791194e-08
3.762090012059472543e-08
3.785086361528311683e-08
3.806705150900154573e-08
3.826877950471442420e-08
3.845509157066179493e-08
3.862512192305406060e-08
3.877719991454416412e-08
3.891108367966959332e-08
3.902677138249311202e-08
3.912337415844111179e-08
3.920004015769306989e-08
3.925681493860970822e-08
3.929254421026453401e-08
3.930586045815819856e-08
3.929658042239502472e-08
3.926359187123055971e-08
3.920628000106060807e-08
3.912507624477533528e-08
3.901867663095765761e-08
3.888750951594461241e-08
3.873062695273780626e-08
3.854801389059172541e-08
3.833902961693960634e-08
3.810354745902173181e-08
3.784114049379142183e-08
3.755232586046694148e-08
3.723690877916940368e-08
3.689525560831922268e-08
3.652734868503839757e-08
3.613332189669465086e-08
3.571365633760737546e-08
3.526873170626564022e-08
3.479911380000455214e-08
3.430563405592875707e-08
3.378898114476348561e-08
3.324987544192103693e-08
3.268926173028087345e-08
3.210816487572236152e-08
3.150775089583594795e-08
3.088920098955080377e-08
3.025393552369986779e-08
2.960318435423786348e-08
2.893843596075257368e-08
2.826118904110334391e-08
2.757311807767048211e-08
2.687587337393069287e-08
2.617106412026208240e-08
2.546046047013251703e-08
2.474581355172252884e-08
2.402886966145132158e-08
2.331145616080839360e-08
2.259523803524353010e-08
2.188196381099111478e-08
2.117332079498484374e-08
2.047091584721821702e-08
1.977631761431524710e-08
1.909091518152149794e-08
1.841614768323395230e-08
1.775318746500314511e-08
1.710321662704247040e-08
1.646711102403432509e-08
1.584583411412961150e-08
1.523996611005155496e-08
1.465008798545542397e-08
1.407657172340960512e-08
1.351961857480086956e-08
1.297934713957398124e-08
1.245566580087934279e-08
1.194840176906298639e-08
1.145727029159368745e-08
1.098187901101217590e-08
1.052177616059112507e-08
1.007645697819290396e-08
9.645389126022767524e-09
9.228046794633875889e-09
8.823905725004534878e-09
8.432494448970213363e-09
8.053392101622922042e-09
7.686248542965584062e-09
7.330792642520080025e-09
6.986843495826177031e-09
6.654310015781969106e-09
6.333180866225898904e-09
6.023517546492026225e-09
5.725433167887653276e-09
5.439067088142736312e-09
5.164558845659525499e-09
4.902018798438794226e-09
4.651501735819155606e-09
4.412978978280037357e-09
4.186321765834294344e-09
3.971288385695127003e-09
3.767523535993117968e-09
3.574571456028774828e-09
3.391897211330332268e-09
3.218914539730253055e-09
3.055017653235346710e-09
2.899613898037963240e-09
2.752151061490223797e-09
2.612138639675932741e-09
2.479158840315221316e-09
2.352866358423897382e-09
2.232979010960966128e-09
2.119259652600274797e-09
2.011495160451479604e-09
1.909476153075715101e-09
1.812981388585787161e-09
1.721770477670096921e-09
1.635583618122862335e-09
1.554147399135967719e-09
1.477183955478365166e-09
1.404421055174371990e-09
1.335600641602837775e-09
1.270484526186617199e-09
1.208856425336292344e-09
1.150520954345322205e-09
1.095300065684963772e-09
1.043028139469529541e-09
9.935466113638392036e-10
9.466994118487624275e-10
9.023312608323972828e-10
8.602891631295578332e-10
8.204264044030800422e-10
7.826067183247741966e-10
7.467062522396794409e-10
7.126123828504729075e-10
6.802203222285570565e-10
6.494300286636546989e-10
6.201449871366449188e-10
5.922731296317931110e-10
5.657282893186779051e-10
5.404308490824031969e-10
5.163071263712021664e-10
4.932883673625372401e-10
4.713100902030545252e-10
4.503119618228721985e-10
4.302377819391093525e-10
4.110353358231931481e-10
3.926561473116284534e-10
3.750552285867772209e-10
3.581908409190280074e-10
3.420243187066657191e-10
3.265198535598818114e-10
3.116442977994953572e-10
2.973669988461300945e-10
2.836596307183118944e-10
2.704960228747387293e-10
2.578519817207283806e-10
2.457051386247033375e-10
2.340348121051781127e-10
2.228218638632163825e-10
2.120485608610191526e-10
2.016984489237219164e-10
1.917562304290868633e-10
1.822076501842353115e-10
1.730393873990381242e-10
1.642389552660898028e-10
1.557946063261634374e-10
1.476952432035326413e-10
1.399303360500237364e-10
1.324898470037176034e-10
1.253641612542331456e-10
1.185440243495957705e-10
1.120204857677342117e-10
1.057848487410210171e-10
9.982862621500423673e-11
9.414350319969539427e-11
8.872130467717864135e-11
8.355396882188166903e-11
7.863352554397886703e-11
7.395207972410552524e-11
6.950179910194002334e-11
6.527490676786128020e-11
6.126367762794170262e-11
5.746043829489310857e-11
5.385757004262711940e-11
5.044751418370870104e-11
4.722277941149283583e-11
4.417595126249968468e-11
4.129970293825542500e-11
3.858680690137979650e-11
3.603014693349609218e-11
3.362273035069860275e-11
3.135770018522083435e-11
2.922834715234203541e-11
2.722812109906554797e-11
2.535064064495617078e-11
2.358970275199116340e-11
2.193929061207799517e-11
2.039358060507504949e-11
1.894694785765413862e-11
1.759397037471537496e-11
1.632943212381117772e-11
1.514832461820477151e-11
1.404584722239824110e-11
1.301740667733030396e-11
1.205861551849797710e-11
1.116528930541317653e-11
1.033344330160164495e-11
9.559288319037913977e-12
8.839225991603810834e-12
8.169843583852485599e-12
7.547908476274201681e-12
6.970362239223145531e-12
6.434314472504322616e-12
5.937036615564397185e-12
5.475955526023946065e-12
5.048647104268044198e-12
4.652829780299738862e-12
4.286358146522268623e-12
3.947216496404082517e-12
3.633512549396828815e-12
3.343471251804440389e-12
3.075428779130328532e-12
2.827826700946909949e-12
2.599206433020106682e-12
2.388203926551517094e-12
2.193544811374238198e-12
2.014038836206772486e-12
1.848575386261401186e-12
1.696119101610050852e-12
1.555705132804225174e-12
1.426434752862463485e-12
1.307471174246231418e-12
1.198035633594228154e-12
1.097403771985020682e-12
1.004902301634455378e-12
9.199058986818240005e-13
8.418342893381951588e-13
7.701494491108504032e-13
7.043528854510804622e-13
6.439832772240758345e-13
5.886131988903674829e-13
5.378470514393792748e-13
4.913189666752082556e-13
4.486904635855483806e-13
4.096484654758971091e-13
3.739034802931925441e-13
3.411879408565751860e-13
3.112546862864456067e-13
2.838758394658428080e-13
2.588408563449052683e-13
2.359556528165232270e-13
2.150417272829018117e-13
1.959348886845822860e-13
1.784842124319384403e-13
1.625510293013358633e-13
1.480083533043720013e-13
1.347387220941534695e-13
1.226345184744420373e-13
1.115968227406904110e-13
1.015346630080462397e-13
9.236466281512083873e-14
8.400980593697263605e-14
7.639934235620813481e-14
6.946855334779171615e-14
6.315826377319186475e-14
5.741445434042027468e-14
5.218717251210559822e-14
4.743107108907426939e-14
4.310487781568713614e-14
3.917064362455160708e-14
3.559340327327045708e-14
3.234145666060236528e-14
2.938597050989730572e-14
2.669999681484252183e-14
2.425936806567396012e-14
2.204207770343885121e-14
2.002758828814170365e-14
1.819773944120332592e-14
1.653557384979212401e-14
1.502577576880678965e-14
1.365457968944803359e-14
1.240907002924369016e-14
1.127803562044093434e-14
1.025068513299271603e-14
9.317815513493683939e-15
8.470519009281969745e-15
7.701138112794538067e-15
7.002439065243349802e-15
6.367927781166769971e-15
5.791863785662645838e-15
5.268736437124629165e-15
4.793752731708209410e-15
4.362589764076918158e-15
3.971133149484883025e-15
3.615762441326775455e-15
3.293190182390535433e-15
3.000486625034489972e-15
2.734853772298392759e-15
2.493824034680728296e-15
2.275154576504187221e-15
2.076806693080443185e-15
1.896927084444247860e-15
1.733830886234963179e-15
1.585986268118276679e-15
1.452000465545863981e-15
1.330629609642393733e-15
1.220732099966552529e-15
1.121232718372270701e-15
1.031178377021942621e-15
9.497717944057815709e-16
8.761638413493592208e-16
8.096830143684265445e-16
