# bin_3_1
1.280881203592525840e-08
1.285567707175584428e-08
1.290414850381997000e-08
1.295427203579366061e-08
1.300609487838205616e-08
1.305966531042223749e-08
1.311503247418579156e-08
1.317224604090411712e-08
1.323135592245968123e-08
1.329241358740192380e-08
1.335547159691342444e-08
1.342058363095353641e-08
1.348780632920321865e-08
1.355719763700854238e-08
1.362881486902239017e-08
1.370271481753148139e-08
1.377895340660018217e-08
1.385759027278231596e-08
1.393868748540898026e-08
1.402230839640568894e-08
1.410851435845001625e-08
1.419736462900232053e-08
1.428891444493547896e-08
1.438321698088206620e-08
1.448032632989429848e-08
1.458029750881514739e-08
1.468318712866709220e-08
1.478904684701865760e-08
1.489792488803502733e-08
1.500986482754071048e-08
1.512489666297326159e-08
1.524303986430260117e-08
1.536431660384491033e-08
1.548875835013082903e-08
1.561639164037727123e-08
1.574722590522661634e-08
1.588125568411844873e-08
1.601847517170274103e-08
1.615889124519197154e-08
1.630251613873135251e-08
1.644934493081094556e-08
1.659932099435656857e-08
1.675240110550828225e-08
1.690873021702263859e-08
1.706830203180275994e-08
1.723074078699013046e-08
1.739588350028626734e-08
1.756372268790565686e-08
1.773425167781626436e-08
1.790739634781841628e-08
1.808297505342764788e-08
1.826087518764229929e-08
1.844102319044048900e-08
1.862328111205905852e-08
1.880756457714803931e-08
1.899377396710499106e-08
1.918180037448910326e-08
1.937159728762987992e-08
1.956305798101604265e-08
1.975611909516832383e-08
1.995075379419844838e-08
2.014690444649228618e-08
2.034453787919778184e-08
2.054362174489401216e-08
2.074408438229635704e-08
2.094567234858905986e-08
2.114840891693514479e-08
2.135189458535512893e-08
2.155516500840156407e-08
2.175791097806131406e-08
2.195972414469676313e-08
2.215994315359729481e-08
2.235806621768773408e-08
2.255360857169058623e-08
2.274612476180521057e-08
2.293516031619762217e-08
2.312035920428892147e-08
2.330140071525482020e-08
2.347843293379834925e-08
2.365123396762073917e-08
2.381921393542940967e-08
2.398248414585161371e-08
2.414088335634209892e-08
2.429395758159861494e-08
2.444129722211511611e-08
2.458220502397748163e-08
2.471618383653338148e-08
2.484245025079461001e-08
2.495954976585250060e-08
2.506721658462491433e-08
2.516506445775055550e-08
2.525263947961187107e-08
2.532966527723923542e-08
2.539604732288218620e-08
2.545070194052967618e-08
2.549369750112534717e-08
2.552495891623780728e-08
2.554424413145224613e-08
2.555140679558113725e-08
2.554525306918253368e-08
2.552549733167215667e-08
2.549153637309181668e-08
2.544315772694989895e-08
2.537905840890943721e-08
2.529932134590622967e-08
2.520445827056106626e-08
2.509443497297430136e-08
2.496874313533915021e-08
2.482782913394863963e-08
2.467160301954210889e-08
2.449903296557063241e-08
2.431035080852397044e-08
2.410550992660507843e-08
2.388409853096498738e-08
2.364736317561573121e-08
2.339483237460237706e-08
2.312722086163717158e-08
2.284473416898270405e-08
2.254751952775928651e-08
2.223606730440899642e-08
2.191046750732985664e-08
2.157126668753715662e-08
2.121925445171288806e-08
2.085508295789007843e-08
2.047963179494958641e-08
2.009334860767755489e-08
1.969694109668751590e-08
1.929133051150497883e-08
1.887718533505182683e-08
1.845552577581374943e-08
1.802745400061707246e-08
1.759385620882088438e-08
1.715558119364384531e-08
1.671367414780152714e-08
1.626910501856829762e-08
1.582296473137344107e-08
1.537617631686626211e-08
1.492990181736555233e-08
1.448494538293409711e-08
1.404230154394421598e-08
1.360281056193196894e-08
1.316744631061846264e-08
1.273703705036084884e-08
1.231224388881365739e-08
1.189380343747022695e-08
1.148235412566749735e-08
1.107841494025830295e-08
1.068254081529706725e-08
1.029506438005690660e-08
9.916310074924081444e-09
9.546560005427432849e-09
9.185981878565408933e-09
8.834693228813509021e-09
8.492691859140361210e-09
8.160020796536063684e-09
7.836591434779893864e-09
7.522325679239300932e-09
7.217043696255839821e-09
6.920665644292908419e-09
6.632972376440543754e-09
6.353825590918663654e-09
6.083072947461939263e-09
5.820547601265742866e-09
5.566177383179366102e-09
5.319826985614023957e-09
5.081439616741708419e-09
4.850991127247169271e-09
4.628434908254523657e-09
4.413758919401301163e-09
4.206960926002009788e-09
4.008021296554366317e-09
3.816923577139733842e-09
3.633618409688813268e-09
3.458047222632815066e-09
3.290112041990579863e-09
3.129680657101180218e-09
2.976587285350735497e-09
2.830634743132983997e-09
2.691592338923538469e-09
2.559206515787471168e-09
2.433205601369525676e-09
2.313305482823891497e-09
2.199218472379842659e-09
2.090657353658517567e-09
1.987342034498699548e-09
1.889007571851179758e-09
1.795408656933823380e-09
1.706324492131118250e-09
1.621559247394909123e-09
1.540942584201006283e-09
1.464327492447353878e-09
1.391582598022365495e-09
1.322583328172101394e-09
1.257203904582892610e-09
1.195307821269727709e-09
1.136743446731581107e-09
1.081343545293377061e-09
1.028929056129400884e-09
9.793172521891686851e-10
9.323301843366347760e-10
8.878021560865511166e-10
8.455834737554650592e-10
8.055407865979682630e-10
7.675550076185783316e-10
7.315176966714369650e-10
6.973280143305169852e-10
6.648903555860319205e-10
6.341127748640633620e-10
6.049058098138786556e-10
5.771817771174755725e-10
5.508549359889509567e-10
5.258419577862501930e-10
5.020629017143534454e-10
4.794423684369065351e-10
4.579105012552452125e-10
4.374033562908991119e-10
4.178626019418105660e-10
3.992344108020863053e-10
3.814681026618771800e-10
3.645151773629948215e-10
3.483290209444246792e-10
3.328651451085787697e-10
3.180816943597587465e-10
3.039399192534262173e-10
2.904043491472559302e-10
2.774425523565422446e-10
2.650246406298198900e-10
2.531227907875381583e-10
2.417108899699090513e-10
2.307643772940208832e-10
2.202602826742179522e-10
2.101773625763255877e-10
2.004961290736911302e-10
1.911987037601303639e-10
1.822685625450321666e-10
1.736903133296239420e-10
1.654496006774570795e-10
1.575330976585161806e-10
1.499284542012267983e-10
1.426241938039277170e-10
1.356096114547335195e-10
1.288746970719195613e-10
1.224100600131154942e-10
1.162068559332119764e-10
1.102567235292820010e-10
1.045517353754426785e-10
9.908434121127835616e-11
9.384731021895958307e-11
8.883368492917942577e-11
8.403674374493369704e-11
7.944996494219919739e-11
7.506699359043064664e-11
7.088161394783728578e-11
6.688772630493811040e-11
6.307932808834300900e-11
5.945049880127146959e-11
5.599538865282372258e-11
5.270821085270514972e-11
4.958323604791475241e-11
4.661478973203536435e-11
4.379725199398428714e-11
4.112505940706506807e-11
3.859270880527726929e-11
3.619476238189663786e-11
3.392585397966350975e-11
3.178069597952978096e-11
2.975408682634897353e-11
2.784091848606016291e-11
2.603618380594465828e-11
2.433498396300877670e-11
2.273253532668927822e-11
2.122417561826579464e-11
1.980536960744721997e-11
1.847171417146902471e-11
1.721894228138973500e-11
1.604292622367650014e-11
1.493967999446400167e-11
1.390536101025909241e-11
1.293627114719814421e-11
1.202885695179901803e-11
1.117970904627423199e-11
1.038556110753938682e-11
9.643287670413626482e-12
8.949902590716568897e-12
8.302555981851932242e-12
7.698531319405466791e-12
7.135242292072176521e-12
6.610229273169298431e-12
6.121155469318708230e-12
5.665803331397974509e-12
5.242070624560987678e-12
4.847966192890781098e-12
4.481605892384573788e-12
4.141208608206166720e-12
3.825091999370612645e-12
3.531668478082387542e-12
3.259441181904599322e-12
3.006999957910620197e-12
2.773017452821594227e-12
2.556245281940137263e-12
2.355510245924008229e-12
2.169710622687930838e-12
1.997812661620941136e-12
1.838847016679757648e-12
1.691905458476491328e-12
1.556137545150323545e-12
1.430747525366063693e-12
1.314991267104083004e-12
1.208173410657336280e-12
1.109644598448540301e-12
1.018798842788385574e-12
9.350709917503097929e-13
8.579343207789625970e-13
7.868982101047412059e-13
7.215062730923976048e-13
6.613332911119305420e-13
6.059839306759789189e-13
5.550908557318201169e-13
5.083128041099854936e-13
4.653329090161444334e-13
4.258571149715841301e-13
3.896126960207323371e-13
3.563468647410109003e-13
3.258254686749867702e-13
2.978317697249128943e-13
2.721652841357401228e-13
2.486406763567391513e-13
2.270866986472000618e-13
2.073454704571330960e-13
1.892707648734822029e-13
1.727275069338973819e-13
1.575911376488153794e-13
1.437466453237379741e-13
1.310878562776347686e-13
1.195167998874385105e-13
1.089431323816421513e-13
9.928361290773083407e-14
9.046187158902078947e-14
8.240736619346598513e-14
7.505513694565159439e-14
6.834574679782710087e-14
6.222465404647592992e-14
5.664182129537927172e-14
5.155134284432712600e-14
4.691147392634180300e-14
4.268320751283053950e-14
3.883097921375775695e-14
3.532220842105757021e-14
3.212699492449226244e-14
2.921814884257812948e-14
2.657049146960002751e-14
2.416079863527784658e-14
2.196803415792086929e-14
1.997302159575338602e-14
1.815852202402299765e-14
1.650808519966389287e-14
1.500706983730013099e-14
1.364225742500128328e-14
1.240155477954614826e-14
1.127353632590448942e-14
1.024807685348149368e-14
9.316283493762192984e-15
8.469308718471252836e-15
7.699539884243707707e-15
7.000271238208658825e-15
6.364773546877520937e-15
5.787471933047431796e-15
5.263058150088595697e-15
4.786597842183054731e-15
4.353997947496001386e-15
3.960935728932963870e-15
3.604166281105277185e-15
3.280030082585118247e-15
2.985882317585076965e-15
2.718683086178335802e-15
2.476244209660577817e-15
2.256102731044960278e-15
2.056317448418422947e-15
1.875051234274895369e-15
1.710518493337782421e-15
1.561299725650864085e-15
1.425968533625362979e-15
1.303213537266712416e-15
1.191900310441588799e-15
1.091051216605792861e-15
9.996733960050982417e-16
9.168916785730765330e-16
8.419289997821938658e-16
7.740777301706232797e-16
7.126933688823723737e-16
6.571888339306559006e-16
6.070292596266786371e-16
5.617273226025014774e-16
5.208390165243871008e-16
4.839597959776880912e-16
4.507423802813446476e-16
4.208557874387598586e-16
3.939692376224348702e-16
3.698194974172710268e-16
3.481787987950729867e-16
