# bin_2_2
1.428988457288450718e-08
1.434528385343966090e-08
1.440261763009276172e-08
1.446194345278062891e-08
1.452332063275713150e-08
1.458680993811372561e-08
1.465247373874788603e-08
1.472037671033810306e-08
1.479058437936145636e-08
1.486316298040244635e-08
1.493817949664579632e-08
1.501570105156181800e-08
1.509579735128339958e-08
1.517854123038843439e-08
1.526400763889155682e-08
1.535227285555679344e-08
1.544341269673776733e-08
1.553750299853623472e-08
1.563461967014916290e-08
1.573483805181888457e-08
1.583823487220450105e-08
1.594488939631605452e-08
1.605488224628709413e-08
1.616829376080347817e-08
1.628520302795655579e-08
1.640568633648268418e-08
1.652981858374716311e-08
1.665766503503194110e-08
1.678928615563266327e-08
1.692474742514313730e-08
1.706412003348426293e-08
1.720746981273499878e-08
1.735484455635869103e-08
1.750627974249053385e-08
1.766181041012589710e-08
1.782148034072995032e-08
1.798533243423124043e-08
1.815339551464134087e-08
1.832569200770288375e-08
1.850222397456200358e-08
1.868297603378140595e-08
1.886806394076714597e-08
1.905760784694681934e-08
1.925138114099442151e-08
1.944918139902593783e-08
1.965102049866090046e-08
1.985696259786219974e-08
2.006703689559784121e-08
2.028108927803057107e-08
2.049903310439396299e-08
2.072087218453578203e-08
2.094649107725871431e-08
2.117581756981427884e-08
2.140881573840935335e-08
2.164539491457510247e-08
2.188552715969825813e-08
2.212916654572778268e-08
2.237627186728265789e-08
2.262682939139175629e-08
2.288081778792101871e-08
2.313821893593094945e-08
2.339903145659638907e-08
2.366321876343189539e-08
2.393068081561684092e-08
2.420122708194658532e-08
2.447496455523229481e-08
2.475112906332359667e-08
2.502909206711307884e-08
2.530862393124768010e-08
2.558921982679848360e-08
2.587029554141030849e-08
2.615140227328175312e-08
2.643205847061018532e-08
2.671183106500152043e-08
2.699025835432693971e-08
2.726698669250545179e-08
2.754167987439047327e-08
2.781457693589151605e-08
2.808503509162546727e-08
2.835273713897723329e-08
2.861772824151189487e-08
2.887967051203897561e-08
2.913809708402012666e-08
2.939251948421446693e-08
2.964212651430979178e-08
2.988649876229938467e-08
3.012434435302139171e-08
3.035447050654724154e-08
3.057653484115637837e-08
3.078994409387764931e-08
3.099411827737467377e-08
3.118882323728863906e-08
3.137345320257248998e-08
3.154695481700192656e-08
3.170932492656134743e-08
3.186009985789193333e-08
3.199903056639022965e-08
3.212535758763255761e-08
3.223791377475067861e-08
3.233617805399767177e-08
3.241936904964725049e-08
3.248680396228932761e-08
3.253701980800192536e-08
3.256997053303213958e-08
3.258585613486216240e-08
3.258401565806097930e-08
3.256383283446253397e-08
3.252557617061468348e-08
3.246834543908596896e-08
3.239104029991431727e-08
3.229372271654856257e-08
3.217556076709122352e-08
3.203621694014615997e-08
3.187638123342767494e-08
3.169505939732728283e-08
3.149294340247902852e-08
3.126939425276582832e-08
3.102467558256011840e-08
3.075844946643637825e-08
3.047087274483764221e-08
3.016181766583053753e-08
2.983206913559677723e-08
2.948172297065957274e-08
2.911140661078391294e-08
2.872136819020269528e-08
2.831199467158685117e-08
2.788399727598781126e-08
2.743797744786765495e-08
2.697470683155491958e-08
2.649519208227419118e-08
2.600028071650508849e-08
2.549082889222787033e-08
2.496788495142955126e-08
2.443254858347515434e-08
2.388602595218055441e-08
2.332950514512222979e-08
2.276437243115974559e-08
2.219178979404536529e-08
2.161313191844793131e-08
2.102974130986940188e-08
2.044309141322375182e-08
1.985458573499115942e-08
1.926554282343666557e-08
1.867739380037338491e-08
1.809150562950021735e-08
1.750919742170882070e-08
1.693182434087136225e-08
1.636054343535155211e-08
1.579655443490290514e-08
1.524096696478507839e-08
1.469478116783523570e-08
1.415893680576706945e-08
1.363418203460798445e-08
1.312130329733444975e-08
1.262082472623801983e-08
1.213328466225585613e-08
1.165893832490689849e-08
1.119814770101994961e-08
1.075093550163435411e-08
1.031736436098772646e-08
9.897343302561978002e-09
9.490671966377411054e-09
9.097132886240258818e-09
8.716372651440196490e-09
8.348031691612811994e-09
7.991715069661552792e-09
7.646996602167060500e-09
7.313463246546757821e-09
6.990715111237032436e-09
6.678382404258940171e-09
6.376148218760640335e-09
6.083731840572717489e-09
5.800925204434701654e-09
5.527576063603112182e-09
5.263593421488502364e-09
5.008940661050559410e-09
4.763632464506957899e-09
4.527721557971507130e-09
4.301278324639348159e-09
4.084375688528053963e-09
3.877065949594029768e-09
3.679359292840220111e-09
3.491207311996236827e-09
3.312488594980987720e-09
3.143002100469802451e-09
2.982464417790613302e-09
2.830518302888279509e-09
2.686744012671240455e-09
2.550677506136479652e-09
2.421834247428942549e-09
2.299733730943490218e-09
2.183922003379483883e-09
2.073990221383178269e-09
1.969587021108401735e-09
1.870421310484884676e-09
1.776257568914703216e-09
1.686903840095120787e-09
1.602194523144465370e-09
1.521973020699276651e-09
1.446075679590365708e-09
1.374321797425577589e-09
1.306510890918023970e-09
1.242426533611017332e-09
1.181845945932106031e-09
1.124550562340270165e-09
1.070335305490146823e-09
1.019013683312644976e-09
9.704183048531856181e-10
9.243974515204579995e-10
8.808101338246220130e-10
8.395216956272922260e-10
8.004016545132285876e-10
7.633236098277637907e-10
7.281663883605638285e-10
6.948151070544808913e-10
6.631614171862885166e-10
6.331032408769644513e-10
6.045443402840457170e-10
5.773941495793175382e-10
5.515677786100760343e-10
5.269859210143487127e-10
5.035744115805423335e-10
4.812636210307263384e-10
4.599880622686406674e-10
4.396862722187889900e-10
4.203008919443267219e-10
4.017785775207783154e-10
3.840697187573750509e-10
3.671280869783551040e-10
3.509106059296844076e-10
3.353772289007441226e-10
3.204908313308665239e-10
3.062170215395487779e-10
2.925239427492236502e-10
2.793821083765172322e-10
2.667642526846940123e-10
2.546451707093824786e-10
2.430015795149225175e-10
2.318119833618323096e-10
2.210565362099365274e-10
2.107169126070904679e-10
2.007761832117566121e-10
1.912186970257472928e-10
1.820299660154188375e-10
1.731965583652252341e-10
1.647059981979171488e-10
1.565466698830853570e-10
1.487077261876520113e-10
1.411790034574816698e-10
1.339509410392267728e-10
1.270145069992934392e-10
1.203611285838373017e-10
1.139826281922819674e-10
1.078711645703501035e-10
1.020191795407931955e-10
9.641935033406061382e-11
9.106454749266238928e-11
8.594779781882717329e-11
8.106225214167769575e-11
7.640115797935557405e-11
7.195783704077773082e-11
6.772566727654663608e-11
6.369806953439770875e-11
5.986849806990480866e-11
5.623043466625985679e-11
5.277738633633730541e-11
4.950288587239300111e-11
4.640049510474317727e-11
4.346381072784336184e-11
4.068647203545076017e-11
3.806217016701574786e-11
3.558465863941737515e-11
3.324776460103884547e-11
3.104540028787142180e-11
2.897157483959186816e-11
2.702040598006460401e-11
2.518613126356535830e-11
2.346311877894751307e-11
2.184587704724754734e-11
2.032906395937032144e-11
1.890749475329875000e-11
1.757614896963823445e-11
1.633017535740985115e-11
1.516489654516380147e-11
1.407581191684966975e-11
1.305859955082646234e-11
1.210911689876625510e-11
1.122340037566766424e-11
1.039766433790147545e-11
9.628298968273773875e-12
8.911867287738412719e-12
8.245101802991119331e-12
7.624900518724225377e-12
7.048322236477199735e-12
6.512581740756534035e-12
6.015044588000179322e-12
5.553221701340385408e-12
5.124763837842917113e-12
4.727456043051860846e-12
4.359211979515166071e-12
4.018068265397664041e-12
3.702178960240151139e-12
3.409809998545873016e-12
3.139333810958365451e-12
2.889223942766992107e-12
2.658049919287901781e-12
2.444472127089913417e-12
2.247236932534798971e-12
2.065171928330530529e-12
1.897181408519334472e-12
1.742242019709110478e-12
1.599398672060475433e-12
1.467760646523311589e-12
1.346498105178419106e-12
1.234837843240072015e-12
1.132060098697493642e-12
1.037495471559721688e-12
9.505214987113284680e-13
8.705595971489432436e-13
7.970722002917979708e-13
7.295601012478537846e-13
6.675600000615784418e-13
6.106422303894139799e-13
5.584086177339886049e-13
5.104904550203995935e-13
4.665465598473498154e-13
4.262614078695488031e-13
3.893436234431873782e-13
3.555235593814551982e-13
3.245520584263890239e-13
2.961991477144960337e-13
2.702524312922950862e-13
2.465157789043364941e-13
2.248081191302198015e-13
2.049623397673949587e-13
1.868242891834421285e-13
1.702521387103926336e-13
1.551148955057742601e-13
1.412919604466565507e-13
1.286726585497361719e-13
1.171553566486719472e-13
1.066467895765508785e-13
9.706140456193554101e-14
8.832112790714378381e-14
8.035354700449979360e-14
7.309253239800611862e-14
6.647738413960217934e-14
6.045234504188322356e-14
5.496647713045614448e-14
4.997263755162016319e-14
4.542755667691435473e-14
4.129176026875652823e-14
3.752923307963905322e-14
3.410717894774667007e-14
3.099509054980315320e-14
2.816542247759615346e-14
2.559320687671582510e-14
2.325544342170636614e-14
2.113088163806140551e-14
1.920039833489150763e-14
1.744669349998430765e-14
1.585340442008707368e-14
1.440605174233586403e-14
1.309149644318335321e-14
1.189732351370549028e-14
1.081278558065973259e-14
9.827709084912470232e-15
8.932968953816518402e-15
8.120442810104628355e-15
7.382368679265723863e-15
6.712212492934024376e-15
6.103455800699593354e-15
5.550761796585304308e-15
5.048754242278255413e-15
4.592970243417921429e-15
4.179087751019658969e-15
3.803255576134384551e-15
3.462126894293618329e-15
3.152377209333439621e-15
2.871190276148369639e-15
2.616036176714168028e-15
2.384437525690862491e-15
2.174255172472461294e-15
1.983546587373428332e-15
1.810599920642239166e-15
1.653730631162105550e-15
1.511478328306264523e-15
1.382514828349002452e-15
1.265632061273765462e-15
1.159731095647345780e-15
1.063812191947956543e-15
9.769657738319468205e-16
8.983642483653720239e-16
8.272751795790853023e-16
7.630221672579447621e-16
7.049558018259116386e-16
6.525077962793171566e-16
6.052234469186694385e-16
5.625768756900180471e-16
5.241799919822032105e-16
