# bin_4_1
1.256211641003913141e-08
1.260850184399874325e-08
1.265648175252201894e-08
1.270610267686714415e-08
1.275741171751490119e-08
1.281045564180395772e-08
1.286528113096539208e-08
1.292193514030852183e-08
1.298046536556724932e-08
1.304092245085368848e-08
1.310335913827831581e-08
1.316782944998005693e-08
1.323438984287152353e-08
1.330309710156689143e-08
1.337400842967404292e-08
1.344718215824029276e-08
1.352267938237465398e-08
1.360056343989161416e-08
1.368089584188163185e-08
1.376373550131680545e-08
1.384914142856945934e-08
1.393717719927446787e-08
1.402790692106526773e-08
1.412139291462928870e-08
1.421769265557112508e-08
1.431685895085414401e-08
1.441894212147079266e-08
1.452399089145611958e-08
1.463205527458228431e-08
1.474318402675875596e-08
1.485741919584882048e-08
1.497479693850591913e-08
1.509534323601995438e-08
1.521906859566526342e-08
1.534598115175623383e-08
1.547610330228580832e-08
1.560946040037382495e-08
1.574606268903689159e-08
1.588590449728407333e-08
1.602897332304600350e-08
1.617527588358357953e-08
1.632483407299617009e-08
1.647763016393696177e-08
1.663357901902623610e-08
1.679270715907797173e-08
1.695517291341951897e-08
1.712072954374558207e-08
1.728900712586870793e-08
1.745994084902922482e-08
1.763351995593471247e-08
1.780971836882993687e-08
1.798837399086009308e-08
1.816932527769407711e-08
1.835248289851566201e-08
1.853775939865983145e-08
1.872502791425583040e-08
1.891419879164992307e-08
1.910516561788589596e-08
1.929783592479837924e-08
1.949213150773393425e-08
1.968796352627569056e-08
1.988529838097527758e-08
2.008410294063418327e-08
2.028433118350067620e-08
2.048597482220810953e-08
2.068896363899956657e-08
2.089309869295116775e-08
2.109825268761331531e-08
2.130431466996041935e-08
2.151021865316990145e-08
2.171551979325576468e-08
2.191984947870646892e-08
2.212254942278768198e-08
2.232304752411989947e-08
2.252085821190483773e-08
2.271551827613240490e-08
2.290657282716009893e-08
2.309364252016020642e-08
2.327644181460437464e-08
2.345497294777073608e-08
2.362931941806850508e-08
2.379872425810948931e-08
2.396325068665088954e-08
2.412282901090579613e-08
2.427699002749278999e-08
2.442529687202614037e-08
2.456709620609940330e-08
2.470175368919091099e-08
2.482873782371293483e-08
2.494644296095543010e-08
2.505450579412998192e-08
2.515261718927734445e-08
2.524031737603283710e-08
2.531722974932476976e-08
2.538339655692648245e-08
2.543773669541464966e-08
2.548017912977158653e-08
2.551078119757957259e-08
2.552921912455188710e-08
2.553553296035615271e-08
2.552847018716283157e-08
2.550765836326526582e-08
2.547250596949054215e-08
2.542281926731688206e-08
2.535736391252181565e-08
2.527606781383110100e-08
2.517945930293335369e-08
2.506772574291262152e-08
2.494026704208007013e-08
2.479742104111237744e-08
2.463937276412459072e-08
2.446497517844509903e-08
2.427430846742801662e-08
2.406759738226397205e-08
2.384424062153199994e-08
2.360551148317835369e-08
2.335116216834713038e-08
2.308164439351846778e-08
2.279749304775000728e-08
2.249858217213218358e-08
2.218567628499902532e-08
2.185864627469263958e-08
2.151825029210038203e-08
2.116509321896716330e-08
2.080004051845627781e-08
2.042390999510076727e-08
2.003716516404129980e-08
1.964056614945579472e-08
1.923500491983706802e-08
1.882114207032336447e-08
1.840007515652196439e-08
1.797288592878312574e-08
1.754046246186260005e-08
1.710366439702058582e-08
1.666354044894042741e-08
1.622104741445151236e-08
1.577727971048696379e-08
1.533314200012522653e-08
1.488978915719982417e-08
1.444800699750806082e-08
1.400876526213513864e-08
1.357286716068189942e-08
1.314126705659492402e-08
1.271475624104116339e-08
1.229395642109547642e-08
1.187955676374402905e-08
1.147215845504209942e-08
1.107222794130753334e-08
1.068027652512137840e-08
1.029659206134370939e-08
9.921445918436361796e-09
9.555083379022977909e-09
9.197628991860645242e-09
8.849160670885716008e-09
8.509657434639618921e-09
8.179120652726085771e-09
7.857466650251313524e-09
7.544584837559929761e-09
7.240324527296882317e-09
6.944581392948710503e-09
6.657183588789042767e-09
6.378003892076887417e-09
6.106930971461880952e-09
5.843841674859038985e-09
5.588712314602837813e-09
5.341457998053614304e-09
5.102075642288885931e-09
4.870589816069457609e-09
4.646993945414972518e-09
4.431316742826664245e-09
4.223591057807107447e-09
4.023818842749449580e-09
3.832001803902514629e-09
3.648100510333123255e-09
3.472056091896127772e-09
3.303763624432096350e-09
3.143076928427128928e-09
2.989812860874245493e-09
2.843753260624240403e-09
2.704643057640826984e-09
2.572204567975061197e-09
2.446141447844708163e-09
2.326145055791210531e-09
2.211904678988160358e-09
2.103112602802335498e-09
1.999472785035906072e-09
1.900709350182725794e-09
1.806573765435032915e-09
1.716847458967766874e-09
1.631345493782344693e-09
1.549915382467506087e-09
1.472431498219324277e-09
1.398785429542091834e-09
1.328874985470314175e-09
1.262592943475268801e-09
1.199817602092760290e-09
1.140409316502720555e-09
1.084211916130193696e-09
1.031057639611460431e-09
9.807753031836460719e-10
9.331959774073195442e-10
8.881577181104065366e-10
8.455066123897168323e-10
8.050970688682920362e-10
7.667915556129904601e-10
7.304607926799053134e-10
6.959854859286725104e-10
6.632573103696365688e-10
6.321794835250001355e-10
6.026656718221232692e-10
5.746378018071800666e-10
5.480231422263197717e-10
5.227512006516458029e-10
4.987514100065866676e-10
4.759521027484017213e-10
4.542810787194853893e-10
4.336674025605745622e-10
4.140435723789341460e-10
3.953473664717804219e-10
3.775228669206452417e-10
3.605204333006424099e-10
3.442955750322746497e-10
3.288072224751268946e-10
3.140161407939802579e-10
2.998840950263506087e-10
2.863739437173110944e-10
2.734503886680388830e-10
2.610808460226081664e-10
2.492358186150642193e-10
2.378885898344028025e-10
2.270145447428275117e-10
2.165905758405455774e-10
2.065948354208649593e-10
1.970068489024364607e-10
1.878076891915987589e-10
1.789799881742773438e-10
1.705077390356604360e-10
1.623760627476950187e-10
1.545710568884204167e-10
1.470797481429430469e-10
1.398900713246315454e-10
1.329908002364826596e-10
1.263714452511320851e-10
1.200221501518892595e-10
1.139336279370267027e-10
1.080971156373507291e-10
1.025043179859254246e-10
9.714734302162876286e-11
9.201864568350444120e-11
8.711098555612129692e-11
8.241738855241551404e-11
7.793110834195606697e-11
7.364559296456426226e-11
6.955445781271008531e-11
6.565146098321364660e-11
6.193048375164715835e-11
5.838551433553556617e-11
5.501063510729027307e-11
5.180001322663197744e-11
4.874789437664536231e-11
4.584859912480587776e-11
4.309652174464695440e-11
4.048613064635823521e-11
3.801197063324290893e-11
3.566866673958690020e-11
3.345092903782533903e-11
3.135355814731567056e-11
2.937145122718021981e-11
2.749960790307528807e-11
2.573313629944739067e-11
2.406725907491168479e-11
2.249731904224465019e-11
2.101878414888135757e-11
1.962725210416843251e-11
1.831845442638929820e-11
1.708825944271245905e-11
1.593267463391175841e-11
1.484784812483178195e-11
1.383006947652602661e-11
1.287576990009505884e-11
1.198152190791316669e-11
1.114403827361343250e-11
1.036016988264336434e-11
9.626904408729031644e-12
8.941363655757998455e-12
8.300800524052282685e-12
7.702595975885887833e-12
7.144255759760454220e-12
6.623406774715308609e-12
6.137793112420127413e-12
5.685272473036092969e-12
5.263812309964010943e-12
4.871485760184784729e-12
4.506467759998425895e-12
4.167031291222726551e-12
3.851543367958610389e-12
3.558461234351947360e-12
3.286328579595009889e-12
3.033771757872924637e-12
2.799496155535094554e-12
2.582282607220091683e-12
2.380983891519461277e-12
2.194521256353085709e-12
2.021881176750187893e-12
1.862112005193283408e-12
1.714320939872712501e-12
1.577670927701940649e-12
1.451377791275173108e-12
1.334707359598203728e-12
1.226972809019304539e-12
1.127532050429926432e-12
1.035785229942117840e-12
9.511723000331059956e-13
8.731707120696952449e-13
8.012931771615000109e-13
7.350859850710734500e-13
6.741256514285611020e-13
6.180183177072175324e-13
5.663975627119032321e-13
5.189226643430107057e-13
4.752769981863711208e-13
4.351665227600997286e-13
3.983183500774281441e-13
3.644793958709109637e-13
3.334150993979450989e-13
3.049082076621293646e-13
2.787576101851942779e-13
2.547772151561422340e-13
2.327948714246529113e-13
2.126516781705729029e-13
1.942001382530755736e-13
1.773039071354129816e-13
1.618370720048226711e-13
1.476832785087750818e-13
1.347350768706223797e-13
1.228933246056601165e-13
1.120666278939007425e-13
1.021708105455674561e-13
9.312867379603597594e-14
8.486887791890611718e-14
7.732572629908422697e-14
7.043904787953329905e-14
6.415355967884402174e-14
5.841846802929776707e-14
5.318709722435901867e-14
4.841692965583256547e-14
4.406819700455806811e-14
4.010459550239085768e-14
3.649285624147031150e-14
3.320244859272108658e-14
3.020560593544421833e-14
2.747666219681596004e-14
2.499191753788185610e-14
2.272991317545208240e-14
2.067106081716033437e-14
1.879778448119439923e-14
1.709324937688048893e-14
1.554246952175661297e-14
1.413188215468012479e-14
1.284913166182485329e-14
1.168248437764192088e-14
1.062153319161766171e-14
9.657199510206876513e-15
8.780386340741842966e-15
7.983254345787723083e-15
7.258962200252586479e-15
6.600571479239442258e-15
6.002318592447605373e-15
5.458790586018231279e-15
4.964853467721891556e-15
4.516338160356821387e-15
4.108764726224363469e-15
3.738751827359604380e-15
3.402580015685356201e-15
3.097454820454916552e-15
2.820264169826130952e-15
2.568765075963798529e-15
2.340354891536029489e-15
2.133075532497098528e-15
1.944967252461353931e-15
1.774209248052777347e-15
1.619355280520877964e-15
1.478872976763774817e-15
1.351431681977521689e-15
1.235859947311007602e-15
1.131155499922120147e-15
1.036251082346940305e-15
9.502618292636950288e-16
8.723821111031765203e-16
8.018783009521216219e-16
7.380822208170877776e-16
6.803851953207863185e-16
6.282327017423273625e-16
5.811195304264865550e-16
5.385853841743696805e-16
5.002108473797604819e-16
4.656142090434075626e-16
4.344950174697444921e-16
4.064891617670946035e-16
3.813067196469012010e-16
