# bin_1_1
1.090636174986668713e-08
1.094462130079745153e-08
1.098412289044523220e-08
1.102489530121426723e-08
1.106696747766177613e-08
1.111036831127952897e-08
1.115512628186325131e-08
1.120126928174827335e-08
1.124882521145842270e-08
1.129782323036797532e-08
1.134829268671930501e-08
1.140026302259546146e-08
1.145376551177576228e-08
1.150883343440275487e-08
1.156550001225541223e-08
1.162379704498448239e-08
1.168375564909227148e-08
1.174540510767545560e-08
1.180877521416246156e-08
1.187389985222683935e-08
1.194081848992353483e-08
1.200957187300843208e-08
1.208019473922571413e-08
1.215271568812212487e-08
1.222716000635353519e-08
1.230355261146250001e-08
1.238191987668930976e-08
1.246228504602439964e-08
1.254466740524573198e-08
1.262908283098793115e-08
1.271554421182845922e-08
1.280404950620295224e-08
1.289457223950917844e-08
1.298708733639711704e-08
1.308159432228133964e-08
1.317809206715793051e-08
1.327655635117306327e-08
1.337696154262970801e-08
1.347930132241655776e-08
1.358357596302154741e-08
1.368977644791301955e-08
1.379788840513106060e-08
1.390792290951887993e-08
1.401988535073007109e-08
1.413377299360527990e-08
1.424962103720866365e-08
1.436745105696099077e-08
1.448720488541885564e-08
1.460877764287289413e-08
1.473212984609026800e-08
1.485718610472577720e-08
1.498381976011429302e-08
1.511191934957707234e-08
1.524134567398513662e-08
1.537199950775842321e-08
1.550374160423743923e-08
1.563641207404007057e-08
1.576985683917465072e-08
1.590390094526404228e-08
1.603837153903434412e-08
1.617302552036379552e-08
1.630756391430124585e-08
1.644178414242777934e-08
1.657524050445341478e-08
1.670807633148119970e-08
1.683967620132671491e-08
1.696875422648328813e-08
1.709516453340490127e-08
1.721878919437410229e-08
1.733908533558429716e-08
1.745579774036381420e-08
1.756869819344470261e-08
1.767755214117379746e-08
1.778218441043853219e-08
1.788233977990692269e-08
1.797800894728893469e-08
1.806908381315757301e-08
1.815563320854102310e-08
1.823777812065314612e-08
1.831567455602320630e-08
1.838942759474174262e-08
1.845904520985055103e-08
1.852447048842240004e-08
1.858538265346235739e-08
1.864142259535372022e-08
1.869209675522383727e-08
1.873492671138338510e-08
1.876927910257438672e-08
1.879438112695320393e-08
1.880920520203626632e-08
1.881320604193071560e-08
1.880604906037859184e-08
1.878779888012630052e-08
1.875877884077838133e-08
1.871951998867099792e-08
1.867044436764143275e-08
1.861259609665578614e-08
1.854479956997758615e-08
1.846741525175331854e-08
1.838050325516963291e-08
1.828350738764013356e-08
1.817607786352681435e-08
1.805784731506987875e-08
1.792871941102922708e-08
1.778856600684727071e-08
1.763577358231669882e-08
1.747079086045261329e-08
1.729377496865293880e-08
1.710467731367121898e-08
1.690413732057253716e-08
1.669327443487269463e-08
1.647178188353776428e-08
1.624108648961340647e-08
1.600185600510899871e-08
1.575454364693856360e-08
1.549901610596356411e-08
1.523408997412046161e-08
1.496024453209674170e-08
1.467780280995919748e-08
1.438739213650797961e-08
1.408902450234723169e-08
1.378463282419450130e-08
1.347609166344667084e-08
1.316335853021311625e-08
1.284674098083829922e-08
1.252777521577432193e-08
1.220556938671142812e-08
1.188017686736494350e-08
1.155351401763708482e-08
1.122539385493727919e-08
1.089755367913315248e-08
1.057120991673975818e-08
1.024615888574859019e-08
9.924122928452565802e-09
9.604349297179631762e-09
9.288424579798709110e-09
8.975654553121313434e-09
8.667415692875031107e-09
8.363957605270180469e-09
8.066607276853745339e-09
7.775371222945152437e-09
7.490251253196314648e-09
7.211594134818056069e-09
6.939556216549019944e-09
6.674308975702117073e-09
6.416295487595558251e-09
6.165632564835422996e-09
5.922190503893992803e-09
5.685830453181616366e-09
5.456565374527749024e-09
5.234264734330921909e-09
5.018933820759507534e-09
4.810356618158377244e-09
4.608536864443626206e-09
4.413079494810737095e-09
4.223849923352698787e-09
4.040692342010388150e-09
3.863582944853809267e-09
3.692338573931086660e-09
3.526711834622550993e-09
3.366655876928875548e-09
3.212134913869435416e-09
3.063010447222982518e-09
2.919341937693586288e-09
2.780982412215015382e-09
2.647930735492600988e-09
2.520219038393934204e-09
2.397798466453434731e-09
2.280630474362514607e-09
2.168620050748634353e-09
2.061768147576969853e-09
1.959928763809502692e-09
1.863005726782912581e-09
1.770791424873100033e-09
1.683215967491144805e-09
1.600002933899712888e-09
1.521003001354604976e-09
1.446009015715833324e-09
1.374799525544155081e-09
1.307233196857790279e-09
1.243071865709294000e-09
1.182176797822189742e-09
1.124394893442632392e-09
1.069554161766615647e-09
1.017525825161122803e-09
9.681727850832173435e-10
9.213576599948940513e-10
8.769632425416973049e-10
8.348557164900839710e-10
7.949283667361040612e-10
7.570693637936453955e-10
7.211732934783277458e-10
6.871409641880141004e-10
6.548790669987687181e-10
6.242937118224813479e-10
5.952929711216139122e-10
5.677879315540253982e-10
5.416912124163943654e-10
5.169206292949310194e-10
4.933995681336957869e-10
4.710568040958128633e-10
4.498269340262005710e-10
4.296488525801749113e-10
4.104642364545229637e-10
3.922169778757548523e-10
3.748534551356391518e-10
3.583226432988785183e-10
3.425765172693628300e-10
3.275696581268027901e-10
3.132591412400273420e-10
2.996043161524321857e-10
2.865666909219104876e-10
2.741100551112149343e-10
2.622004970717768456e-10
2.508063538761754953e-10
2.398982178853996180e-10
2.294489123796807208e-10
2.194333064159890467e-10
2.098283631336283712e-10
2.006127854236809705e-10
1.917669333658974575e-10
1.832727024016856521e-10
1.751132216751149549e-10
1.672728532789929441e-10
1.597369508438070651e-10
1.524917803944012169e-10
1.455244824212681138e-10
1.388230641349085081e-10
1.323764514257661327e-10
1.261744898212303556e-10
1.202079250733839245e-10
1.144682913417869535e-10
1.089478230375403508e-10
1.036392865317715182e-10
9.853587789364940322e-11
9.363115542675985386e-11
8.891898295587811115e-11
8.439356841047596833e-11
8.004944792565117328e-11
7.588147043927074493e-11
7.188474118647845172e-11
6.805455392972555813e-11
6.438633574501276294e-11
6.087561156201112358e-11
5.751799081011538069e-11
5.430917629493903488e-11
5.124494407711121764e-11
4.832111883322124766e-11
4.553355741613695788e-11
4.287812963558046092e-11
4.035071972922694078e-11
3.794722715044001407e-11
3.566356431389469116e-11
3.349565349700603488e-11
3.143942632413310276e-11
2.949083082330514280e-11
2.764583640517552370e-11
2.590044016574480088e-11
2.425067193501171875e-11
2.269260269032626289e-11
2.122235199722347405e-11
1.983609603740300176e-11
1.853007565880181529e-11
1.730060396671686041e-11
1.614407369030278841e-11
1.505696334721798885e-11
1.403584380330823522e-11
1.307738322080062941e-11
1.217835202027794704e-11
1.133562624111252279e-11
1.054619087773924820e-11
9.807141865070187910e-12
9.115687670444155128e-12
8.469149534915157371e-12
7.864961584177022568e-12
7.300670000794761262e-12
6.773931858686172977e-12
6.282513498922134443e-12
5.824288682151118221e-12
5.397236204863862755e-12
4.999437351550577155e-12
4.629073247037175606e-12
4.284420317337579831e-12
3.963847984578801536e-12
3.665814922520689009e-12
3.388865590863240595e-12
3.131626526120160139e-12
2.892803066025007263e-12
2.671176190598810177e-12
2.465598753160714475e-12
2.274991958489267887e-12
2.098342134187005680e-12
1.934697414403752087e-12
1.783164521895255153e-12
1.642905959016847863e-12
1.513136943701154344e-12
1.393122456351778788e-12
1.282174554540564200e-12
1.179649952278992345e-12
1.084947223925558977e-12
9.975043725182588815e-13
9.167967411207777762e-13
8.423348661767107763e-13
7.736620791974286027e-13
7.103525557063911376e-13
6.520097666278568631e-13
5.982644652507800076e-13
5.487728708765847562e-13
5.032152532237837997e-13
4.612944665547082958e-13
4.227342817110067836e-13
3.872782218777668193e-13
3.546881880677378570e-13
3.247432507792186224e-13
2.972384764645742482e-13
2.719838954174245035e-13
2.488034459548504568e-13
2.275340247173109165e-13
2.080246507564086464e-13
1.901355646014996008e-13
1.737375539418788979e-13
1.587111470041236488e-13
1.449460133772724457e-13
1.323402698861331753e-13
1.207999275276504242e-13
1.102383017318302018e-13
1.005755735613186923e-13
9.173880217772134694e-14
8.365929623252945637e-14
7.627456664323192945e-14
6.952703777416858382e-14
6.336366912732843239e-14
5.773559926196596975e-14
5.259782436511107242e-14
4.790891381883432649e-14
4.363075413559354218e-14
3.972831394828254938e-14
3.616942558993122683e-14
3.292457865886628628e-14
2.996672273477714506e-14
2.727107715760776856e-14
2.481494833020989790e-14
2.257792108141361869e-14
2.054101349948723156e-14
1.868630903036955678e-14
1.699784746719324035e-14
1.546101015854922398e-14
1.406241053995430165e-14
1.278979636246568923e-14
1.163196134070716365e-14
1.057866428223419906e-14
9.620553566219108655e-15
8.749685704404703053e-15
7.957816785164383812e-15
7.237659629821156772e-15
6.582755429089494904e-15
5.987220129803842110e-15
5.445694553974236585e-15
4.953298608787694829e-15
4.506127876939076218e-15
4.099744048182531424e-15
3.730262384343806131e-15
3.394340863720968235e-15
3.088939157104844004e-15
2.811439804869050885e-15
2.559709062945888349e-15
2.330867382797666827e-15
2.122838986956031282e-15
1.933735725633543780e-15
1.762277597984257009e-15
1.606641345987083671e-15
1.465174305787083913e-15
1.336589455656031314e-15
1.220209590951335522e-15
1.114555326408490206e-15
1.018528492233778852e-15
9.315096813428060168e-16
8.527474418105613737e-16
7.811663353208762729e-16
7.163669274518543437e-16
6.577687961214398876e-16
6.045158065508122619e-16
5.565275708386231747e-16
5.130232971977838372e-16
4.736703313691178025e-16
4.382068182008301973e-16
4.060524356038434571e-16
3.772090293267881221e-16
3.510498020224384395e-16
3.276462738410793061e-16
3.064722165580540525e-16
2.875295948441547439e-16
2.704921907977461744e-16
2.551995851032269471e-16
2.415855984371681861e-16
2.293623145549300720e-16
2.184826461538947958e-16
2.088375507383939772e-16
2.002467072659740104e-16
1.926236968098493210e-16
