# bin_4_4
1.732718893180519306e-08
1.740062265513986980e-08
1.747667740056028053e-08
1.755543722782727672e-08
1.763698799390430475e-08
1.772141639765434149e-08
1.780881030610465076e-08
1.789925918743821377e-08
1.799285462468805674e-08
1.808969276581016346e-08
1.818987346386353015e-08
1.829349941192229724e-08
1.840067733347569680e-08
1.851151565650294579e-08
1.862612478084355339e-08
1.874461789193088528e-08
1.886711277247662625e-08
1.899373126414279901e-08
1.912459481137430325e-08
1.925982374945869729e-08
1.939954027378808143e-08
1.954387347407518077e-08
1.969295498514883429e-08
1.984691634034159228e-08
2.000588566351816745e-08
2.016998791866610053e-08
2.033934724637877536e-08
2.051408823463243685e-08
2.069433919332821808e-08
2.088022959853321961e-08
2.107188396229815433e-08
2.126942260897218900e-08
2.147295706193179924e-08
2.168258383124277983e-08
2.189839921114552767e-08
2.212051807153909435e-08
2.234906093907185476e-08
2.258413346982464330e-08
2.282582508314057107e-08
2.307421943554294753e-08
2.332942388783227025e-08
2.359156429863985253e-08
2.386072412323089844e-08
2.413691716235291896e-08
2.442027744964246233e-08
2.471107821523928127e-08
2.500917046495285597e-08
2.531427899886617410e-08
2.562644964604949711e-08
2.594578251297691336e-08
2.627236504409265988e-08
2.660614669169059249e-08
2.694706922589733281e-08
2.729515465183653061e-08
2.765043049086191014e-08
2.801287294807497450e-08
2.838250393825678483e-08
2.875932349579075433e-08
2.914334585711570561e-08
2.953460042371059735e-08
2.993309903848104682e-08
3.033891175240672042e-08
3.075210502309731799e-08
3.117272515951406416e-08
3.160085936271426915e-08
3.203651880095480109e-08
3.247958068791160306e-08
3.292998878640341469e-08
3.338769933470561928e-08
3.385166207200222339e-08
3.432147115132866437e-08
3.479679664639004421e-08
3.527699411575063583e-08
3.576150434104578595e-08
3.624984695372857984e-08
3.674155477579847148e-08
3.723615556464207208e-08
3.773324164200467691e-08
3.823248665863220370e-08
3.873384681555957711e-08
3.923734606288059629e-08
3.974210261786572057e-08
4.024808429687993715e-08
4.075510086261075874e-08
4.126252388198924966e-08
4.176974464477576049e-08
4.227590725999663840e-08
4.278015657402002734e-08
4.328172441321347728e-08
4.377866660021020386e-08
4.427033487139525524e-08
4.475610343348958873e-08
4.523515555244961285e-08
4.570673378982430016e-08
4.617050619190615192e-08
4.662489588177141473e-08
4.706937235715443556e-08
4.750350867310254184e-08
4.792643287522158886e-08
4.833763237240354191e-08
4.873516754293685922e-08
4.911803064248709652e-08
4.948494519793652035e-08
4.983504004237314950e-08
5.016625381967072441e-08
5.047774389158518413e-08
5.076926660905319912e-08
5.104016588321217496e-08
5.128888174741187568e-08
5.151486924480912789e-08
5.171740064635289647e-08
5.189424771888502561e-08
5.204452388560014801e-08
5.216745602124667631e-08
5.226129262700711403e-08
5.232635627042509780e-08
5.236122352120691733e-08
5.236526025875575026e-08
5.233791107390366101e-08
5.227787100942941751e-08
5.218485394131100635e-08
5.205755154021532074e-08
5.189566548388444498e-08
5.169869872050539726e-08
5.146646073954406272e-08
5.119875665662373487e-08
5.089502081910490767e-08
5.055508776755484294e-08
5.017897794894260274e-08
4.976649225000692449e-08
4.931799076966891054e-08
4.883389755641789122e-08
4.831450553347334485e-08
4.776018281538836276e-08
4.717162154390526850e-08
4.654951928477439473e-08
4.589485889268498844e-08
4.520853501550641250e-08
4.449188667711013326e-08
4.374599314545128127e-08
4.297230438496456334e-08
4.217224335271292016e-08
4.134757792075458048e-08
4.050007348338025467e-08
3.963148112768415236e-08
3.874380772411322736e-08
3.783913007954111261e-08
3.691953965828537723e-08
3.598734138439500899e-08
3.504473383103008421e-08
3.409402739598246274e-08
3.313762133092174711e-08
3.217786713070238438e-08
3.121713869032886608e-08
3.025774398824571368e-08
2.930203281612389135e-08
2.835224795572818620e-08
2.741056326560477250e-08
2.647903350079085828e-08
2.555966771215000623e-08
2.465426363817923082e-08
2.376451708491195892e-08
2.289195390574752649e-08
2.203788433270409071e-08
2.120351372214499611e-08
2.038974536960655617e-08
1.959734522759496121e-08
1.882688704463571884e-08
1.807869066526756782e-08
1.735291092378258378e-08
1.664952727803015579e-08
1.596832398862779041e-08
1.530895190255002034e-08
1.467091529578335976e-08
1.405362894627067737e-08
1.345641954632021302e-08
1.287856440168538463e-08
1.231932596749212687e-08
1.177798100500098034e-08
1.125384065451291450e-08
1.074628579617998648e-08
1.025478461874403246e-08
9.778905335147404511e-09
9.318330395955888075e-09
8.872853901057855668e-09
8.442380030932912790e-09
8.026915733419579988e-09
7.626558269735225818e-09
7.241470472096573677e-09
6.871855238869641749e-09
6.517921073974776735e-09
6.179842347346428539e-09
5.857713568150464279e-09
5.551510434207833494e-09
5.261062738389959352e-09
4.986039899414133045e-09
4.725950635787226793e-09
4.480156865825163490e-09
4.247897909494223494e-09
4.028328453500281151e-09
3.820562351411928870e-09
3.623723241125167395e-09
3.436992401072801637e-09
3.259649252803278883e-09
3.091098836225389999e-09
2.930879981608216158e-09
2.778656015551741596e-09
2.634185882386625167e-09
2.497284175015991439e-09
2.367775680204631305e-09
2.245454787224089783e-09
2.130057161257613297e-09
2.021249244800618114e-09
1.918638072092345697e-09
1.821798685818481868e-09
1.730310351350360048e-09
1.643790077461352830e-09
1.561913424384450541e-09
1.484417700760495193e-09
1.411088351526961582e-09
1.341735168766269166e-09
1.276168670216423969e-09
1.214185654048624942e-09
1.155568875436125627e-09
1.100098140661127767e-09
1.047565159424034843e-09
9.977836057593485691e-10
9.505899863219828472e-10
9.058368944544014591e-10
8.633845878015947919e-10
8.230961267228167140e-10
7.848382385828520146e-10
7.484849658976641297e-10
7.139202981166703673e-10
6.810377327621472243e-10
6.497380912301119141e-10
6.199277672970881293e-10
5.915186253247663250e-10
5.644284414713629860e-10
5.385809342742183339e-10
5.139052141674597963e-10
4.903352172281199291e-10
4.678094482798262082e-10
4.462707752866038542e-10
4.256661733104190375e-10
4.059464392701123108e-10
3.870659303683915069e-10
3.689823210064781076e-10
3.516563613665182655e-10
3.350516574558591992e-10
3.191344705693022706e-10
3.038735053407654355e-10
2.892397172178932149e-10
2.752061335088173895e-10
2.617476753766263799e-10
2.488409920581180663e-10
2.364643066027195386e-10
2.245972724100633962e-10
2.132208400703574836e-10
2.023171313380672272e-10
1.918693203496967050e-10
1.818615227032458917e-10
1.722786929820934916e-10
1.631065311318440208e-10
1.543313968479256333e-10
1.459402316195263029e-10
1.379204884737034578e-10
1.302600691934769045e-10
1.229472686235948934e-10
1.159707258405662945e-10
1.093193815845384906e-10
1.029824413939840285e-10
9.694934418586961101e-11
9.120973671285626804e-11
8.575345342656627321e-11
8.057050047186726499e-11
7.565104370550108393e-11
7.098540044392603001e-11
6.656403486361425089e-11
6.237755654382284324e-11
5.841672166631076379e-11
5.467243612267475675e-11
5.113575965706366078e-11
4.779791254445664034e-11
4.465028233318872252e-11
4.168443144654148915e-11
3.889210553630029591e-11
3.626524186769614559e-11
3.379597718046857901e-11
3.147665512916836799e-11
2.929983398339599009e-11
2.725829348981050665e-11
2.534504063617852281e-11
2.355331454360392379e-11
2.187659040286094230e-11
2.030858201901083456e-11
1.884324352925371855e-11
1.747477013376165733e-11
1.619759765100885078e-11
1.500640101203587063e-11
1.389609183671158688e-11
1.286181530073563895e-11
1.189894622869454621e-11
1.100308468038122860e-11
1.017005067749358589e-11
9.395878608453558210e-12
8.676810811380063413e-12
8.009290931436391123e-12
7.389956848681037033e-12
6.815633500199276322e-12
6.283325563155430684e-12
5.790210210291476176e-12
5.333629888809784458e-12
4.911085206288466411e-12
4.520227899354864569e-12
4.158854318684316350e-12
3.824897083033250869e-12
3.516419527689485879e-12
3.231608455850899003e-12
2.968767310298086553e-12
2.726309584354488692e-12
2.502752509752572354e-12
2.296711123737081056e-12
2.106892789544355594e-12
1.932092163758752541e-12
1.771186470343717567e-12
1.623130926030288289e-12
1.486954173623939034e-12
1.361753672287657636e-12
1.246691433849966627e-12
1.140988615809038070e-12
1.043921988307754990e-12
9.548201987790269697e-13
8.730602014519656511e-13
7.980641919946302799e-13
7.292967932759289771e-13
6.662624007727799593e-13
6.085026238292784986e-13
5.555940931985942535e-13
5.071454141147280376e-13
4.627951716868897652e-13
4.222101432334301579e-13
3.850830497256570020e-13
3.511306413843312596e-13
3.200918761988433269e-13
2.917265960910137901e-13
2.658127367175401220e-13
2.421459045845070188e-13
2.205378527001938940e-13
2.008152196018641719e-13
1.828187282105133758e-13
1.664017296703481108e-13
1.514293602209645148e-13
1.377781556399451000e-13
1.253349763627044813e-13
1.139964887309991772e-13
1.036671320725206902e-13
9.425970661466193569e-14
8.569436338168618603e-14
7.789788857137821693e-14
7.080265022948362704e-14
6.434700849722959999e-14
5.847499400271229242e-14
5.313451098440552496e-14
4.827844250989893269e-14
4.386407143499039974e-14
3.985158064936322485e-14
3.620521131308655736e-14
3.289210596835695762e-14
2.988201903716961494e-14
2.714790404085978748e-14
2.466430043973673303e-14
2.240878334429110734e-14
2.036018033149908045e-14
1.849989215734499450e-14
1.681033519953888182e-14
1.527620505810979529e-14
1.388293571597001089e-14
1.261777261793630619e-14
1.146892210551936533e-14
1.042562390974881572e-14
9.478358190160315455e-15
8.618218164947853317e-15
7.837188158588309142e-15
7.128035303869633138e-15
6.484270516864544395e-15
5.899805839001832874e-15
5.369217595358534664e-15
4.887578677618958918e-15
4.450412811272218818e-15
4.053653070351729559e-15
3.693604256792807033e-15
3.366908784152086090e-15
3.070515703680137523e-15
2.801652604314649481e-15
2.557800092056040770e-15
2.336669291988997493e-15
2.136249361761188443e-15
1.954582962222846501e-15
1.789950514544423886e-15
