# bin_4_3
2.564019659041684028e-04
2.522363721235777495e-04
2.481047096294168824e-04
2.440073677462561053e-04
2.399453950050327051e-04
2.359192815259892771e-04
2.319298936920159747e-04
2.279777943045102433e-04
2.240637764970928745e-04
2.201883530799401631e-04
2.163523127586875784e-04
2.125561126708996581e-04
2.088004954913010990e-04
2.050859246853780780e-04
2.014130325010716083e-04
1.977822962618302517e-04
1.941942777717530183e-04
1.906493946600636190e-04
1.871482051859815049e-04
1.836910626431349422e-04
1.802784486347458329e-04
1.769106969815930307e-04
1.735882208457385529e-04
1.703113163442044155e-04
1.670803182314611543e-04
1.638954616830565875e-04
1.607570372701947218e-04
1.576652165614102728e-04
1.546202373702236358e-04
1.516222100533817991e-04
1.486712849109475499e-04
1.457675342553427266e-04
1.429110336558867130e-04
1.401017825404417673e-04
1.373398032586620535e-04
1.346250411349511644e-04
1.319574599498771596e-04
1.293369303969362210e-04
1.267633356195963564e-04
1.242364949077140208e-04
1.217562342145720307e-04
1.193222983925660343e-04
1.169344323483454545e-04
1.145923556719679416e-04
1.122957530071960340e-04
1.100442572587589246e-04
1.078374945194696897e-04
1.056750291480745591e-04
1.035564701490489334e-04
1.014813186324967569e-04
9.944907637874927529e-05
9.745926906276671246e-05
9.551133704925439264e-05
9.360472649477658935e-05
9.173885201580736157e-05
8.991307692870050211e-05
8.812685560566333484e-05
8.637949911500791692e-05
8.467034102217219896e-05
8.299877195844883163e-05
8.136406251052980866e-05
7.976554898442170336e-05
7.820251176391350813e-05
7.667419218782808897e-05
7.517997283050445987e-05
7.371906007597010813e-05
7.229071438836832703e-05
7.089427035532669722e-05
6.952891905037222571e-05
6.819397947937353333e-05
6.688868570705063009e-05
6.561224733609470150e-05
6.436406430274827525e-05
6.314332619250901345e-05
6.194931251758877889e-05
6.078138090937435444e-05
5.963873170066334348e-05
5.852074723244404060e-05
5.742669247332342212e-05
5.635582113181123283e-05
5.530762197130170281e-05
5.428133587093088470e-05
5.327633480190762256e-05
5.229204772766367923e-05
5.132775362506676896e-05
5.038295467186621130e-05
4.945699407392310765e-05
4.854922742296328639e-05
4.765926839167199759e-05
4.678645261860072329e-05
4.593028202726607233e-05
4.509028483884626589e-05
4.426585045181420018e-05
4.345663308214240604e-05
4.266207671064730066e-05
4.188165876675243264e-05
4.111513375857096656e-05
4.036194140173680634e-05
3.962172352445134219e-05
3.889411398541387833e-05
3.817861652840210822e-05
3.747504825947516109e-05
3.678294587839973559e-05
3.610190621964055310e-05
3.543181445086270205e-05
3.477220881297823912e-05
3.412286896827064730e-05
3.348351414764474482e-05
3.285375202492775524e-05
3.223355024739765534e-05
3.162252015501789738e-05
3.102036955130117241e-05
3.042708825150247887e-05
2.984229289777541344e-05
2.926588531401939230e-05
2.869765151517831070e-05
2.813727901188586278e-05
2.758486192447564913e-05
2.704006249945486613e-05
2.650268778324481772e-05
2.597280477650857480e-05
2.545007513775945015e-05
2.493450929365507201e-05
2.442594141249864329e-05
2.392410916688769793e-05
2.342921064615221600e-05
2.294094096689753705e-05
2.245918941025647095e-05
2.198406567170870719e-05
2.151526263755210747e-05
2.105287710420677050e-05
2.059676491354514615e-05
2.014669876825903828e-05
1.970295331966266758e-05
1.926523734984522164e-05
1.883351392806358241e-05
1.840789586804857672e-05
1.798810781710444813e-05
1.757430862479214306e-05
1.716635662536800127e-05
1.676404817230515862e-05
1.636770803385548107e-05
1.597704513365154940e-05
1.559207953428861870e-05
1.521290580722290356e-05
1.483926713447814412e-05
1.447137848298691592e-05
1.410908167128432212e-05
1.375219096520337045e-05
1.340106023118355517e-05
1.305538803118369505e-05
1.271523563415041370e-05
1.238066577722659460e-05
1.205142616763509353e-05
1.172778911456500049e-05
1.140956477125745926e-05
1.109658108969482716e-05
1.078920246612885512e-05
1.048710464134975360e-05
1.019038339089695196e-05
9.899060785066978452e-06
9.612883946627471740e-06
9.332180561432575796e-06
9.056713355901570322e-06
8.786318185702878374e-06
8.521354150065298797e-06
8.261473675921380335e-06
8.006811092710836977e-06
7.757339289599122438e-06
7.512793494604484002e-06
7.273545427277018360e-06
7.039308654230344616e-06
6.809937798234114730e-06
6.585767317450757515e-06
6.366420647197238166e-06
6.152071134738251512e-06
5.942649776356887810e-06
5.737880923643383448e-06
5.538155006261920611e-06
5.343139008608451481e-06
5.152728266903948969e-06
4.967213354811164925e-06
4.786188752949600886e-06
4.609864905007044527e-06
4.438144700226708221e-06
4.270739826390470207e-06
4.108035585071202552e-06
3.949676400624744825e-06
3.795598825330089586e-06
3.646027081006132721e-06
3.500566554378204451e-06
3.359441234253200853e-06
3.222530404038826959e-06
3.089569083169890463e-06
2.960910109271657476e-06
2.836202749457698242e-06
2.715448439948469307e-06
2.598790731341903523e-06
2.485907371866924612e-06
2.377013214359009131e-06
2.271991855749202981e-06
2.170627463580227956e-06
2.073209170105633824e-06
1.979403341564156341e-06
1.889217662721293621e-06
1.802673800257849060e-06
1.719441985855362402e-06
1.639607608841783256e-06
1.562929416039873526e-06
1.489103718155500850e-06
1.418190230036376633e-06
1.349762062814466436e-06
1.283720052692666050e-06
1.219951978124289635e-06
1.158157462963056179e-06
1.098401444855776113e-06
1.040524820906920576e-06
9.844002509887471782e-07
9.301673704121902791e-07
8.776381793196107049e-07
8.268911939028416200e-07
7.779488663448511644e-07
7.307090742266807727e-07
6.852989575313333426e-07
6.416558688737685193e-07
5.997465785399201168e-07
5.596665517695323084e-07
5.212931419806751487e-07
4.846786689177275961e-07
4.498094475464636052e-07
4.166013812213370065e-07
3.850971807715288688e-07
