# bin_2_2
1.154826302188487631e-04
1.138170678783326456e-04
1.121594299460179102e-04
1.105097726369455070e-04
1.088686200447679591e-04
1.072361272855347204e-04
1.056126998332454497e-04
1.039985611319052262e-04
1.023940885532769574e-04
1.007994875456732212e-04
9.921516878606748407e-05
9.764129497237562241e-05
9.607827073036076147e-05
9.452630135841490297e-05
9.298572419628854083e-05
9.145677544319938466e-05
8.993977675238447951e-05
8.843494710385362326e-05
8.694262174436730324e-05
8.546299151101493662e-05
8.399639394014360829e-05
8.254302576401014628e-05
8.110316727549673024e-05
7.967704104520606891e-05
7.826491544573058125e-05
7.686698794569701756e-05
7.548353321722607861e-05
7.411472203846920467e-05
7.276081668650587208e-05
7.142198878144026292e-05
7.009846645716321094e-05
6.879041964028414786e-05
6.749805666661231696e-05
6.622152789982272054e-05
6.496103413077931540e-05
6.371670580937570524e-05
6.248872824003308445e-05
6.127721805151979575e-05
6.008233168228692671e-05
5.890417629043706588e-05
5.774288663078521296e-05
5.659854798939565056e-05
5.547127815159886535e-05
5.436114243090844059e-05
5.326823953127935877e-05
5.219261251414665964e-05
5.113432873677594169e-05
5.009341682594699134e-05
4.906992335769499899e-05
4.806384774075744528e-05
4.707521207769370982e-05
4.610399982095338047e-05
4.515021037652245636e-05
4.421379840093089028e-05
4.329473189265508590e-05
4.239294404093643046e-05
4.150838976650496299e-05
4.064097423578726884e-05
3.979061434814972810e-05
3.895720743361769334e-05
3.814064540090238305e-05
3.734079450769110147e-05
3.655752305140731707e-05
3.579066599556453201e-05
3.504009276569839906e-05
3.430561103401014389e-05
3.358704638318361202e-05
3.288421364703865798e-05
3.219690653255098602e-05
3.152491695239429553e-05
3.086802684885066067e-05
3.022598882113500514e-05
2.959860656214166681e-05
2.898561187606340489e-05
2.838676128103616777e-05
2.780181162885713358e-05
2.723048601043275365e-05
2.667253188153251853e-05
2.612767334495146748e-05
2.559561280402998461e-05
2.507612081564942455e-05
2.456888605993274747e-05
2.407363612474091365e-05
2.359009852748200658e-05
2.311796803514361759e-05
2.265698367915989087e-05
2.220684793665969972e-05
2.176725451804925531e-05
2.133797498966642127e-05
2.091869315252986217e-05
2.050914464116161337e-05
2.010906202134536547e-05
1.971814782977558139e-05
1.933616837148185267e-05
1.896283908152486878e-05
1.859787586225461234e-05
1.824108333143885320e-05
1.789216763767819790e-05
1.755090118548483777e-05
1.721704750982738257e-05
1.689034149249822567e-05
1.657060317801125674e-05
1.625757946092874751e-05
1.595102913186537390e-05
1.565080583866983486e-05
1.535665571767279324e-05
1.506840489631560658e-05
1.478585739390972704e-05
1.450879353667068848e-05
1.423709668729485130e-05
1.397055297142530063e-05
1.370897351976025329e-05
1.345226299960083781e-05
1.320021129423013795e-05
1.295270205723705809e-05
1.270958094667941906e-05
1.247067330975294574e-05
1.223592353943185379e-05
1.200515439887319760e-05
1.177822945473436026e-05
1.155509897222375116e-05
1.133558853654812377e-05
1.111963662815676685e-05
1.090712615392801146e-05
1.069791840577777641e-05
1.049201204457604397e-05
1.028926034169250018e-05
1.008957307050734295e-05
9.892934114310968294e-06
9.699198226217058493e-06
9.508349891113806408e-06
9.320298037310014818e-06
9.134932897665428019e-06
8.952295671048940610e-06
8.772261351393611069e-06
8.594780405513065887e-06
8.419854480328428236e-06
8.247364346514287129e-06
8.077328878359006954e-06
7.909673373997041344e-06
7.744309920845952240e-06
7.581310202250981051e-06
7.420563413365860525e-06
7.262051776067003567e-06
7.105784292990942989e-06
6.951660140675477976e-06
6.799726613851053989e-06
6.649915693083789054e-06
6.502156357133300279e-06
6.356540552460867846e-06
6.212965165317480030e-06
6.071435103488892991e-06
5.931958484814938744e-06
5.794445824244251428e-06
5.658969957022071686e-06
5.525461764091144636e-06
5.393862898291539447e-06
5.264277038779250481e-06
5.136602107345052633e-06
5.010859582723522716e-06
4.887050763334633480e-06
4.765094243916337071e-06
4.645086877798190850e-06
4.526950480042969097e-06
4.410633938817733059e-06
4.296246670280532803e-06
4.183685220818120776e-06
4.072986608209540204e-06
3.964139668655011623e-06
3.857064601874139388e-06
3.751880337275753861e-06
3.648495652708514463e-06
3.546866160710637709e-06
3.447101370061924133e-06
3.349090162089695641e-06
3.252885581983295896e-06
3.158463924240718208e-06
3.065742145562062715e-06
2.974856461015685804e-06
2.885698271672079073e-06
2.798234633017947260e-06
2.712570306901310548e-06
2.628578225067223304e-06
2.546330785270883095e-06
2.465794309848907610e-06
2.386874858764858077e-06
2.309722332527543767e-06
2.234212878389044831e-06
2.160324964091678841e-06
2.088151141775871040e-06
2.017553540122539397e-06
1.948620736023027131e-06
1.881306549134508651e-06
1.815512046620753065e-06
1.751391077063453148e-06
1.688805238408288281e-06
1.627751877598182853e-06
1.568297734989643775e-06
1.510308156947915323e-06
1.453877977849555636e-06
1.398951327361182697e-06
1.345431808323667428e-06
1.293465661528635629e-06
1.242908795504381042e-06
1.193775203485098577e-06
1.146105996809425390e-06
1.099775089030907377e-06
1.054879237831665670e-06
1.011353703800899350e-06
9.691147220584039840e-07
9.282911669309104947e-07
8.887461711908798751e-07
8.505101555178656111e-07
8.136068517067380362e-07
7.779311047799773322e-07
7.435808050963615390e-07
7.104903644962247246e-07
6.785947807448867745e-07
6.479909267539819228e-07
6.185421858983060918e-07
5.902622917732484285e-07
5.631233395899724419e-07
5.369967276837325024e-07
5.119178198417510321e-07
4.877689003751137946e-07
4.644542457369962733e-07
4.419982272335275010e-07
4.202556648599695492e-07
3.992277151055962938e-07
3.788808941887923437e-07
3.591320318082070970e-07
3.400386859947251727e-07
