# bin_4_4
3.092974472865790757e-04
3.041513359166087200e-04
2.990527594886461366e-04
2.940021623875198483e-04
2.890007428997916285e-04
2.840490464936416500e-04
2.791480712017771720e-04
2.742984179367078334e-04
2.695009716080370727e-04
2.647562770147712536e-04
2.600652014850003127e-04
2.554282093062937406e-04
2.508460840477505201e-04
2.463192933516464658e-04
2.418484895583872295e-04
2.374341198596680524e-04
2.330767506805877349e-04
2.287767669297508866e-04
2.245346684887247182e-04
2.203507475217933692e-04
2.162254671594097727e-04
2.121590676567593583e-04
2.081518780038325140e-04
2.042041009555771620e-04
2.003159682099809756e-04
1.964875862824733794e-04
1.927191318112236071e-04
1.890106324088169996e-04
1.853621841546580263e-04
1.817737413007607756e-04
1.782452869573513256e-04
1.747767142159237566e-04
1.713679288522094632e-04
1.680187261997401562e-04
1.647289309396370634e-04
1.614982952476558232e-04
1.583265657851865525e-04
1.552133971354079393e-04
1.521584501107740948e-04
1.491613025311886625e-04
1.462215691341828511e-04
1.433387396704180027e-04
1.405123136357857173e-04
1.377417873419911729e-04
1.350265856863042829e-04
1.323660993009327376e-04
1.297597004906334776e-04
1.272066949609348702e-04
1.247064687644826970e-04
1.222582521290076479e-04
1.198612926635329851e-04
1.175148938602982789e-04
1.152182330972678268e-04
1.129705237141351260e-04
1.107709381306207924e-04
1.086185843760467483e-04
1.065127216878045276e-04
1.044524087425863224e-04
1.024367462090683656e-04
1.004649378386595341e-04
9.853601043669303389e-05
9.664911035289889976e-05
9.480330494191466261e-05
9.299761770389084912e-05
9.123128248673305568e-05
8.950328867875275026e-05
8.781271148011078056e-05
8.615874234749824868e-05
8.454036861912445555e-05
8.295677225541087433e-05
8.140701799809247935e-05
7.989014000364578442e-05
7.840544662941719876e-05
7.695195314100260935e-05
7.552880624226984490e-05
7.413526452433373299e-05
7.277036833008372803e-05
7.143341671922811328e-05
7.012354554560339484e-05
6.883987671167336112e-05
6.758185893196205687e-05
6.634859717064688501e-05
6.513937999888290626e-05
6.395357381872712873e-05
6.279033710827399437e-05
6.164913661301729090e-05
6.052921917564597145e-05
5.942984571862109348e-05
5.835063265776022074e-05
5.729081025383110643e-05
5.624983700780525879e-05
5.522720538498970762e-05
5.422221337200359531e-05
5.323452181567150910e-05
5.226349924024577346e-05
5.130855773768152337e-05
5.036948633486036192e-05
4.944563886316905737e-05
4.853664418638192844e-05
4.764211662340755478e-05
4.676148918484921915e-05
4.589462076314855792e-05
4.504098333349830947e-05
4.420012818390939996e-05
4.337199740445162131e-05
4.255605522512501398e-05
4.175209343640078372e-05
4.095981777662264936e-05
4.017877827968198716e-05
3.940901310588116197e-05
3.865007149654556571e-05
3.790163081617733796e-05
3.716375075740654938e-05
3.643597816118266655e-05
3.571824711447604361e-05
3.501033068705266350e-05
3.431186469282125552e-05
3.362303602203517411e-05
3.294344093202300987e-05
3.227286992592254240e-05
3.161146540702865687e-05
3.095881534247171086e-05
3.031498088642400329e-05
2.967978065435412956e-05
2.905289981106244450e-05
2.843464661016998165e-05
2.782464363273202138e-05
2.722277487540038070e-05
2.662922302523696924e-05
2.604360217019551725e-05
2.546607494867303054e-05
2.489647405421363240e-05
2.433451693950302856e-05
2.378059975564216942e-05
2.323434878962664799e-05
2.269573384797081653e-05
2.216492818132788202e-05
2.164157611697864556e-05
2.112591276176101215e-05
2.061776336096259900e-05
2.011686592716284145e-05
1.962367188723845420e-05
1.913779669355486051e-05
1.865927774592162464e-05
1.818825413043464166e-05
1.772438570063133715e-05
1.726797425273284939e-05
1.681881555584846487e-05
1.637666384698405723e-05
1.594199838522230249e-05
1.551441317801599559e-05
1.509399529890622564e-05
1.468083444673113928e-05
1.427459021722154662e-05
1.387563141225386403e-05
1.348370724897024765e-05
1.309858698929549206e-05
1.272075237322289858e-05
1.234976479541841330e-05
1.198575400877100974e-05
1.162875111464510184e-05
1.127841292485071602e-05
1.093516839609187349e-05
1.059870438378142111e-05
1.026880264935695792e-05
9.945924341915782406e-06
9.629603422440990778e-06
9.320015399522420466e-06
9.017125001242946820e-06
8.720578470171724947e-06
8.430845494354452681e-06
8.147554435502373253e-06
7.870516747670609691e-06
7.600147054449988045e-06
7.335953161090307655e-06
7.078152630792700608e-06
6.826656010805327259e-06
6.581105895746575976e-06
6.341977072062011555e-06
6.108848768476747144e-06
5.881588109445833783e-06
5.660539959657378094e-06
5.445193474421672290e-06
5.235800610653763119e-06
5.032238249902553432e-06
4.834146952056553929e-06
4.641977516501462088e-06
4.455295525871491134e-06
4.274023794301064088e-06
4.098418539989189669e-06
3.928006493533160723e-06
3.763050127097003114e-06
3.603410506778455764e-06
3.448779850463400166e-06
3.299566763176174339e-06
3.155370438901094420e-06
3.016204687183940171e-06
2.882232870001476937e-06
2.753081969089558569e-06
2.628969516677518897e-06
2.509714744346391578e-06
2.394989189518205867e-06
2.284990590035981640e-06
2.179198655445838462e-06
2.077465450266780907e-06
1.979653521556386862e-06
1.885268315429481831e-06
1.794304936770845753e-06
1.706461321263445322e-06
1.621421839180677180e-06
1.539304603484661977e-06
1.459747858309158493e-06
1.382763715099793509e-06
1.308346240339247977e-06
1.236286374387904499e-06
1.166731940981071691e-06
1.099584168030186542e-06
1.034755615643674800e-06
9.724058650580177258e-07
9.123516678082745715e-07
8.546713507318468322e-07
7.993735918518429764e-07
7.463409635839501228e-07
6.956689059334913274e-07
6.472742611326736790e-07
6.011008461168091795e-07
5.572046675400038611e-07
5.154419217010113447e-07
4.758337999761347013e-07
4.383372278980216233e-07
4.028483496203947542e-07
3.693660407029666319e-07
