# bin_3_3
2.222686838087973671e-04
2.187229380881225871e-04
2.152038511124636211e-04
2.117117411710892441e-04
2.082475360618001199e-04
2.048116542083877676e-04
2.014048580909307744e-04
1.980276420856386522e-04
1.946807095514243972e-04
1.913645115805649851e-04
1.880797585367790560e-04
1.848268536973340654e-04
1.816064734526206777e-04
1.784190353172106908e-04
1.752651188511159571e-04
1.721451644044254704e-04
1.690596945947544301e-04
1.660091011613746355e-04
1.629939140487955316e-04
1.600144704808114987e-04
1.570712360509393755e-04
1.541645406655319406e-04
1.512947962569011315e-04
1.484623058934397583e-04
1.456674173412906626e-04
1.429103876830956944e-04
1.401915326097689918e-04
1.375110555454598521e-04
1.348692320694981931e-04
1.322662189422812399e-04
1.297022195248509740e-04
1.271773631847175623e-04
1.246917895153427404e-04
1.222455703060633804e-04
1.198388054829073430e-04
1.174715169265780405e-04
1.151437578649856574e-04
1.128554917608109352e-04
1.106067010787507897e-04
1.083973104778750439e-04
1.062272499245349905e-04
1.040963810749469758e-04
1.020045717011878767e-04
9.995165226580144866e-05
9.793744028096855144e-05
9.596169501724373353e-05
9.402417721897330803e-05
9.212459131969672702e-05
9.026267400487788097e-05
8.843807376258217912e-05
8.665044056725847545e-05
8.489942935262478462e-05
8.318463704254513437e-05
8.150564938144220085e-05
7.986203155049743268e-05
7.825330077920773103e-05
7.667904244519140684e-05
7.513872440391940253e-05
7.363183192150573751e-05
7.215788328608277848e-05
7.071630840211568588e-05
6.930657500688511383e-05
6.792810958766971289e-05
6.658030068363267199e-05
6.526264566468909911e-05
6.397449805974891467e-05
6.271525293712115680e-05
6.148435545962018976e-05
6.028114059956955171e-05
5.910503456981219307e-05
5.795539813495769035e-05
5.683156687011771906e-05
5.573302649981534581e-05
5.465909153479515118e-05
5.360914741932970156e-05
5.258263659712917676e-05
5.157887802667518332e-05
5.059732949884737272e-05
4.963735717425416156e-05
4.869831388196609355e-05
4.777974110260149878e-05
4.688097921510209567e-05
4.600147407043139822e-05
4.514071382646549165e-05
4.429806897305975507e-05
4.347308489867349516e-05
4.266518185922787786e-05
4.187378780310437178e-05
4.109853915883607869e-05
4.033884790645031899e-05
3.959426099102848588e-05
3.886434465536522091e-05
3.814855663361457560e-05
3.744656511560386217e-05
3.675787226307125486e-05
3.608200571839052123e-05
3.541871854084283180e-05
3.476750974179665236e-05
3.412804322356391114e-05
3.349997574503338143e-05
3.288286213105722622e-05
3.227650874053375696e-05
3.168049883081899230e-05
3.109446339910786804e-05
3.051826869104573949e-05
2.995150087964185170e-05
2.939394321359977202e-05
2.884532995236610458e-05
2.830530807948183813e-05
2.777381468791577853e-05
2.725050190010108145e-05
2.673509948692207847e-05
2.622756730194014655e-05
2.572756396562196401e-05
2.523498058399530202e-05
2.474961455880777704e-05
2.427118631314971437e-05
2.379974437065585335e-05
2.333499077459321103e-05
2.287674436783168172e-05
2.242503616946628299e-05
2.197956965501645716e-05
2.154033211493688077e-05
2.110716833635723321e-05
2.067984710449212229e-05
2.025850927157423365e-05
1.984289106704867654e-05
1.943288557303609544e-05
1.902856570729190156e-05
1.862966721162062303e-05
1.823625406723838443e-05
1.784819539130233948e-05
1.746529479082285210e-05
1.708776169476056641e-05
1.671534970579022336e-05
1.634801792412079560e-05
1.598584762313436057e-05
1.562860587966147471e-05
1.527641195881567361e-05
1.492914217641778844e-05
1.458662438576699942e-05
1.424911366286127357e-05
1.391636870740901734e-05
1.358839939073460193e-05
1.326527639056346747e-05
1.294678621148737548e-05
1.263309704935668727e-05
1.232407552901101137e-05
1.201956787927918728e-05
1.171985662914694954e-05
1.142469586738054269e-05
1.113413178191997670e-05
1.084821201983919899e-05
1.056673028914768703e-05
1.028990420123332776e-05
1.001757733526052539e-05
9.749609583500377447e-06
9.486295451601386443e-06
9.227372970671960495e-06
8.972917876297284992e-06
8.722946569369683932e-06
8.477254748356170461e-06
8.236108502802158348e-06
7.999313975561345874e-06
7.766738088924085624e-06
7.538674802411579445e-06
7.314844125503319379e-06
7.095354588025149134e-06
6.880183319813165129e-06
6.669116714982652752e-06
6.462461671220308975e-06
6.259983590367248256e-06
6.061563741931030016e-06
5.867480303386391399e-06
5.677427609241611641e-06
5.491548380431445142e-06
5.309785436047588504e-06
5.131914012388476787e-06
4.958262575833448981e-06
4.788555412519768030e-06
4.622706041006334971e-06
4.460961441945881199e-06
4.302986743772501681e-06
4.148959649285281603e-06
3.998799400498501853e-06
3.852266461753464332e-06
3.709692553910326443e-06
3.570778948432439170e-06
3.435472734730891981e-06
3.303969874975421362e-06
3.175936851308958557e-06
3.051566897661026439e-06
2.930755470819910104e-06
2.813273669359566240e-06
2.699427503155556615e-06
2.588909809515509554e-06
2.481715258498471658e-06
2.377966942056683103e-06
2.277379817362859544e-06
2.180141879841513336e-06
2.086151139956927775e-06
1.995223704835326937e-06
1.907632598363234029e-06
1.823104150991116619e-06
1.741674110061863142e-06
1.663403165104702774e-06
1.588040580794538197e-06
1.515714212458012781e-06
1.446253879417128058e-06
1.379428994288790181e-06
1.315334556440401780e-06
1.253607302939612345e-06
1.194166787314701165e-06
1.136909325866867832e-06
1.081541872308126442e-06
1.028102369776028894e-06
9.764103568173967076e-07
9.263124619771538521e-07
8.779103380106638400e-07
8.309968744135434607e-07
7.856192199529944287e-07
7.417791669822573711e-07
6.993627700572373778e-07
6.584850744705983636e-07
6.190778875710095467e-07
5.811056719470001595e-07
5.446675368645201822e-07
5.096477719613419775e-07
4.761048877591233427e-07
4.440352978926781076e-07
4.133646006137049114e-07
3.841531401994883993e-07
