# bin_2_1
4.792963854174167994e-05
4.733683101986839984e-05
4.674517332677607543e-05
4.615457458435021120e-05
4.556530121912320016e-05
4.497734258277365211e-05
4.439087518252219711e-05
4.380594359107564808e-05
4.322270851032349048e-05
4.264120091434483371e-05
4.206161524789203042e-05
4.148394826642525771e-05
4.090839502228536486e-05
4.033499235963088791e-05
3.976388365054904625e-05
3.919513610398662183e-05
3.862888713673191051e-05
3.806519356173281314e-05
3.750421126424372800e-05
3.694597777181421119e-05
3.639065859921422294e-05
3.583830229497778481e-05
3.528903181111384959e-05
3.474292731259686159e-05
3.420011148311334062e-05
3.366064983938214751e-05
3.312467935920847939e-05
3.259225013427194016e-05
3.206349792565245903e-05
3.153848377208535433e-05
3.101732453960002594e-05
3.050009060223560307e-05
2.998689355710956479e-05
2.947779773193963778e-05
2.897291890183941547e-05
2.847231409451274272e-05
2.797609693566968045e-05
2.748432616979981421e-05
2.699710481515806105e-05
2.651449487736499237e-05
2.603659333610360680e-05
2.556345828605455464e-05
2.509518601232630627e-05
2.463182898065325880e-05
2.417347972427302542e-05
2.372018898489409259e-05
2.327204115617943368e-05
2.282908700059105530e-05
2.239140387968697741e-05
2.195903672101570469e-05
2.153206102337557168e-05
2.111051670793296389e-05
2.069447422800248427e-05
2.028396851873224689e-05
1.987906025882159444e-05
1.947978307359718125e-05
1.908619077559608885e-05
1.869831117398757431e-05
1.831619198085630392e-05
1.793985408870190515e-05
1.756934071027931943e-05
1.720466489603965081e-05
1.684586010051076048e-05
1.649293518516293879e-05
1.614591740556251987e-05
1.580480796555712984e-05
1.546962516202927143e-05
1.514036404873779783e-05
1.481703495069381540e-05
1.449962424885950967e-05
1.418813250093535254e-05
1.388253849075841820e-05
1.358283892631679515e-05
1.328900415782223849e-05
1.300101774575001381e-05
1.271884630299221326e-05
1.244246310955910590e-05
1.217182632351501378e-05
1.190690089346270195e-05
1.164763229079023019e-05
1.139398678289743162e-05
1.114590149410814917e-05
1.090332703431868163e-05
1.066619989771928046e-05
1.043445830567916759e-05
1.020803398081131648e-05
9.986858198920426898e-06
9.770847394610696657e-06
9.559940756881708546e-06
9.354046357101243367e-06
9.153088242450649475e-06
8.956977616214598418e-06
8.765625531655355272e-06
8.578944866828632903e-06
8.396842648699964659e-06
8.219214744199822829e-06
8.045984071795869667e-06
7.877039407326612137e-06
7.712290348802267230e-06
7.551634717708697521e-06
7.394968881824388806e-06
7.242201111342614020e-06
7.093226667847413664e-06
6.947934990919195159e-06
6.806246049192887842e-06
6.668043850852890155e-06
6.533238428185391409e-06
6.401726818958920629e-06
6.273405701601499457e-06
6.148192269421992315e-06
6.025983545122637996e-06
5.906676835883730288e-06
5.790200727194468439e-06
5.676447254159565843e-06
5.565339265697511645e-06
5.456784066360194417e-06
5.350689736378557983e-06
5.246991819885599187e-06
5.145598515411763182e-06
5.046424615027413916e-06
4.949414792587859367e-06
4.854475387244703198e-06
4.761549416014871956e-06
4.670560630342101709e-06
4.581432800645034498e-06
4.494124267269636770e-06
4.408558470728219570e-06
4.324671019217442969e-06
4.242424147853737910e-06
4.161740557604094532e-06
4.082584800728608862e-06
4.004897038165623771e-06
3.928617447263252162e-06
3.853726160041658853e-06
3.780161120576268942e-06
3.707878792697732212e-06
3.636855336282138249e-06
3.567029674425673199e-06
3.498385009314773936e-06
3.430875042298029325e-06
3.364454344310741358e-06
3.299120687432696691e-06
3.234823881468955610e-06
3.171537878369110291e-06
3.109248719861448215e-06
3.047908318736866115e-06
2.987515502900906250e-06
2.928033372243924416e-06
2.869428120400572835e-06
2.811710581520839989e-06
2.754839118261339834e-06
2.698801060551348495e-06
2.643588322736517777e-06
2.589162191695338543e-06
2.535534514400641671e-06
2.482673907254943226e-06
2.430555498827172779e-06
2.379198921832500217e-06
2.328567656323476820e-06
2.278658957366335793e-06
2.229467263061253971e-06
2.180960686865287635e-06
2.133161858576457684e-06
2.086041176641995376e-06
2.039579846870615483e-06
1.993802925331808000e-06
1.948677071211661694e-06
1.904207489104366608e-06
1.860388127604985057e-06
1.817191123251231487e-06
1.774647948710782609e-06
1.732728593352171745e-06
1.691419199703882785e-06
1.650747357650385013e-06
1.610680473123211414e-06
1.571230307133370867e-06
1.532389064208907619e-06
1.494130884921088009e-06
1.456493857870452141e-06
1.419445497164243598e-06
1.382976923613339279e-06
1.347115976643138058e-06
1.311827927870241715e-06
1.277130928669705309e-06
1.243015107870439493e-06
1.209453750169658123e-06
1.176490574193898322e-06
1.144090342831610694e-06
1.112248059234371340e-06
1.080989427543844472e-06
1.050277906431279351e-06
1.020137112659072029e-06
9.905533426050405435e-07
9.614988202423058264e-07
9.330207649845823545e-07
9.050795670369505614e-07
8.776749767282454122e-07
8.508266694137644142e-07
8.244978164748477520e-07
7.987162174192176058e-07
7.734643963144321864e-07
7.487139386807892617e-07
7.245146420410527997e-07
7.008237998993344407e-07
6.776470443157664254e-07
6.550000240609639885e-07
6.328470520444953874e-07
6.112238584915042172e-07
5.901108245895390136e-07
5.694820288934716734e-07
5.493885261029652967e-07
5.297837781978521956e-07
5.106759956545153762e-07
4.920708944227456724e-07
4.739261736064876046e-07
4.562758100739102962e-07
4.390881062750384882e-07
4.223327109392408290e-07
4.060527502018926153e-07
3.901962650633680077e-07
3.747758508308372593e-07
3.597939723410873862e-07
3.452151665510351707e-07
3.310847398846125261e-07
3.173775079697972008e-07
3.040790926046929520e-07
2.912382993046326232e-07
2.788136896557989354e-07
2.668282763710915473e-07
2.552806385033684716e-07
2.441339901813245789e-07
2.334220310317779669e-07
