# bin_1_1
3.162493449289020917e-05
3.125197622707881918e-05
3.087964003044635976e-05
3.050781864962921392e-05
3.013671315462327044e-05
2.976629157752992179e-05
2.939666067739380307e-05
2.902784834456203703e-05
2.865995329010098645e-05
2.829297280183188959e-05
2.792704854000136618e-05
2.756215043245716223e-05
2.719841340317173756e-05
2.683584422121017767e-05
2.647452646015318613e-05
2.611450647039399947e-05
2.575586095912323875e-05
2.539861115584767683e-05
2.504286701767003236e-05
2.468862905286490722e-05
2.433600775856519205e-05
2.398502523551434643e-05
2.363576154045577039e-05
2.328824985478091596e-05
2.294256349284096191e-05
2.259874424031310796e-05
2.225687309903274399e-05
2.191697351300886200e-05
2.157913375888678045e-05
2.124337917925348958e-05
2.090978579605668158e-05
2.057839152819661155e-05
2.024926525856966206e-05
1.992243872529566936e-05
1.959799000586186479e-05
1.927594397292081059e-05
1.895637469325144161e-05
1.863931444059224572e-05
1.832482751762776497e-05
1.801294804490069772e-05
1.770373599074234636e-05
1.739722911762147794e-05
1.709348764599433185e-05
1.679254150852436248e-05
1.649445060648847795e-05
1.619924719374426269e-05
1.590698383397947039e-05
1.561769514824027039e-05
1.533142990348035072e-05
1.504821996206380738e-05
1.476811440244156891e-05
1.449114014296816054e-05
1.421734708892814985e-05
1.394676044594442099e-05
1.367942265615680345e-05
1.341536013600775262e-05
1.315461180553991633e-05
1.289720116510974057e-05
1.264316438948878102e-05
1.239252252975427037e-05
1.214530878635631193e-05
1.190154161116955203e-05
1.166124869129977932e-05
1.142444552016318365e-05
1.119115809684132324e-05
1.096139767443573368e-05
1.073518614654628170e-05
1.051253165286084697e-05
1.029345224374337589e-05
1.007795119106062933e-05
9.866041244984153361e-06
9.657721940843384196e-06
9.453004554589867139e-06
9.251883866051065089e-06
9.054363803573673564e-06
8.860436853135840866e-06
8.670101247023306301e-06
8.483345282973550332e-06
8.300161941718724043e-06
8.120532162824152891e-06
7.944449389077117292e-06
7.771889708891686419e-06
7.602837484671483989e-06
7.437267585929215868e-06
7.275156775827036867e-06
7.116476803786785392e-06
6.961199757679875458e-06
6.809287645076793849e-06
6.660716131121100079e-06
6.515441888685491722e-06
6.373430647521160460e-06
6.234639506002740512e-06
6.099025759939997694e-06
5.966546387416339766e-06
5.837154570437350158e-06
5.710796287278633396e-06
5.587432705331310602e-06
5.467004070016778100e-06
5.349462351040583570e-06
5.234751513901663213e-06
5.122814227226937430e-06
5.013599277426324784e-06
4.907046955441603971e-06
4.803093331266376050e-06
4.701691940317598609e-06
4.602774097659458090e-06
4.506286006219051837e-06
4.412165250979346081e-06
4.320348672943091047e-06
4.230784551711803054e-06
4.143408687313937374e-06
4.058156205900702452e-06
3.974980625629046874e-06
3.893812806056063382e-06
3.814601742999826300e-06
3.737286509103008807e-06
3.661806296603533635e-06
3.588116282820114224e-06
3.516154953138307209e-06
3.445864327157540286e-06
3.377204147718481239e-06
3.310110825027163566e-06
3.244542666058164479e-06
3.180446190337460174e-06
3.117767802641250441e-06
3.056474479619060958e-06
2.996512228782640568e-06
2.937834278718062543e-06
2.880409834533735235e-06
2.824184325343432678e-06
2.769128402971395802e-06
2.715198094712358449e-06
2.662349515394033005e-06
2.610562693397573257e-06
2.559792602825275731e-06
2.510005381640036347e-06
2.461179131234302486e-06
2.413269787933115243e-06
2.366260008928581776e-06
2.320114964474907758e-06
2.274800496219816816e-06
2.230308237664506851e-06
2.186601516781450520e-06
2.143658247275194824e-06
2.101463767382366004e-06
2.059983260788131144e-06
2.019210091513913894e-06
1.979116590989857599e-06
1.939677083004296808e-06
1.900892367535211565e-06
1.862732459676218673e-06
1.825184772507517725e-06
1.788239663208682315e-06
1.751869463319937884e-06
1.716076612215940082e-06
1.680838277174617647e-06
1.646135611411043605e-06
1.611975877569533345e-06
1.578333651339778990e-06
1.545203604842015538e-06
1.512578946383285159e-06
1.480437461719220640e-06
1.448788986995700007e-06
1.417613143368418588e-06
1.386896038420324892e-06
1.356649096888304487e-06
1.326850147580972120e-06
1.297499598400497390e-06
1.268591535694426954e-06
1.240107355768330979e-06
1.212062782207529950e-06
1.184438446498070154e-06
1.157224532338003797e-06
1.130434728177060369e-06
1.104048605496047017e-06
1.078071251777533791e-06
1.052496824589034760e-06
1.027309078106249268e-06
1.002528085873117598e-06
9.781340758624780072e-07
9.541207305581056920e-07
9.305019205830772620e-07
9.072563191063606834e-07
8.843921227996674620e-07
8.619018967680805339e-07
8.397686635332415738e-07
8.180149229126391080e-07
7.966193333311435717e-07
7.755777921058362885e-07
7.549031293687742015e-07
7.345740784888080121e-07
7.146026469336262599e-07
6.949805675078744293e-07
6.756920519683317838e-07
6.567629778618206192e-07
6.381713705451822708e-07
6.199171093338531690e-07
6.020107752078766365e-07
5.844323000105389211e-07
5.671966322745139634e-07
5.502939060090611025e-07
5.337085190789005437e-07
5.174680763547070602e-07
5.015489759921422663e-07
4.859537738444078950e-07
4.706900528067555428e-07
4.557372725215612062e-07
4.411135039326723844e-07
4.268058438049555830e-07
4.127983240397372792e-07
3.991187350759929971e-07
3.857408049378003262e-07
3.726691308750165684e-07
3.599078146304194740e-07
3.474352487887848872e-07
3.352733162194052722e-07
3.234063614104075703e-07
3.118196960503039149e-07
3.005413980428199561e-07
2.895438750826839269e-07
2.788354025990106070e-07
2.684175805898290373e-07
2.582690458473265228e-07
2.484148466098429054e-07
2.388359947543379100e-07
2.295188991584460721e-07
2.204886349234283103e-07
2.117155486559112020e-07
2.032094641182329011e-07
1.949672329266399319e-07
1.869665471383871647e-07
1.792321049072563081e-07
