# bin_4_2
1.608028201394664407e-04
1.583838349853737895e-04
1.559784396552343412e-04
1.535867991925090085e-04
1.512096179021174883e-04
1.488471675911070278e-04
1.465000185204924144e-04
1.441685150472675773e-04
1.418531899491582890e-04
1.395543672797210804e-04
1.372726079605434497e-04
1.350081889958611354e-04
1.327616586918989696e-04
1.305333353782668030e-04
1.283236899510986249e-04
1.261330684552974812e-04
1.239619178309446707e-04
1.218105614301270801e-04
1.196794534478171133e-04
1.175688824207442459e-04
1.154792973532365398e-04
1.134109868973871626e-04
1.113643318705393636e-04
1.093396394269944714e-04
1.073372679936665167e-04
1.053574905724506916e-04
1.034006634675266925e-04
1.014670237868054207e-04
9.955690515882654741e-05
9.767053522429019953e-05
9.580820060169131975e-05
9.397011734505744131e-05
9.215653961824257637e-05
9.036765160094653668e-05
8.860368895897189582e-05
8.686480521201010632e-05
8.515120942103553798e-05
8.346302731300942216e-05
8.180042196268705063e-05
8.016349958946902170e-05
7.855238908267509824e-05
7.696715756420789364e-05
7.540790285344210568e-05
7.387466092911675183e-05
7.236749721799947343e-05
7.088640817297725484e-05
6.943140942319336645e-05
6.800247014132669793e-05
6.659957615545867356e-05
6.522264944574661816e-05
6.387163077258893140e-05
6.254642235813088493e-05
6.124692771889286640e-05
5.997300134337201118e-05
5.872450358027569376e-05
5.750124916852314595e-05
5.630308536650736699e-05
5.512978445378763359e-05
5.398112946676254364e-05
5.285689211489644500e-05
5.175681506390384496e-05
5.068062412528287757e-05
4.962803474240322908e-05
4.859872096328462864e-05
4.759241240758452392e-05
4.660874554250555760e-05
4.564738191184560521e-05
4.470798378898169299e-05
4.379016609517306235e-05
4.289356300318218510e-05
4.201778310461647988e-05
4.116240073623447576e-05
4.032707356583245067e-05
3.951135109371740087e-05
3.871482263319228764e-05
3.793709209935347949e-05
3.717770220707800738e-05
3.643625262882868549e-05
3.571229994325468814e-05
3.500537794534131809e-05
3.431513015991044367e-05
3.364107672895601893e-05
3.298280072415857224e-05
3.233989634702828130e-05
3.171190074183935335e-05
3.109843542595772017e-05
3.049905964537037275e-05
2.991332783248554694e-05
2.934091795071001928e-05
2.878137458355252136e-05
2.823432434501254597e-05
2.769939712296685572e-05
2.717617073155191118e-05
2.666433376635045873e-05
2.616348981630797334e-05
2.567325038470420786e-05
2.519336428082719382e-05
2.472342998279614747e-05
2.426314816580797283e-05
2.381221076369395104e-05
2.337026029677630195e-05
2.293707904987324255e-05
2.251232982475151917e-05
2.209569879938827274e-05
2.168701671481665868e-05
2.128594928191142961e-05
2.089228388297356150e-05
2.050577653503265094e-05
2.012614145404625066e-05
1.975325745091526046e-05
1.938684654564855640e-05
1.902667286483608771e-05
1.867264194214447804e-05
1.832448222125664192e-05
1.798206441915039489e-05
1.764520215929102099e-05
1.731367235121011934e-05
1.698743982575860284e-05
1.666627525710743038e-05
1.635001476783316368e-05
1.603862506260946786e-05
1.573188012483959811e-05
1.542972562583278749e-05
1.513202219135810420e-05
1.483859246207417434e-05
1.454947408646468356e-05
1.426447459644971619e-05
1.398349092292548506e-05
1.370653076945944940e-05
1.343340273990681132e-05
1.316411285996643330e-05
1.289855127058862363e-05
1.263657529942624533e-05
1.237827767569326951e-05
1.212348985081576756e-05
1.187216151098682298e-05
1.162431816556292239e-05
1.137979912939916808e-05
1.113865429719380992e-05
1.090078981343420867e-05
1.066608826011846477e-05
1.043468065747090272e-05
1.020641225322068310e-05
9.981273366900588083e-06
9.759292888374637937e-06
9.540331042068910054e-06
9.324474333462157486e-06
9.111631769582274670e-06
8.901705185592516810e-06
8.694850117292697914e-06
8.490917265290194062e-06
8.289925326753696478e-06
8.091895798919282934e-06
7.896700783200522462e-06
7.704461421054779543e-06
7.515079374781932732e-06
7.328470771500587334e-06
7.144804700852239953e-06
6.963928543590634623e-06
6.785882087727131662e-06
6.610672131261226545e-06
6.438178655844806741e-06
6.268557191770492335e-06
6.101690870771887233e-06
5.937502689945981877e-06
5.776167788209026029e-06
5.617527088443717371e-06
5.461642098908561813e-06
5.308497777939823671e-06
5.157972123432316499e-06
5.010253330173815420e-06
4.865200737140292422e-06
4.722744969902421784e-06
4.583059516981180417e-06
4.445969071006453132e-06
4.311559265876332959e-06
4.179794371015852435e-06
4.050543481904931971e-06
3.924019750131740624e-06
3.800053043827493874e-06
3.678590829098300612e-06
3.559797307574679527e-06
3.443469626866137223e-06
3.329722810210870139e-06
3.218505379842400423e-06
3.109668134025457025e-06
3.003441849048171601e-06
2.899632636064383356e-06
2.798206550111127328e-06
2.699305982266431280e-06
2.602713293370548881e-06
2.508566344336543444e-06
2.416795703812497368e-06
2.327247845866949394e-06
2.240153999312503759e-06
2.155301268365209985e-06
2.072685457808281346e-06
1.992403359951912761e-06
1.914244765177348682e-06
1.838345716284665822e-06
1.764617023767718723e-06
1.692906390260707441e-06
1.623418538147068747e-06
1.555935125700765438e-06
1.490479965815132649e-06
1.427120063506811259e-06
1.365688614604771251e-06
1.306348991952198269e-06
1.249040550168228952e-06
1.193674246788228179e-06
1.140452155921724002e-06
1.089191323377128565e-06
1.039932298816547431e-06
9.926847067387199230e-07
9.472650505423136668e-07
9.037557144537640246e-07
8.620130219134980091e-07
8.218923508708543834e-07
7.834646547132074560e-07
7.464949451378720301e-07
7.109586940892109217e-07
6.767804070712037038e-07
6.437630345067080625e-07
6.119306991236277364e-07
5.811270517926775851e-07
5.512373256732549158e-07
5.223059513122466782e-07
4.941759232951808999e-07
4.668832909386219108e-07
4.404224088466297288e-07
4.147280577525223358e-07
3.898998047560825672e-07
