# bin_3_1
5.660495414600314888e-05
5.587602968939829059e-05
5.514940205066017629e-05
5.442498962297343874e-05
5.370309463417562195e-05
5.298371244634410483e-05
5.226704598756910574e-05
5.155315642878653573e-05
5.084222998895688715e-05
5.013430206055541967e-05
4.942959132845993643e-05
4.872810808413131076e-05
4.803006921500286224e-05
4.733551313813992329e-05
4.664460492045175214e-05
4.595742396482671338e-05
4.527411831678125224e-05
4.459474925277946223e-05
4.391949999195736648e-05
4.324840891793842700e-05
4.258163295340805418e-05
4.191923380940757468e-05
4.126136019249786798e-05
4.060808242605454938e-05
3.995953215331311597e-05
3.931577629428659648e-05
3.867695279864232551e-05
3.804311371930214463e-05
3.741439906201950443e-05
3.679086144438818576e-05
3.617262377577509726e-05
3.555975050797818219e-05
3.495234920900733278e-05
3.435048080952838272e-05
3.375425803142698383e-05
3.316372801797809700e-05
3.257900223860054126e-05
3.200012710937631346e-05
3.142720166512102660e-05
3.086027733552239869e-05
3.029944058921662584e-05
2.974473964526412237e-05
2.919626072342346843e-05
2.865404305965166653e-05
2.811817012709707267e-05
2.758867674689200272e-05
2.706563861655119060e-05
2.654908813156985485e-05
2.603909195487961968e-05
2.553568248537226509e-05
2.503891988305987455e-05
2.454883054177839707e-05
2.406546984721980994e-05
2.358885766702984295e-05
2.311904189253558315e-05
2.265603887078269251e-05
2.219989153584564227e-05
2.175060921880232480e-05
2.130822802461560786e-05
2.087275303173426137e-05
2.044421369239373223e-05
2.002260820818083271e-05
1.960795653212346734e-05
1.920025081155548693e-05
1.879950806602500229e-05
1.840571334532112061e-05
1.801887083864918030e-05
1.763896246837496690e-05
1.726598368169081544e-05
1.689990822133688431e-05
1.654072178613341608e-05
1.618838746101662813e-05
1.584289228521891592e-05
1.550418922348283600e-05
1.517224893809461998e-05
1.484702473048018978e-05
1.452847385932347600e-05
1.421654150377881594e-05
1.391117725378124418e-05
1.361230926659118203e-05
1.331989446538784948e-05
1.303385092353372288e-05
1.275411505850181767e-05
1.248060940170338812e-05
1.221325382092075468e-05
1.195196711212911514e-05
1.169666329869877574e-05
1.144723988203369148e-05
1.120362636455004975e-05
1.096570992644262353e-05
1.073340017718611741e-05
1.050659277238318665e-05
1.028517953550482761e-05
1.006906093111960753e-05
9.858125491334274710e-06
9.652250099961611344e-06
9.451348321789043261e-06
9.255288121001126271e-06
9.063965424956506764e-06
8.877262766226010776e-06
8.695057904461047399e-06
8.517249218530571254e-06
8.343714078806152467e-06
8.174324579418655495e-06
8.008993621487145103e-06
7.847585851706537783e-06
7.690000705060251546e-06
7.536121671590538758e-06
7.385829139692758187e-06
7.239034795788402777e-06
7.095619630855225173e-06
6.955467135614783761e-06
6.818502121784858599e-06
6.684600088477047074e-06
6.553677520368803455e-06
6.425630858310388304e-06
6.300355186210522970e-06
6.177785321165164615e-06
6.057815876385036865e-06
5.940352055218509250e-06
5.825338181517638201e-06
5.712666593522635213e-06
5.602278513924941352e-06
5.494089556181997167e-06
5.388013191928178715e-06
5.284011462257140576e-06
5.181996398083300989e-06
5.081897772958258923e-06
4.983679880596829682e-06
4.887253641165891890e-06
4.792585596530189601e-06
4.699609605507564883e-06
4.608257660781108937e-06
4.518516890820595447e-06
4.430315128595888940e-06
4.343606217783522639e-06
4.258369205666297884e-06
4.174533090910362191e-06
4.092085693895450036e-06
4.010975281593636922e-06
3.931149588518756257e-06
3.852615403154888701e-06
3.775312924569301393e-06
3.699215798207430333e-06
3.624312771019969251e-06
3.550546928308137576e-06
3.477923783258210545e-06
3.406400994142700609e-06
3.335938830885922920e-06
3.266558116200593804e-06
3.198207595667510938e-06
3.130875964669486383e-06
3.064557106893644215e-06
2.999203879560841060e-06
2.934836450976707895e-06
2.871417364610060696e-06
2.808916484526877350e-06
2.747363500159961215e-06
2.686711827180908303e-06
2.626961369699682198e-06
2.568107438513920415e-06
2.510109813107514559e-06
2.453000458419882096e-06
2.396742701781589551e-06
2.341313132309150216e-06
2.286746090077488020e-06
2.232997836604012242e-06
2.180077221985936558e-06
2.127977724423608247e-06
2.076663288251679089e-06
2.026174829122822992e-06
1.976474463342171088e-06
1.927544762616937853e-06
1.879420961705030490e-06
1.832060206261691108e-06
1.785478306373237624e-06
1.739665793458213642e-06
1.694589279123212815e-06
1.650295333509720087e-06
1.606743286503605035e-06
1.563922030659276073e-06
1.521864897769136647e-06
1.480527925977242690e-06
1.439933341085977762e-06
1.400069142558943728e-06
1.360902489553590446e-06
1.322484653532758695e-06
1.284773307920704923e-06
1.247762721764961511e-06
1.211482179303844492e-06
1.175887724543249642e-06
1.141005878074427621e-06
1.106819328220195907e-06
1.073293889551331333e-06
1.040480963236727825e-06
1.008332728350997827e-06
9.768475258222350361e-07
9.460461760376972308e-07
9.158872041925660052e-07
8.864030975786975757e-07
8.575765608960031468e-07
8.293780596493034613e-07
8.018643746054594084e-07
7.749873114741759456e-07
7.487504478105774546e-07
7.231649498281464727e-07
6.981826181255016853e-07
6.738313493093433303e-07
6.500761254151207168e-07
6.268736881982790165e-07
6.042655750298009876e-07
5.821873787569251243e-07
5.606380003773318638e-07
5.396171150911858769e-07
5.190759407644842954e-07
4.990532110892894618e-07
4.795193051306888874e-07
4.604486747095336964e-07
4.418983339817445322e-07
4.238228321984495448e-07
4.062486614225118278e-07
3.891916098198370152e-07
3.726256949451578159e-07
3.566122165535493784e-07
3.411340908794155973e-07
3.261833461089983580e-07
3.118174379791923374e-07
2.979919126671576502e-07
2.847291900398938844e-07
2.720217374353880352e-07
2.598204526763058384e-07
2.481505694925240969e-07
