# bin_4_1
6.157762336699372215e-05
6.076582391820976593e-05
5.995731332367516017e-05
5.915201117547068356e-05
5.835022787377485787e-05
5.755196313364631464e-05
5.675743603068097488e-05
5.596670621336011545e-05
5.517996424586490452e-05
5.439724966577677573e-05
5.361879414419356204e-05
5.284460209359681304e-05
5.207489033436920808e-05
5.130970331401236176e-05
5.054920845165807502e-05
4.979347532553758595e-05
4.904266194943220753e-05
4.829683502305814489e-05
4.755614821179258051e-05
4.682063379187056409e-05
4.609047363802613916e-05
4.536571360940086316e-05
4.464648982967818079e-05
4.393287099551676452e-05
4.322497888775175243e-05
4.252286955260666743e-05
4.182667846338968600e-05
4.113644194134089785e-05
4.045229022391712872e-05
3.977426972756904484e-05
3.910248720748777946e-05
3.843699497914429151e-05
3.777789286836590678e-05
3.712522409662093366e-05
3.647908953801216447e-05
3.583952360907904857e-05
3.520662232268604040e-05
3.458042118439801137e-05
3.396100220709471167e-05
3.334840046534377447e-05
3.274269335385705489e-05
3.214390924444526565e-05
3.155212148633490673e-05
3.096735546486284999e-05
3.038967918886042630e-05
2.981911417643097147e-05
2.925571765153661642e-05
2.869951166444460950e-05
2.815055128895661677e-05
2.760885072474059270e-05
2.707445838517786660e-05
2.654738731406671535e-05
2.602768085639239380e-05
2.551534597820329640e-05
2.501041943090340621e-05
2.451290284943357333e-05
2.402283214965764764e-05
2.354020371860751965e-05
2.306504157977455952e-05
2.259734413457041639e-05
2.213712809765335627e-05
2.168438419922654852e-05
2.123912199514572347e-05
2.080132438762796127e-05
2.037100276880069363e-05
1.994813118189878157e-05
1.953270580006805408e-05
1.912470354141232470e-05
1.872410959338337852e-05
1.833089212497816543e-05
1.794502942550026660e-05
1.756647493034142011e-05
1.719521341655432005e-05
1.683118813310154055e-05
1.647436333568507417e-05
1.612468748436269854e-05
1.578210859543069169e-05
1.544656752480112459e-05
1.511800645718006645e-05
1.479634476075190591e-05
1.448153730070485631e-05
1.417349237384777165e-05
1.387214081104719800e-05
1.357739952187934564e-05
1.328917956629333043e-05
1.300739543134993241e-05
1.273195329837949620e-05
1.246274156287506287e-05
1.219968782872012089e-05
1.194266923307449878e-05
1.169158961558224296e-05
1.144633892170122390e-05
1.120679934603506289e-05
1.097286819046180451e-05
1.074442490317106615e-05
1.052133789895280238e-05
1.030351924439374288e-05
1.009082650907409033e-05
9.883150558957631832e-06
9.680368074118000704e-06
9.482347548444223825e-06
9.288985841768668966e-06
9.100151264848394079e-06
8.915708144884448865e-06
8.735569027921216345e-06
8.559588796666825608e-06
8.387663374525439615e-06
8.219670865561052526e-06
8.055483433205593252e-06
7.895013450276003238e-06
7.738133467840487960e-06
7.584720761366091682e-06
7.434701261890874913e-06
7.287941606546249509e-06
7.144356992327179603e-06
7.003839361720819664e-06
6.866276785372656992e-06
6.731607236807683658e-06
6.599717628284053019e-06
6.470508864181351551e-06
6.343927733356987182e-06
6.219858577619364392e-06
6.098243602172096655e-06
5.978994818562862181e-06
5.862019660589652360e-06
5.747285516135685773e-06
5.634697212494154861e-06
5.524182020691482103e-06
5.415707472218040344e-06
5.309177076250544074e-06
5.204560412747098383e-06
5.101788083395749973e-06
5.000786760204068747e-06
4.901550433451232116e-06
4.803999841264221588e-06
4.708087926896011259e-06
4.613796777666549115e-06
4.521048611827074990e-06
4.429835661314194170e-06
4.340102989595145574e-06
4.251793412515847221e-06
4.164921390113528264e-06
4.079419813314166261e-06
3.995262732262853395e-06
3.912441298343931485e-06
3.830892088488523842e-06
3.750626058013965042e-06
3.671597261481095489e-06
3.593761365733798766e-06
3.517146865937569574e-06
3.441694862346573918e-06
3.367395417851521311e-06
3.294243913623749659e-06
3.222186743481912745e-06
3.151250082690676790e-06
3.081392263899570844e-06
3.012579052566819198e-06
2.944847053508194423e-06
2.878141835693642747e-06
2.812465356096435839e-06
2.747813352773516333e-06
2.684139361054820195e-06
2.621481129488196609e-06
2.559797232736494039e-06
2.499060924973615300e-06
2.439311984095640972e-06
2.380499185328846800e-06
2.322633705805071550e-06
2.265708458159699322e-06
2.209681875776669282e-06
2.154599656998141620e-06
2.100419148808491933e-06
2.047120653093844596e-06
1.994742881656929692e-06
1.943236599853396891e-06
1.892619588207685706e-06
1.842881101557497305e-06
1.793983438199832600e-06
1.745976293578572810e-06
1.698814704984661951e-06
1.652486133635739147e-06
1.607025250486405215e-06
1.562383181617784899e-06
1.518582966946471646e-06
1.475610674776106934e-06
1.433429948014671367e-06
1.392092999373647932e-06
1.351553645513848080e-06
1.311804841709699861e-06
1.272875850812362811e-06
1.234720673568392288e-06
1.197368120153212316e-06
1.160803175569034346e-06
1.124995161626318341e-06
1.090002386012047263e-06
1.055781297887792108e-06
1.022334461136533141e-06
9.896834030192548206e-07
9.577815800847804326e-07
9.266518137020740199e-07
8.962608561746536291e-07
8.665590151439681509e-07
8.375823455497444432e-07
8.092613242686536717e-07
7.815822983961920504e-07
7.545440366214627876e-07
7.280913218416213905e-07
7.022516422425148029e-07
6.769941941519689829e-07
6.522840903196928677e-07
6.281751474297678173e-07
6.046152582618679391e-07
5.816161677817995074e-07
5.591890267747831350e-07
5.372937651871687261e-07
5.159765607186309124e-07
4.952120021188093492e-07
4.749767753816857348e-07
4.553298125657182123e-07
4.362249713852558937e-07
4.176884601655928787e-07
3.997354744298851005e-07
3.823385568092699130e-07
3.655589307969308248e-07
3.493779306788382280e-07
3.337857924964632771e-07
3.188388129105962519e-07
3.044890488091169300e-07
2.907558155172500961e-07
2.776272872139101610e-07
2.650485503723515961e-07
2.530397762721994666e-07
