# bin_3_2
1.476494931290790161e-04
1.454480410289617567e-04
1.432585880497300613e-04
1.410812675811831359e-04
1.389167316942696497e-04
1.367652183568023212e-04
1.346272498035670025e-04
1.325031353496611004e-04
1.303933623459431772e-04
1.282982203508312201e-04
1.262182263696637807e-04
1.241536239693203877e-04
1.221049193475563300e-04
1.200723977219115283e-04
1.180564906202222875e-04
1.160575118410187777e-04
1.140758712222099294e-04
1.121118612971944519e-04
1.101659009260159999e-04
1.082382496002549097e-04
1.063293230696055777e-04
1.044393824868814353e-04
1.025687783763414203e-04
1.007177924567416032e-04
9.888675572590789327e-05
9.707591818690830196e-05
9.528561110541565384e-05
9.351605108137157191e-05
9.176754957912040291e-05
9.004031663511374330e-05
8.833462021485329616e-05
8.665066160328453281e-05
8.498867992337447250e-05
8.334884796312479530e-05
8.173138946993998937e-05
8.013644964310019853e-05
7.856422878328226506e-05
7.701484821935786174e-05
7.548846719312563675e-05
7.398519035697961345e-05
7.250514638828934634e-05
7.104840581091784353e-05
6.961507015873382007e-05
6.820518221959764827e-05
6.681881495131711919e-05
6.545597655772368649e-05
6.411669568292959235e-05
6.280095687848552717e-05
6.150876180476536927e-05
6.024005309158930418e-05
5.899479319699819360e-05
5.777290641459209401e-05
5.657432221159105785e-05
5.539892267216208995e-05
5.424659776462696355e-05
5.311719509769675295e-05
5.201059187837814865e-05
5.092659758654155045e-05
4.986503278641775708e-05
4.882570469926665374e-05
4.780839805207617757e-05
4.681287862016961948e-05
4.583890524699216418e-05
4.488619789457796614e-05
4.395452618968839206e-05
4.304357565330420716e-05
4.215305487650642985e-05
4.128267019201174558e-05
4.043208791016280051e-05
3.960098792002307084e-05
3.878902889567653904e-05
3.799583681197678600e-05
3.722111186034071428e-05
3.646445645937168584e-05
3.572550855837459217e-05
3.500391680549930586e-05
3.429927636487067004e-05
3.361123027888512666e-05
3.293938401202034755e-05
3.228332067735277744e-05
3.164272124972860141e-05
3.101715518207947831e-05
3.040624797780319498e-05
2.980963317250922060e-05
2.922689404934514091e-05
2.865768696976994588e-05
2.810161324209706403e-05
2.755826828878115434e-05
2.702735801677722552e-05
2.650846793983804617e-05
2.600125694429454307e-05
2.550538542803706856e-05
2.502046786775307581e-05
2.454621621059055038e-05
2.408226699567565408e-05
2.362826259236987413e-05
2.318396876325450349e-05
2.274901571460724326e-05
2.232312553858661593e-05
2.190601156287457613e-05
2.149734351892930662e-05
2.109691537758092713e-05
2.070441472579338726e-05
2.031954928344425964e-05
1.994215709460189721e-05
1.957192757305464012e-05
1.920865986775112489e-05
1.885212441008790563e-05
1.850205490411440382e-05
1.815833212845722832e-05
1.782069695438865352e-05
1.748892749631934007e-05
1.716292957503098347e-05
1.684244967007500547e-05
1.652736267471069056e-05
1.621749185472748996e-05
1.591262835603848226e-05
1.561273165195659600e-05
1.531758765712309009e-05
1.502704072169399875e-05
1.474105321386920890e-05
1.445941417622712147e-05
1.418206754512985484e-05
1.390888062713395155e-05
1.363968737078149352e-05
1.337451460393180840e-05
1.311318315827333094e-05
1.285559389284210710e-05
1.260174792890762819e-05
1.235146727327009806e-05
1.210475199498387096e-05
1.186149779839406399e-05
1.162157157923111227e-05
1.138505153673783940e-05
1.115178169318529108e-05
1.092171210676207941e-05
1.069486159504335411e-05
1.047108144842282026e-05
1.025041281641539009e-05
1.003276742334059871e-05
9.818036354472119446e-06
9.606333778801849841e-06
9.397517539427263335e-06
9.191575705346268418e-06
8.988531551304292558e-06
8.788256490889826455e-06
8.590825914346995266e-06
8.396155442420215705e-06
8.204154670113451004e-06
8.014961006516870226e-06
7.828438306531335425e-06
7.644601339596739293e-06
7.463467796128785702e-06
7.284920726158587782e-06
7.109067511174846058e-06
6.935818152447010982e-06
6.765096012442441911e-06
6.597051475441750723e-06
6.431546261745495037e-06
6.268614940310624757e-06
6.108262745519761746e-06
5.950380597616438866e-06
5.795107243058169902e-06
5.642336836862037675e-06
5.491999704792194216e-06
5.344252095044067091e-06
5.198950659656919326e-06
5.056149886003198905e-06
4.915835836209143857e-06
4.777898434498795321e-06
4.642505923870856185e-06
4.509531779802260436e-06
4.378913760056349351e-06
4.250806849348113379e-06
4.125053995979329953e-06
4.001731441859817394e-06
3.880806907107781485e-06
3.762163118858637717e-06
3.645990865050721300e-06
3.532137732027563829e-06
3.420556845802293476e-06
3.311395058601202637e-06
3.204471363734910741e-06
3.099888410020473900e-06
2.997599928392055187e-06
2.897472748000210097e-06
2.799713978373403197e-06
2.704150153842924206e-06
2.610750988637876940e-06
2.519644086822206862e-06
2.430634881035800137e-06
2.343846299233522572e-06
2.259215040888485294e-06
2.176602616109826936e-06
2.096216193868615473e-06
2.017863699165453820e-06
1.941540758647854636e-06
1.867335304735627841e-06
1.795060787970243555e-06
1.724843593627334242e-06
1.656608178261635524e-06
1.590223105484562875e-06
1.525879488775332877e-06
1.463383505141212702e-06
1.402756127797974839e-06
1.344053603467139850e-06
1.287115499432864890e-06
1.232077352917043855e-06
1.178869045680586418e-06
1.127396155459876129e-06
1.077834484533253639e-06
1.030014184944443940e-06
9.839753100060198973e-07
9.397364635386393720e-07
8.971435209327815424e-07
8.562886802542814905e-07
8.170557018499247258e-07
7.793259451133472876e-07
7.431780617098328490e-07
7.084053132780297440e-07
6.749922396907412934e-07
6.428749325622990460e-07
6.118747825995835162e-07
5.820175880637290171e-07
5.531583280266508142e-07
5.251885999453285862e-07
4.981478992953857459e-07
4.718846646333955070e-07
4.464260850955995736e-07
4.217596152872633550e-07
3.978159227802890557e-07
3.746822937445434136e-07
