# bin_3_2
1.446756638164496313e-08
1.452530297606803534e-08
1.458503526014737370e-08
1.464678758485931967e-08
1.471058060018145082e-08
1.477647503469232742e-08
1.484458360382441284e-08
1.491504210494685777e-08
1.498800741493929941e-08
1.506360097418561243e-08
1.514188411146217092e-08
1.522285712823193156e-08
1.530647681543602535e-08
1.539271239200589684e-08
1.548160111231713572e-08
1.557332625674607694e-08
1.566813824380604872e-08
1.576626562656931490e-08
1.586774904082579653e-08
1.597247545487688074e-08
1.608031215659215482e-08
1.619133449560968095e-08
1.630587236056189410e-08
1.642428199282903488e-08
1.654657825128602226e-08
1.667252261837906630e-08
1.680200077806582451e-08
1.693538013544730596e-08
1.707309155027158191e-08
1.721502183835074279e-08
1.736080364450038732e-08
1.751061135159240353e-08
1.766502895521470357e-08
1.782401925640769010e-08
1.798706362148660002e-08
1.815434155304059068e-08
1.832616820700917991e-08
1.850211468196481667e-08
1.868230800078123276e-08
1.886721608151376784e-08
1.905633257349599052e-08
1.924977043625718236e-08
1.944789404974670735e-08
1.965025159161784275e-08
1.985725317961076391e-08
2.006877121630407309e-08
2.028482342061991127e-08
2.050559054915845238e-08
2.073085868445475680e-08
2.096085774000784849e-08
2.119538718144392668e-08
2.143456512463342048e-08
2.167823419665545981e-08
2.192642852536212839e-08
2.217925427403613029e-08
2.243674339050138107e-08
2.269894599147424244e-08
2.296596783245774499e-08
2.323798305375271140e-08
2.351463931536666490e-08
2.379558748026774479e-08
2.408070439913345959e-08
2.436971290413026696e-08
2.466216164582319334e-08
2.495778130320985019e-08
2.525615571867442584e-08
2.555681121631655897e-08
2.585929271257353820e-08
2.616317444656284050e-08
2.646809221093528347e-08
2.677401473969039404e-08
2.708094958975007076e-08
2.738847886915130385e-08
2.769668032288686543e-08
2.800565352922028071e-08
2.831518614861761713e-08
2.862510440675209676e-08
2.893510467733495275e-08
2.924476010175364220e-08
2.955358869494820027e-08
2.986015714711615424e-08
3.016358774312799333e-08
3.046330053117567401e-08
3.075843072615309501e-08
3.104833924075292901e-08
3.133299379563481048e-08
3.161185923298192132e-08
3.188434979885414822e-08
3.215028003711227538e-08
3.240927366042583865e-08
3.266098740531868835e-08
3.290457244364160428e-08
3.313939070831185519e-08
3.336483119491021255e-08
3.358024715269661753e-08
3.378444012737105869e-08
3.397559114976923365e-08
3.415307849854307855e-08
3.431667233032659385e-08
3.446597314696279091e-08
3.460075023503034758e-08
3.472146473357062679e-08
3.482708537406053138e-08
3.491625156416113660e-08
3.498839224674893750e-08
3.504199469618168832e-08
3.507610086972386274e-08
3.509069913092696762e-08
3.508514040688237887e-08
3.506005228714619503e-08
3.501473921668964184e-08
3.494887264467534980e-08
3.486144490909129875e-08
3.475174425321303863e-08
3.461915550788687806e-08
3.446354979178257821e-08
3.428480868234706826e-08
3.408328626659834609e-08
3.385909026566440740e-08
3.361193675845733182e-08
3.334127350796088555e-08
3.304676813097623170e-08
3.272879296813328874e-08
3.238810384317989528e-08
3.202518238271547461e-08
3.164022428201211166e-08
3.123339831770247118e-08
3.080498149852774022e-08
3.035565408338242579e-08
2.988648440219197830e-08
2.939838717328312231e-08
2.889203279585679337e-08
2.836814980287548603e-08
2.782768026041644152e-08
2.727189049724435776e-08
2.670219141725293082e-08
2.611969577806346523e-08
2.552546276548794752e-08
2.492089831796802814e-08
2.430753710304154446e-08
2.368689401432523122e-08
2.306036773457206907e-08
2.242932956699283108e-08
2.179540860686213700e-08
2.116022287822898228e-08
2.052522450657592433e-08
1.989185219702482614e-08
1.926162219506672398e-08
1.863601001489868961e-08
1.801637100702669727e-08
1.740395450175509719e-08
1.680003708918171022e-08
1.620578141455469564e-08
1.562217710969963011e-08
1.505016398763438944e-08
1.449057008038913996e-08
1.394407435924924777e-08
1.341121934648507438e-08
1.289244808078187904e-08
1.238805847477361541e-08
1.189821063056017717e-08
1.142295953045679125e-08
1.096224169739959573e-08
1.051588022226176908e-08
1.008362068198406683e-08
9.665124607465170234e-09
9.259996069887135282e-09
8.867800151926535462e-09
8.488080576454607130e-09
8.120373841955600857e-09
7.764241214475513514e-09
7.419270904550742039e-09
7.085105830124214802e-09
6.761451888018638972e-09
6.448084951569144101e-09
6.144859732491635977e-09
5.851708766848385980e-09
5.568630143615504543e-09
5.295685079907622893e-09
5.032975492599277034e-09
4.780627243806175193e-09
4.538768868212183693e-09
4.307503825846086491e-09
4.086891446257786710e-09
3.876920228043221004e-09
3.677494442158585105e-09
3.488419757370426335e-09
3.309402651728177773e-09
3.140054545540708124e-09
2.979908656550464658e-09
2.828442199149551297e-09
2.685103235930756653e-09
2.549341440397246057e-09
2.420634499720647388e-09
2.298511394033430631e-09
2.182567006315533197e-09
2.072467518599355019e-09
1.967945879494980451e-09
1.868788987369341449e-09
1.774818835111222456e-09
1.685871244956516516e-09
1.601776335787560248e-09
1.522343969777536435e-09
1.447357320211509781e-09
1.376574245684338021e-09
1.309736405538087068e-09
1.246582564117080857e-09
1.186862362956105635e-09
1.130346960855568244e-09
1.076834493613979638e-09
1.026149484133467199e-09
9.781371560610276097e-10
9.326553181482860956e-10
8.895665703028514838e-10
8.487337118236489158e-10
8.100191498122477840e-10
7.732877721740660001e-10
7.384111040104754703e-10
7.052706311464434809e-10
6.737587825245706375e-10
6.437776039480655286e-10
6.152363105851225841e-10
5.880490663141553044e-10
5.621340682086172746e-10
5.374138861424053362e-10
5.138163467495397729e-10
4.912750326713561836e-10
4.697288942462927019e-10
4.491213289313992046e-10
4.293994492197239055e-10
4.105139137317224089e-10
3.924190513213913871e-10
3.750727884459845704e-10
3.584362945524278658e-10
3.424735955795439808e-10
3.271513479416017518e-10
3.124387300632389267e-10
2.983072858391430191e-10
2.847307051780296324e-10
2.716846261044025047e-10
2.591464804559267173e-10
2.470953464378538855e-10
2.355117985496872762e-10
2.243777722567518068e-10
2.136764359956703718e-10
2.033920684123249653e-10
1.935099489566456567e-10
1.840162558394838559e-10
1.748979718764446561e-10
1.661427991082180761e-10
1.577390806784944596e-10
1.496757293184264890e-10
1.419421627411640885e-10
1.345282444523175267e-10
1.274242302540865779e-10
1.206207199034912302e-10
1.141086139210590606e-10
1.078790756096683611e-10
1.019234985741702308e-10
9.623347908431201108e-11
9.080079237136189995e-11
8.561737233299134511e-11
8.067529475862032620e-11
7.596676496041795747e-11
7.148410333030252925e-11
6.721974162052217753e-11
6.316621581046854562e-11
5.931616243552625997e-11
5.566231672779665603e-11
5.219751233618153906e-11
4.891468261660815579e-11
4.580686319895082478e-11
4.286719533036157013e-11
4.008892986707773346e-11
3.746543201007891846e-11
3.499018648714856775e-11
3.265680296979399710e-11
3.045902151049581495e-11
2.839071815036796709e-11
2.644591040102180492e-11
2.461876249293530992e-11
2.290359024782237867e-11
2.129486566992408699e-11
1.978722110598887367e-11
1.837545291418961868e-11
1.705452453687071923e-11
1.581956906968915239e-11
1.466589116577399590e-11
1.358896833561745916e-11
1.258445161772967724e-11
1.164816576447767940e-11
1.077611064260537629e-11
9.964455531572064244e-12
9.209540157035730951e-12
8.507873804786266094e-12
7.856131552113606868e-12
7.251151164231144549e-12
6.689929564191347770e-12
6.169618978898626963e-12
5.687522762911654391e-12
5.241090944761212320e-12
4.827915504148879982e-12
4.445725474328104870e-12
4.092381877967492523e-12
3.765873774779287922e-12
3.464310886622928760e-12
3.185917187015053463e-12
2.929029473267331055e-12
2.692090353772851445e-12
2.473643048000106382e-12
2.272326285172636621e-12
2.086869296237048737e-12
1.916086928176046405e-12
1.758876909036860245e-12
1.614209770841078169e-12
1.481128422853290686e-12
1.358744132949483449e-12
1.246231551073346128e-12
1.142824770447355329e-12
1.047814168073297534e-12
9.605431066424552362e-13
8.803997638360127379e-13
8.068201101321642487e-13
7.392824764796129303e-13
6.773047156330326465e-13
6.204439608990605819e-13
5.682859722104309190e-13
5.204511573573087094e-13
4.765893719185426307e-13
4.363797016377870005e-13
3.995233404429654442e-13
3.657453767064619790e-13
3.347934597843311722e-13
3.064379772222998260e-13
2.804623179305589324e-13
2.566699084746554077e-13
2.348820347060504320e-13
2.149309744805831641e-13
1.966634103032812698e-13
1.799414238218751670e-13
1.646340132436966319e-13
1.506234067999983828e-13
1.378020248269226413e-13
1.260683301526580625e-13
1.153333550846297879e-13
1.055108354239247670e-13
9.652575129100734978e-14
8.830600923717241672e-14
8.078843576002964197e-14
7.391217743005041609e-14
6.762477237615907623e-14
6.187468845249536811e-14
5.661753887428054149e-14
5.181106699170361233e-14
4.741663334555398321e-14
4.340022886488740647e-14
3.972903222670906538e-14
3.637358696605740258e-14
3.330712654099924888e-14
3.050559813491095227e-14
2.794587432535598203e-14
2.560738676003961142e-14
2.347130237096385921e-14
2.152037790840426931e-14
1.973882689120827092e-14
1.811219768236291291e-14
1.662726195115886819e-14
1.527191228133717966e-14
1.403506822119107803e-14
1.290658990706698574e-14
1.187733390331275605e-14
1.093896146466394555e-14
1.008344190566720048e-14
9.303784423939714026e-15
8.593787949871735098e-15
7.947108049395658619e-15
7.358839600633496677e-15
6.823619334986346745e-15
6.337099661985157848e-15
5.895239222970062950e-15
5.494094543504099703e-15
5.130243765694574306e-15
4.800538905125969158e-15
4.502084142875914728e-15
4.232216116786713822e-15
3.988485237741453679e-15
3.768637948583979700e-15
3.570796450765099834e-15
3.392880715642238772e-15
3.233310073546796789e-15
3.090392071154708298e-15
2.962775922259269174e-15
2.849102722931166120e-15
2.748125325685309897e-15
2.658716270519892293e-15
2.579863701679742235e-15
2.510594656222036249e-15
2.449977214645197317e-15
2.397274494994703570e-15
2.351666584703765409e-15
