# bin_2_2
1.367589466836643196e-08
1.372901599908613601e-08
1.378395801720551165e-08
1.384073927384970992e-08
1.389937449055109884e-08
1.395991759209716355e-08
1.402247340073640593e-08
1.408716920109683158e-08
1.415415276294359362e-08
1.422353680919187591e-08
1.429537474313652128e-08
1.436965979560435698e-08
1.444634225457172950e-08
1.452538441539122837e-08
1.460681512023361069e-08
1.469080627364644105e-08
1.477759541679599013e-08
1.486739836666393442e-08
1.496024628024443920e-08
1.505601935424128389e-08
1.515457820641557338e-08
1.525598714837101284e-08
1.536055966269956543e-08
1.546863474022549418e-08
1.558021662988735979e-08
1.569506118350867771e-08
1.581304552214541203e-08
1.593451777152699267e-08
1.605988761394294328e-08
1.618903215027317448e-08
1.632157966587379251e-08
1.645768758212941192e-08
1.659791410537720822e-08
1.674221050686786678e-08
1.689005422382781611e-08
1.704160178233396334e-08
1.719714451483550395e-08
1.735624998415318516e-08
1.751902706964812607e-08
1.768591544388156076e-08
1.785640479402617561e-08
1.803058777105341872e-08
1.820880280219238378e-08
1.839059388494416170e-08
1.857634213775361693e-08
1.876590730417167960e-08
1.895928905214706794e-08
1.915664564422526797e-08
1.935775114065883094e-08
1.956281020598769932e-08
1.977160988864619470e-08
1.998424520183904507e-08
2.020054387462690826e-08
2.042052015796037569e-08
2.064426226483389393e-08
2.087178473557681886e-08
2.110311914582920765e-08
2.133835445311503998e-08
2.157764731813355740e-08
2.182062977844108426e-08
2.206693811146963686e-08
2.231643401953309145e-08
2.256882662180976112e-08
2.282365229203256964e-08
2.308062911872286183e-08
2.333933024810179417e-08
2.359927225119942845e-08
2.385999151294257957e-08
2.412105482282389734e-08
2.438209228132057848e-08
2.464306758883787865e-08
2.490398439275478211e-08
2.516442472729975370e-08
2.542446615788132932e-08
2.568421140680161645e-08
2.594345354678136174e-08
2.620202612656320008e-08
2.645963734001953261e-08
2.671587132346977367e-08
2.697026334942512242e-08
2.722140415953714264e-08
2.746843941296264412e-08
2.771081493771231358e-08
2.794769777631887071e-08
2.817848410843357260e-08
2.840317649974666235e-08
2.862128266593073454e-08
2.883226518151629008e-08
2.903598759716646180e-08
2.923212672937633907e-08
2.942039830778597084e-08
2.960002172204607624e-08
2.977042941013047347e-08
2.993108754218110083e-08
3.008142804071003194e-08
3.022034104229060288e-08
3.034610807680647330e-08
3.045820118361494680e-08
3.055649083665634016e-08
3.064068758094566552e-08
3.071067690663591494e-08
3.076703045306417553e-08
3.080884870427335190e-08
3.083490780233014617e-08
3.084476770363840652e-08
3.083706524489984777e-08
3.081099193240037953e-08
3.076668081962482461e-08
3.070364719365864968e-08
3.062266836659075325e-08
3.052321964467284713e-08
3.040513581154284907e-08
3.026758694200502472e-08
3.011003672951214964e-08
2.993205153244318944e-08
2.973368054458956382e-08
2.951499094633018957e-08
2.927651779125175424e-08
2.901855612416185546e-08
2.874100933604800871e-08
2.844351085501171879e-08
2.812591146860036600e-08
2.778875647181829570e-08
2.743296525122973423e-08
2.705917878866149956e-08
2.666774598020834999e-08
2.625897906145662141e-08
2.583328761440254735e-08
2.539147013269069876e-08
2.493469656470610297e-08
2.446397005009840912e-08
2.398003470436637524e-08
2.348367325238185296e-08
2.297586121814291517e-08
2.245787507732406431e-08
2.193111187280545194e-08
2.139664911040147056e-08
2.085548572904380829e-08
2.030893761484070549e-08
1.975842187036551783e-08
1.920530792123712716e-08
1.865082074264723884e-08
1.809612992432638135e-08
1.754263151424406701e-08
1.699168237910456628e-08
1.644444800471571572e-08
1.590205408219387332e-08
1.536567895281316465e-08
1.483643872813723065e-08
1.431531088001053958e-08
1.380315223388706527e-08
1.330083404510511935e-08
1.280910693300606824e-08
1.232854709896462991e-08
1.185968308299167095e-08
1.140294026637267827e-08
1.095860949183350090e-08
1.052686538109490523e-08
1.010780862057608344e-08
9.701426451915822857e-09
9.307604909249989702e-09
8.926166074187574211e-09
8.556858508522413414e-09
8.199365199863502075e-09
7.853340891923074702e-09
7.518406133096272504e-09
7.194173033456217685e-09
6.880260983686642455e-09
6.576310483873690611e-09
6.281991704591018105e-09
5.997028730107288064e-09
5.721193173021872372e-09
5.454321261912947881e-09
5.196310644413063757e-09
4.947115899589883139e-09
4.706746051469644027e-09
4.475253674504462318e-09
4.252715142324752683e-09
4.039222028643416952e-09
3.834856160738441903e-09
3.639672764146844177e-09
3.453682565697192240e-09
3.276831858948493546e-09
3.108994647271597138e-09
2.949961556971692539e-09
2.799444149041981006e-09
2.657079836050399725e-09
2.522448909478032091e-09
2.395092419473648302e-09
2.274537176851151023e-09
2.160319332102509436e-09
2.052005590550438891e-09
1.949211320316393090e-09
1.851609387730806749e-09
1.758932711287766896e-09
1.670967936551901334e-09
1.587542579955152951e-09
1.508507703247483256e-09
1.433719854162185322e-09
1.363025595792347539e-09
1.296251418397995651e-09
1.233201079798527438e-09
1.173659779647027258e-09
1.117404059740509285e-09
1.064213415182270284e-09
1.013881290337634214e-09
9.662220813514974814e-10
9.210728734428694007e-10
8.782903607045456322e-10
8.377450859615035273e-10
7.993152515040150711e-10
7.628820260684045535e-10
7.283276241059355011e-10
6.955359278060344551e-10
6.643948912792617893e-10
6.347991026736682273e-10
6.066514324029345847e-10
5.798630666179879288e-10
5.543523113233206548e-10
5.300429704478196164e-10
5.068631754529560633e-10
4.847450639999222453e-10
4.636249786499870113e-10
4.434437424713860595e-10
4.241466218132252595e-10
4.056830071110321167e-10
3.880060100163525305e-10
3.710721105097734537e-10
3.548409105879546621e-10
3.392749778079785249e-10
3.243397176879609968e-10
3.100031963559889887e-10
2.962359124799825316e-10
2.830105919732224765e-10
2.703020210764325064e-10
2.580868954533392379e-10
2.463436707453202453e-10
2.350524107673264572e-10
2.241946450432308528e-10
2.137532406609123412e-10
2.037122799678203587e-10
1.940569449349813943e-10
1.847734092613118055e-10
1.758487398699302837e-10
1.672708049571645559e-10
1.590281876236859482e-10
1.511101084443730248e-10
1.435063549789370864e-10
1.362072179457649957e-10
1.292034328814716242e-10
1.224861267416639745e-10
1.160467688672901331e-10
1.098771273604516569e-10
1.039692302151364930e-10
9.831533144945828163e-11
9.290788141354692161e-11
8.773950099218845695e-11
8.280295952525137500e-11
7.809115667496527289e-11
7.359710767850989040e-11
6.931393131735247415e-11
6.523484022353636416e-11
6.135313364808983762e-11
5.766219359114274140e-11
5.415547788334504854e-11
5.082652309595955226e-11
4.766894327748101850e-11
4.467643143267593085e-11
4.184276205380300577e-11
3.916179450085752362e-11
3.662747724941222656e-11
3.423385279493280989e-11
3.197506285094661824e-11
2.984535373458376424e-11
2.783908202978435139e-11
2.595072027049998366e-11
2.417486247250777152e-11
2.250622937529092237e-11
2.093967359087340271e-11
1.947018439904273702e-11
1.809289210196434843e-11
1.680307182467128745e-11
1.559614689655337928e-11
1.446769168490998631e-11
1.341343384156018607e-11
1.242925591182652873e-11
1.151119642598447985e-11
1.065545035767896885e-11
9.858369022653081777e-12
9.116459388090951240e-12
8.426382936976129682e-12
7.784955810069994166e-12
7.189141951852023984e-12
6.636053098271301121e-12
6.122946979563447748e-12
5.647222796380052302e-12
5.206417501135765544e-12
4.798201785092612111e-12
4.420375859377386147e-12
4.070865033155514908e-12
3.747715140294473522e-12
3.449087834540757887e-12
3.173255839359599125e-12
2.918598149950735342e-12
2.683596441933152071e-12
2.466828155626909489e-12
2.266960617079444553e-12
2.082750198739902923e-12
1.913035976711125075e-12
1.756735249668436818e-12
1.612839197115287953e-12
1.480408664046135249e-12
1.358570091495979672e-12
1.246513606695392299e-12
1.143483814480554801e-12
1.048780199469512286e-12
9.617539497747488588e-13
8.818038200921103606e-13
8.083730150491337018e-13
7.409468327425938755e-13
6.790501518683580651e-13
6.222400544506156103e-13
5.701095067733127034e-13
5.222826549035327166e-13
4.784126714500827171e-13
4.381821539749933469e-13
4.012931581868280603e-13
3.674737571847990577e-13
3.364734323540487686e-13
3.080633798118058834e-13
2.820299440366749092e-13
2.581768560209574741e-13
2.363243520765597670e-13
2.163097611400411381e-13
1.979782532926172730e-13
1.811901699796947613e-13
1.658192058569347594e-13
1.517459374273144442e-13
1.388614937971271361e-13
1.270688139320246830e-13
1.162745284872670482e-13
1.063954310275249114e-13
9.735570237420648743e-14
8.908302525504335222e-14
8.151520659626097695e-14
7.459063901609182144e-14
6.825686923025358532e-14
6.246256928543388627e-14
5.716356448243897640e-14
5.231648289356382620e-14
4.788482919343667261e-14
4.383177860146870392e-14
4.012636823734995668e-14
3.673867598039122923e-14
3.364136518982292704e-14
3.081074734322385804e-14
2.822349426556640512e-14
2.585883041500529137e-14
2.369793280825359841e-14
2.172400741481226356e-14
1.992060454317088979e-14
1.827325239254647499e-14
1.676869873163875750e-14
1.539480868795964127e-14
1.414047118009378036e-14
1.299551303544285613e-14
1.195062035317272525e-14
1.099726624266304020e-14
1.012764454334031298e-14
9.334608954114499520e-15
8.611745873379358944e-15
7.953209186021868981e-15
7.353265772543229620e-15
6.807006730147329972e-15
6.310121471517384012e-15
5.858030284325495727e-15
5.447387734614652458e-15
5.074307768563431260e-15
4.735758142782812357e-15
4.428901168071554210e-15
4.150910303413426559e-15
3.899370785380260096e-15
3.672055062071425731e-15
3.466908704739361936e-15
3.282037579683476683e-15
3.115695508076321014e-15
2.966272400694980482e-15
2.832458267910886284e-15
2.712728632459414738e-15
2.605975149161682132e-15
2.510963999688984638e-15
2.426738857816265652e-15
2.352314864619594379e-15
2.286786861249655468e-15
2.229337288397329820e-15
2.179233018204696903e-15
2.135761995503690306e-15
2.098237813022073622e-15
2.066125942646407309e-15
2.038817585661529985e-15
