# bin_3_1
1.226577280053286560e-08
1.231069939578174481e-08
1.235710595871965256e-08
1.240503787123139423e-08
1.245457200584221511e-08
1.250579419789257726e-08
1.255879494674783865e-08
1.261362358577530467e-08
1.267027888572954777e-08
1.272874791857083182e-08
1.278903097978561118e-08
1.285121117856753515e-08
1.291541046596584759e-08
1.298173902844748033e-08
1.305021142714604338e-08
1.312078189689449643e-08
1.319344263554092829e-08
1.326832938938319726e-08
1.334561444199488472e-08
1.342535217833492302e-08
1.350743900073650087e-08
1.359184181359872792e-08
1.367872293931009162e-08
1.376821682928646613e-08
1.386026014350166488e-08
1.395481647378030287e-08
1.405207722005586629e-08
1.415214047346944915e-08
1.425487107140379004e-08
1.436032216102716642e-08
1.446863378048182918e-08
1.457970822002110451e-08
1.469354070678688781e-08
1.481024584518030450e-08
1.492972211235022454e-08
1.505198543713581703e-08
1.517707960344701025e-08
1.530493758178141685e-08
1.543560677966860905e-08
1.556903273494931806e-08
1.570523600149828859e-08
1.584421963622294377e-08
1.598605428521124889e-08
1.613079454321828084e-08
1.627845818371086066e-08
1.642906224980087966e-08
1.658265485507056123e-08
1.673929701803647862e-08
1.689906003407584488e-08
1.706175112142500944e-08
1.722719092423943827e-08
1.739529686799225110e-08
1.756598125359544781e-08
1.773912145944022262e-08
1.791457272190925798e-08
1.809216076581741213e-08
1.827169149066200342e-08
1.845296054198971500e-08
1.863572448619632967e-08
1.881964621165862649e-08
1.900442738475808538e-08
1.919000411691602031e-08
1.937608197562882783e-08
1.956228170331546450e-08
1.974861933737501754e-08
1.993506397040491703e-08
2.012144026951147097e-08
2.030774276473801477e-08
2.049389210290269763e-08
2.067984664411462530e-08
2.086557952374391474e-08
2.105043612149044177e-08
2.123388763804249363e-08
2.141555909019459910e-08
2.159477263821527722e-08
2.177074343595021022e-08
2.194307703087850808e-08
2.211141632074274231e-08
2.227506728098966491e-08
2.243396841818262838e-08
2.258823993079265746e-08
2.273775755831892845e-08
2.288233092653592820e-08
2.302126733362593314e-08
2.315405268578631267e-08
2.328028681150985372e-08
2.339968231164225683e-08
2.351128330550706796e-08
2.361440692711564344e-08
2.370862837353769620e-08
2.379349674946894217e-08
2.386814575775064762e-08
2.393245464433249494e-08
2.398685412905233985e-08
2.403085237516345661e-08
2.406413215971681246e-08
2.408642547615283596e-08
2.409644869517590113e-08
2.409368174074927609e-08
2.407766879972110704e-08
2.404780621027058130e-08
2.400456071145632523e-08
2.394767221502737216e-08
2.387731758022550100e-08
2.379293333476431362e-08
2.369407186891688361e-08
2.358013722922503628e-08
2.345100911793034807e-08
2.330653986782889003e-08
2.314692578212509506e-08
2.297236278291850066e-08
2.278298400439530140e-08
2.257867393346359846e-08
2.235913120655556918e-08
2.212432126294716738e-08
2.187462307137364106e-08
2.161057336888222347e-08
2.133258502677624993e-08
2.104091547437176498e-08
2.073571341583891309e-08
2.041726743234706593e-08
2.008622841251329583e-08
1.974338980646958671e-08
1.938936721344164561e-08
1.902470521507761853e-08
1.864997508418881838e-08
1.826588871547715029e-08
1.787341891242567240e-08
1.747350241567396587e-08
1.706687916428957180e-08
1.665434536154705573e-08
1.623687168701233020e-08
1.581549659330755213e-08
1.539122449128891373e-08
1.496491410067653721e-08
1.453751286732268762e-08
1.411007950339517522e-08
1.368359122085602973e-08
1.325894182980773904e-08
1.283702464100250153e-08
1.241875137872229619e-08
1.200499837597484528e-08
1.159651298341165861e-08
1.119402610158659617e-08
1.079825377730411612e-08
1.040979645041952851e-08
1.002918536990770819e-08
9.656889739719551667e-09
9.293323307069022376e-09
8.938784210183614614e-09
8.593508889784074273e-09
8.257674056776905192e-09
7.931359554055709206e-09
7.614586207472931111e-09
7.307317269015507409e-09
7.009453602790751810e-09
6.720844651248943835e-09
6.441310963084696398e-09
6.170632398212127440e-09
5.908575344733285254e-09
5.654894158001456391e-09
5.409344489445611766e-09
5.171689025909136483e-09
4.941710272271637780e-09
4.719213617137672886e-09
4.504031597909261607e-09
4.296033322576005455e-09
4.095118282104286690e-09
3.901220243163511443e-09
3.714300334749692074e-09
3.534341803734803363e-09
3.361343920764266480e-09
3.195309633250653965e-09
3.036240597876389177e-09
2.884124990677682464e-09
2.738928911951027976e-09
2.600589494829712397e-09
2.469006745723785738e-09
2.344041536004894594e-09
2.225511422635392280e-09
2.113195552272581054e-09
2.006836454781055318e-09
1.906149928078234420e-09
1.810833139661781946e-09
1.720576185281496523e-09
1.635072584406935962e-09
1.554029598485194831e-09
1.477175853152393153e-09
1.404267550012510689e-09
1.335090834827278159e-09
1.269461821162885577e-09
1.207222456035331278e-09
1.148234514840923889e-09
1.092371407550820257e-09
1.039509562626743226e-09
9.895210794332288354e-10
9.422691712009393994e-10
8.976071029163240678e-10
8.553808399873831343e-10
8.154344716734294999e-10
7.776169321901622168e-10
7.417877387118125478e-10
7.078204889970275356e-10
6.756031543986097263e-10
6.450358724509717077e-10
6.160271463350867672e-10
5.884901746785349239e-10
5.623403270375453483e-10
5.374944332351771578e-10
5.138715295090820547e-10
4.913942783000798747e-10
4.699903002314707158e-10
4.495929600065411355e-10
4.301413089249257855e-10
4.115793380711413143e-10
3.938548923690232064e-10
3.769188426614398996e-10
3.607248540466901515e-10
3.452295660998130165e-10
3.303928026453193563e-10
3.161775525894098423e-10
3.025496779980689337e-10
2.894775585722438749e-10
2.769318391850016086e-10
2.648853196009141915e-10
2.533128830744826695e-10
2.421913793723447227e-10
2.314994542400485732e-10
2.212173724776681574e-10
2.113268859514684678e-10
2.018111379344767715e-10
1.926545602736813884e-10
1.838427515610544309e-10
1.753623654474410097e-10
1.672010156479637122e-10
1.593471865830930961e-10
1.517901468419587567e-10
1.445198717270472381e-10
1.375269691349785995e-10
1.308026091307509438e-10
1.243384607131814208e-10
1.181266342329101423e-10
1.121596295384505469e-10
1.064302883733018664e-10
1.009317509339072384e-10
9.565741711195077681e-11
9.060091150957802971e-11
8.575605204798303344e-11
8.111682258565113821e-11
7.667734878485872540e-11
7.243187707789502316e-11
6.837475661745464003e-11
6.450042448114685394e-11
6.080339376580210503e-11
5.727824412413187562e-11
5.391961428516895531e-11
5.072219660286447653e-11
4.768073341106757368e-11
4.479001500991900400e-11
4.204487924301626438e-11
3.944021235838087418e-11
3.697095086913890494e-11
3.463208434165304048e-11
3.241865977755503388e-11
3.032578305296566282e-11
2.834862689903989208e-11
2.648243488288880804e-11
2.472252673002968807e-11
2.306430382746480876e-11
2.150325473181382677e-11
2.003496051931383202e-11
1.865510002874996632e-11
1.735945486344581670e-11
1.614391406277756347e-11
1.500447833615685634e-11
1.393726387899248148e-11
1.293850573504278237e-11
1.200456066387141161e-11
1.113190947757184434e-11
1.031715885131750099e-11
9.557042610113485919e-12
8.848422454236774846e-12
8.188288122105001311e-12
7.573757067172282588e-12
7.002073666742228451e-12
6.470607994855442358e-12
5.976855393319778039e-12
5.518431327550861735e-12
5.093070362567963746e-12
4.698624730005861118e-12
4.333060347807376353e-12
3.994453536352093667e-12
3.680987538633705800e-12
3.390948876317895779e-12
3.122723566902758761e-12
2.874793255038924959e-12
2.645731283415823405e-12
2.434198729531813534e-12
2.238941471430529655e-12
2.058784041295541814e-12
1.892625808941269672e-12
1.739439310712866911e-12
1.598265318956323743e-12
1.468209149401471188e-12
1.348437070335692291e-12
1.238172824771510318e-12
1.136694861777622380e-12
1.043332741549141715e-12
9.574613654693954546e-13
8.785020422734748429e-13
8.059180331332802664e-13
7.392118462586177569e-13
6.779227844870765057e-13
6.216260699705544715e-13
5.699249600990072939e-13
5.224545582640632844e-13
4.788776504768138164e-13
4.388828586338642745e-13
4.021844665570487388e-13
3.685150406803208777e-13
3.376298572459888835e-13
3.093032926632655076e-13
2.833291196751247359e-13
2.595142409496388517e-13
2.376819550930061309e-13
2.176703798357988956e-13
1.993310722367469559e-13
1.825249672079686342e-13
1.671258092793504966e-13
1.530190524390998034e-13
1.400959273008675217e-13
1.282587934992509926e-13
1.174184028705932977e-13
1.074904077233828253e-13
9.840014940673485958e-14
9.007692383520290969e-14
8.245684473825441464e-14
7.548147024865002803e-14
6.909616553678483921e-14
6.325229513033918853e-14
5.790360718746527031e-14
5.300918656757693411e-14
4.853041519117369754e-14
4.443234506203528360e-14
4.068333120209324215e-14
3.725324369603576450e-14
3.411589583327972354e-14
3.124625632414026832e-14
2.862150578806401927e-14
2.622121363814648303e-14
2.402658450164700194e-14
2.201988248347381794e-14
2.018524576349464233e-14
1.850814202810187746e-14
1.697525728161017175e-14
1.557439414631438138e-14
1.429437868025218188e-14
1.312497508331657066e-14
1.205680745606022515e-14
1.108128817849499241e-14
1.019055218390431904e-14
9.377396691945582139e-15
8.635225807102352637e-15
7.957999630164318549e-15
7.340521014910969381e-15
6.777421802218020548e-15
6.264162931583044132e-15
5.796689627481571023e-15
5.370933797864298722e-15
4.983530198328694741e-15
4.631199733070974807e-15
4.310913814153547295e-15
4.020016499491478993e-15
3.756123607372537162e-15
3.516858215849533818e-15
3.300150942490028424e-15
3.104095522977153276e-15
2.927009108165389551e-15
2.767242022598828896e-15
2.623280687794768305e-15
2.493846140666544463e-15
2.377653142915009188e-15
2.273606444249982733e-15
2.180604375062814603e-15
2.097709416228356248e-15
2.024045217016628929e-15
1.958793441750443888e-15
1.901189670583846700e-15
1.850519824535522618e-15
1.806166283791025500e-15
1.767502155476335941e-15
1.734007235620307217e-15
1.705140868496348063e-15
1.680432550526404819e-15
1.659436613446532526e-15
1.641755228980833864e-15
1.626984991854408809e-15
1.614786945204224959e-15
1.604822293702475563e-15
1.596788972874424197e-15
