# bin_4_2
1.482935192033868347e-08
1.488920555092693895e-08
1.495113526196990262e-08
1.501516809394632643e-08
1.508132744879402411e-08
1.514967719168154718e-08
1.522033365179863934e-08
1.529343651509897295e-08
1.536914681125006065e-08
1.544758997370679245e-08
1.552883099140736229e-08
1.561287346641348593e-08
1.569967725481822001e-08
1.578921483152209186e-08
1.588152735817287227e-08
1.597680330956534445e-08
1.607529895608987425e-08
1.617724865261683936e-08
1.628269744427854850e-08
1.639153555365595516e-08
1.650363349086558087e-08
1.661907172183580080e-08
1.673818757683907286e-08
1.686134511559342035e-08
1.698856416714244468e-08
1.711960905200294413e-08
1.725436956982333510e-08
1.739322187409132205e-08
1.753660640531338183e-08
1.768441463401714876e-08
1.783628156682410055e-08
1.799238939749521931e-08
1.815333375478662637e-08
1.831908294023737214e-08
1.848912055843172549e-08
1.866363658095186108e-08
1.884295701589784384e-08
1.902665508280624677e-08
1.921486624612379680e-08
1.940807123910720381e-08
1.960576606713808648e-08
1.980807312062042441e-08
2.001536866208333539e-08
2.022720337541283224e-08
2.044400061883911900e-08
2.066563899573111802e-08
2.089214477947524611e-08
2.112370921298278934e-08
2.136012436716439786e-08
2.160163187272510625e-08
2.184803739066972381e-08
2.209946986796402358e-08
2.235577923428992285e-08
2.261700909110999007e-08
2.288327426518755823e-08
2.315461514550414445e-08
2.343109079973610854e-08
2.371281519618071121e-08
2.399997100021841922e-08
2.429221359896939450e-08
2.458920114647403655e-08
2.489081804480465401e-08
2.519679406543832551e-08
2.550668418273779605e-08
2.582022554679881817e-08
2.613700765377892269e-08
2.645656207492600924e-08
2.677843844690468181e-08
2.710221525614041982e-08
2.742753177780173688e-08
2.775435994149946818e-08
2.808271000207638309e-08
2.841216507991819341e-08
2.874280396965949663e-08
2.907472582088529062e-08
2.940771686466645250e-08
2.974160104198601147e-08
3.007607043063160987e-08
3.041069422442167240e-08
3.074498368847007316e-08
3.107749576264735266e-08
3.140734322834178344e-08
3.173393550869668820e-08
3.205639448530953802e-08
3.237406617045535896e-08
3.268690348497202167e-08
3.299435286399581820e-08
3.329580767371971333e-08
3.359106118142158215e-08
3.387971389544247579e-08
3.416139665888138416e-08
3.443523059506060118e-08
3.470054642033396740e-08
3.495669886080331702e-08
3.520300606015124030e-08
3.543822994335493961e-08
3.566050655185772675e-08
3.586917188398043179e-08
3.606395076960892313e-08
3.624439391040758811e-08
3.641021788540402894e-08
3.656183331509657051e-08
3.669814891859839335e-08
3.681774164164912243e-08
3.691998016106584540e-08
3.700328315081416142e-08
3.706662364153103401e-08
3.710992285257017473e-08
3.713245571454431596e-08
3.713477975938882067e-08
3.711611984443251757e-08
3.707607063802929773e-08
3.701354110611887410e-08
3.692773673567388310e-08
3.681795672172649135e-08
3.668398787621996086e-08
3.652562401801804338e-08
3.634313327896795460e-08
3.613653433671593685e-08
3.590545378559026753e-08
3.564925001127928668e-08
3.536750156471624311e-08
3.506049576413113932e-08
3.472890726547809166e-08
3.437313828634769722e-08
3.399330774890496843e-08
3.358951179195931300e-08
3.316195942073706034e-08
3.271126905464722786e-08
3.223845442122191400e-08
3.174438143773571688e-08
3.122967823826161880e-08
3.069503980562263847e-08
3.014138394170635383e-08
2.956996324603784303e-08
2.898218579019831743e-08
2.837917135176811484e-08
2.776199766433357834e-08
2.713210296414980111e-08
2.649106703704268999e-08
2.584046300025368682e-08
2.518176112554518528e-08
2.451641767064858629e-08
2.384616161076483500e-08
2.317272446586796860e-08
2.249768440231214121e-08
2.182261920571693040e-08
2.114919664641651162e-08
2.047905480237474145e-08
1.981372135718365098e-08
1.915462605160249291e-08
1.850323323480778189e-08
1.786089790651279908e-08
1.722880431850211168e-08
1.660808752523640234e-08
1.599976848150717468e-08
1.540471405851400160e-08
1.482364698553947261e-08
1.425718029836180961e-08
1.370576876300123644e-08
1.316971380174537878e-08
1.264919385502811436e-08
1.214424907739254778e-08
1.165478471674026121e-08
1.118060605120062485e-08
1.072141126870630252e-08
1.027681808537191460e-08
9.846383173934664420e-09
9.429621194087317038e-09
9.026021170376236341e-09
8.635081601347648049e-09
8.256316141844156629e-09
7.889285754236405144e-09
7.533611763742644013e-09
7.188987893392369763e-09
6.855194440885312499e-09
6.532102091261027557e-09
6.219663509831240812e-09
5.917914227990157816e-09
5.626951810657376036e-09
5.346919659898317700e-09
5.077984822864053149e-09
4.820307582426379074e-09
4.574018529786343959e-09
4.339186236536667553e-09
4.115797406565615617e-09
3.903734774568966930e-09
3.702768807495696941e-09
3.512555269638723014e-09
3.332647318190601262e-09
3.162515478792882594e-09
3.001574995547925292e-09
2.849220086908306166e-09
2.704856115918616606e-09
2.567930362708720989e-09
2.437954762287434757e-09
2.314519022374238484e-09
2.197292379809583253e-09
2.086014798274301267e-09
1.980479233251690676e-09
1.880508555469505262e-09
1.785931519301976612e-09
1.696561997616127718e-09
1.612185888845235687e-09
1.532556810814980305e-09
1.457401782295104035e-09
1.386434049310166718e-09
1.319369301517099855e-09
1.255940808592622909e-09
1.195910013686541850e-09
1.139070172790694604e-09
1.085242814774876898e-09
1.034269236867490918e-09
9.860001475313344210e-10
9.402875891069386741e-10
8.969813463790635572e-10
8.559304210164996830e-10
8.169877471708283701e-10
7.800155206230622777e-10
7.448884452453429069e-10
7.114937950637933484e-10
6.797289030364872291e-10
6.494976981535993573e-10
6.207083193161115562e-10
5.932726659782644703e-10
5.671075247789770880e-10
5.421359168859223229e-10
5.182873665514365101e-10
4.954970022681560922e-10
4.737043856901035707e-10
4.528529479820507633e-10
4.328900623923885178e-10
4.137671253750353381e-10
3.954392967770023769e-10
3.778650745158494717e-10
3.610059945240511556e-10
3.448264932258530306e-10
3.292937322464922909e-10
3.143773465673203857e-10
3.000492259493921268e-10
2.862833565265427666e-10
2.730556556311080637e-10
2.603437912842514413e-10
2.481270266945915503e-10
2.363860786578012377e-10
2.251029789643963087e-10
2.142609487296728687e-10
2.038442795258717110e-10
1.938382242686151767e-10
1.842288986972816332e-10
1.750031900351816293e-10
1.661486735127710898e-10
1.576535373144028329e-10
1.495065135449316524e-10
1.416968151146385111e-10
1.342140780979513512e-10
1.270483096967825842e-10
1.201898420432060731e-10
1.136292922924332310e-10
1.073575283356933890e-10
1.013656390760513257e-10
9.564490863270028677e-11
9.018679456918741100e-11
8.498291103468145398e-11
8.002501031868746961e-11
7.530497558731950616e-11
7.081481059448171373e-11
6.654663321259348937e-11
6.249267114397590975e-11
5.864525956802194981e-11
5.499684071050335781e-11
5.153996501350608518e-11
4.826729333856841717e-11
4.517160005572520331e-11
4.224577710753684130e-11
3.948283873088586048e-11
3.687592661250982765e-11
3.441831523472396205e-11
3.210341753892855054e-11
2.992479058869163132e-11
2.787614110908246598e-11
2.595133074382074017e-11
2.414438110752741061e-11
2.244947847503942124e-11
2.086097803871287206e-11
1.937340760227369269e-11
1.798147078958042727e-11
1.668004958536180189e-11
1.546420626261075038e-11
1.432918466955041862e-11
1.327041101685189007e-11
1.228349585398911278e-11
1.136422890081912217e-11
1.050858057731825280e-11
9.712701565134705654e-12
8.972919421605779235e-12
8.285735793760216557e-12
7.647823141151624170e-12
7.056021079011790299e-12
6.507332349120535801e-12
5.998918462065734995e-12
5.528095010979099389e-12
5.092326749635077755e-12
4.689222445083899907e-12
4.316530793995268987e-12
3.972132869552058837e-12
3.654035498402000830e-12
3.360369591931296118e-12
3.089382852234578683e-12
2.839434263776482044e-12
2.608988660905686320e-12
2.396611370306902553e-12
2.200962962368263044e-12
2.020796146261453250e-12
1.854945300396687226e-12
1.702325666997742274e-12
1.561928945740435041e-12
1.432817928349725407e-12
1.314122177057906519e-12
1.205034489489746543e-12
1.104807231588485328e-12
1.012743793137668397e-12
9.282012302830974819e-13
8.505844864770098856e-13
7.793432254730727237e-13
7.139712818570025097e-13
6.539956784244043128e-13
5.989823841362297537e-13
5.485308279867130717e-13
5.022734250799511638e-13
4.598681853499657392e-13
4.210002766544014943e-13
3.853804688922594019e-13
3.527451080352222569e-13
3.228461443015194705e-13
2.954580177959257239e-13
2.703753016594609451e-13
2.474056419623353299e-13
2.263730384135707118e-13
2.071187058846909754e-13
1.894924158697992801e-13
1.733587244856254066e-13
1.585938048827253620e-13
1.450811681181244768e-13
1.327181345636451397e-13
1.214058130018414916e-13
1.110576168160088991e-13
1.015908094972900248e-13
9.293247218785230370e-14
8.501278594491310992e-14
7.777109252699056199e-14
7.114831333711154085e-14
6.509316712090624453e-14
5.955706332450869276e-14
5.449555707848969710e-14
4.986933443686108431e-14
4.564069681057329447e-14
4.177572586371525962e-14
3.824357107840184090e-14
3.501644607613409047e-14
3.206779108601178529e-14
2.937390258188345258e-14
2.691307743176768776e-14
2.466544521711599095e-14
2.261281485367761022e-14
2.073853407973985953e-14
1.902736094497053115e-14
1.746534589764989387e-14
1.603972361736133875e-14
1.473881357091335215e-14
1.355206666147554534e-14
1.246986030273229804e-14
1.148298188967625457e-14
1.058336823363765710e-14
9.763843572714796826e-15
9.017156539936733166e-15
8.337596523496123723e-15
7.719041445574998182e-15
7.156465569817006473e-15
6.645207225768937696e-15
6.180748677243885996e-15
5.759149373809308168e-15
5.376787380931946890e-15
5.030333753933388221e-15
4.716729258613961690e-15
4.433162411953142290e-15
4.177048731545199180e-15
3.946217140325977224e-15
3.738303254041127173e-15
3.551482488011703523e-15
3.383827427480215835e-15
3.233783747646715089e-15
3.099800523470461720e-15
2.980455105826616589e-15
2.874460920815855335e-15
2.780662820852594941e-15
2.697954159263012250e-15
2.625277660601813663e-15
2.561792068866110448e-15
2.506570128414962293e-15
