# bin_2_1
1.180364673813586270e-08
1.184600151433518508e-08
1.188974087067911020e-08
1.193490671419609919e-08
1.198157181984595566e-08
1.202981767916966052e-08
1.207973027762629772e-08
1.213135505351961488e-08
1.218468764569569631e-08
1.223971209362895562e-08
1.229642528122053143e-08
1.235490530736898651e-08
1.241526831396909547e-08
1.247761882197658105e-08
1.254196737774896091e-08
1.260826517282254883e-08
1.267650054829777685e-08
1.274680271723833468e-08
1.281933670489674078e-08
1.289415166746137482e-08
1.297114115511673609e-08
1.305026756227429271e-08
1.313168497947818525e-08
1.321552047442223215e-08
1.330170716226758551e-08
1.339020438194399563e-08
1.348119450130966766e-08
1.357476827365362389e-08
1.367078756462920338e-08
1.376929816752286737e-08
1.387043105423920672e-08
1.397408444360345323e-08
1.408024695125278935e-08
1.418902395698907305e-08
1.430030949186428665e-08
1.441411180969443945e-08
1.453046671274237980e-08
1.464930172457575891e-08
1.477065575383043585e-08
1.489446843774998998e-08
1.502075252307775162e-08
1.514950442889193733e-08
1.528078739774226813e-08
1.541464899492377126e-08
1.555110004152544964e-08
1.569015084876129983e-08
1.583184253831753732e-08
1.597622957927456358e-08
1.612337650022493432e-08
1.627308478411220311e-08
1.642516937858951600e-08
1.657954215344327069e-08
1.673611006161501336e-08
1.689474546411873476e-08
1.705529897540023973e-08
1.721759222979671137e-08
1.738142753873026475e-08
1.754659734415508364e-08
1.771285562355988541e-08
1.787986355059313877e-08
1.804732153738844555e-08
1.821516415497747980e-08
1.838309703453506293e-08
1.855074225168458628e-08
1.871811663497315663e-08
1.888519190106599426e-08
1.905179663140361300e-08
1.921792826889282659e-08
1.938351345240795384e-08
1.954851636323715866e-08
1.971291733903984218e-08
1.987607267820284170e-08
2.003746477568990158e-08
2.019672986895814208e-08
2.035320472324163554e-08
2.050612098227462523e-08
2.065510017847616242e-08
2.079980312779210663e-08
2.093955835843890148e-08
2.107432559924208604e-08
2.120424670788078135e-08
2.132922268974848444e-08
2.144909014511960177e-08
2.156318731887109442e-08
2.167103249560245117e-08
2.177225897858339183e-08
2.186661320074387259e-08
2.195318131698733641e-08
2.203132157220411470e-08
2.210065075110112713e-08
2.216076141597505372e-08
2.221083731658700838e-08
2.225080550259110131e-08
2.228114244906696612e-08
2.230141295323222554e-08
2.231135463013679793e-08
2.231075329120675527e-08
2.229839030314797733e-08
2.227380454387787535e-08
2.223660213901223957e-08
2.218624660944475499e-08
2.212326383404389232e-08
2.204746366564686100e-08
2.195908607464669017e-08
2.185763892541952355e-08
2.174274278378876111e-08
2.161387382069600300e-08
2.147097975556685619e-08
2.131398389058804581e-08
2.114314945365247386e-08
2.095874029883781872e-08
2.076095641706795782e-08
2.054974800676807560e-08
2.032487920553811935e-08
2.008637668290192326e-08
1.983467491299673709e-08
1.957036241982071217e-08
1.929390070974416482e-08
1.900559108873630338e-08
1.870562151672120693e-08
1.839431386770877300e-08
1.807234429153153684e-08
1.774052418301130209e-08
1.739948110563694338e-08
1.704976396517319616e-08
1.669193997119849312e-08
1.632670782389638503e-08
1.595501657518684306e-08
1.557777014149554531e-08
1.519566717725137081e-08
1.480945216432496975e-08
1.442003314793665179e-08
1.402837587964146617e-08
1.363540191654427572e-08
1.324187875729740948e-08
1.284865227392677057e-08
1.245667015946789296e-08
1.206679101274029470e-08
1.167978268664205840e-08
1.129640594204448978e-08
1.091743434730021622e-08
1.054360174768391373e-08
1.017551090917825962e-08
9.813746523655576814e-09
9.458878497406080559e-09
9.111363531616672464e-09
8.771592805068995845e-09
8.439901059197478003e-09
8.116574498333276572e-09
7.801793036600059896e-09
7.495685289932041013e-09
7.198331815714850124e-09
6.909729701129818071e-09
6.629830999231924291e-09
6.358544838695337545e-09
6.095733037730335408e-09
5.841221025690276156e-09
5.594819690341085015e-09
5.356312955636736871e-09
5.125483541372271148e-09
4.902112833758803554e-09
4.685992218100849801e-09
4.476926688750770442e-09
4.274744808811324697e-09
4.079299446596932634e-09
3.890469169928098082e-09
3.708164864588455108e-09
3.532321302585462254e-09
3.362898766030630459e-09
3.199874730128762049e-09
3.043237791981001001e-09
2.892981376701276941e-09
2.749092128031950631e-09
2.611546124040002045e-09
2.480298676793010962e-09
2.355278272967692122e-09
2.236382594796761894e-09
2.123473668716359537e-09
2.016379328238628625e-09
1.914892365320886811e-09
1.818778198285508788e-09
1.727778749277955717e-09
1.641623022547624236e-09
1.560034833471402456e-09
1.482742603005914574e-09
1.409487046543868123e-09
1.340027865697961017e-09
1.274147380667068743e-09
1.211652763724624457e-09
1.152375001808071611e-09
1.096166427197716987e-09
1.042895453378396270e-09
9.924408933237688365e-10
9.446855724001603826e-10
8.995107004307637593e-10
8.567920800975163811e-10
8.163989678327729976e-10
7.781955511194384009e-10
7.420446789018718455e-10
7.078127327366572847e-10
6.753743663652688607e-10
6.446155182710718465e-10
6.154342458607895836e-10
5.877391972331797326e-10
5.614468211967014857e-10
5.364782392959984814e-10
5.127570591681116225e-10
4.902085453011506501e-10
4.687601770466018927e-10
4.483428642603825226e-10
4.288920431901404158e-10
4.103481586286692272e-10
3.926565237990396248e-10
3.757667086637495997e-10
3.596317990465819923e-10
3.442077705236664729e-10
3.294532084272413979e-10
3.153293691044165363e-10
3.018003162158888495e-10
2.888329023138429816e-10
2.763965695264818226e-10
2.644630582368933910e-10
2.530061714976564460e-10
2.420016347553537712e-10
2.314270113722187993e-10
2.212616018654961682e-10
2.114863137797610839e-10
2.020835219454028411e-10
1.930369396782322517e-10
1.843315108727515734e-10
1.759533149747401317e-10
1.678894696458581489e-10
1.601280319965703494e-10
1.526579102366944378e-10
1.454687835855771998e-10
1.385510256749852149e-10
1.318956317417350230e-10
1.254941534676121644e-10
1.193386376977710556e-10
1.134215693984668488e-10
1.077358200073796257e-10
1.022746005331405671e-10
9.703141947945238956e-11
9.200004475211538573e-11
8.717446917241161631e-11
8.254887956433535959e-11
7.811762911342469110e-11
7.387521304275632319e-11
6.981624780571927847e-11
6.593545302748886555e-11
6.222763612417340037e-11
5.868767939048446750e-11
5.531052976178133116e-11
5.209119093052225093e-11
4.902471743811065203e-11
4.610621035733123179e-11
4.333081463271617488e-11
4.069371785786924338e-11
3.819015031806276718e-11
3.581538627569557367e-11
3.356474624182467976e-11
3.143359998937835356e-11
2.941737023338822858e-11
2.751153764034673236e-11
2.571164264731672707e-11
2.401329359955619601e-11
2.241217072216663036e-11
2.090403128053910356e-11
1.948471477379599218e-11
1.815014800248642558e-11
1.689634986678249206e-11
1.571943596090626409e-11
1.461562286006563322e-11
1.358123202474971429e-11
1.261269323196197561e-11
1.170654756805721043e-11
1.085944995854653925e-11
1.006817120574258971e-11
9.329599512888477086e-12
8.640741507515642131e-12
7.998722779509407478e-12
7.400787909253421532e-12
6.844299994210061887e-12
6.326739752351570293e-12
5.845704223818700900e-12
5.398905103998093544e-12
4.984167943033884521e-12
4.599426706993000282e-12
4.242722524680183383e-12
3.912202097467323044e-12
3.606113637533331127e-12
3.322803567343966814e-12
3.060713084220563657e-12
2.818374615188754290e-12
2.594408183250525819e-12
2.387517733060924959e-12
2.196487438513482648e-12
2.020178013293376920e-12
1.857524079753370646e-12
1.707528359151641906e-12
1.569258206367516288e-12
1.441844300568327306e-12
1.324476097879678199e-12
1.216398527412786997e-12
1.116908794412363708e-12
1.025353298074089430e-12
9.411252555653135037e-13
8.636614994599930650e-13
7.924371030154619280e-13
7.269668103316672528e-13
6.668009568064857499e-13
6.115231228000724582e-13
5.607480284264529903e-13
5.141209867091381891e-13
4.713103677519583747e-13
4.320116920944913165e-13
3.959437731603851894e-13
3.628471525248021967e-13
3.324841857533718939e-13
3.046319495101890193e-13
2.790868773502355878e-13
2.556613903490202441e-13
2.341843980826496473e-13
2.144952676865098959e-13
1.964472518626415207e-13
1.799060939253310935e-13
1.647488184632216762e-13
1.508598505544326383e-13
1.381345622173066802e-13
1.264783103957171881e-13
1.158006763190799744e-13
1.060208853515550269e-13
9.706519920792457139e-14
8.886355509850995535e-14
8.135439817523419655e-14
7.447908954973710419e-14
6.818481634095682531e-14
6.242330593570130937e-14
5.714927271611309275e-14
5.232264663613722083e-14
4.790505751837527580e-14
4.386280362516072692e-14
4.016389882194659744e-14
3.677947295676930134e-14
3.368344781890559344e-14
3.085081616308515350e-14
2.826006438199623967e-14
2.589046125137504256e-14
2.372312744289635711e-14
2.174123397540557878e-14
1.992928594897208032e-14
1.827258181913195291e-14
1.675803185838324568e-14
1.537364270835597974e-14
1.410842561065612754e-14
1.295231252356152197e-14
1.189607927933733076e-14
1.093127525393401115e-14
1.005015883034459516e-14
9.245638321069773879e-15
8.511217741548232509e-15
7.840947094535919706e-15
7.229376672757393629e-15
6.671515098599674155e-15
6.163112002717651564e-15
5.699686827546306440e-15
5.277498717658037338e-15
4.893218250547772965e-15
4.543454876100241670e-15
4.225447843475059743e-15
3.936478762111457848e-15
3.674033393583381381e-15
3.435920286290798087e-15
3.220176642006133640e-15
3.024820917519182677e-15
2.848139519453832801e-15
2.688551844912174476e-15
2.544668367228642389e-15
2.415114127757107872e-15
2.298627135580783620e-15
2.194150506907652111e-15
2.100610018522227286e-15
2.017096664541204994e-15
1.942686879800855801e-15
1.876599895655736075e-15
1.818103683214410410e-15
1.766513013209091521e-15
1.721186527869865031e-15
1.681524205905958027e-15
1.647008568463464002e-15
1.617111316286610366e-15
1.591395863924763002e-15
1.569406280114071333e-15
1.550746822834492589e-15
1.535042675217415886e-15
1.521959645794405265e-15
1.511159582397182199e-15
1.502359138618982804e-15
1.495276537577897396e-15
1.489661949937571792e-15
