# bin_4_3
1.598694650028159938e-08
1.605337883735134373e-08
1.612225713360992781e-08
1.619363485323502680e-08
1.626757150745017875e-08
1.634412758599351442e-08
1.642336958644981831e-08
1.650537643918250546e-08
1.659018304946348531e-08
1.667780497726863627e-08
1.676825049147093784e-08
1.686158454912691562e-08
1.695800034773171987e-08
1.705772912341187580e-08
1.716099866468052789e-08
1.726792122444569267e-08
1.737856071227197570e-08
1.749296686294212086e-08
1.761111381680944945e-08
1.773293298053106271e-08
1.785841684281714889e-08
1.798787816586297698e-08
1.812175480150374454e-08
1.826035321740682434e-08
1.840370770870542911e-08
1.855165182063288331e-08
1.870397210799409774e-08
1.886070731930498957e-08
1.902241283002211577e-08
1.918966942025142514e-08
1.936247864966521633e-08
1.954035192796249612e-08
1.972296624533660451e-08
1.991085233275138552e-08
2.010480047232524784e-08
2.030463691800255096e-08
2.050956151936102634e-08
2.071969302650308950e-08
2.093602847551646351e-08
2.115847012640085485e-08
2.138609582525158524e-08
2.161948447821313848e-08
2.185970565313184626e-08
2.210583474364478027e-08
2.235751808360851057e-08
2.261580555981706773e-08
2.287991020210762797e-08
2.314996118851562592e-08
2.342672186112357095e-08
2.370908941814876562e-08
2.399776776981768788e-08
2.429234062827673856e-08
2.459267137497076377e-08
2.489911560389541910e-08
2.521118639471429910e-08
2.552946121544630550e-08
2.585358869741862144e-08
2.618402816368785683e-08
2.652056349374028213e-08
2.686340968112638239e-08
2.721241444214795132e-08
2.756744736530919155e-08
2.792872673204269594e-08
2.829620665211011252e-08
2.866993464133027151e-08
2.905021978819818008e-08
2.943671440014949711e-08
2.982870879436680914e-08
3.022595406796295315e-08
3.062805525379614684e-08
3.103420125442179054e-08
3.144376248622650205e-08
3.185616039637551527e-08
3.227065864871803826e-08
3.268673921355187506e-08
3.310404247677223088e-08
3.352241644785167157e-08
3.394208384124183307e-08
3.436294764696894760e-08
3.478471803771255336e-08
3.520763844414190830e-08
3.563168028953498076e-08
3.605628599329929498e-08
3.648068374623262096e-08
3.690416228064489472e-08
3.732596735268182033e-08
3.774493138450648308e-08
3.815920870337188245e-08
3.856827381273497121e-08
3.897160620151408797e-08
3.936833913845489159e-08
3.975801194754982889e-08
4.014043105627396646e-08
4.051426751556154927e-08
4.087898365570817213e-08
4.123415892225218075e-08
4.157960073235342517e-08
4.191495329441019313e-08
4.223896404506948527e-08
4.255065793673581574e-08
4.284847217013262161e-08
4.313113732614080985e-08
4.339621095155435892e-08
4.364301551462273252e-08
4.387184394524501818e-08
4.408252387187926436e-08
4.427429369498076656e-08
4.444725688745359419e-08
4.460053174580925050e-08
4.473172752010967782e-08
4.483996272020249964e-08
4.492378951269214338e-08
4.498172861768170183e-08
4.501439956597175856e-08
4.502092902194390767e-08
4.500166978906486969e-08
4.495592093324925127e-08
4.488276374288757246e-08
4.478125445835745074e-08
4.465019507685672437e-08
4.448909025538825983e-08
4.429767715660615835e-08
4.407609703758719777e-08
4.382481226931833094e-08
4.354371085156206175e-08
4.323221536145751814e-08
4.288954395704886752e-08
4.251555564304312300e-08
4.211102235558697178e-08
4.167687360942035234e-08
4.121349364820151997e-08
4.072104263160950422e-08
4.019979176595326496e-08
3.965021478603197341e-08
3.907334585883958996e-08
3.847057963672366186e-08
3.784298879234762628e-08
3.719138027494583655e-08
3.651673487838705956e-08
3.582042098750881605e-08
3.510418136992321940e-08
3.436975308048202669e-08
3.361849359276000791e-08
3.285186084693320615e-08
3.207179148131798256e-08
3.128028907991896378e-08
3.047927459780657775e-08
2.967054135639995596e-08
2.885593834303094029e-08
2.803764984662777428e-08
2.721773204311933040e-08
2.639804618988949119e-08
2.558050582022739877e-08
2.476711053350162529e-08
2.395975716156792432e-08
2.316018213763777707e-08
2.237003269557881886e-08
2.159097500347970718e-08
2.082448706240029332e-08
2.007184727360283557e-08
1.933428230609543630e-08
1.861285135543744933e-08
1.790841037778205687e-08
1.722166230005800539e-08
1.655316859607801928e-08
1.590329262222792876e-08
1.527223330038340413e-08
1.466004865493873648e-08
1.406663911326983183e-08
1.349176497527292171e-08
1.293508604996673062e-08
1.239615111919843931e-08
1.187444097075429915e-08
1.136938351416983608e-08
1.088038239941252139e-08
1.040683296163693799e-08
9.948162589023142567e-09
9.503837534714521784e-09
9.073395289938810167e-09
8.656458620605911621e-09
8.252742000535554775e-09
7.862062916041468677e-09
7.484340594476175976e-09
7.119578993128254166e-09
6.767863701201551159e-09
6.429335002926196196e-09
6.104166967864855316e-09
5.792538953324664302e-09
5.494599988039789350e-09
5.210442241941623372e-09
4.940064865615139128e-09
4.683353607389047944e-09
4.440060871960905693e-09
4.209804736035631967e-09
3.992074277648290247e-09
3.786251467261810036e-09
3.591641697671228848e-09
3.407510518426525658e-09
3.233125576356509427e-09
3.067793925781862924e-09
2.910895483567227222e-09
2.761904333651781341e-09
2.620397988174061776e-09
2.486050677489896279e-09
2.358613692747861821e-09
2.237886175981441146e-09
2.123680720918853063e-09
2.015791777657167039e-09
1.913973660732505580e-09
1.817932778936255580e-09
1.727334280961043364e-09
1.641821191380172100e-09
1.561039516813165664e-09
1.484661190845765961e-09
1.412398457958797182e-09
1.344006895190422061e-09
1.279277450016454861e-09
1.218021954377072843e-09
1.160058591740673127e-09
1.105202909702861221e-09
1.053266878929746555e-09
1.004064248309406667e-09
9.574179452359746057e-10
9.131653328430260121e-10
8.711590994420777828e-10
8.312646294249046739e-10
7.933562500258878397e-10
7.573145754037444315e-10
7.230257149864436194e-10
6.903820759391221253e-10
6.592834840622250672e-10
6.296375783260656995e-10
6.013591105657236535e-10
5.743687173142741476e-10
5.485920936578701850e-10
5.239598214048056346e-10
5.004075634659309375e-10
4.778759615991571581e-10
4.563101055652332452e-10
4.356589413335074879e-10
4.158750379848005638e-10
3.969145293210020154e-10
3.787368734521301762e-10
3.613044826136514577e-10
3.445824695827828218e-10
3.285384940167199118e-10
3.131425648480299818e-10
2.983668079211820875e-10
2.841852852211163009e-10
2.705738395952526900e-10
2.575099257615472946e-10
2.449724534704139139e-10
2.329416523501103685e-10
2.213989437904910389e-10
2.103268231507248643e-10
1.997087545783213275e-10
1.895290744068131757e-10
1.797729014333476744e-10
1.704260551235191881e-10
1.614749806717373923e-10
1.529066812405708846e-10
1.447086568566291051e-10
1.368688500000346479e-10
1.293755991784500476e-10
1.222175924976325787e-10
1.153838373459688000e-10
1.088636273097813683e-10
1.026465153057179414e-10
9.672229092310834130e-11
9.108096177551477200e-11
8.571273812084768609e-11
8.060802054912334646e-11
7.575739042707539011e-11
7.115160281315229035e-11
6.678158148171031240e-11
6.263841582309303405e-11
5.871335951588332892e-11
5.499783059205234413e-11
5.148341244956595317e-11
4.816185577920413345e-11
4.502508141555265900e-11
4.206518376630013362e-11
3.927443433978414453e-11
3.664528541971717773e-11
3.417037407511864898e-11
3.184252614068750638e-11
2.965475997743419982e-11
2.760028989575385216e-11
2.567252932271134864e-11
2.386509357611911043e-11
2.217180214125235270e-11
2.058668046309099101e-11
1.910396124859736788e-11
1.771808523042206244e-11
1.642370140646507967e-11
1.521566834365337818e-11
1.408905021456943358e-11
1.303911439323218784e-11
1.206133386459509710e-11
1.115138239215171021e-11
1.030513148858235511e-11
9.518646963072716249e-12
8.788185052476808478e-12
8.110188152851081889e-12
7.481280206775535271e-12
6.898261737774898134e-12
6.358104580042128654e-12
5.857946367340199306e-12
5.395084880804512208e-12
4.966973981032002633e-12
4.571214324017714076e-12
4.205547040467012336e-12
3.867851849757649995e-12
3.556138999079101258e-12
3.268543271699519061e-12
3.003318040969430404e-12
2.758829429732890721e-12
2.533550569416876775e-12
2.326057587757696353e-12
2.135021115906992315e-12
1.959200084950543749e-12
1.797440979070743223e-12
1.648670742213422657e-12
1.511891979988077679e-12
1.386178362489629062e-12
1.270672919308257193e-12
1.164576289022896608e-12
1.067148827927926624e-12
9.777063724925556646e-13
8.956157484249219412e-13
8.202929720944233197e-13
7.511967809266621767e-13
6.878251520617161079e-13
6.297164023534616324e-13
5.764447172220699925e-13
5.276200711916743643e-13
4.828767610715586502e-13
4.418810006703864201e-13
4.043264172350552682e-13
3.699311170283598293e-13
3.384321341540235997e-13
3.095899557382812754e-13
2.831873754609226444e-13
2.590183487423689125e-13
2.368971549121812210e-13
2.166552781110179600e-13
1.981325791515643948e-13
1.811865619933799135e-13
1.656847259626400541e-13
1.515043703345049624e-13
1.385364805676647729e-13
1.266759183283848586e-13
1.158320381482387996e-13
1.059159318259758251e-13
9.685169361127115306e-14
8.856450348022379067e-14
8.099068954164570537e-14
7.406778509528377752e-14
6.774123073771876529e-14
6.196034715204554556e-14
5.667777491496586942e-14
5.185192742967990836e-14
4.744350225473830555e-14
4.341641892394689254e-14
3.973815174154333806e-14
3.637942965090588885e-14
3.331251179730757463e-14
3.051226804119170008e-14
2.795587368232559010e-14
2.562243910235412349e-14
2.349284747131452901e-14
2.154960613803365871e-14
1.977671069931600171e-14
1.815952015881538618e-14
1.668464226547961251e-14
1.533982797455525067e-14
1.411411458498530595e-14
1.299728805791275981e-14
1.197973613482058068e-14
1.105308086353353201e-14
1.020975344003379802e-14
9.442188458843461265e-15
8.744419090944855360e-15
8.110042697723850570e-15
7.533789425505788226e-15
7.010843898997712219e-15
6.536450126947608355e-15
6.106505318330674829e-15
5.717234479299247755e-15
5.365163821534133989e-15
5.047098259368404657e-15
4.760101278892619097e-15
4.501474382634263886e-15
4.268956955113243751e-15
4.060088416171148778e-15
3.872945307731842678e-15
3.705520922320181269e-15
3.556226968515187424e-15
3.423397328005181457e-15
3.305560810641430955e-15
