# bin_4_4
1.656541762131922756e-08
1.663557608707104104e-08
1.670823444479409175e-08
1.678347413383043244e-08
1.686138782215562816e-08
1.694206370314935376e-08
1.702554201966475923e-08
1.711184429763524577e-08
1.720098584790455225e-08
1.729300175876994203e-08
1.738805926372780321e-08
1.748636944283348719e-08
1.758815669576716168e-08
1.769356536394159890e-08
1.780264157165969925e-08
1.791545082721002689e-08
1.803209535523255800e-08
1.815265819354625156e-08
1.827709779780108945e-08
1.840534471046853055e-08
1.853755259408270389e-08
1.867413277281419464e-08
1.881550209174459817e-08
1.896181937120518113e-08
1.911312535617563110e-08
1.926936731146474809e-08
1.943035633824533292e-08
1.959602353592770131e-08
1.976689710312350633e-08
1.994364245954576266e-08
2.012642450149984622e-08
2.031496588872346458e-08
2.050879665736235487e-08
2.070790772612680527e-08
2.091315067896661032e-08
2.112512799680176573e-08
2.134336708609633550e-08
2.156705750558801594e-08
2.179651081192232569e-08
2.203290605434325424e-08
2.227614359794130945e-08
2.252512888691869573e-08
2.278028111153461486e-08
2.304289687532081678e-08
2.331226752529473130e-08
2.358788406705964006e-08
2.387123545904291606e-08
2.416170290908524014e-08
2.445816989002781752e-08
2.476199573253452617e-08
2.507248815372925814e-08
2.538932304560828089e-08
2.571336054271187208e-08
2.604335848807664192e-08
2.638034522358422902e-08
2.672357199735783375e-08
2.707358136161185505e-08
2.743018791521826058e-08
2.779357831516944374e-08
2.816364761043286190e-08
2.854061109393711754e-08
2.892418844466953512e-08
2.931475079021924580e-08
2.971198829957783303e-08
3.011608410404505066e-08
3.052714855507428275e-08
3.094515863670186920e-08
3.137017407511906882e-08
3.180238053639028210e-08
3.224104901723075091e-08
3.268554993637522057e-08
3.313563897348763759e-08
3.359064687524085747e-08
3.404955949196003014e-08
3.451165525642659619e-08
3.497622607683278459e-08
3.544256733233152339e-08
3.591027819565492078e-08
3.637912036124124443e-08
3.684916698021561148e-08
3.732076398690559659e-08
3.779349378458443868e-08
3.826739537472627538e-08
3.874265727319656537e-08
3.921880496791428877e-08
3.969491033397903302e-08
4.017005565507516044e-08
4.064326351819013015e-08
4.111380494575359549e-08
4.157966036140569487e-08
4.203969506600664711e-08
4.249367955611535566e-08
4.294074475730413157e-08
4.338007570763299238e-08
4.381140316301055146e-08
4.423362148354438093e-08
4.464564990865776277e-08
4.504711411213508827e-08
4.543778668740704484e-08
4.581775476540335781e-08
4.618566314003897371e-08
4.654025040091022186e-08
4.687974865650319507e-08
4.720261042002918337e-08
4.750679255013570630e-08
4.779066708104058925e-08
4.805460461833949302e-08
4.829875866875314855e-08
4.852224898250371320e-08
4.872470900850684232e-08
4.890600810442595784e-08
4.906344658471642942e-08
4.919540044838827255e-08
4.930095615537324380e-08
4.937808163861845557e-08
4.942705949427613574e-08
4.944761098172652037e-08
4.943929532474206403e-08
4.940221506058178854e-08
4.933475332849496308e-08
4.923645840107429471e-08
4.910554461167423180e-08
4.894164857823640784e-08
4.874406517910429659e-08
4.851323187932934397e-08
4.824938199652911058e-08
4.795267470535453187e-08
4.762256721319403041e-08
4.725800463331809742e-08
4.685873557509458240e-08
4.642551947925323057e-08
4.595932095028843825e-08
4.546065968612450675e-08
4.492976818162804881e-08
4.436692234307483769e-08
4.377255322162242921e-08
4.314762739106602651e-08
4.249364993149822621e-08
4.181194089983430594e-08
4.110338646339373740e-08
4.036897734789415790e-08
3.961013793102342007e-08
3.882871354940963821e-08
3.802667264772285385e-08
3.720558126394419267e-08
3.636695141818576270e-08
3.551282480615084770e-08
3.464542484777590073e-08
3.376689227580883593e-08
3.287923341696385086e-08
3.198443009626211327e-08
3.108483094156108516e-08
3.018277639902660814e-08
2.928034707939774793e-08
2.837962255815935056e-08
2.748280776342768517e-08
2.659203481734086745e-08
2.570927386968897735e-08
2.483633931708983813e-08
2.397509970520412242e-08
2.312725191331710010e-08
2.229424653073836754e-08
2.147747314473932532e-08
2.067814755429495152e-08
1.989729686063356783e-08
1.913573511064270100e-08
1.839413919799064975e-08
1.767297883213629306e-08
1.697252056325480273e-08
1.629288105138751112e-08
1.563400307011693461e-08
1.499566714558951568e-08
1.437753091190247964e-08
1.377913167234393037e-08
1.319991622905520259e-08
1.263926714823228179e-08
1.209652445958746883e-08
1.157102066957918045e-08
1.106210088775508240e-08
1.056914895118240725e-08
1.009162100825637450e-08
9.629048212043106380e-09
9.181073398100237310e-09
8.747446411789119239e-09
8.328028673648346168e-09
7.922789372377158657e-09
7.531787430709241646e-09
7.155158478394801203e-09
6.793082237716519040e-09
6.445760901065112662e-09
6.113385270179751250e-09
5.796096620550778325e-09
5.493958640780542991e-09
5.206916245637413560e-09
4.934779283078942730e-09
4.677201526552878168e-09
4.433686587318246259e-09
4.203601150076396122e-09
3.986202772503910333e-09
3.780679823655227005e-09
3.586197201510224817e-09
3.401941698983375241e-09
3.227165375373514137e-09
3.061218087486169036e-09
2.903566798001782635e-09
2.753800315719547871e-09
2.611616863473545421e-09
2.476795136338778078e-09
2.349156538004663838e-09
2.228522701845244428e-09
2.114679397375629089e-09
2.007352178356313844e-09
1.906201500028093490e-09
1.810835928281831292e-09
1.720840579596832504e-09
1.635811692690603715e-09
1.555386818110486673e-09
1.479262383137659402e-09
1.407193983531073484e-09
1.338981312868460435e-09
1.274444693252210506e-09
1.213403186047572536e-09
1.155662106088629954e-09
1.101013740289970251e-09
1.049248429330691054e-09
1.000169172970301246e-09
9.536014952506963539e-10
9.093942676399777113e-10
8.674125533911751852e-10
8.275286700428581975e-10
7.896170993357626097e-10
7.535552515946561214e-10
7.192274549111750114e-10
6.865279959496775496e-10
6.553610220445080890e-10
6.256380839285326578e-10
5.972759365245206655e-10
5.701960697132748227e-10
5.443253997576614159e-10
5.195965606168041025e-10
4.959473794717824589e-10
4.733201145112762280e-10
4.516610406693234292e-10
4.309203261182808733e-10
4.110518577982102377e-10
3.920129105463025547e-10
3.737638323508129837e-10
3.562678133150833305e-10
3.394906811120344352e-10
3.234006798828297831e-10
3.079682549687292171e-10
2.931658655523856989e-10
2.789678077250857433e-10
2.653500473735486655e-10
2.522900632119136494e-10
2.397667013578609431e-10
2.277600418488286933e-10
2.162512795379351184e-10
2.052226189163691543e-10
1.946571772069283763e-10
1.845388943731967099e-10
1.748524485276563546e-10
1.655831783027063551e-10
1.567170146906611971e-10
1.482404140971982875e-10
1.401403103198493701e-10
1.324040647755525965e-10
1.250194245714172997e-10
1.179744862898150568e-10
1.112576651518721974e-10
1.048576683586118744e-10
9.876347288589884680e-11
9.296430662303888583e-11
8.744963281783308387e-11
8.220913724963579905e-11
7.723271846812662755e-11
7.251048052648196084e-11
6.803272788543694031e-11
6.378996177419645377e-11
5.977287825974852694e-11
5.597236774364250311e-11
5.237951551098598521e-11
4.898560286861817803e-11
4.578210904506910866e-11
4.276071368826708720e-11
3.991329964985359325e-11
3.723195584866090449e-11
3.470898014407252378e-11
3.233688218402115005e-11
3.010838608088924128e-11
2.801643282436894078e-11
2.605418234776040415e-11
2.421501518059649439e-11
2.249253361960669451e-11
2.088056247666083231e-11
1.937314935389147173e-11
1.796456451514502767e-11
1.664930311607625876e-11
1.542207541269338319e-11
1.427781144991683902e-11
1.321165839370138451e-11
1.221897657242408257e-11
1.129533611840881243e-11
1.043651323451134048e-11
9.638486119424464452e-12
8.897430475314521146e-12
8.209714615475287480e-12
7.571894203412248427e-12
6.980706737490252541e-12
6.433065795652470139e-12
5.926055153619492673e-12
5.456924842537557902e-12
5.023080734047970993e-12
4.622078985508432875e-12
4.251623577959660367e-12
3.909557952007910843e-12
3.593858758944595054e-12
3.302629658395543777e-12
3.034095215374437108e-12
2.786594894262991669e-12
2.558578671930826542e-12
2.348599081618536815e-12
2.155302948588864208e-12
1.977431898594906373e-12
1.813814493221428450e-12
1.663361144945195556e-12
1.525059227351168119e-12
1.397970849708608903e-12
1.281222101576125073e-12
1.174002438890997944e-12
1.075562186722331846e-12
9.852071758357139261e-13
9.022962123556813553e-13
8.262366407123552010e-13
7.564766325848927006e-13
6.925091119968072494e-13
6.338659675515838178e-13
5.801185518046805280e-13
5.308654766252971678e-13
4.857391334016771248e-13
4.444016642937829668e-13
4.065444986782889989e-13
3.718773514559242733e-13
3.401364339074508143e-13
3.110820453258103100e-13
2.844886355982814326e-13
2.601504452775121501e-13
2.378822714511026931e-13
2.175081095189961385e-13
1.988696033400585662e-13
1.818225541808732180e-13
1.662303646869113235e-13
1.519733506281476466e-13
1.389360910635241691e-13
1.270173109760254783e-13
1.161208517773627650e-13
1.061612131565063574e-13
9.705750769235402808e-14
8.873853599142328418e-14
8.113555027229662331e-14
7.418965799647754891e-14
6.784313019606107472e-14
6.204504723359781947e-14
5.674956175798897384e-14
5.191247627766440264e-14
4.749465866735868896e-14
4.346100012456585904e-14
3.977805973319898498e-14
3.641557646632785310e-14
3.334609710532027691e-14
3.054449660999033000e-14
2.798778190244308746e-14
2.565491292365748305e-14
2.352663899132433280e-14
2.158534914697414310e-14
1.981493482419400842e-14
1.820066367354431057e-14
1.672906338764677891e-14
1.538781479629150827e-14
1.416567284533329844e-14
1.305290785898773736e-14
1.203953600677569032e-14
1.111713318933545990e-14
1.027819110340285296e-14
9.515130497204401167e-15
8.821820733525243576e-15
8.192081817377756986e-15
7.620395363240588319e-15
7.101985084696537985e-15
6.632245009928932855e-15
6.206917898896915162e-15
5.822211520545443791e-15
5.474640861142520654e-15
5.161000594499406164e-15
4.878518136433286684e-15
4.624354773671938685e-15
4.395999796852922720e-15
4.191448122196064360e-15
4.008398919525621266e-15
3.845054245050589311e-15
