# bin_1_1
1.056218022766611777e-08
1.059770545224643187e-08
1.063436317385800339e-08
1.067218616182413342e-08
1.071123625746742175e-08
1.075158333424909275e-08
1.079330130041025133e-08
1.083642538353299642e-08
1.088094330590278409e-08
1.092683153024582773e-08
1.097407829661145099e-08
1.102274840257297975e-08
1.107294238719347308e-08
1.112474964170910830e-08
1.117817049293965844e-08
1.123314882724371942e-08
1.128966334658429322e-08
1.134782581218315033e-08
1.140778172272050427e-08
1.146956673153239658e-08
1.153306793840633986e-08
1.159823648570668461e-08
1.166520434384481210e-08
1.173407900506868958e-08
1.180478534677590877e-08
1.187727247430199340e-08
1.195169857610946381e-08
1.202813524767857668e-08
1.210643807487748589e-08
1.218663382629319071e-08
1.226882949117574885e-08
1.235291399892261765e-08
1.243885934741221880e-08
1.252674671261766311e-08
1.261645996580041081e-08
1.270798787662785280e-08
1.280134591704502865e-08
1.289644877134615349e-08
1.299331369249628569e-08
1.309186631105400605e-08
1.319209990507056788e-08
1.329399489357220593e-08
1.339759636780189935e-08
1.350293490070531637e-08
1.361000464809252955e-08
1.371879996337915859e-08
1.382934532483604844e-08
1.394167990549064681e-08
1.405585236777565345e-08
1.417165146187967680e-08
1.428887957410055260e-08
1.440743646131251600e-08
1.452721761943748529e-08
1.464808495800885003e-08
1.476987983701279106e-08
1.489241623078435593e-08
1.501549028192139687e-08
1.513888939069223478e-08
1.526236429171712614e-08
1.538557548566489871e-08
1.550822400807198996e-08
1.563024410423236396e-08
1.575134581166324757e-08
1.587115931800730814e-08
1.598970777813142156e-08
1.610697446856824519e-08
1.622280324513367336e-08
1.633720378509040836e-08
1.645012362518972894e-08
1.656154728309295366e-08
1.667147920797386369e-08
1.677931066415481539e-08
1.688455940706107559e-08
1.698689678144099398e-08
1.708570425165693950e-08
1.718026341743679880e-08
1.727024374787839016e-08
1.735535922433494977e-08
1.743500481747404998e-08
1.750920197864038640e-08
1.757815500074249394e-08
1.764183740225888586e-08
1.770016258991233909e-08
1.775255662968395646e-08
1.779862911784333334e-08
1.783810706071221313e-08
1.787083062505874905e-08
1.789600314996991751e-08
1.791309647676850907e-08
1.792184094641201280e-08
1.792194710390980610e-08
1.791273549990450337e-08
1.789426152145405111e-08
1.786712290119243867e-08
1.783103679467190250e-08
1.778588629977477169e-08
1.773159850570085165e-08
1.766712762100364401e-08
1.759216639771299755e-08
1.750648198155031829e-08
1.740971322210518057e-08
1.730253575316915018e-08
1.718493982853415642e-08
1.705732445353385140e-08
1.691937968983197936e-08
1.677089762859572199e-08
1.661153609332569750e-08
1.644141068231867527e-08
1.626061954613398229e-08
1.606958681237522575e-08
1.586873835309101496e-08
1.565843091776527235e-08
1.543876590499026479e-08
1.520965642760706182e-08
1.497126392412879422e-08
1.472413989036505808e-08
1.446897858188007616e-08
1.420633763330087867e-08
1.393660036395338730e-08
1.366002299645540562e-08
1.337697797996562191e-08
1.308816841727966259e-08
1.279441159158664587e-08
1.249632425317511606e-08
1.219442322015767265e-08
1.188922058484246846e-08
1.158133506547097377e-08
1.127160706882425633e-08
1.096080821908334931e-08
1.064948361539918495e-08
1.033819744174976235e-08
1.002764983153633503e-08
9.718574130186205249e-09
9.411635340619654958e-09
9.107326061228003022e-09
8.806193559475882548e-09
8.508866370733624380e-09
8.215869437864169686e-09
7.927623694211223717e-09
7.644532129674012303e-09
7.367002902368445558e-09
7.095400737164722347e-09
6.829962240888483286e-09
6.570910139805571415e-09
6.318461155142434289e-09
6.072734070277782255e-09
5.833800385870943239e-09
5.601698293149741888e-09
5.376443342927465482e-09
5.157976395580405935e-09
4.946220289769387997e-09
4.741085140720251052e-09
4.542435900011512097e-09
4.350130584115503806e-09
4.164022158762492686e-09
3.983953147610204332e-09
3.809764531465345907e-09
3.641313432259916462e-09
3.478457166623965736e-09
3.321073261042609913e-09
3.169053332839346337e-09
3.022307966785703043e-09
2.880763686965500315e-09
2.744365283070691479e-09
2.613070519527977856e-09
2.486845181632917791e-09
2.365664305741753870e-09
2.249500560375198114e-09
2.138323423565825952e-09
2.032091150196300831e-09
1.930746693037566562e-09
1.834215035559957857e-09
1.742397493630027407e-09
1.655174470437223519e-09
1.572403323833214900e-09
1.493920682883546111e-09
1.419546682934572550e-09
1.349087790457694356e-09
1.282344240382522650e-09
1.219113324225803787e-09
1.159197795454515159e-09
1.102408173877734242e-09
1.048568202622129531e-09
9.975157371621752713e-10
9.491039134440781556e-10
9.031998401289806746e-10
8.596828038909670625e-10
8.184410318564624965e-10
7.793692426253796476e-10
7.423658203495823291e-10
7.073312485885078557e-10
6.741664973931305599e-10
6.427728111786496038e-10
6.130517981266572066e-10
5.849061164364017825e-10
5.582405272668915597e-10
5.329633156592027398e-10
5.089876384860821000e-10
4.862325531281916994e-10
4.646234871635134418e-10
4.440920658946140413e-10
4.245752275583204049e-10
4.060140967983626366e-10
3.883528074665964860e-10
3.715378550323116391e-10
3.555179283940716065e-10
3.402442422511112629e-10
3.256709930121033806e-10
3.117557323909063865e-10
2.984593643998969942e-10
2.857457914191115580e-10
2.735814307236146129e-10
2.619348929504837740e-10
2.507768640305834373e-10
2.400800956619429839e-10
2.298193419905426978e-10
2.199712479164202886e-10
2.105142374952708651e-10
2.014283840978010991e-10
1.926952695682524984e-10
1.842978695525272103e-10
1.762204562775403355e-10
1.684485118417630802e-10
1.609686361180054072e-10
1.537684553593671656e-10
1.468365317624119323e-10
1.401622828160171344e-10
1.337359073692225783e-10
1.275483141899491911e-10
1.215910528319711290e-10
1.158562505542244469e-10
1.103365538449805419e-10
1.050250734748560238e-10
9.991533371038930473e-11
9.500122536127931168e-11
9.027696291086968188e-11
8.573704477533906357e-11
8.137621779499791152e-11
7.718944454136481411e-11
7.317187411584839001e-11
6.931881587563243947e-11
6.562571624887942013e-11
6.208813851107054302e-11
5.870174482055505107e-11
5.546228057139844002e-11
5.236556112063381591e-11
4.940746062537888501e-11
4.658390293964212993e-11
4.389085470809850736e-11
4.132431996035319947e-11
3.888033619604131325e-11
3.655497173709221640e-11
3.434432452030746477e-11
3.224452207794078581e-11
3.025172247483990065e-11
2.836211596826808148e-11
2.657192749154761932e-11
2.487741972875071950e-11
2.327489662436701234e-11
2.176070735506565787e-11
2.033125061725064223e-11
1.898297906896713938e-11
1.771240386652973046e-11
1.651609996404423175e-11
1.539070771191192371e-11
1.433294032235973066e-11
1.333958683306800536e-11
1.240751594355424648e-11
1.153367959360893839e-11
1.071511617882860900e-11
9.948953315171384458e-12
9.232410251866378339e-12
8.562799886040942420e-12
7.937530342784340146e-12
7.354106078210433572e-12
6.810128574807797807e-12
6.303296630556273231e-12
5.831406235293682658e-12
5.392350044331770468e-12
4.984116486228195635e-12
4.604788551421266517e-12
4.252542258902816149e-12
3.925644818703169356e-12
3.622452557801673134e-12
3.341408633421735853e-12
3.081040570289877986e-12
2.839958858958452155e-12
2.616851130740948435e-12
2.410480685528312054e-12
2.219684856313706504e-12
2.043371077432421749e-12
1.880513856176626531e-12
1.730151744542500067e-12
1.591384321700212659e-12
1.463369196042566603e-12
1.345319057535191313e-12
1.236498792003608815e-12
1.136222664252346889e-12
1.043852606508602721e-12
9.587933930447214317e-13
8.804901714418865507e-13
8.084281529206141554e-13
7.421291028543895353e-13
6.811490680023451982e-13
6.250762071336071433e-13
5.735287252135603756e-13
5.261534919877539374e-13
4.826238226904557942e-13
4.426350870438485266e-13
4.059070234569148967e-13
3.721805741193393782e-13
3.412164028800945376e-13
3.127936188114795446e-13
2.867100032868081185e-13
2.627753101742903133e-13
2.408160013741500474e-13
2.206721060728551237e-13
2.021963068434232792e-13
1.852546158297230940e-13
1.697199589309938775e-13
1.554772615927087777e-13
1.424206318363468044e-13
1.304543144730908737e-13
1.194872130624751023e-13
1.094366577100154200e-13
1.002274170654535915e-13
9.179086900374604872e-14
8.406153769412814348e-14
7.698086698792443817e-14
7.049656262737516134e-14
6.455724429100294574e-14
5.911797085265215265e-14
5.413792839632218295e-14
4.957737631206393392e-14
4.540253228340325262e-14
4.158033245661180266e-14
3.808141323152573260e-14
3.487902358826848133e-14
3.194766367885987814e-14
2.926536702748593879e-14
2.681043181059331270e-14
2.456438906735635844e-14
2.250926442808729791e-14
2.062901985158237068e-14
1.890932057773436393e-14
1.733597831472285506e-14
1.589732691572826344e-14
1.458170843644481327e-14
1.337855468720197227e-14
1.227862519658874040e-14
1.127337860967737920e-14
1.035451433941546148e-14
9.514783584420997897e-15
8.747542072612492518e-15
8.046699293396829250e-15
7.406672175805173478e-15
6.822342671881317940e-15
6.289018959010624037e-15
5.802399826631302632e-15
5.358542124468311803e-15
4.953830914380267035e-15
4.584952175597445470e-15
4.248867750472961916e-15
3.942792311649909581e-15
3.664458072583352169e-15
3.411260402729901347e-15
3.181135294599806836e-15
2.972273895155972559e-15
2.782717257021520446e-15
2.610970841385186255e-15
2.455497127336182668e-15
2.314866466593465827e-15
2.187862769020067036e-15
2.073405927773584303e-15
1.970350369699275269e-15
1.877730922527655961e-15
1.794652475530161891e-15
1.720340022611707103e-15
1.653999069556657633e-15
1.594899777851245429e-15
1.542449905153989657e-15
1.496022440450169348e-15
1.455099043054112163e-15
1.419135423637300824e-15
1.387681026943409635e-15
1.360308862628499346e-15
1.336616426755353630e-15
1.316225048091228762e-15
1.298779333819433068e-15
1.283975192936275272e-15
1.271498733719794796e-15
1.261092845103049322e-15
1.252488580896273414e-15
1.245454556538162331e-15
1.239773976790426816e-15
1.235255064768271104e-15
1.231708650417486981e-15
1.228978250598140394e-15
1.226914314674732004e-15
1.225388546157238087e-15
