# bin_4_1
1.247124689226941377e-08
1.251731999093838854e-08
1.256491563409839812e-08
1.261408075626435765e-08
1.266489405304246928e-08
1.271744329102587586e-08
1.277182097626498307e-08
1.282807818422046861e-08
1.288621510095111654e-08
1.294622017311943553e-08
1.300809523659098984e-08
1.307192563236751678e-08
1.313783589009426621e-08
1.320593871555604255e-08
1.327625048050022755e-08
1.334872681445036211e-08
1.342336166323167451e-08
1.350029367728566614e-08
1.357969835967780187e-08
1.366163244330473194e-08
1.374599365727850607e-08
1.383275095023573130e-08
1.392207029569572078e-08
1.401408943404934408e-08
1.410874666359573439e-08
1.420600752327102158e-08
1.430606742293150874e-08
1.440902773647527101e-08
1.451475470615112927e-08
1.462330477674004599e-08
1.473482202525479895e-08
1.484921063140087996e-08
1.496646881109598969e-08
1.508671528737042933e-08
1.520985059952356107e-08
1.533589413506452710e-08
1.546489327210840338e-08
1.559678348675412138e-08
1.573161601184451983e-08
1.586933909332234818e-08
1.600997681957978363e-08
1.615353528143924763e-08
1.630008849443426277e-08
1.644969426412571472e-08
1.660237354468352607e-08
1.675814646815781032e-08
1.691706435336507500e-08
1.707919123634917651e-08
1.724460152653301947e-08
1.741310511081475511e-08
1.758452528804713181e-08
1.775878208165011854e-08
1.793579030263723403e-08
1.811542969892564466e-08
1.829755770679508269e-08
1.848200202123850442e-08
1.866857029562803311e-08
1.885705976348187905e-08
1.904722831316027487e-08
1.923873977404949877e-08
1.943129655292391289e-08
1.962483562988381794e-08
1.981906274010579124e-08
2.001359823852542158e-08
2.020845801264780840e-08
2.040361020256825030e-08
2.059887795586839778e-08
2.079425471893074391e-08
2.098965870206328300e-08
2.118504590212188091e-08
2.138038648289440388e-08
2.157502121973050731e-08
2.176841657917547386e-08
2.196019282494593889e-08
2.214966586980161199e-08
2.233604378649519094e-08
2.251892525055785872e-08
2.269794542567710727e-08
2.287240050862906366e-08
2.304221978825746914e-08
2.320751403444617209e-08
2.336814796185177885e-08
2.352391939773446830e-08
2.367412206735862748e-08
2.381822765880732207e-08
2.395582126983257468e-08
2.408660057084950435e-08
2.420959113422490895e-08
2.432409190875059263e-08
2.442965965499092252e-08
2.452582417382167344e-08
2.461169694956707101e-08
2.468713593242005365e-08
2.475255138902853374e-08
2.480742623227494498e-08
2.485141870172955338e-08
2.488423664177869144e-08
2.490456733983957566e-08
2.491186420389023180e-08
2.490564354040017476e-08
2.488527146088853789e-08
2.485118789658972359e-08
2.480310119514396969e-08
2.474115953266333667e-08
2.466476711954974844e-08
2.457344531072766144e-08
2.446656533404636562e-08
2.434397576900607353e-08
2.420549647494295403e-08
2.405129294924747874e-08
2.388152980502647619e-08
2.369630926111476902e-08
2.349548531234947614e-08
2.327872615110201709e-08
2.304596858155098377e-08
2.279756539276482703e-08
2.253402874678160258e-08
2.225574830516893095e-08
2.196296036735874180e-08
2.165579453734510147e-08
2.133452292421915739e-08
2.099978349005191062e-08
2.065236001024244235e-08
2.029286108651376527e-08
1.992182772054800450e-08
1.953983136869799087e-08
1.914758821810786858e-08
1.874608011336058350e-08
1.833625696180071535e-08
1.791887575131280754e-08
1.749475450023538746e-08
1.706489069987815382e-08
1.663035426178708413e-08
1.619218575326518875e-08
1.575128398569692002e-08
1.530864130903433904e-08
1.486536577064868403e-08
1.442248754837038548e-08
1.398095694482660890e-08
1.354172695994992687e-08
1.310577176744892427e-08
1.267403234007210492e-08
1.224732186711174763e-08
1.182643805365367760e-08
1.141216394368062967e-08
1.100516610839500801e-08
1.060604046519148261e-08
1.021531853279996761e-08
9.833473390719046563e-09
9.460858422730417668e-09
9.097760699503451377e-09
8.744402329897010176e-09
8.400902499421950248e-09
8.067315008624864876e-09
7.743629367924380042e-09
7.429765742395421711e-09
7.125585905416005526e-09
6.830916032614456650e-09
6.545535170214996558e-09
6.269203091840577919e-09
6.001662435807362114e-09
5.742652939821813801e-09
5.491918154043857738e-09
5.249219522680432998e-09
5.014340542994992491e-09
4.787092380650389071e-09
4.567324617830632203e-09
4.354920145876392292e-09
4.149800146074390989e-09
3.951917873945172130e-09
3.761253845680212619e-09
3.577809883377895798e-09
3.401596474586342726e-09
3.232627287967547294e-09
3.070906082165352471e-09
2.916416934992302920e-09
2.769115975719933758e-09
2.628921656233112143e-09
2.495711084793347983e-09
2.369314259152323830e-09
2.249517623955985127e-09
2.136064838157773460e-09
2.028666273181326209e-09
1.927007238938003963e-09
1.830760332103738483e-09
1.739597223555206239e-09
1.653200674941339915e-09
1.571274061813969431e-09
1.493549509864462492e-09
1.419791940761115014e-09
1.349800350118604816e-09
1.283404282214710715e-09
1.220457732780508240e-09
1.160830136361877909e-09
1.104396343241792023e-09
1.051027562669044581e-09
1.000585130939327458e-09
9.529181656604845365e-10
9.078656025666751964e-10
8.652617758748964388e-10
8.249439882073790893e-10
7.867594879601350587e-10
7.505702299719608677e-10
7.162540903130874522e-10
6.837030452714850666e-10
6.528191936241056721e-10
6.235105215976009093e-10
5.956876729436953999e-10
5.692626654027910895e-10
5.441493630572898088e-10
5.202649356613578678e-10
4.975314560652011162e-10
4.758770112119678001e-10
4.552358548369255957e-10
4.355476774552692823e-10
4.167563727809496594e-10
3.988090338160714166e-10
3.816556467320302180e-10
3.652493221706735863e-10
3.495466124119247068e-10
3.345075565859885767e-10
3.200953566388164323e-10
3.062759304965929345e-10
2.930175796399815408e-10
2.802908603002134429e-10
2.680685442264699778e-10
2.563255381914206876e-10
2.450387208684164956e-10
2.341867449147326936e-10
2.237498802750325500e-10
2.137099031360337616e-10
2.040499833149373139e-10
1.947545540317063287e-10
1.858091971273022669e-10
1.772005477792698512e-10
1.689162001505943055e-10
1.609446103867198360e-10
1.532750093672135405e-10
1.458973225528710038e-10
1.388020960466998739e-10
1.319804295184756204e-10
1.254239128174676781e-10
1.191245684911963381e-10
1.130747997940303816e-10
1.072673435518436124e-10
1.016952278504793817e-10
9.635173346705139716e-11
9.123035911755119105e-11
8.632479103734178793e-11
8.162887601842898057e-11
7.713659772430745374e-11
7.284205622238858208e-11
6.873945102723158675e-11
6.482306728587040978e-11
6.108726461896055341e-11
5.752646812276362338e-11
5.413516156616299952e-11
5.090788257028615461e-11
4.783921960081027023e-11
4.492381071685465579e-11
4.215634374141021142e-11
3.953155754830154035e-11
3.704424439368705753e-11
3.468925396276018759e-11
3.246149458952165110e-11
3.035594112353765559e-11
2.836763887700982214e-11
2.649170898665381386e-11
2.472335402695657252e-11
2.305786369148074426e-11
2.149062037031937768e-11
2.001710466790967181e-11
1.863290071302485893e-11
1.733370116462084283e-11
1.611531179881759030e-11
1.497365568963213575e-11
1.390477694308975407e-11
1.290484393780626405e-11
1.197015202929201705e-11
1.109712571834428825e-11
1.028232027962054195e-11
9.522422806972173845e-12
8.814252669940415547e-12
8.154761456977742953e-12
7.541032421340628514e-12
6.970279460862963276e-12
6.439846864997185644e-12
5.947204312069538126e-12
5.489945957130791788e-12
5.065789078350928692e-12
4.672570141718534114e-12
4.308241532281213216e-12
3.970868061096313390e-12
3.658623282820525269e-12
3.369785651133320072e-12
3.102734567429225670e-12
2.855946349477891187e-12
2.627990148664012514e-12
2.417524882283977960e-12
2.223292938035251278e-12
2.044116201106296116e-12
1.878894221293493643e-12
1.726599110681651659e-12
1.586271676406019454e-12
1.457017652522984517e-12
1.338004043858638002e-12
1.228456180030881599e-12
1.127653943054595157e-12
1.034925818427721389e-12
9.496497958393562228e-13
8.712487437807851443e-13
7.991875408921750409e-13
7.329704655962486298e-13
6.721401711092908622e-13
6.162696430589804195e-13
5.649658807401722077e-13
5.178655941228916212e-13
4.746332280941845067e-13
4.349606693859746927e-13
3.985597366910751889e-13
3.651665115368591516e-13
3.345376186155921825e-13
3.064504276059736163e-13
2.806966791950364847e-13
2.570856758574199058e-13
2.354426213177045342e-13
2.156071622139419761e-13
1.974292438047073049e-13
1.807724879438707442e-13
1.655130290635841047e-13
1.515335028231578507e-13
1.387283658788357203e-13
1.270010997467112965e-13
1.162606591396237002e-13
1.064262386718207330e-13
9.742147375568107123e-14
8.917728100991212762e-14
8.163044441044854199e-14
7.472193918059076574e-14
6.839910628226699132e-14
6.261199134402732637e-14
5.731628914820136214e-14
5.247026465627794828e-14
4.803611255865513950e-14
4.397957004614947451e-14
4.026809849585399950e-14
3.687331260057517579e-14
3.376815830726561518e-14
3.092796251446253220e-14
2.833059955793208966e-14
2.595572053335778916e-14
2.378416153503571019e-14
2.179875571190620746e-14
1.998377534642050019e-14
1.832481155427007980e-14
1.680866422226893170e-14
1.542324115458329204e-14
1.415746575073888662e-14
1.300119232579199478e-14
1.194512859430943073e-14
1.098076453928340245e-14
1.010030718728826455e-14
9.296620647534962579e-15
8.563171021162609478e-15
7.894314625986879427e-15
7.284265501720198329e-15
6.728108362639965504e-15
6.221446384703023858e-15
5.759892510336955767e-15
5.339796386678156005e-15
4.957614762801186344e-15
4.610076785172989256e-15
4.294307528810295016e-15
4.007724047564296139e-15
3.747763275334648389e-15
3.512188144764388469e-15
3.298938924389574023e-15
3.106194410411819794e-15
2.932175573538925729e-15
2.775250402259067098e-15
2.634035177952419403e-15
2.507145377803750269e-15
2.393397957891109125e-15
2.291607538046861085e-15
2.200762781991914592e-15
2.119919422086830992e-15
2.048196542719330412e-15
1.984771919307434314e-15
1.928877942840828807e-15
1.879849940868702680e-15
1.837014856261529556e-15
1.799813235787566939e-15
1.767664829026889124e-15
1.740064157104443802e-15
1.716532458086498618e-15
1.696642175237114527e-15
1.679959504379079573e-15
1.666119544561902178e-15
1.654756949412990900e-15
1.645545316314047560e-15
