# bin_3_3
1.549066633704978100e-08
1.555413946164248486e-08
1.561994445180480874e-08
1.568813066547259274e-08
1.575875331970601122e-08
1.583186846202659830e-08
1.590753795679469980e-08
1.598583587466831899e-08
1.606679248563937619e-08
1.615041873368415623e-08
1.623671817844284729e-08
1.632575046410284126e-08
1.641770228525022278e-08
1.651279790742416814e-08
1.661125798632711989e-08
1.671318834499544661e-08
1.681864665806640787e-08
1.692767636250077330e-08
1.704024577192270207e-08
1.715628064031342968e-08
1.727576709483682351e-08
1.739900864550216185e-08
1.752643262086208383e-08
1.765833580170628785e-08
1.779474483173804949e-08
1.793548721871292774e-08
1.808034376844598207e-08
1.822934491166395775e-08
1.838303263846170186e-08
1.854197369736585468e-08
1.870616068036490161e-08
1.887510047035608938e-08
1.904846368303175969e-08
1.922676581478078995e-08
1.941077894615566396e-08
1.960032061319392428e-08
1.979458821216815834e-08
1.999368797751729716e-08
2.019859445304178301e-08
2.040919929011667066e-08
2.062457911468233433e-08
2.084529453552712470e-08
2.107239211800789327e-08
2.130494566325266880e-08
2.154258975916189928e-08
2.178634753499713881e-08
2.203542952752650420e-08
2.228995006740891716e-08
2.255064800871361142e-08
2.281641985199008699e-08
2.308794345220958869e-08
2.336479302537624812e-08
2.364681746474027460e-08
2.393435193070285566e-08
2.422690153126968290e-08
2.452502050027794045e-08
2.482834899132762450e-08
2.513732478061564406e-08
2.545172061127591648e-08
2.577173327341790592e-08
2.609719603036772758e-08
2.642796447322101738e-08
2.676423947463611378e-08
2.710596157700795139e-08
2.745316360964580301e-08
2.780613911612773295e-08
2.816452758247960924e-08
2.852760664767105009e-08
2.889511469450513200e-08
2.926664460904840215e-08
2.964137493479700278e-08
3.001866569918850933e-08
3.039792848702664882e-08
3.077841855739161280e-08
3.115960991277453615e-08
3.154113604537862019e-08
3.192283905039417127e-08
3.230493659992369431e-08
3.268732829571002022e-08
3.306972304029331631e-08
3.345236384229889396e-08
3.383522381188935159e-08
3.421774890294380687e-08
3.459917568243742274e-08
3.497879862258415201e-08
3.535587538237195966e-08
3.572925103935296457e-08
3.609709890009860224e-08
3.645891124873690655e-08
3.681418814709548520e-08
3.716208816530369464e-08
3.750217795570754645e-08
3.783429252786731326e-08
3.815713940288497792e-08
3.847021821230098282e-08
3.877314864642042660e-08
3.906578162938993602e-08
3.934781072755498786e-08
3.961803963463635232e-08
3.987555103674688163e-08
4.011884570957079292e-08
4.034671914301131930e-08
4.055680717620949998e-08
4.074850687582532212e-08
4.092218784524565891e-08
4.107776233671928950e-08
4.121456167123095249e-08
4.133278000419676332e-08
4.143163510131741202e-08
4.150884893548249252e-08
4.156364568526301179e-08
4.159469309640995277e-08
4.160063561983952934e-08
4.158220737744356356e-08
4.153866868844095582e-08
4.147049721640794117e-08
4.137712840093582758e-08
4.125778284538203496e-08
4.111165963812510697e-08
4.093770842095240424e-08
4.073558034421996233e-08
4.050516303500821589e-08
4.024675038282396798e-08
3.996095840392308894e-08
3.964783480778475459e-08
3.930696186881083931e-08
3.893771800177578184e-08
3.854011943592861110e-08
3.811508787969597247e-08
3.766369779065957438e-08
3.718647679997708317e-08
3.668372322494116694e-08
3.615583868074256317e-08
3.560341974533348891e-08
3.502761247098237667e-08
3.442991191617968716e-08
3.381148165177982433e-08
3.317320756696031720e-08
3.251613381168024463e-08
3.184167566467060554e-08
3.115160461516333532e-08
3.044766788361416162e-08
2.973121538292833468e-08
2.900367614025104254e-08
2.826693385713991585e-08
2.752291640332316255e-08
2.677344544389716547e-08
2.602019103866900824e-08
2.526485420409154113e-08
2.450944368266087372e-08
2.375581667838165180e-08
2.300561134330926891e-08
2.226049393342956387e-08
2.152219380973929533e-08
2.079231705428542868e-08
2.007229106541923918e-08
1.936343807514588456e-08
1.866708558113359029e-08
1.798436368332616891e-08
1.731619798855359836e-08
1.666346024238368854e-08
1.602685871722717261e-08
1.540690704705254826e-08
1.480397942792888795e-08
1.421832735589127921e-08
1.365002826179944660e-08
1.309902426779020883e-08
1.256514979790617273e-08
1.204811927493035236e-08
1.154754732368362506e-08
1.106299095303896475e-08
1.059393996990532917e-08
1.013986001692462175e-08
9.700206266958479301e-09
9.274449787722203145e-09
8.862089763246721661e-09
8.462688381847888075e-09
8.075870614829554161e-09
7.701347459293952896e-09
7.338919511035560039e-09
6.988472585572628805e-09
6.649978362359461931e-09
6.323483579748477939e-09
6.009085380837606887e-09
5.706921843185455482e-09
5.417140951923630913e-09
5.139877126754549498e-09
4.875223167687549907e-09
4.623198652706245351e-09
4.383731619251312104e-09
4.156635237331048941e-09
3.941604293766810522e-09
3.738213814346821166e-09
3.545936054240109458e-09
3.364161490655078564e-09
3.192231811548093586e-09
3.029475257232700911e-09
2.875241171330570194e-09
2.728932929103431371e-09
2.590030583422120328e-09
2.458105159321540931e-09
2.332818935085226204e-09
2.213914291341865771e-09
2.101190665464691689e-09
1.994475302389618573e-09
1.893593443699439448e-09
1.798342753934876526e-09
1.708478446447116167e-09
1.623712076053298508e-09
1.543723692552534219e-09
1.468182538346586862e-09
1.396770851835708361e-09
1.329203349950890859e-09
1.265236726078950875e-09
1.204667434929295069e-09
1.147320488727168838e-09
1.093034166588513867e-09
1.041646941839025815e-09
9.929913392388305446e-10
9.468958669425637643e-10
9.031923919928445217e-10
8.617240699308207480e-10
8.223495440676585702e-10
7.849421363216924252e-10
7.493857568726540290e-10
7.155708275128035733e-10
6.833924233109556111e-10
6.527506609441038210e-10
6.235517911890455515e-10
5.957088405221398799e-10
5.691414379851544619e-10
5.437752321550573798e-10
5.195412331291714688e-10
4.963752394490328701e-10
4.742174495051832005e-10
4.530122313823253316e-10
4.327080496409188247e-10
4.132573139155711904e-10
3.946160446409841638e-10
3.767434649524532055e-10
3.596017464690753497e-10
3.431558722249019582e-10
3.273734471134116922e-10
3.122244510786024236e-10
2.976810262181356547e-10
2.837173089052120241e-10
2.703092638194341850e-10
2.574345144256836009e-10
2.450721919186051034e-10
2.332027965395346727e-10
2.218080625453458446e-10
2.108708342603039882e-10
2.003749567855621509e-10
1.903051753226694050e-10
1.806470438761964116e-10
1.713868417947498538e-10
1.625114965006465426e-10
1.540085122051635786e-10
1.458659056847045592e-10
1.380721483129026707e-10
1.306161147243678296e-10
1.234870373816377865e-10
1.166744667679995126e-10
1.101682383385630957e-10
1.039584382632587719e-10
9.803538412689500152e-11
9.238960186989586983e-11
8.701180801342752135e-11
8.189289518953451594e-11
7.702392086454524983e-11
7.239609861742211044e-11
6.800079183036118225e-11
6.382950954589048640e-11
5.987390417351647576e-11
5.612577067563597895e-11
5.257704704410599637e-11
4.921981603127434460e-11
4.604630783781568601e-11
4.304890335005396504e-11
4.022013788328200442e-11
3.755270545055197346e-11
3.503946326162966310e-11
3.267343605842968767e-11
3.044782037094084543e-11
2.835598887574226695e-11
2.639149450698614010e-11
2.454807415363956885e-11
2.281965186787857782e-11
2.120034169086473877e-11
1.968444998857733711e-11
1.826647721202036968e-11
1.694111911409040609e-11
1.570326744843474056e-11
1.454801009741816815e-11
1.347063064192365760e-11
1.246660897530811321e-11
1.153161665299221820e-11
1.066151383336936423e-11
9.852351090507606837e-12
9.100364062518551112e-12
8.401969959737235305e-12
7.753763690769753660e-12
7.152513604185705396e-12
6.595156867996851599e-12
6.078794567414160465e-12
5.600686540767049651e-12
5.158246008465552455e-12
4.749034049670792139e-12
4.370754002721609218e-12
4.021247496454121300e-12
3.698485320187986296e-12
3.400561305458589243e-12
3.125690694907227272e-12
2.872202408754813760e-12
2.638533430581942026e-12
2.423223281693432143e-12
2.224908633368947010e-12
2.042318046839938840e-12
1.874268461449786948e-12
1.719657234164116689e-12
1.577456478539202727e-12
1.446712859144856116e-12
1.326541062186923980e-12
1.216119559292476940e-12
1.114686570966066548e-12
1.021538909757383811e-12
9.360208029095623071e-13
8.575265206034939434e-13
7.854966660486586746e-13
7.194141999184681455e-13
6.588031325758896113e-13
6.032225481876854323e-13
5.522635882113686246e-13
5.055509805899228591e-13
4.627390009627056878e-13
4.235117881445317740e-13
3.875723067819465556e-13
3.546502642562920591e-13
3.244979665821848065e-13
2.968877194977054951e-13
2.716066090049867260e-13
2.484612865940805371e-13
2.272770946161370181e-13
2.078872407271507807e-13
1.901421385563653624e-13
1.739065268201510112e-13
1.590509071984906650e-13
1.454609372170373898e-13
1.330300166815545284e-13
1.216592593925705806e-13
1.112615028416767000e-13
1.017517227034850654e-13
9.305769033712944800e-14
8.510745528168681845e-14
7.784061805090228043e-14
7.119663554044009484e-14
6.512487806302860745e-14
5.957488060706014469e-14
5.450305600159259038e-14
4.986878633083206109e-14
4.563394322273040888e-14
4.176537228231306172e-14
3.823150830660312056e-14
3.500335762291879217e-14
3.205487509071887714e-14
2.936271282452652302e-14
2.690456591532080451e-14
2.466027581251415178e-14
2.261156479452510976e-14
2.074170424365353139e-14
1.903538475662544989e-14
1.747859701323740648e-14
1.605852265495984539e-14
1.476343394037447409e-14
1.358260156715181216e-14
1.250620987867236382e-14
1.152551269171982180e-14
1.063232478709494941e-14
9.818894397512306316e-15
9.078530773451676949e-15
8.405201961395508973e-15
7.792766041548360148e-15
7.236524276505040423e-15
6.731263653547966392e-15
6.272780211924373425e-15
5.857229890503390230e-15
5.480757487045359343e-15
5.140072545052240988e-15
4.832141970152658887e-15
4.554169683571916882e-15
4.303579729555355059e-15
4.078001211753569339e-15
3.875252447664093287e-15
3.693531345137254344e-15
3.530819161903408759e-15
3.385574759886868510e-15
3.256156486086181677e-15
3.141290771952646169e-15
3.039613507812473980e-15
2.949924997207665411e-15
