# bin_3
0.000000000000000000e+00
0.000000000000000000e+00
0.000000000000000000e+00
0.000000000000000000e+00
0.000000000000000000e+00
1.930215613891207715e-02
3.309427598374920648e-02
4.278218001171918417e-02
1.865122654769002866e-02
0.000000000000000000e+00
0.000000000000000000e+00
3.181673484596932860e-02
0.000000000000000000e+00
0.000000000000000000e+00
3.369701096142518199e-02
4.536809285349808346e-02
0.000000000000000000e+00
0.000000000000000000e+00
0.000000000000000000e+00
0.000000000000000000e+00
0.000000000000000000e+00
1.320653655354226841e-05
7.988230983183831901e-03
1.104669457629140795e-02
1.732720752607037895e-02
8.542164707787056055e-02
5.031659542959647036e-04
7.518780452756228423e-03
1.369675138151270517e-02
9.721260439343589951e-03
2.276985229862452109e-02
8.547161217328139160e-03
3.351329450762476070e-02
9.706223171653162105e-03
4.921769634103698166e-02
1.026169477835495031e-01
4.689340983200145779e-02
1.271033945472120064e-01
2.687319624155590780e-01
1.833539613631740284e-01
3.685628796176577127e-01
3.421987857561856194e-01
5.445075553726732576e-01
6.118794284961843744e-01
7.375707688588276634e-01
1.175043540930331254e+00
1.705209437317969368e+00
2.195594509004550332e+00
3.144451376621763217e+00
3.715464005958861726e+00
2.894191590805915926e+00
2.628948687671052831e+00
1.484601233406024123e+00
1.633631317529479432e+00
2.014265078270920828e+00
2.309916117972584448e+00
2.099968247461220461e+00
2.561435199107011229e+00
2.317666553583885403e+00
1.972058084367621644e+00
1.739075269341646912e+00
9.488364204766785992e-01
1.252822690385033244e+00
1.000243053267506177e+00
3.589243617319973767e-01
1.403561522971121800e-01
1.413526404762061317e-01
1.571773617344283669e-01
2.772974024474129662e-01
2.135578126726364045e-01
2.653135076966430805e-01
2.398738198422215584e-01
1.171762119135551228e-01
1.694713213640423877e-01
2.710640928442814013e-01
2.230586834043302991e-01
1.667108021082313041e-01
2.006603214601817009e-01
1.635300188059375659e-01
2.098807852078805880e-01
2.228551517054539466e-01
2.585907315853503974e-01
3.519503706956906286e-01
1.740430441907803438e-01
2.202569966136973811e-01
1.452918054838783224e-01
1.030371342854573130e-01
1.755951922322877556e-01
1.915960796076005002e-01
1.596104860465205333e-01
2.327443045765291985e-01
2.106027900842072365e-01
2.515663774414203524e-01
8.825203155413503808e-02
1.230854063705037610e-01
1.432102854086569899e-01
1.030349011859669622e-01
4.585135611592786736e-02
1.256128710214634847e-01
1.363504334242249538e-01
4.687683626875676496e-02
3.912408426461310568e-02
2.269724575740157332e-02
4.986953468156014174e-02
6.916199590764360652e-03
3.370518093349835625e-02
1.371110847619751334e-02
1.382766740905414654e-02
3.155242893620623101e-02
1.397956648797705863e-02
2.293067771013920439e-03
2.699326485989317348e-02
6.888211265670592283e-03
2.417260283005001880e-03
6.920357094557352644e-03
6.086222375728576363e-03
0.000000000000000000e+00
8.380717607549017373e-03
0.000000000000000000e+00
0.000000000000000000e+00
7.576510042576588798e-03
0.000000000000000000e+00
0.000000000000000000e+00
0.000000000000000000e+00
0.000000000000000000e+00
0.000000000000000000e+00
0.000000000000000000e+00
0.000000000000000000e+00
0.000000000000000000e+00
0.000000000000000000e+00
0.000000000000000000e+00
0.000000000000000000e+00
6.115033169347562636e-03
0.000000000000000000e+00
0.000000000000000000e+00
1.587167840703853153e-02
0.000000000000000000e+00
6.812802122210208713e-03
0.000000000000000000e+00
8.151733454573109605e-03
8.663794962905849509e-03
5.871860776019957508e-04
0.000000000000000000e+00
0.000000000000000000e+00
2.730002652769302190e-03
4.112263398469752536e-03
0.000000000000000000e+00
1.171070782249328431e-02
8.577716605411863857e-03
0.000000000000000000e+00
0.000000000000000000e+00
1.665986435640650449e-03
0.000000000000000000e+00
0.000000000000000000e+00
0.000000000000000000e+00
0.000000000000000000e+00
0.000000000000000000e+00
0.000000000000000000e+00
0.000000000000000000e+00
0.000000000000000000e+00
1.122857995183828422e-02
0.000000000000000000e+00
0.000000000000000000e+00
2.029811999661195365e-04
0.000000000000000000e+00
0.000000000000000000e+00
0.000000000000000000e+00
0.000000000000000000e+00
0.000000000000000000e+00
0.000000000000000000e+00
0.000000000000000000e+00
0.000000000000000000e+00
0.000000000000000000e+00
0.000000000000000000e+00
0.000000000000000000e+00
0.000000000000000000e+00
0.000000000000000000e+00
0.000000000000000000e+00
0.000000000000000000e+00
0.000000000000000000e+00
0.000000000000000000e+00
0.000000000000000000e+00
0.000000000000000000e+00
0.000000000000000000e+00
0.000000000000000000e+00
0.000000000000000000e+00
0.000000000000000000e+00
0.000000000000000000e+00
0.000000000000000000e+00
0.000000000000000000e+00
0.000000000000000000e+00
0.000000000000000000e+00
0.000000000000000000e+00
0.000000000000000000e+00
0.000000000000000000e+00
0.000000000000000000e+00
0.000000000000000000e+00
0.000000000000000000e+00
0.000000000000000000e+00
0.000000000000000000e+00
0.000000000000000000e+00
0.000000000000000000e+00
0.000000000000000000e+00
0.000000000000000000e+00
0.000000000000000000e+00
0.000000000000000000e+00
0.000000000000000000e+00
0.000000000000000000e+00
0.000000000000000000e+00
0.000000000000000000e+00
0.000000000000000000e+00
0.000000000000000000e+00
0.000000000000000000e+00
0.000000000000000000e+00
0.000000000000000000e+00
0.000000000000000000e+00
0.000000000000000000e+00
0.000000000000000000e+00
0.000000000000000000e+00
0.000000000000000000e+00
0.000000000000000000e+00
0.000000000000000000e+00
0.000000000000000000e+00
0.000000000000000000e+00
0.000000000000000000e+00
0.000000000000000000e+00
0.000000000000000000e+00
0.000000000000000000e+00
0.000000000000000000e+00
0.000000000000000000e+00
0.000000000000000000e+00
0.000000000000000000e+00
0.000000000000000000e+00
0.000000000000000000e+00
0.000000000000000000e+00
0.000000000000000000e+00
0.000000000000000000e+00
0.000000000000000000e+00
0.000000000000000000e+00
0.000000000000000000e+00
0.000000000000000000e+00
0.000000000000000000e+00
0.000000000000000000e+00
0.000000000000000000e+00
0.000000000000000000e+00
0.000000000000000000e+00
0.000000000000000000e+00
0.000000000000000000e+00
0.000000000000000000e+00
0.000000000000000000e+00
0.000000000000000000e+00
0.000000000000000000e+00
0.000000000000000000e+00
0.000000000000000000e+00
0.000000000000000000e+00
0.000000000000000000e+00
0.000000000000000000e+00
0.000000000000000000e+00
0.000000000000000000e+00
0.000000000000000000e+00
0.000000000000000000e+00
0.000000000000000000e+00
0.000000000000000000e+00
0.000000000000000000e+00
0.000000000000000000e+00
0.000000000000000000e+00
0.000000000000000000e+00
0.000000000000000000e+00
0.000000000000000000e+00
0.000000000000000000e+00
0.000000000000000000e+00
0.000000000000000000e+00
0.000000000000000000e+00
0.000000000000000000e+00
0.000000000000000000e+00
0.000000000000000000e+00
0.000000000000000000e+00
0.000000000000000000e+00
0.000000000000000000e+00
0.000000000000000000e+00
0.000000000000000000e+00
0.000000000000000000e+00
0.000000000000000000e+00
0.000000000000000000e+00
0.000000000000000000e+00
0.000000000000000000e+00
0.000000000000000000e+00
0.000000000000000000e+00
0.000000000000000000e+00
0.000000000000000000e+00
0.000000000000000000e+00
0.000000000000000000e+00
0.000000000000000000e+00
0.000000000000000000e+00
0.000000000000000000e+00
0.000000000000000000e+00
0.000000000000000000e+00
0.000000000000000000e+00
0.000000000000000000e+00
0.000000000000000000e+00
