# a
1.000000000000000000e+00
9.801986711400565433e-01
9.611663011224358399e-01
9.428589508321204571e-01
9.252359662195727141e-01
9.082596769277658799e-01
8.918951274991021583e-01
8.761098371258893014e-01
8.608735844696093764e-01
8.461582145493781182e-01
8.319374651032942491e-01
8.181868101696776474e-01
8.048833189282627032e-01
7.920055280922766450e-01
7.795333263576436078e-01
7.674478496008241279e-01
7.557313856766078031e-01
7.443672878053654296e-01
7.333398956590215789e-01
7.226344633590378042e-01
7.122370936902485683e-01
7.021346779133876836e-01
6.923148406281943723e-01
6.827658891994684565e-01
6.734767673115168440e-01
6.644370122630992581e-01
6.556367156560767295e-01
6.470664871672384688e-01
6.387174211248285438e-01
6.305810656396800828e-01
6.226493940660258186e-01
6.149147785894103491e-01
6.073699657590085899e-01
6.000080537993799368e-01
5.928224715524786914e-01
5.858069589148811041e-01
5.789555486478085156e-01
5.722625494488612352e-01
5.657225301845242305e-01
5.593303051916364010e-01
5.530809205642167603e-01
5.469696413494364862e-01
5.409919395831820355e-01
5.351434831016772531e-01
5.294201250710630635e-01
5.238178941817542844e-01
5.183329854588464292e-01
5.129617516438874647e-01
5.077006951069920060e-01
5.025464602516105384e-01
4.974958263772955580e-01
4.925457009685630383e-01
4.876931133804660590e-01
4.829352088937866605e-01
4.782692431148488632e-01
4.736925766968685392e-01
4.692026703615064243e-01
4.647970802008921654e-01
4.604734532418567894e-01
4.562295232554579028e-01
4.520631067961164429e-01
4.479720994558191172e-01
4.439544723198856624e-01
4.400082686117591790e-01
4.361316005151621433e-01
4.323226461627738271e-01
4.285796467813381416e-01
4.249009039838024249e-01
4.212847771997285107e-01
4.177296812358070044e-01
4.142340839588546375e-01
4.107965040941799484e-01
4.074155091326697731e-01
4.040897133403845709e-01
4.008177758648517885e-01
3.975983989326217216e-01
3.944303261329944466e-01
3.913123407831499145e-01
3.882432643702121156e-01
3.852219550660564984e-01
3.822473063109286251e-01
3.793182454621827349e-01
3.764337325046738791e-01
3.735927588195471771e-01
3.707943460083614751e-01
3.680375447696677682e-01
3.653214338253322202e-01
3.626451188940540971e-01
3.600077317096742613e-01
3.574084290820120358e-01
3.548463919980948122e-01
3.523208247617696243e-01
3.498309541697970926e-01
3.473760287226353993e-01
3.449553178682224774e-01
3.425681112771583048e-01
3.402137181477760675e-01
3.378914665396739458e-01
3.356007027343574367e-01
3.333407906217141226e-01
3.311111111111111338e-01
3.289110615659698311e-01
3.267400552607341857e-01
3.245975208592030703e-01
3.224829019132542940e-01
3.203956563810342884e-01
3.183352561637396994e-01
3.163011866601566635e-01
3.142929463381707866e-01
3.123100463224968149e-01
3.103520099979171221e-01
3.084183726273519444e-01
3.065086809841191529e-01
3.046224929977715545e-01
3.027593774129312965e-01
3.009189134605674831e-01
2.991006905411915939e-01
2.973043079194684357e-01
2.955293744297671776e-01
2.937755081921962219e-01
2.920423363386907001e-01
2.903294947487383149e-01
2.886366277943512304e-01
2.869633880939082560e-01
2.853094362745098311e-01
2.836744407425035308e-01
2.820580774618559050e-01
2.804600297400568487e-01
2.788799880212622373e-01
2.773176496863891116e-01
2.757727188598926293e-01
2.742449062229666557e-01
2.727339288329184153e-01
2.712395099484827266e-01
2.697613788608465568e-01
2.682992707301701807e-01
2.668529264273944990e-01
2.654220923811390076e-01
2.640065204294978485e-01
2.626059676765540862e-01
2.612201963534361848e-01
2.598489736837515940e-01
2.584920717532354639e-01
2.571492673834630538e-01
2.558203420094773972e-01
2.545050815611922812e-01
2.532032763484349247e-01
2.519147209494987383e-01
2.506392141030817089e-01
2.493765586034912829e-01
