# d_z
1.000000000000000000e+00
9.900770309540244396e-01
9.802133844933613727e-01
9.704141282591456363e-01
9.606839548710212062e-01
9.510270967930940511e-01
9.414476682357174608e-01
9.319491570592481899e-01
9.225350380868432287e-01
9.132085170530186424e-01
9.039721416863711889e-01
8.948284532278267811e-01
8.857798066003607085e-01
8.768280042196818780e-01
8.679748878044646343e-01
8.592219792952145996e-01
8.505704748046676311e-01
8.420213603368301714e-01
8.335757498439686497e-01
8.252342312951516101e-01
8.169972226301328577e-01
8.088650951048205195e-01
8.008381496117162879e-01
7.929163194311489304e-01
7.850995601958264958e-01
7.773876842131965947e-01
7.697802868793599540e-01
7.622769776117254148e-01
7.548772762885483933e-01
7.475805185895542104e-01
7.403860219372450091e-01
7.332930072480939865e-01
7.263006363846239433e-01
7.194079490372264907e-01
7.126140417618265221e-01
7.059178831887971128e-01
6.993183853845368336e-01
6.928145505105032242e-01
6.864051280636527252e-01
6.800889853780839323e-01
6.738650529845582327e-01
6.677319787934161699e-01
6.616886417653957686e-01
6.557337168815778883e-01
6.498660217711570430e-01
6.440842362256282705e-01
6.383871834451579907e-01
6.327734394908682836e-01
6.272418772218131267e-01
6.217912103618457031e-01
6.164200986295468310e-01
6.111273683099780474e-01
6.059116611516689455e-01
6.007717890494219670e-01
5.957064719874020087e-01
5.907145077462093719e-01
5.857946611175022245e-01
5.809457642512205755e-01
5.761665332222837277e-01
5.714558621760797985e-01
5.668125606613958478e-01
5.622353996247824170e-01
5.577233321280649081e-01
5.532752226543405927e-01
5.488899003960523437e-01
5.445662904081405298e-01
5.403033578913823964e-01
5.361000158714862573e-01
5.319551825944620616e-01
5.278678915882797362e-01
5.238370385155335374e-01
5.198617841132286976e-01
5.159409540643908887e-01
5.120737880470721537e-01
5.082591760458132768e-01
5.044962887528078310e-01
5.007841429628453467e-01
4.971218762930816881e-01
4.935086592875594369e-01
4.899435969402871072e-01
4.864257612307552603e-01
4.829544525458941417e-01
4.795287840901851784e-01
4.761479197830556509e-01
4.728111482839053026e-01
4.695177158810022733e-01
4.662667477418025452e-01
4.630576600756181604e-01
4.598896297251885978e-01
4.567618970020250746e-01
4.536738691258796474e-01
4.506248562712633077e-01
4.476141258687834634e-01
4.446410867479870244e-01
4.417050092946582240e-01
4.388053387141153117e-01
4.359414090183196810e-01
4.331126487455360663e-01
4.303184379999038800e-01
4.275581985083367065e-01
4.248313821028490977e-01
4.221373929998760155e-01
4.194756696639279081e-01
4.168458148168118216e-01
4.142470631365768319e-01
4.116790950637585489e-01
4.091412728878519034e-01
4.066332208608436916e-01
4.041543429744957061e-01
4.017042503582788360e-01
3.992823841257948647e-01
3.968883885887154461e-01
3.945217059108628299e-01
3.921819921975867040e-01
3.898687919500957721e-01
3.875816312154077847e-01
3.853201114377197700e-01
3.830838742944701059e-01
3.808724784238335936e-01
3.786855035121885482e-01
3.765226631724691853e-01
3.743834934767446554e-01
3.722676512584251474e-01
3.701747849732632822e-01
3.681045147438680165e-01
3.660565421464161973e-01
3.640304348357564224e-01
3.620259640505279486e-01
3.600427183978994750e-01
3.580804306657698888e-01
3.561387730924725492e-01
3.542174068231628836e-01
3.523160453945740067e-01
3.504343670499883712e-01
3.485721363160182440e-01
3.467290247593641794e-01
3.449047785468179472e-01
3.430990317809726187e-01
3.413116516242005738e-01
3.395422532856810505e-01
3.377906249163282748e-01
3.360565010358687044e-01
3.343396497108965804e-01
3.326397906055040821e-01
3.309566994584530186e-01
3.292901353737883174e-01
3.276398699137891279e-01
3.260056478594678953e-01
3.243872781026822527e-01
3.227845293415998462e-01
