# bin_3_2
1.457036598457525538e-08
1.462824201896679955e-08
1.468821900061652011e-08
1.475041728104518314e-08
1.481489676633635717e-08
1.488168992618128474e-08
1.495082254629674038e-08
1.502231355081358538e-08
1.509620879849174405e-08
1.517255286555126370e-08
1.525137302028030984e-08
1.533268823272154012e-08
1.541653734163075425e-08
1.550309514504493301e-08
1.559258512751104232e-08
1.568525324971746487e-08
1.578120006099390126e-08
1.588041288466755704e-08
1.598283092673683878e-08
1.608837990330039294e-08
1.619703661818966971e-08
1.630889240700395275e-08
1.642430124249015918e-08
1.654368997302811140e-08
1.666724845163850276e-08
1.679483806463883169e-08
1.692613208111756393e-08
1.706097936546712163e-08
1.719968928634914461e-08
1.734292536057413470e-08
1.749105251696729030e-08
1.764365606595358374e-08
1.780010123209757874e-08
1.796050191655781944e-08
1.812578274574564042e-08
1.829634843220154475e-08
1.847131133393364739e-08
1.865003768340606739e-08
1.883351138927763974e-08
1.902249780520030557e-08
1.921583980128296709e-08
1.941313957374684711e-08
1.961598136424403850e-08
1.982404293568400068e-08
2.003578703665631344e-08
2.025240572741729539e-08
2.047434458485937464e-08
2.070029880175347668e-08
2.093129026345791556e-08
2.116700205392554611e-08
2.140672472010299124e-08
2.165136531713006553e-08
2.189985750019273983e-08
2.215280203697547928e-08
2.240977751438220292e-08
2.267096924786848057e-08
2.293630805416873962e-08
2.320587971314595052e-08
2.347964113461355361e-08
2.375769917151775296e-08
2.403994515549632111e-08
2.432650648827650805e-08
2.461733757788595474e-08
2.491244950512633705e-08
2.521179239004336034e-08
2.551558103002180938e-08
2.582309626576805177e-08
2.613369600511634039e-08
2.644712007469421779e-08
2.676285599273986546e-08
2.708022706530218823e-08
2.739871183565134558e-08
2.771773409221108874e-08
2.803668367259863796e-08
2.835497673771748939e-08
2.867214883477267915e-08
2.898785346968706237e-08
2.930249216376890485e-08
2.961557595728259237e-08
2.992699504492476369e-08
3.023710564977328581e-08
3.054579675733146547e-08
3.085272204584572026e-08
3.115743577511428678e-08
3.145895634820006737e-08
3.175665673422480878e-08
3.204880295258566125e-08
3.233387958465555303e-08
3.261143389400730575e-08
3.288096263980277277e-08
3.314200183401894468e-08
3.339446941693402349e-08
3.363772851544921358e-08
3.387057878865769688e-08
3.409289138503907683e-08
3.430423208750928509e-08
3.450445651566789010e-08
3.469317049577425995e-08
3.486934909393089300e-08
3.503242512920152089e-08
3.518114048322461435e-08
3.531403265057389700e-08
3.542896231513684805e-08
3.552564316414619586e-08
3.560469939287578488e-08
3.566587586394693763e-08
3.570891725429594920e-08
3.573431876101418027e-08
3.574107873976646227e-08
3.572735775161857437e-08
3.569258427910605852e-08
3.563520170711394607e-08
3.555469074182527801e-08
3.545201731140065912e-08
3.532640518041763548e-08
3.517876126972222354e-08
3.500822691550859696e-08
3.481490146017271375e-08
3.459790107978481400e-08
3.435668533598534952e-08
3.409067064235340914e-08
3.380054409841683717e-08
3.348678898236037634e-08
3.315032131446003749e-08
3.279124377140871445e-08
3.240928568128151417e-08
3.200440783906618610e-08
3.157690004986154075e-08
3.112779314432644952e-08
3.065841245179034865e-08
3.016956564217613816e-08
2.966171303416594645e-08
2.913543389960891249e-08
2.859156593210765187e-08
2.803143864921598138e-08
2.745666866897404761e-08
2.686852830400290311e-08
2.626795448767551950e-08
2.565606238784543946e-08
2.503434120160756657e-08
2.440459708397954121e-08
2.376843924332936081e-08
2.312713101459115958e-08
2.248205063892258535e-08
2.183489220063175955e-08
2.118737280532887563e-08
2.054106933792772566e-08
1.989730214542987902e-08
1.925751076651714397e-08
1.862326863401112601e-08
1.799601415895374526e-08
1.737690556280995672e-08
1.676709829415356395e-08
1.616779304735598728e-08
1.558000625834903904e-08
1.500454477593198713e-08
1.444213433677516891e-08
1.389346516240903030e-08
1.335900849781463360e-08
1.283907246733983558e-08
1.233388940902211944e-08
1.184358757367589445e-08
1.136809465853541288e-08
1.090727536697817879e-08
1.046090618556150951e-08
1.002865975750868063e-08
9.610136292096262907e-09
9.204923454802301227e-09
8.812547019053344826e-09
8.432548356143317478e-09
8.064473276443794312e-09
7.707896995001938685e-09
7.362449724994510686e-09
7.027811421511823188e-09
6.703736561357038839e-09
6.390057593738460949e-09
6.086678123958627314e-09
5.793582756890825418e-09
5.510821449068588683e-09
5.238494073480942598e-09
4.976734403255281821e-09
4.725684738510181731e-09
4.485466339695501636e-09
4.256159208363744425e-09
4.037777473541731979e-09
3.830243928112743314e-09
3.633384552563491368e-09
3.446917128842955640e-09
3.270457538381213432e-09
3.103538889406780015e-09
2.945629106270327670e-09
2.796163796233666305e-09
2.654576435940768319e-09
2.520327084789533678e-09
2.392930969856274376e-09
2.271970521825000524e-09
2.157104567423472821e-09
2.048060945422262085e-09
1.944621823404829353e-09
1.846602756267238198e-09
1.753828449830347587e-09
1.666114087560046084e-09
1.583251387944653125e-09
1.505006984006928385e-09
1.431126668571397305e-09
1.361346716526077926e-09
1.295406240763677313e-09
1.233057689148111221e-09
1.174073465102746470e-09
1.118247444651317763e-09
1.065393152730962797e-09
1.015340377093363809e-09
9.679311881355062718e-10
9.230172210178318949e-10
8.804568393089929238e-10
8.401123821704121822e-10
8.018487702241866026e-10
7.655340223665272969e-10
7.310422210402848324e-10
6.982570307015718203e-10
6.670734295652691603e-10
6.373964868241437139e-10
6.091379004968880973e-10
5.822129974022392071e-10
5.565401969787105962e-10
5.320427103609504249e-10
5.086502278427079861e-10
4.862988317231858834e-10
4.649294430575063577e-10
4.444864409204573706e-10
4.249175160187968058e-10
4.061742640855661838e-10
3.882123160723516420e-10
3.709908176134396009e-10
3.544718720930462511e-10
3.386202656912393796e-10
3.234033739586153124e-10
3.087911010139559940e-10
2.947556796357906307e-10
2.812713993747037071e-10
2.683144091146727020e-10
2.558626082323496466e-10
2.438955096916554618e-10
2.323940632555362129e-10
2.213405172494401034e-10
2.107183125359131857e-10
2.005119634938400508e-10
1.907069437852849543e-10
1.812895902775172190e-10
1.722470129938587794e-10
1.635670108456013591e-10
1.552379965650724654e-10
1.472489287111205135e-10
1.395892484443288403e-10
1.322488219050510789e-10
1.252178887483550861e-10
1.184870165898395977e-10
1.120470608276898838e-10
1.058891289343467816e-10
1.000045499574646475e-10
9.438484859779525554e-11
8.902172324689370205e-11
8.390702767144174208e-11
7.903275549960082235e-11
7.439102803397821433e-11
6.997408497635209971e-11
6.577427755064581330e-11
6.178406389376262097e-11
5.799600615708299570e-11
5.440276948908642472e-11
5.099712256464130339e-11
4.777193937791689021e-11
4.472020218511079631e-11
4.183500510516584297e-11
3.910955844417926243e-11
3.653719358976216590e-11
3.411136819208708086e-11
3.182567158088027323e-11
2.967383022115579071e-11
2.764971310791818510e-11
2.574733711274364061e-11
2.396087220184713624e-11
2.228464514369901065e-11
2.071314471874581081e-11
1.924102516700240838e-11
1.786310950477814612e-11
1.657439225311627826e-11
1.537004152086864146e-11
1.424540052630841006e-11
1.319598850348838840e-11
1.221750098822372301e-11
1.130580954934401388e-11
1.045696091017319912e-11
9.667175459286425754e-12
8.932845270540546884e-12
8.250531599537238188e-12
7.616961922588859179e-12
7.029026523788317730e-12
6.483774678578146869e-12
5.978410509050178290e-12
5.510288545451005758e-12
5.076909061474581885e-12
4.675913183909321484e-12
4.305077821509806347e-12
3.962310463845738615e-12
3.645643904040540642e-12
3.353230914777504050e-12
3.083338929588659898e-12
2.834344714255582718e-12
2.604729098720418876e-12
2.393071768752333748e-12
2.198046158720341287e-12
2.018414466692862436e-12
1.853023232289213662e-12
1.700797531472067269e-12
1.560736883058751668e-12
1.431911331869536736e-12
1.313456880634988343e-12
1.204571422058619655e-12
1.104510855515538534e-12
1.012585377658138018e-12
9.281559519484750661e-13
8.506309623186480538e-13
7.794630321825907318e-13
7.141460203324850311e-13
6.542121807532388069e-13
5.992294852450587672e-13
5.487995793691997026e-13
5.025542390155316385e-13
4.601537844961099416e-13
4.212853711587067445e-13
3.856607353221663960e-13
3.530143759122386281e-13
3.231018528874208599e-13
2.956982026043808477e-13
2.705964606727681805e-13
2.476067368806088102e-13
2.265538403986174428e-13
2.072766285548570206e-13
1.896273321180588243e-13
1.734702181445233473e-13
1.586806428440947844e-13
1.451441759609375325e-13
1.327564636689431613e-13
1.214204519609345942e-13
1.110476703129161369e-13
1.015570239328169365e-13
9.287414545634672312e-14
8.493130331936144824e-14
7.766576251780512193e-14
7.101995194285623410e-14
6.494137554529667775e-14
5.938209835095121261e-14
5.429841611339444559e-14
4.964938088404818766e-14
4.539802887836686469e-14
4.151084286831975087e-14
3.795682717730526696e-14
3.470721484747182002e-14
3.173616456754438341e-14
2.902030289426635513e-14
2.653727289631714456e-14
2.426735483081185315e-14
2.219259570248119566e-14
2.029580588870213635e-14
1.856218088288360576e-14
1.697750707815899880e-14
1.552898832332606184e-14
1.420521015452928385e-14
1.299508930811757636e-14
1.188936276925768177e-14
1.087857854034489514e-14
9.955078676015198787e-15
9.110970477672449065e-15
8.339747497177585385e-15
7.635007760022846002e-15
6.991025730914843871e-15
6.402821639313660917e-15
5.865362512868319412e-15
5.374392032256448838e-15
4.926066516330709572e-15
4.516567870143974545e-15
4.142594868092688989e-15
3.801130525893438819e-15
3.489506412526747149e-15
3.205062223404541888e-15
2.945485517425031474e-15
2.708659780111897710e-15
2.492647694021453158e-15
2.295675823737577832e-15
2.116120612565689678e-15
1.952495567529006104e-15
1.803439564077810611e-15
1.667741990412008635e-15
1.544277001723323907e-15
1.431954245545374995e-15
1.329814585434176786e-15
1.237088829147644238e-15
1.152875940919898049e-15
1.076509458864514315e-15
