# bin_3_1
1.232714388743068422e-08
1.237237365480400265e-08
1.241912399781664028e-08
1.246740567128496802e-08
1.251721209127749985e-08
1.256855965224106985e-08
1.262154352258891008e-08
1.267628373568532429e-08
1.273292374599529468e-08
1.279159658553687614e-08
1.285232309764178613e-08
1.291509196254822785e-08
1.297987996457142842e-08
1.304669597765709562e-08
1.311555843131624038e-08
1.318645748958517571e-08
1.325937091602425591e-08
1.333439087469627972e-08
1.341176723895182072e-08
1.349178871322578564e-08
1.357458675609656157e-08
1.366009064438633332e-08
1.374815459597927330e-08
1.383864403519736858e-08
1.393148720648539107e-08
1.402689170661732978e-08
1.412530927733706779e-08
1.422710459501014466e-08
1.433214810358332304e-08
1.444000397399859840e-08
1.455035927577267393e-08
1.466344175796330221e-08
1.477995272190244111e-08
1.490018959575574154e-08
1.502351844491668620e-08
1.514922805459228799e-08
1.527767731115055109e-08
1.540983850179425416e-08
1.554552035870045195e-08
1.568354414724848573e-08
1.582405418621266011e-08
1.596831141476893706e-08
1.611585219739857923e-08
1.626559972727734080e-08
1.641864791593356481e-08
1.657529337687419273e-08
1.673385315500770659e-08
1.689498567186274057e-08
1.705950478751869444e-08
1.722584824763858824e-08
1.739475043166685060e-08
1.756600818967836345e-08
1.773879672864676406e-08
1.791394647601454350e-08
1.809042561079865616e-08
1.826887939831907398e-08
1.844876537404159003e-08
1.863038104981708913e-08
1.881340503878398877e-08
1.899798094940269503e-08
1.918387746315854408e-08
1.937120024579902134e-08
1.955983838775565821e-08
1.974987855838895640e-08
1.994136694936379557e-08
2.013414420502852340e-08
2.032833157621787739e-08
2.052356909336489212e-08
2.071886097349760017e-08
2.091386871905047644e-08
2.110820120189413517e-08
2.130111466676746150e-08
2.149199899649616996e-08
2.168025561080851594e-08
2.186526292946444838e-08
2.204643470411400158e-08
2.222331861621958793e-08
2.239554758031253783e-08
2.256343017244349344e-08
2.272696279556649093e-08
2.288576978932079719e-08
2.304026999030874521e-08
2.319059482845088268e-08
2.333648149154606949e-08
2.347751550720998045e-08
2.361296441582088435e-08
2.374205265169579919e-08
2.386368781623632215e-08
2.397607326380826835e-08
2.407887775043030927e-08
2.417188068290934311e-08
2.425480375622715854e-08
2.432756703545113346e-08
2.439013739074639946e-08
2.444130082473995325e-08
2.448104749934570963e-08
2.450942803398024083e-08
2.452640620894698849e-08
2.453235154594664258e-08
2.452634650683924874e-08
2.450814408350303885e-08
2.447677198972878404e-08
2.443133158415039759e-08
2.436993066178642482e-08
2.429248641821009625e-08
2.419999694984042015e-08
2.409302398468177025e-08
2.397153225361301421e-08
2.383637734193003538e-08
2.368758942432515991e-08
2.352357692159544764e-08
2.334400729438023530e-08
2.314826717985929594e-08
2.293586013800788815e-08
2.270846481169593998e-08
2.246601862707014409e-08
2.220964432147925583e-08
2.193955846964803660e-08
2.165590485578173020e-08
2.135890654613928871e-08
2.104808592196124841e-08
2.072366683853871910e-08
2.038644976009761374e-08
2.003762476282181813e-08
1.967861593229685214e-08
1.930991288848232315e-08
1.893177600790916199e-08
1.854443672420118290e-08
1.814835884669893478e-08
1.774486978465107736e-08
1.733556048306955281e-08
1.692140727544569169e-08
1.650298230432901823e-08
1.608089597193265684e-08
1.565589450510367376e-08
1.522911723557539161e-08
1.480198678015402125e-08
1.437557112106073945e-08
1.395043937634339908e-08
1.352719506757818964e-08
1.310673399153770816e-08
1.269021349281433335e-08
1.227857104225130791e-08
1.187227920019114492e-08
1.147177482641826223e-08
1.107775985174564098e-08
1.069092967098180299e-08
1.031179026919703239e-08
9.940544247928746977e-09
9.577401194795848601e-09
9.222745323250805394e-09
8.876838265146262232e-09
8.539655929145067191e-09
8.211171929288377763e-09
7.891466996450949446e-09
7.580525120122425065e-09
7.278190688901439257e-09
6.984302846666460935e-09
6.698785805256791202e-09
6.421496464319081540e-09
6.152235205668339484e-09
5.890871978295088607e-09
5.637320582504742835e-09
5.391454468224043108e-09
5.153190094578414348e-09
4.922503425130887855e-09
4.699372294408917480e-09
4.483780575611601397e-09
4.275753290366602952e-09
4.075299195156063764e-09
3.882432668577469279e-09
3.697152351066836469e-09
3.519437127296854236e-09
3.349241619310835802e-09
3.186481571140492336e-09
3.031034788068178474e-09
2.882745855128185739e-09
2.741418761480888720e-09
2.606825753867879249e-09
2.478717910360897964e-09
2.356826690028828855e-09
2.240872253319725432e-09
2.130572820034266127e-09
2.025648116293920074e-09
1.925822993649885397e-09
1.830839072629086716e-09
1.740454267186607692e-09
1.654448769096282754e-09
1.572630651986361307e-09
1.494832693468887453e-09
1.420913475875679948e-09
1.350750808894683219e-09
1.284229932554633293e-09
1.221236978813314495e-09
1.161644487505714283e-09
1.105305659486015283e-09
1.052051955391859056e-09
1.001696519553823505e-09
9.540464811772193184e-10
9.089146742531002218e-10
8.661319292696592843e-10
8.255507042482085718e-10
7.870449199256942625e-10
7.505038483034567310e-10
7.158259279121106898e-10
6.829143168684271537e-10
6.516756313060599126e-10
6.220195342252764783e-10
5.938586460616333941e-10
5.671074687283046434e-10
5.416824141809509239e-10
5.175022026478584939e-10
4.944890786518803233e-10
4.725700959110340433e-10
4.516779595132075147e-10
4.317517610801074895e-10
4.127370438278430745e-10
3.945844560921780958e-10
3.772476008807065654e-10
3.606815044494886825e-10
3.448425017014898313e-10
3.296888620694833814e-10
3.151814520818056056e-10
3.012843965413942574e-10
2.879653555145265834e-10
2.751950638340166822e-10
2.629465750736107519e-10
2.511947464430261232e-10
2.399158997286457479e-10
2.290876256425023041e-10
2.186888729072079244e-10
2.087001714202910014e-10
1.991037186022036969e-10
1.898832456398127270e-10
1.810236773809367395e-10
1.725107951431063374e-10
1.643311566533324619e-10
1.564722126208101529e-10
1.489223162386680317e-10
1.416705646685217387e-10
1.347066540308942524e-10
1.280208480215449912e-10
1.216039516329195576e-10
1.154472263659002298e-10
1.095423287750073104e-10
1.038812938481520685e-10
9.845649521087735521e-11
9.326058772432527149e-11
8.828647439644037692e-11
8.352728520903385078e-11
7.897635065876103821e-11
7.462717503182268126e-11
7.047341645267515662e-11
6.650887084993238849e-11
6.272745708310449522e-11
5.912320530804465192e-11
5.569024774554134749e-11
5.242281159827053919e-11
4.931521337617493673e-11
4.636185462603501847e-11
4.355721964372905196e-11
4.089587418467004781e-11
3.837246553125552734e-11
3.598172358768476817e-11
3.371846267973467805e-11
3.157758426174462261e-11
2.955408003107694986e-11
2.764303541820606947e-11
2.583963331990400412e-11
2.413915793433318015e-11
2.253699865124329267e-11
2.102865385365454278e-11
1.960973469064226343e-11
1.827596863239156856e-11
1.702320266834512632e-11
1.584740614451366564e-11
1.474467318312459648e-11
1.371122473354929666e-11
1.274341023158932343e-11
1.183770877682092114e-11
1.099072985140731884e-11
1.019921368934521520e-11
9.460030118572167779e-12
8.770178965688451988e-12
8.126788551967946203e-12
7.527114191924602644e-12
6.968536317138752138e-12
6.448558239783665061e-12
5.964803631744193630e-12
5.515013768349247855e-12
5.097044481988275883e-12
4.708862887782600765e-12
4.348543970536335748e-12
4.014267067789908814e-12
3.704312201167067483e-12
3.417056335857408215e-12
3.150969591598391569e-12
2.904611421730467346e-12
2.676626809956503075e-12
2.465742482833555667e-12
2.270763136722897442e-12
2.090567712774970042e-12
1.924105754664196358e-12
1.770393836643139119e-12
1.628512105269512385e-12
1.497600883321892053e-12
1.376857395761900717e-12
1.265532589014837949e-12
1.162928080554148725e-12
1.068393221872911042e-12
9.813222744140190780e-13
9.011517055727295436e-13
8.273576058097358979e-13
7.594532264657649582e-13
6.969872218024441368e-13
6.395398292995450951e-13
5.867219591277682844e-13
5.381732168382762070e-13
4.935597797539529290e-13
4.525726105777525700e-13
4.149257662048374124e-13
3.803548073675418968e-13
3.486153015250309465e-13
3.194814169537161387e-13
2.927446062675839050e-13
2.682123677532604172e-13
2.457070868206323372e-13
2.250649516703063453e-13
2.061354316664071896e-13
1.887791044748152669e-13
1.728674552920780696e-13
1.582824215726515947e-13
1.449153174349504444e-13
1.326661212959431901e-13
1.214428155582800836e-13
1.111607714726607881e-13
1.017421786237356346e-13
9.311593842572502952e-14
8.521620415215252904e-14
7.798223590669542615e-14
7.135858225231641706e-14
6.529432499798565574e-14
5.974271897177520289e-14
5.466085899454603095e-14
5.001000155298556185e-14
4.575345579283645838e-14
4.185796766309724548e-14
3.829315184177997381e-14
3.503114566896336151e-14
3.204679064384782065e-14
2.931659178602007509e-14
2.681872320056876150e-14
2.453352328623353522e-14
2.244305899453931081e-14
2.053136536142556219e-14
1.878264556259203920e-14
1.718305897194673732e-14
1.572017692854504027e-14
1.438257639614603361e-14
1.315914929476165848e-14
1.204021529582633012e-14
1.101747184103598499e-14
1.008208531065325548e-14
9.226705556807065380e-15
8.444979395985587359e-15
7.730059010089694478e-15
7.076587331865536693e-15
6.479279924434563294e-15
5.933130488833358482e-15
5.434216969655819130e-15
4.977965429450446305e-15
4.561324041370390819e-15
4.180336799021081388e-15
3.832507209946222700e-15
3.514508089739552383e-15
3.224241000727596710e-15
2.959007197085076959e-15
2.716827854576643599e-15
2.495771385181678288e-15
2.293881661160241443e-15
2.109702635558795010e-15
1.941677288426287697e-15
1.788357201457012134e-15
1.648511399787078143e-15
1.521100307748314628e-15
1.405001295717163819e-15
1.299232302441222952e-15
1.202924841746157564e-15
1.115281962697343113e-15
1.035572258761156634e-15
9.631243695160215690e-16
8.973219014460607359e-16
8.375988503518345794e-16
7.834354589628845631e-16
7.343544069399162381e-16
6.899520393778767067e-16
6.498335363709330717e-16
6.135886381932441852e-16
5.809028884326380088e-16
5.515068016840248076e-16
