# bin_3_2
1.467211288888737131e-08
1.473082269458677398e-08
1.479159850932338142e-08
1.485450378160578321e-08
1.491960388444181965e-08
1.498696585354568686e-08
1.505665814268117855e-08
1.512875067340610455e-08
1.520331488889653296e-08
1.528042404163605144e-08
1.536015291895280292e-08
1.544257778936272446e-08
1.552777625685204072e-08
1.561582754677421345e-08
1.570681240486579008e-08
1.580081320118162455e-08
1.589791394529142261e-08
1.599820020823281251e-08
1.610175904560906820e-08
1.620867850703551341e-08
1.631904798005552151e-08
1.643295777969022988e-08
1.655049694066011318e-08
1.667175456865838453e-08
1.679681895388250371e-08
1.692577670711849676e-08
1.705871484904011316e-08
1.719571833325244072e-08
1.733687001844037040e-08
1.748224929977862566e-08
1.763193234260608341e-08
1.778599131514283164e-08
1.794449042344949757e-08
1.810749159474892759e-08
1.827505695945308024e-08
1.844724199291904682e-08
1.862408959916425044e-08
1.880564890966892281e-08
1.899198333234433548e-08
1.918311603756314615e-08
1.937903605510259274e-08
1.957986983232712376e-08
1.978575495813555270e-08
1.999647934725204872e-08
2.021186211681181727e-08
2.043196278549926774e-08
2.065687209403345513e-08
2.088663100743577321e-08
2.112114388386950710e-08
2.136035608488941534e-08
2.160425326023496207e-08
2.185275948516156265e-08
2.210582445033000934e-08
2.236341064935569167e-08
2.262545800239413484e-08
2.289194291036766750e-08
2.316285618832083924e-08
2.343819258647206958e-08
2.371796161641727732e-08
2.400218723103647394e-08
2.429088878505879199e-08
2.458407170416479979e-08
2.488174067185525158e-08
2.518381041781170147e-08
2.549009220878215164e-08
2.580069262301196794e-08
2.611485869352679774e-08
2.643203177114102327e-08
2.675204048924224310e-08
2.707443697907738799e-08
2.739864507492845050e-08
2.772421349130493634e-08
2.805064875950960636e-08
2.837751914450940255e-08
2.870436277329406032e-08
2.903086065801121423e-08
2.935665857463487027e-08
2.968196941979827104e-08
3.000615288566947466e-08
3.032894594324154887e-08
3.065043875023892605e-08
3.097028734722293316e-08
3.128798118911004410e-08
3.160301949489060438e-08
3.191456378499724804e-08
3.222212826357626820e-08
3.252436892446457542e-08
3.282009229109602941e-08
3.310896741083228919e-08
3.339039822305119542e-08
3.366378745059371265e-08
3.392879321379988645e-08
3.418466680780214394e-08
3.443024045516746278e-08
3.466547435985092821e-08
3.488991461104436266e-08
3.510325120030217312e-08
3.530460817049767866e-08
3.549268199281046057e-08
3.566687180401226919e-08
3.582624276651135861e-08
3.596995568235488552e-08
3.609645481391295339e-08
3.620562682686349134e-08
3.629748979826182685e-08
3.637116484427441364e-08
3.642590129375814940e-08
3.646178807586585367e-08
3.647776581611824844e-08
3.647261466898842943e-08
3.644618812695911615e-08
3.639740556378467805e-08
3.632568850906801590e-08
3.623158175589766671e-08
3.611389214814909357e-08
3.597310272618689564e-08
3.580831572018374476e-08
3.561956565225130307e-08
3.540631502881506563e-08
3.516852857714411367e-08
3.490581360509195361e-08
3.461871718761837977e-08
3.430711325792495734e-08
3.397146325243662248e-08
3.361178908469718589e-08
3.322824131759841706e-08
3.282134859713041963e-08
3.239154996704516936e-08
3.193942455781915420e-08
3.146580737620358225e-08
3.097142012339208847e-08
3.045700125845509339e-08
2.992346885927849559e-08
2.937184213702573334e-08
2.880327284233588544e-08
2.821890687945025397e-08
2.762011093655151889e-08
2.700808089092157402e-08
2.638422687438818974e-08
2.574997322425219807e-08
2.510690283313694124e-08
2.445656929747079791e-08
2.380046385788730395e-08
2.314023969943478688e-08
2.247750036589158867e-08
2.181385150283344759e-08
2.115096119897864649e-08
2.049032844892960164e-08
1.983352505842212380e-08
1.918205472452894443e-08
1.853734103456932570e-08
1.790075622000518874e-08
1.727350109143991926e-08
1.665681775352131995e-08
1.605169175091168927e-08
1.545911905798495186e-08
1.487979764391259167e-08
1.431452230353173305e-08
1.376371921559221875e-08
1.322782856790457599e-08
1.270709827912508391e-08
1.220162225850507622e-08
1.171144070346451164e-08
1.123638937515318735e-08
1.077626283534453694e-08
1.033075319473130360e-08
9.899472139489698175e-09
9.481988683725299046e-09
9.077843832393934782e-09
8.686558402857153122e-09
8.307679743020988169e-09
7.940763092420939795e-09
7.585421257222113140e-09
7.241321054624664953e-09
6.908195747909276267e-09
6.585850117157379015e-09
6.274168173780372535e-09
5.973108803364837446e-09
5.682692475698121734e-09
5.402992924658533509e-09
5.134115969584539528e-09
4.876174813931608734e-09
4.629268349349431518e-09
4.393454973078643790e-09
4.168731181399767254e-09
3.955010247083465024e-09
3.752111625824859423e-09
3.559754761653816469e-09
3.377563114215180535e-09
3.205080052084468958e-09
3.041789749307026155e-09
2.887143014828280520e-09
2.740585854434123040e-09
2.601587082194466871e-09
2.469661164899636159e-09
2.344383759182205327e-09
2.225398006575903447e-09
2.112410251040991317e-09
2.005178617367862024e-09
1.903495012891981200e-09
1.807166180726663711e-09
1.715997154171020178e-09
1.629779469002596833e-09
1.548286997908923302e-09
1.471277776413290214e-09
1.398501193939316359e-09
1.329706636767625986e-09
1.264652091843566771e-09
1.203110258852364774e-09
1.144871684889501240e-09
1.089744879224769460e-09
1.037554538121960824e-09
9.881385251991433262e-10
9.413445658493028813e-10
8.970271092643387560e-10
8.550448938572689732e-10
8.152600234472265247e-10
7.775388480018964584e-10
7.417540964750511022e-10
7.077869011654923519e-10
6.755275821327021097e-10
6.448747480544970814e-10
6.157333832870678592e-10
5.880133106176817985e-10
5.616287959324553326e-10
5.364991295148158779e-10
5.125491255330956572e-10
4.897090273616717418e-10
4.679137984312448978e-10
4.471024668486128633e-10
4.272179281874447024e-10
4.082069999469256670e-10
3.900203587550959847e-10
3.726122753162445071e-10
3.559402673903050620e-10
3.399648712278546115e-10
3.246494758933336571e-10
3.099601945541928420e-10
2.958656994404503216e-10
2.823370166087565026e-10
2.693473513901918822e-10
2.568719403784509203e-10
2.448879028152876272e-10
2.333740884282709774e-10
2.223109366901661865e-10
2.116803480964237785e-10
2.014655560087559105e-10
1.916510037004837581e-10
1.822222317440735895e-10
1.731657693564888284e-10
1.644690321909412661e-10
1.561202267221477395e-10
1.481082610686607639e-10
1.404226611886921983e-10
1.330534926534828119e-10
1.259912887519815613e-10
1.192269850781117988e-10
1.127518601692000780e-10
1.065574817739654518e-10
1.006356589699939029e-10
9.497840013902768199e-11
8.957787661081303224e-11
8.442639210044649102e-11
7.951635709202943726e-11
7.484026803688643577e-11
7.039069142098957277e-11
6.616025192702403021e-11
6.214162467359573792e-11
5.832753145906242478e-11
5.471074032763671350e-11
5.128406802574507130e-11
4.804038499607034822e-11
4.497262235291003838e-11
4.207378039448776645e-11
3.933693869837950497e-11
3.675526711914107802e-11
3.432203726999971730e-11
3.203063429072692977e-11
2.987456847450944063e-11
2.784748655382740442e-11
2.594318253521929703e-11
2.415560795269513854e-11
2.247888033790096917e-11
2.090729154489526564e-11
1.943531439601777727e-11
1.805760843268370508e-11
1.676902423565815634e-11
1.556460625877460321e-11
1.443959481308152314e-11
1.338942671330381432e-11
1.240973471071329853e-11
1.149634625331380169e-11
1.064528134459901146e-11
9.852749334976711006e-12
9.115145235527399681e-12
8.429045313185745284e-12
7.791202225117900534e-12
7.198539761398030639e-12
6.648147341670384315e-12
6.137274181011559484e-12
5.663323334996593668e-12
5.223845745377062213e-12
4.816534085599364945e-12
4.439216678513368711e-12
4.089851337770347455e-12
3.766519358675675462e-12
3.467419464577477310e-12
3.190861974225566213e-12
2.935263071463775329e-12
2.699139272768993452e-12
2.481102068994536665e-12
2.279852841865712503e-12
2.094177992379704352e-12
1.922944505994035118e-12
1.765094785571225889e-12
1.619642564232014439e-12
1.485668921339560651e-12
1.362317949371305599e-12
1.248792786645653458e-12
1.144351864828714899e-12
1.048305407724893907e-12
9.600121968564044121e-13
8.788765855425092268e-13
8.043457008989403911e-13
7.359067996265804722e-13
6.730847194656764169e-13
6.154394078789381556e-13
5.625638086960381533e-13
5.140808351708347321e-13
4.696415644426399284e-13
4.289233976405108203e-13
3.916279620646098228e-13
3.574793623846997296e-13
3.262225769678145827e-13
2.976219942830609936e-13
2.714600746017811262e-13
2.475363933176064423e-13
2.256658327189808344e-13
2.056778430364437622e-13
1.874156822949295263e-13
1.707352493011287592e-13
1.555041368326283283e-13
1.416007166315048841e-13
1.289136669464778504e-13
1.173399092663939281e-13
1.067850407396642088e-13
9.716229005331160234e-14
8.839186817661720416e-14
8.040070660356606375e-14
7.312129533774549117e-14
6.649165286501953919e-14
6.045513857717629756e-14
5.496000581897460291e-14
4.995905025514955924e-14
4.540856004549252256e-14
4.126889614998025523e-14
3.750400671110611315e-14
3.408071851640054287e-14
3.096844213217767971e-14
2.813949046547781300e-14
2.556871129066292898e-14
2.323253429650371214e-14
2.110988818731410284e-14
1.918160068590019265e-14
1.742972848509618305e-14
1.583848209204371355e-14
1.439306997053771935e-14
1.308015505604692495e-14
1.188777599284716467e-14
1.080466445819427206e-14
9.821107319455814208e-15
8.927680175883249609e-15
8.116420108151754353e-15
7.379550674842977683e-15
6.710439747925317396e-15
6.102788077245716075e-15
5.550949369952124937e-15
5.049953152115445861e-15
4.594989457027150310e-15
4.181899937635024572e-15
3.806938226541919175e-15
3.466514318337277253e-15
3.157483063749206627e-15
2.876988160301253921e-15
2.622491329989061949e-15
2.391550852054242534e-15
2.182021991904042349e-15
1.991955028546401348e-15
1.819577380407888375e-15
1.663277376470486978e-15
1.521589547977698885e-15
1.393181276927279939e-15
1.276840689959102819e-15
1.171487951365710320e-15
1.076129868935889569e-15
9.898274705196579947e-16
9.117506879144323650e-16
8.412124457546355533e-16
7.774660307027007427e-16
7.199312286944052459e-16
