# bin_2_1
1.194076360832013326e-08
1.198372519482386278e-08
1.202815554763568722e-08
1.207409638432664337e-08
1.212159062191586361e-08
1.217068209935021969e-08
1.222141531574821266e-08
1.227383546080742498e-08
1.232798845317311288e-08
1.238392121094484022e-08
1.244168135596440898e-08
1.250131714054010767e-08
1.256287728958912830e-08
1.262641127021672391e-08
1.269196916905958931e-08
1.275960177894985671e-08
1.282936060819273534e-08
1.290129778277507860e-08
1.297546595136799545e-08
1.305191779128368052e-08
1.313070633296691863e-08
1.321188453785013612e-08
1.329550310405873952e-08
1.338161180314233737e-08
1.347025858024938095e-08
1.356148868855260622e-08
1.365534674842663899e-08
1.375187430928774369e-08
1.385110983770277123e-08
1.395308734665767895e-08
1.405783661703141066e-08
1.416538242417807663e-08
1.427574065225359812e-08
1.438892396855631680e-08
1.450494431173307586e-08
1.462380606735414106e-08
1.474550026441335963e-08
1.487002326082970181e-08
1.499738478517568477e-08
1.512755392017529904e-08
1.526046522647400986e-08
1.539618877949086899e-08
1.553480512260165034e-08
1.567604783106559134e-08
1.581968094143525820e-08
1.596570630805606039e-08
1.611415637335684148e-08
1.626501400200311204e-08
1.641812663102402347e-08
1.657338259133457678e-08
1.673071037711761973e-08
1.688997774119258753e-08
1.705107837946761378e-08
1.721391947135872601e-08
1.737838679298025024e-08
1.754440326971574250e-08
1.771190741635274890e-08
1.788084314554005578e-08
1.805117069919841281e-08
1.822286656885646559e-08
1.839590500529146205e-08
1.857024883933370546e-08
1.874586281184346003e-08
1.892262629062862113e-08
1.910032020242299247e-08
1.927901969612432277e-08
1.945795769892373481e-08
1.963656268798180385e-08
1.981464880721968165e-08
1.999176270035107207e-08
2.016733050327222625e-08
2.034090685019244610e-08
2.051201194289170445e-08
2.068023457431323873e-08
2.084514171140030863e-08
2.100644944547035050e-08
2.116384981780091873e-08
2.131759934242575847e-08
2.146713089441910832e-08
2.161225646689402093e-08
2.175314340989446882e-08
2.188954472526236218e-08
2.202106158325139807e-08
2.214731427430892061e-08
2.226760630004072691e-08
2.238159668982685339e-08
2.248812549422357733e-08
2.258619358900722632e-08
2.267565622071033635e-08
2.275612865728413351e-08
2.282724420336610392e-08
2.288889684505487447e-08
2.294060466121882627e-08
2.298150115185061401e-08
2.301182786485924099e-08
2.303144311760472304e-08
2.304036220766409919e-08
2.303807209036956863e-08
2.302366673728470904e-08
2.299692685092865390e-08
2.295732827842529870e-08
2.290445875772144744e-08
2.283724785378590479e-08
2.275602322092047918e-08
2.266125741425127927e-08
2.255259180720333934e-08
2.242980356614713706e-08
2.229346738633632287e-08
2.214308638426673315e-08
2.197802776202559616e-08
2.179866468903214376e-08
2.160452386992699783e-08
2.139561573554187311e-08
2.117300713765910901e-08
2.093616196949399759e-08
2.068608194115767374e-08
2.042250435260262152e-08
2.014600439516274567e-08
1.985664018684649966e-08
1.955490880117225004e-08
1.924098703811508224e-08
1.891589341932754274e-08
1.858002714438817131e-08
1.823428233619638336e-08
1.787912239664766210e-08
1.751509760093002532e-08
1.714306535379470780e-08
1.676376306601105865e-08
1.637802309998587364e-08
1.598684859198311525e-08
1.559108102766674614e-08
1.519151627193134411e-08
1.478904874637605963e-08
1.438459626525411438e-08
1.397912441128067619e-08
1.357351462837351967e-08
1.316876960830774349e-08
1.276564746381693303e-08
1.236501655638452708e-08
1.196767151256906520e-08
1.157447268160272405e-08
1.118616080012930985e-08
1.080333596287523290e-08
1.042667009067305425e-08
1.005671468302928995e-08
9.693959364368706362e-09
9.338891014333000297e-09
8.991793698291826506e-09
8.652979290074477663e-09
8.322681026347932957e-09
8.001044108085560594e-09
7.688174949923213920e-09
7.384046705261140980e-09
7.088709094851168514e-09
6.802034059916617117e-09
6.523973729130730403e-09
6.254295204134245312e-09
5.992954074002843001e-09
5.739683120570978806e-09
5.494347100364225885e-09
5.256764644913188081e-09
5.026744783751490878e-09
4.804178703362183390e-09
4.588896619057387555e-09
4.380808511247503003e-09
4.179832576461006127e-09
3.985897723628385814e-09
3.798954827046669710e-09
3.618965466013260192e-09
3.445886266162961127e-09
3.279686433346075334e-09
3.120306818841536707e-09
2.967685653367612307e-09
2.821737150490588144e-09
2.682349675835929957e-09
2.549383461116164273e-09
2.422676001169397763e-09
2.302042174834285029e-09
2.187275543326561328e-09
2.078156640120340005e-09
1.974456917037039205e-09
1.875942918741418039e-09
1.782381709954392537e-09
1.693542610519309542e-09
1.609201258283702814e-09
1.529140727320951317e-09
1.453155369079405496e-09
1.381050571797999441e-09
1.312643247063805711e-09
1.247762936416793077e-09
1.186250721222986965e-09
1.127956347288171468e-09
1.072734861640076038e-09
1.020443318080749226e-09
9.709374958094297995e-10
9.240707520207643165e-10
8.796955196362199985e-10
8.376660830799687277e-10
7.978435447509060153e-10
7.600991760703980140e-10
7.243162464380164365e-10
6.903894865625879272e-10
6.582219779884797207e-10
6.277221112802636956e-10
5.988005289640334417e-10
5.713691076944736440e-10
5.453410972356439113e-10
5.206324007960758609e-10
4.971626770366812011e-10
4.748563176915749645e-10
4.536428649271008727e-10
4.334570221668029043e-10
4.142382954352888180e-10
3.959304230183645874e-10
3.784807164994134947e-10
3.618395605507921363e-10
3.459600747351071297e-10
3.307979471311108364e-10
3.163114227876197930e-10
3.024614091749482221e-10
2.892116274761526816e-10
2.765285180864716110e-10
2.643809710185606347e-10
2.527400280312688112e-10
2.415786886004304765e-10
2.308718355258665611e-10
2.205961814341657311e-10
2.107302084965062926e-10
2.012540497927474692e-10
1.921493180769728370e-10
1.833989869807965866e-10
1.749873286783408256e-10
1.668998308527387669e-10
1.591231017530077299e-10
1.516447631847882156e-10
1.444533495347304841e-10
1.375382244049204775e-10
1.308895118024960263e-10
1.244980317117987824e-10
1.183552294810081347e-10
1.124531079881657153e-10
1.067841603441592885e-10
1.013413068424474459e-10
9.611783755465968986e-11
9.110736484673893577e-11
8.630378045670196423e-11
8.170121342300786933e-11
7.729398890360831459e-11
7.307659296163268681e-11
6.904364223502669534e-11
6.518985919491864829e-11
6.151005050274317921e-11
5.799908829141307727e-11
5.465189491826950369e-11
5.146343152548406084e-11
4.842869024873191864e-11
4.554268935334824791e-11
4.280047045219443458e-11
4.019709798521720253e-11
3.772766107067483719e-11
3.538727728269924153e-11
3.317109794735958366e-11
3.107431477789658236e-11
2.909216724476753540e-11
2.721995053796059910e-11
2.545302411281287347e-11
2.378682009753463572e-11
2.221685157400871884e-11
2.073872074841771409e-11
1.934812661721479251e-11
1.804087203820073468e-11
1.681287021651195052e-11
1.566015037679387150e-11
1.457886238676482476e-11
1.356528068724056389e-11
1.261580743170192866e-11
1.172697479870564935e-11
1.089544656806961429e-11
1.011801885196401584e-11
9.391620018092171020e-12
8.713310070837538503e-12
8.080279627331361870e-12
7.489847587161401471e-12
6.939459311721972015e-12
6.426683830665576527e-12
5.949210969986028167e-12
5.504848025570695639e-12
5.091516098764449718e-12
4.707246621729223078e-12
4.350177494535912778e-12
4.018548975229533220e-12
3.710699780590864689e-12
3.425063164308299372e-12
3.160162758695714893e-12
2.914608665612773413e-12
2.687093506633286959e-12
2.476388545210232558e-12
2.281339865957783357e-12
2.100864694309654812e-12
1.933947740128052731e-12
1.779637672529440872e-12
1.637043773377099525e-12
1.505332599714635709e-12
1.383724863957568843e-12
1.271492327464921885e-12
1.167954922934773461e-12
1.072477919334700270e-12
9.844692902887573808e-13
9.033771717119115447e-13
8.286874667930226731e-13
7.599215406650468083e-13
6.966340496992585021e-13
6.384108697789318013e-13
5.848673696909363308e-13
5.356458769394412546e-13
4.904141875024906512e-13
4.488641696683786898e-13
4.107099822273308202e-13
3.756865920868367939e-13
3.435483887391505994e-13
3.140678890411556573e-13
2.870345291800610746e-13
2.622535350443021955e-13
2.395448545829019741e-13
2.187421495025456401e-13
1.996918362318830786e-13
1.822521747036535834e-13
1.662926813794561379e-13
1.516926023766566025e-13
1.383405228948475749e-13
1.261338622460164971e-13
1.149780237246406245e-13
1.047857877986161442e-13
9.547676012418768719e-14
8.697687330828155350e-14
7.921793682369592512e-14
7.213749255739865800e-14
6.567778063455033385e-14
5.978570380037385744e-14
5.441273171975391232e-14
4.951438039132453895e-14
4.504988907611522826e-14
4.098191130247327372e-14
3.727661834824499724e-14
3.390223406778500748e-14
3.082995735299321855e-14
2.803340496214473354e-14
2.548838446801941897e-14
2.317298884101108509e-14
2.106677620292328681e-14
1.915100509078549371e-14
1.740869778013419733e-14
1.582444480523260939e-14
1.438430100105973333e-14
1.307501417319530582e-14
1.188480972780804820e-14
1.080314232412071693e-14
9.820219097791537568e-15
8.926892990243056372e-15
8.115114870063195797e-15
7.377713799996357667e-15
6.707612170238867626e-15
6.098794019864620339e-15
5.545837385417902104e-15
5.043378720522736859e-15
4.587063814867804402e-15
4.172551821801518490e-15
3.796013535378753501e-15
3.454128178664235550e-15
3.143516231883789328e-15
2.861592732072646361e-15
2.605460690173860026e-15
2.373034126900286121e-15
2.161923689756285328e-15
1.970349486125285876e-15
1.796444819649580866e-15
1.638582867769456712e-15
1.495424191212114941e-15
1.365490355647930276e-15
1.247624750104675413e-15
1.140801252772431428e-15
1.043924701583093315e-15
9.561012174356972587e-16
8.765185396406159342e-16
8.044853610807214248e-16
7.392579609995126796e-16
6.802229147223297424e-16
6.268212561398032982e-16
5.785435594544752511e-16
5.349254948559295633e-16
4.955437807673540639e-16
4.600125040833645300e-16
4.279798106925440843e-16
3.991420290897050446e-16
3.732130982897327824e-16
3.499050171807895644e-16
3.289738865102031461e-16
3.102467029774517664e-16
2.934760008145487491e-16
2.785078864505897755e-16
