# bin_1_1
1.057787211499352318e-08
1.061534501463136776e-08
1.065402407832300914e-08
1.069393497214139123e-08
1.073510309342600652e-08
1.077755355709177649e-08
1.082131069978034668e-08
1.086639791699162214e-08
1.091283849040944925e-08
1.096065661828163558e-08
1.100987585502360347e-08
1.106051886007132289e-08
1.111261074888473304e-08
1.116618065463255492e-08
1.122125811917247950e-08
1.127787367745044563e-08
1.133606159799420730e-08
1.139585809758900446e-08
1.145730103824555882e-08
1.152043243706138773e-08
1.158529744489375340e-08
1.165194266601543076e-08
1.172041400483954393e-08
1.179075881395975682e-08
1.186302411956571446e-08
1.193725510329194710e-08
1.201349673612983066e-08
1.209178760773984476e-08
1.217216311635684524e-08
1.225464682268664372e-08
1.233924842543690592e-08
1.242596644660282708e-08
1.251478242597189961e-08
1.260566682478380041e-08
1.269857559163311985e-08
1.279345223656203426e-08
1.289022608724773458e-08
1.298882568426227547e-08
1.308919316322770670e-08
1.319128950574266511e-08
1.329510461605907750e-08
1.340065855341211328e-08
1.350799941591148982e-08
1.361719127195982317e-08
1.372831069809720866e-08
1.384145845078604100e-08
1.395670751178024462e-08
1.407407821161300628e-08
1.419350055781863524e-08
1.431485668605999840e-08
1.443798724888446593e-08
1.456268103825423665e-08
1.468874688914085937e-08
1.481603033368245525e-08
1.494441727884954796e-08
1.507386974647900036e-08
1.520438028024921544e-08
1.533590939650676669e-08
1.546832032027919411e-08
1.560140334316692622e-08
1.573485800335268479e-08
1.586836118027769764e-08
1.600166991802200134e-08
1.613432782030747199e-08
1.626663785949381051e-08
1.639795360816769462e-08
1.652685846179414142e-08
1.665325442470621928e-08
1.677700249275023284e-08
1.689748230095830752e-08
1.701442025582338971e-08
1.712757748565962854e-08
1.723661581941582889e-08
1.734120714724964623e-08
1.744108310995840968e-08
1.753612652546482922e-08
1.762637592988823337e-08
1.771200281763131268e-08
1.779328253797775613e-08
1.787053496637379025e-08
1.794408074169821702e-08
1.801408872279383051e-08
1.808069290760339253e-08
1.814380760062188275e-08
1.820326004619230099e-08
1.825849296014228772e-08
1.830680215698041709e-08
1.834731284249463304e-08
1.837895247642642961e-08
1.840022801721531190e-08
1.841014161598559576e-08
1.840792948173988953e-08
1.839336033019689864e-08
1.836685903433294495e-08
1.832947752563206391e-08
1.828232963599597241e-08
1.822721940364289894e-08
1.816337366334659169e-08
1.809153703565787234e-08
1.801181500011517995e-08
1.792316772993676811e-08
1.782454196442900231e-08
1.771505908180440959e-08
1.759432384456759067e-08
1.746239130903269826e-08
1.731780165289394143e-08
1.716158398234928739e-08
1.699395572723819791e-08
1.681432867514108328e-08
1.662231624337060460e-08
1.641845811165157739e-08
1.620273340613786605e-08
1.597812449016122347e-08
1.574688009801901012e-08
1.551009728599365261e-08
1.526702076582870270e-08
1.501512502942548710e-08
1.475395719455183500e-08
1.448289548742849366e-08
1.420205688695586499e-08
1.391149500472905799e-08
1.361405360026760539e-08
1.331297034129871953e-08
1.300920056256239308e-08
1.270354777455052510e-08
1.239682710069115861e-08
1.208675970779060585e-08
1.177226840378613039e-08
1.145488027542133451e-08
1.113458940547486355e-08
1.081408634995972985e-08
1.049541070816988679e-08
1.017860237447268055e-08
9.865518926489747047e-09
9.555281545653589180e-09
9.248850169792779364e-09
8.944290469442911394e-09
8.642311017356021504e-09
8.343844033554176270e-09
8.051838661993232728e-09
7.767339696154103243e-09
7.489588595992409971e-09
7.217522739762476655e-09
6.950492228425085607e-09
6.689013969206416514e-09
6.434433818877784471e-09
6.187664002727144320e-09
5.948518310940359774e-09
5.716206488027708112e-09
5.490004408479161715e-09
5.269717899398590507e-09
5.055899051745813478e-09
4.849229729872907887e-09
4.649507176343393359e-09
4.455686993571072685e-09
4.267107707343847465e-09
4.084100130080547901e-09
3.907261315918549509e-09
3.736443683949533302e-09
3.570858309450905444e-09
3.410223250178399323e-09
3.254821154555857376e-09
3.104940377154687569e-09
2.960488166497866484e-09
2.821031815455852667e-09
2.686547343206163358e-09
2.557417265539104792e-09
2.433701655557700484e-09
2.315092905172719997e-09
2.201473343861859199e-09
2.093065670164774829e-09
1.989787767839986373e-09
1.891380412381413800e-09
1.797630806543556343e-09
1.708610584422729031e-09
1.624015352294263917e-09
1.543590662685252109e-09
1.467177357953128670e-09
1.394620155228311006e-09
1.325689744442540859e-09
1.260157967575563169e-09
1.197953157896188119e-09
1.138886657097095660e-09
1.082789464579345091e-09
1.029579807247724075e-09
9.791032111531415654e-10
9.312227613439479554e-10
8.858370907758005746e-10
8.428036302469477040e-10
8.020152442727620389e-10
7.633628041052229357e-10
7.267350087106224144e-10
6.920358723414484896e-10
6.591727524666803565e-10
6.280517897155443016e-10
5.985808588225436773e-10
5.706676426180233171e-10
5.442213096887463618e-10
5.191509262764004792e-10
4.953741501295432006e-10
4.728155290966062423e-10
4.514093231846288310e-10
4.310934097224375277e-10
4.118062215144301438e-10
3.934887918336481662e-10
3.760839056944163994e-10
3.595342744011355222e-10
3.437880850377111211e-10
3.287965599606605529e-10
3.145145232800754342e-10
3.008994608156889424e-10
2.879091468175107700e-10
2.755047681047007912e-10
2.636502098239314729e-10
2.523117100784978866e-10
2.414582406500222851e-10
2.310611658542863601e-10
2.210941102772184316e-10
2.115330708456156188e-10
2.023560377605470715e-10
1.935426107950967377e-10
1.850742940867389839e-10
1.769339423279269045e-10
1.691058184802356029e-10
1.615752940255191521e-10
1.543287885429634964e-10
1.473536297373283850e-10
1.406381735323645408e-10
1.341716885153019908e-10
1.279444518659783207e-10
1.219477306323018728e-10
1.161735673829108450e-10
1.106147314591867802e-10
1.052645619614904550e-10
1.001167461981036252e-10
9.516533179257719723e-11
9.040467098393530686e-11
8.582937750238139656e-11
8.143443167422187845e-11
7.721506488424258128e-11
7.316673802028709097e-11
6.928508354807373010e-11
6.556577892077178706e-11
6.200459669616331648e-11
5.859733554219715829e-11
5.533986581281276248e-11
5.222810399522471970e-11
4.925797793021712639e-11
4.642543488916753312e-11
4.372639403582541824e-11
4.115678152098323591e-11
3.871251181801898948e-11
3.638951193738197451e-11
3.418369746392895773e-11
3.209098926505386959e-11
3.010731633773867281e-11
2.822862651758653943e-11
2.645089171699794521e-11
2.477011398986025208e-11
2.318233710738894217e-11
2.168365315016272537e-11
2.027021220831502104e-11
1.893822841757184911e-11
1.768398958340964864e-11
1.650386316810154566e-11
1.539430315268106902e-11
1.435185491955916752e-11
1.337316100299886466e-11
1.245496498450359490e-11
1.159411550284115993e-11
1.078756866480810763e-11
1.003239070742888669e-11
9.325758801858625714e-12
8.664961605606162057e-12
8.047399302107559488e-12
7.470583051629576507e-12
6.932133768260854159e-12
6.429780941169238931e-12
5.961360983329057801e-12
5.524815033575226956e-12
5.118186613909943579e-12
4.739619328511762542e-12
4.387352371172184192e-12
4.059718744724432771e-12
3.755141646412673017e-12
3.472131135052805867e-12
3.209280656930558818e-12
2.965263832366527239e-12
2.738831268245249057e-12
2.528806956032166818e-12
2.334084861203484930e-12
2.153625658486653664e-12
1.986453432979902085e-12
1.831652456335257138e-12
1.688364303441526485e-12
1.555784749363808824e-12
1.433160785452924858e-12
1.319787835799618712e-12
1.215007279999841647e-12
1.118203663503235500e-12
1.028802153675310124e-12
9.462663546577327382e-13
8.700961311052107645e-13
7.998251288711335233e-13
7.350187466266228812e-13
6.752724616631892938e-13
6.202097943381334146e-13
5.694803835843673335e-13
5.227585195162694831e-13
4.797415847578146228e-13
4.401483889068763243e-13
4.037179179161672887e-13
3.702079567209428683e-13
3.393938419921894271e-13
3.110672759148147019e-13
2.850352619859131126e-13
2.611190230071951764e-13
2.391530251800371681e-13
2.189840897152245708e-13
2.004704705696511330e-13
1.834811188331485459e-13
1.678948598451712299e-13
1.535997453993831723e-13
1.404923502941199941e-13
1.284771951949971819e-13
1.174661553381767134e-13
1.073780345953130172e-13
9.813868872966731512e-14
8.967798596281511557e-14
8.193223908849289395e-14
7.484276665291180406e-14
6.835552387981475313e-14
6.242075196886892740e-14
5.699265284603079820e-14
5.202909079577880510e-14
4.749131459172511865e-14
4.334369751812772846e-14
3.955349514672414739e-14
3.609062088383069215e-14
3.292743848118547368e-14
3.003856984125212672e-14
2.740071699207082043e-14
2.499293644202741124e-14
2.279566541804362726e-14
2.079032310200070351e-14
1.896041125794370206e-14
1.729080627346929638e-14
1.576765000611990928e-14
1.437824935744065183e-14
1.311098330030087481e-14
1.195521684039893802e-14
1.090122130018728409e-14
9.940810974370116388e-15
9.065297275754695046e-15
8.267016704550949390e-15
7.539186758620951166e-15
6.875613716227193674e-15
6.270643211390854746e-15
5.719114607637998117e-15
5.216969109262843612e-15
4.759434444682808595e-15
4.342345304660286620e-15
3.962134018940926249e-15
3.615546682381544997e-15
3.299795580590818661e-15
3.012635021836157465e-15
2.750884272699604551e-15
2.512299322548875005e-15
2.294833857330425231e-15
2.097152702200737407e-15
1.917237707550272122e-15
1.753257295424110072e-15
1.603802666107748521e-15
1.468189404152231310e-15
1.344741929900928422e-15
1.232234916508131667e-15
1.130013121373688682e-15
1.037247947246926733e-15
9.527073958796567534e-16
8.759749152468477074e-16
8.064032043094020382e-16
7.430016566057871559e-16
6.857239769106375820e-16
6.336561041600736012e-16
5.864318146031008213e-16
5.437648330884373838e-16
5.049736464351555483e-16
4.700906758498445758e-16
4.383672583311843405e-16
4.099171372871535793e-16
3.841083922880093963e-16
3.609635029576425304e-16
3.400940555060035173e-16
3.213144490354378076e-16
3.045583875498958538e-16
2.894760319191747777e-16
2.760199905289920269e-16
2.640645400881531516e-16
2.533905408456452953e-16
2.438970639781155640e-16
