# bin_4_2
1.493506787404092952e-08
1.499532003638140416e-08
1.505769086959327476e-08
1.512224378607663419e-08
1.518904409127753633e-08
1.525815867305862092e-08
1.532965606668889429e-08
1.540360712724812908e-08
1.548008374617554338e-08
1.555915886411284515e-08
1.564090628587332924e-08
1.572540007213051865e-08
1.581271806988300425e-08
1.590294292095263731e-08
1.599615997640675866e-08
1.609245672521956999e-08
1.619192186531655209e-08
1.629464527743678508e-08
1.640071802368136884e-08
1.651023227917398756e-08
1.662328300772798805e-08
1.673996895210499487e-08
1.686039156953028186e-08
1.698465378677113708e-08
1.711285906335148059e-08
1.724510955676881324e-08
1.738150704461899715e-08
1.752214309993963298e-08
1.766710543384449428e-08
1.781648406626573429e-08
1.797037061976595103e-08
1.812884977909829224e-08
1.829198597719850316e-08
1.845982841330449151e-08
1.863241887545051742e-08
1.880980463591810615e-08
1.899202871269970045e-08
1.917912063329862667e-08
1.937110741406592809e-08
1.956799948742726672e-08
1.976979948123050258e-08
1.997666970700738751e-08
2.018878974218849471e-08
2.040596390114466672e-08
2.062802959613172692e-08
2.085506546033162050e-08
2.108719369779920925e-08
2.132448450016521129e-08
2.156679928403996470e-08
2.181403758566559664e-08
2.206616846677043721e-08
2.232305300671375963e-08
2.258458522488981520e-08
2.285071472311635034e-08
2.312139429889147938e-08
2.339664564276908954e-08
2.367649575752778836e-08
2.396099206764406048e-08
2.425017942937186970e-08
2.454407050390783837e-08
2.484267047069299622e-08
2.514601033129146233e-08
2.545412140045181579e-08
2.576702032342301853e-08
2.608464964822162452e-08
2.640726965571084858e-08
2.673416248634095205e-08
2.706468460236292731e-08
2.739857259393403520e-08
2.773530665049242642e-08
2.807420676154212690e-08
2.841474707372957799e-08
2.875634115027845374e-08
2.909836786611691860e-08
2.944022120906193098e-08
2.978142170088334374e-08
3.012162758716765308e-08
3.046125118040575021e-08
3.079979530416842825e-08
3.113717258695190239e-08
3.147373771067096596e-08
3.180941176752352536e-08
3.214387151453196549e-08
3.247661795492044091e-08
3.280668980201314678e-08
3.313337439177449269e-08
3.345491289182879012e-08
3.376972402387721888e-08
3.407731482929248623e-08
3.437716188525792198e-08
3.466879652081125600e-08
3.495213617107173504e-08
3.522651270875148839e-08
3.549067715631049021e-08
3.574446082654316736e-08
3.598736503561329889e-08
3.621923035437204467e-08
3.643962857007875780e-08
3.664753036095415103e-08
3.684233936503023711e-08
3.702269374551603343e-08
3.718699882347439351e-08
3.733295022146208263e-08
3.746023044711333564e-08
3.756943199485951174e-08
3.766027680609512663e-08
3.773248395780904943e-08
3.778650824077501948e-08
3.782127202587907239e-08
3.783483452985651792e-08
3.782646784549031233e-08
3.779445595296503526e-08
3.773817084601129790e-08
3.765858956376583117e-08
3.755489633082806139e-08
3.742796008701923818e-08
3.727685744266635427e-08
3.710158005615386602e-08
3.690113201389888066e-08
3.667488058077295512e-08
3.642210374278141911e-08
3.614346771030819243e-08
3.583935246960721613e-08
3.551072609450665370e-08
3.515763538540061537e-08
3.477970269984046063e-08
3.437673287425555847e-08
3.394888202868452316e-08
3.349722596775734479e-08
3.302310284289195213e-08
3.252732135064829095e-08
3.201026268420557131e-08
3.147239408199331741e-08
3.091454261319339081e-08
3.033806472555291527e-08
2.974459277011007529e-08
2.913549155732708267e-08
2.851166395881299935e-08
2.787420702762861510e-08
2.722461563602653519e-08
2.656487258524578363e-08
2.589669221236568977e-08
2.522134979674653354e-08
2.454029886403899557e-08
2.385534580883901901e-08
2.316838976392442796e-08
2.248115041307956802e-08
2.179504470619132145e-08
2.111165067300654580e-08
2.043273722437578247e-08
1.975993439850356263e-08
1.909457753232756424e-08
1.843791781082668877e-08
1.779142758522014290e-08
1.715627372932861618e-08
1.653345678589193826e-08
1.592381611510337843e-08
1.532828125477624127e-08
1.474744715779529457e-08
1.418175342304779959e-08
1.363157329434423747e-08
1.309714024784029160e-08
1.257848626069692318e-08
1.207552251610821918e-08
1.158809256923660775e-08
1.111589885264685067e-08
1.065853449725570940e-08
1.021558501974651549e-08
9.786542046662601503e-09
9.370892518055162875e-09
8.968128250237531518e-09
8.577745348405129443e-09
8.199299774711067815e-09
7.832391284670651747e-09
7.476697172571467586e-09
7.131979844731919084e-09
6.798086285358193543e-09
6.474961012127339682e-09
6.162632117428916875e-09
5.861199265400721773e-09
5.570818959775522952e-09
5.291677274837321316e-09
5.023957835064499472e-09
4.767815783494086596e-09
4.523348402266873171e-09
4.290559980089517519e-09
4.069351699621395648e-09
3.859501045175518795e-09
3.660662408839574618e-09
3.472383674240596385e-09
3.294122867294064700e-09
3.125281990477402079e-09
2.965243022278597831e-09
2.813404927233375807e-09
2.669221470487061879e-09
2.532216470361565568e-09
2.401996336740092796e-09
2.278249189232898318e-09
2.160735441093525408e-09
2.049260990619246100e-09
1.943649717758532443e-09
1.843727970205831132e-09
1.749296979679147121e-09
1.660118417132376000e-09
1.575925324345204979e-09
1.496438085697649406e-09
1.421370117962457014e-09
1.350437451870883356e-09
1.283388505342671676e-09
1.219997586019710437e-09
1.160050204683302450e-09
1.103357429556978743e-09
1.049743357294235153e-09
9.990591244230607460e-10
9.511522940929988943e-10
9.058664118114379935e-10
8.630483453868937783e-10
8.225348136119581514e-10
7.841816426565205645e-10
7.478468734040779415e-10
7.134000192825857621e-10
6.807308731653756005e-10
6.497431470094671961e-10
6.203331247199338403e-10
5.923998544412737382e-10
5.658467075293488129e-10
5.405865028421825681e-10
5.165361357098625223e-10
4.936207589822381859e-10
4.717730141621463845e-10
4.509261884533918176e-10
4.310175578210114285e-10
4.119910420919326054e-10
3.937939349833535020e-10
3.763772264608972161e-10
3.596964265173719023e-10
3.437098732589858739e-10
3.283793365344063281e-10
3.136699187042067523e-10
2.995492412897796540e-10
2.859877597275091403e-10
2.729583260374950469e-10
2.604360921648007706e-10
2.483982968616342764e-10
2.368239847791776562e-10
2.256940069437053100e-10
2.149907307456614142e-10
2.046979671001776960e-10
1.948007738605716861e-10
1.852853517707636366e-10
1.761389000474218350e-10
1.673495097273621852e-10
1.589060516437131147e-10
1.507980799780347507e-10
1.430157346299849878e-10
1.355496546072364223e-10
1.283908984049376838e-10
1.215308737368497747e-10
1.149612749779929654e-10
1.086740290594942973e-10
1.026612484972390821e-10
9.691519167919395162e-11
9.142822961417596309e-11
8.619281872494327304e-11
8.120147943311477583e-11
7.644678012824501662e-11
7.192132562453367123e-11
6.761774993756285795e-11
6.352871343443331854e-11
5.964690384147880218e-11
5.596504023072417115e-11
5.247587942729174713e-11
4.917222433298067121e-11
4.604693375119331881e-11
4.309293375171202353e-11
4.030322984884787395e-11
3.767091942766730292e-11
3.518920438341709310e-11
3.285140345613832872e-11
3.065096395103890769e-11
2.858147303278881294e-11
2.663666863854808091e-11
2.481044835681662561e-11
2.309687836704835629e-11
2.149020059325597162e-11
1.998483907054890979e-11
1.857540490231730993e-11
1.725669988546539470e-11
1.602371924181415914e-11
1.487165312286822928e-11
1.379588701406778715e-11
1.279200138211420523e-11
1.185577049083463481e-11
1.098316020923105204e-11
1.017032522809154716e-11
9.413605437776475935e-12
8.709521860546670837e-12
8.054772073377480387e-12
7.446225208402868536e-12
6.880916609644958843e-12
6.356042330749083149e-12
5.868953531965950435e-12
5.417150611950080943e-12
4.998277422601495011e-12
4.610115329125457764e-12
4.250577308130300388e-12
3.917701943505972297e-12
3.609647580314177706e-12
3.324686442643058877e-12
3.061198871476104041e-12
2.817667683652299836e-12
2.592672750225213725e-12
2.384885773199383644e-12
2.193065598947090713e-12
2.016052711535926679e-12
1.852765002379304184e-12
1.702193703955778987e-12
1.563398892679155072e-12
1.435505342637312776e-12
1.317698517292594480e-12
1.209220730671741368e-12
1.109367489483409988e-12
1.017484052270805397e-12
9.329622013547772006e-13
8.552372458814747244e-13
7.837852223664386889e-13
7.181202792153826097e-13
6.577925376302127060e-13
6.023848985146930102e-13
5.515112185801698202e-13
5.048143908377145198e-13
4.619640667639184563e-13
4.226547428961858615e-13
3.866039965908887774e-13
3.535508727576174570e-13
3.232543906207223504e-13
2.954924523911199872e-13
2.700597267672864291e-13
2.467667574387707864e-13
2.254390678628140218e-13
2.059158343524636334e-13
1.880488751508115231e-13
1.717017201726170375e-13
1.567492153950673319e-13
1.430752703422009067e-13
1.305734878705389348e-13
1.191460418308496380e-13
1.087029802810356354e-13
9.916194918459433513e-14
9.044682947673412078e-14
8.248766710756155766e-14
7.522042472941853811e-14
6.858643792970329073e-14
6.253200878497816122e-14
5.700721198243445168e-14
5.196663810008995009e-14
4.736888773987770692e-14
4.317579469901001287e-14
3.935211174935653964e-14
3.586590054279986850e-14
3.268810355551183401e-14
2.979142069386976655e-14
2.715139019581985956e-14
2.474569178554031338e-14
2.255336453018432612e-14
2.055590912079174590e-14
1.873593956901514639e-14
1.707772809102453337e-14
1.556712582054409961e-14
1.419076080895597663e-14
1.293706804781921982e-14
1.179479387218049931e-14
1.075439412494606563e-14
9.806524166131865404e-15
8.943183593452745229e-15
8.156753179517120178e-15
7.440381591448604341e-15
6.788014487294597988e-15
6.193782869614155228e-15
5.652592098442308384e-15
5.159837143786904260e-15
4.711097733134632669e-15
4.302485891405663532e-15
3.930460514542576124e-15
3.591863204467569542e-15
3.283651480093088891e-15
3.003142247828301933e-15
2.747889163643166659e-15
2.515661556526789455e-15
2.304425233782322517e-15
2.112325036892423923e-15
1.937668961915035951e-15
1.778913717429776460e-15
1.634679251019640888e-15
1.503693769207077740e-15
1.384751307785548942e-15
1.276782039702842249e-15
1.178895823712995964e-15
1.090126996672430651e-15
1.009719221720079166e-15
