# bin_3_1
1.234056442788679582e-08
1.238577567301368135e-08
1.243252938465234212e-08
1.248086788792059248e-08
1.253083486904298245e-08
1.258247490652846735e-08
1.263583316307485223e-08
1.269095503179725933e-08
1.274788597835314274e-08
1.280667296802635263e-08
1.286736376874455589e-08
1.293000696204314956e-08
1.299465492736917878e-08
1.306136274023846735e-08
1.313018513105755511e-08
1.320117677695471207e-08
1.327439280094171180e-08
1.334989266564950127e-08
1.342773888396089912e-08
1.350799642082699642e-08
1.359072936083229208e-08
1.367600077606913194e-08
1.376387099970419387e-08
1.385439954034310177e-08
1.394764748041533303e-08
1.404367739965336794e-08
1.414255461746364384e-08
1.424433941074708524e-08
1.434908879223749575e-08
1.445685067649578241e-08
1.456765486558931066e-08
1.468151944332829558e-08
1.479846186737214651e-08
1.491850451015644979e-08
1.504165755394556135e-08
1.516791073626056417e-08
1.529723496237670237e-08
1.542960064248670107e-08
1.556499395541110584e-08
1.570341288069464277e-08
1.584484950461769005e-08
1.598925779364972242e-08
1.613662034748153754e-08
1.628712903829218931e-08
1.644081745252190857e-08
1.659732348361755087e-08
1.675650173727482378e-08
1.691836294581337298e-08
1.708290489678560191e-08
1.725001615948643149e-08
1.741944634573861150e-08
1.759102077548998515e-08
1.776461471057293510e-08
1.794005516991497284e-08
1.811724322629061639e-08
1.829612062637012344e-08
1.847662902221850285e-08
1.865875465628721180e-08
1.884242108172404438e-08
1.902756050840793416e-08
1.921412524706551085e-08
1.940205213232648207e-08
1.959134251781757117e-08
1.978205080569827291e-08
1.997423308300978689e-08
2.016775322260062218e-08
2.036274052281633138e-08
2.055883202723392083e-08
2.075502344826448368e-08
2.095096978619982202e-08
2.114628002854490062e-08
2.134020411791370960e-08
2.153211819525411920e-08
2.172140441250393307e-08
2.190742844887616660e-08
2.208958717331002364e-08
2.226741383915870673e-08
2.244054553979150148e-08
2.260929856476702603e-08
2.277366176477039164e-08
2.293328687314861692e-08
2.308862155626944021e-08
2.323981625462998149e-08
2.338661437943645780e-08
2.352863647666904331e-08
2.366508668953726374e-08
2.379520732180597043e-08
2.391783288236043382e-08
2.403115708534870637e-08
2.413481401609187005e-08
2.422857939620612920e-08
2.431220389993445758e-08
2.438562963456645356e-08
2.444882217770419924e-08
2.450054870214163568e-08
2.454079157807634641e-08
2.456957080962636382e-08
2.458687696145577325e-08
2.459309711236867299e-08
2.458736689190264947e-08
2.456946116120974695e-08
2.453835970977564524e-08
2.449309267228650914e-08
2.443166420504396423e-08
2.435402107223834230e-08
2.426120236284945885e-08
2.415381642879796890e-08
2.403188093629853136e-08
2.389628226773275636e-08
2.374707816684393680e-08
2.358266871074370841e-08
2.340263610931402325e-08
2.320630500140762062e-08
2.299314100735196947e-08
2.276491221001531178e-08
2.252161586404408311e-08
2.226439785046185660e-08
2.199350851322328158e-08
2.170906268803653098e-08
2.141125343850544313e-08
2.109959440609797887e-08
2.077424886243194097e-08
2.043605872504853343e-08
2.008620124725103477e-08
1.972621714840339218e-08
1.935664097431956967e-08
1.897769136982051768e-08
1.858952767280326399e-08
1.819252338951171690e-08
1.778810233433093163e-08
1.737792444950176107e-08
1.696301706994461570e-08
1.654391860902668748e-08
1.612115939515211984e-08
1.569547392025317959e-08
1.526805098805180074e-08
1.484031019762091324e-08
1.441340992480979989e-08
1.398787657327013955e-08
1.356425076600311383e-08
1.314337706802340616e-08
1.272651264942973150e-08
1.231465080668107754e-08
1.190818111730520206e-08
1.150751767485045160e-08
1.111334583127910632e-08
1.072641444950264292e-08
1.034724654346888293e-08
9.975988074729359952e-09
9.612820154030142591e-09
9.258150595416396298e-09
8.912253394675781220e-09
8.575109556402267136e-09
8.246599899337589637e-09
7.926865714220507576e-09
7.615880231845705843e-09
7.313474752662341848e-09
7.019445301522178945e-09
6.733745190390785881e-09
6.456231945891421554e-09
6.186662640410322519e-09
5.924926695143476951e-09
5.670918370660492215e-09
5.424532718718266478e-09
5.185647540343788234e-09
4.954257705538217705e-09
4.730348166163521246e-09
4.513883699737741631e-09
4.304905325131480704e-09
4.103427017717919249e-09
3.909458425115388982e-09
3.723014330895760920e-09
3.544073305863595878e-09
3.372599195724871552e-09
3.208514411768403496e-09
3.051700875360207366e-09
2.902008360961980990e-09
2.759247399971531709e-09
2.623193823934447747e-09
2.493603005840621675e-09
2.370211127489898610e-09
2.252743389399451390e-09
2.140923660289576757e-09
2.034477651302529738e-09
1.933134581347562061e-09
1.836640956713394409e-09
1.744759502547344186e-09
1.657276165165834065e-09
1.574005588016176694e-09
1.494787442133922427e-09
1.419488207702296277e-09
1.347993342070290803e-09
1.280195131619979673e-09
1.215988680288205617e-09
1.155255947730958743e-09
1.097857522374675155e-09
1.043627359542441187e-09
9.923776870677349817e-10
9.439149743008105267e-10
8.980492300465776080e-10
8.546089639674390748e-10
8.134491717650876657e-10
7.744468189574094048e-10
7.374895895840962118e-10
7.024743648446323826e-10
6.693040388138705233e-10
6.378826379013912397e-10
6.081140539239748720e-10
5.799097950724733601e-10
5.531827035996618056e-10
5.278425574021704632e-10
5.038026638883062100e-10
4.809788854210877927e-10
4.592958279092719889e-10
4.386808912874339487e-10
4.190670789048758910e-10
4.003956903630920817e-10
3.826120001941800819e-10
3.656669708038177085e-10
3.495111401906154768e-10
3.340958413267350350e-10
3.193753989868105792e-10
3.053076972039814583e-10
2.918529213173022487e-10
2.789755674158467346e-10
2.666437422445147164e-10
2.548284952379826063e-10
2.435021914984757526e-10
2.326389740452273922e-10
2.222152347506234551e-10
2.122083789990252044e-10
2.025974683962631624e-10
1.933641325194200514e-10
1.844914437653625492e-10
1.759636637404530069e-10
1.677665703267840891e-10
1.598865231620436925e-10
1.523109847805264252e-10
1.450286840460109185e-10
1.380289666772483344e-10
1.313020592957162493e-10
1.248387560157089979e-10
1.186304780110646131e-10
1.126692042566370272e-10
1.069472816847553271e-10
1.014575227699382363e-10
9.619303511037370138e-11
9.114724584631940960e-11
8.631378663322871637e-11
8.168651181176433118e-11
7.725942839103561710e-11
7.302668829085002203e-11
6.898254560576941657e-11
6.512134876152607872e-11
6.143751635656223629e-11
5.792552919065714826e-11
5.457991906686264285e-11
5.139526520886807272e-11
4.836618969501058644e-11
4.548735718828203237e-11
4.275347547490776766e-11
4.015929870013863595e-11
3.769963176628882001e-11
3.536933617596093692e-11
3.316333653321733291e-11
3.107662757454407489e-11
2.910428136217982702e-11
2.724145428220880275e-11
2.548339396624059110e-11
2.382544619628844529e-11
2.226306124222729778e-11
2.079179959183428796e-11
1.940733732888708735e-11
1.810547095446192909e-11
1.688212128099102511e-11
1.573333667331125402e-11
1.465529560692749167e-11
1.364430850471219268e-11
1.269681904808063833e-11
1.180940474973241642e-11
1.097877682699690082e-11
1.020177969604075574e-11
9.475389429326567537e-12
8.796712999038406275e-12
8.162985884171267882e-12
7.571569876124959318e-12
7.019950596465205347e-12
6.505734473141314809e-12
6.026645431395646353e-12
5.580521816917960717e-12
5.165312917724274834e-12
4.779075177205078842e-12
4.419968549073945221e-12
4.086252893187223284e-12
3.776284038150964938e-12
3.488509990127035999e-12
3.221467149978924641e-12
2.973776501008475617e-12
2.744139860427474721e-12
2.531336193601813925e-12
2.334218008378108306e-12
2.151707767799669694e-12
1.982794483613732656e-12
1.826530275901684676e-12
1.682027182838448341e-12
1.548453902167207106e-12
1.425032745342981441e-12
1.311036620087083643e-12
1.205786201418317767e-12
1.108647181537949644e-12
1.019027673318683735e-12
9.363757244510334384e-13
8.601769606055908395e-13
7.899523286199120080e-13
7.252563477634834534e-13
6.656739389172148251e-13
6.108193080836451708e-13
5.603341034977548695e-13
5.138855011772955826e-13
4.711645510258793366e-13
4.318846085341246699e-13
3.957798516756746262e-13
3.626038766605544826e-13
3.321283764597312315e-13
3.041419074498714161e-13
2.784487331841611405e-13
2.548677484265730938e-13
2.332314725314591959e-13
2.133854483872843565e-13
1.951864816118639901e-13
1.785022763284546359e-13
1.632108931987902246e-13
1.491997887594457822e-13
1.363651262542751992e-13
1.246111430362655020e-13
1.138495617229255243e-13
1.039990414065372217e-13
9.498495884243711295e-14
8.673824089337039023e-14
7.919513478561178119e-14
7.229721107035794468e-14
6.599071791228318745e-14
6.022622259495614112e-14
5.495827893989619607e-14
5.014556196072870900e-14
4.574929345792335691e-14
4.173414167289679492e-14
3.806774567972054538e-14
3.472040450898808146e-14
3.166514227872831483e-14
2.887691083468439010e-14
2.633254012262877809e-14
2.401103218578175129e-14
2.189320191299928831e-14
1.996180047005805403e-14
1.820020228111127051e-14
1.659363507543313323e-14
1.512875825198015649e-14
1.379334007001097010e-14
1.257573907594320911e-14
1.146566342710936791e-14
1.045410658738075106e-14
9.531965202341176099e-15
8.691449692444649684e-15
7.925713344552645017e-15
7.227769665769058489e-15
6.591890210154041534e-15
6.012571511053211668e-15
5.484669761249315942e-15
5.003961081997723156e-15
4.565885263201999620e-15
4.167094963963492314e-15
3.803699811843315397e-15
3.472960072838380230e-15
3.171625193035006161e-15
2.897413492764857330e-15
2.647682540921966982e-15
2.420376712751067109e-15
2.213535726481564452e-15
2.025234451296023489e-15
1.853960583323574482e-15
1.698172946069750415e-15
1.556448445734689790e-15
1.427558572316539480e-15
1.310447872404170176e-15
1.204028675732330152e-15
1.107342084059133076e-15
1.019536134160958965e-15
9.398325332244962322e-16
8.675201540644671879e-16
8.019491306163464955e-16
7.425254608293362607e-16
6.887061536017662373e-16
6.399948360001453568e-16
5.959377323669106756e-16
5.561462880150845119e-16
5.202473445810363754e-16
4.878636047357323315e-16
4.586973010579740305e-16
4.324911622560682245e-16
