# bin_3_3
1.623651903700572856e-08
1.630349290380902487e-08
1.637283112346759493e-08
1.644460562067239762e-08
1.651889074066209501e-08
1.659576275505911421e-08
1.667529955836859035e-08
1.675758030863252019e-08
1.684268521589733231e-08
1.693069708948015413e-08
1.702170069088871875e-08
1.711578277737931624e-08
1.721303531961457290e-08
1.731355426625149482e-08
1.741743630375537831e-08
1.752477921079856052e-08
1.763568240612210060e-08
1.775025129861357498e-08
1.786859588394453478e-08
1.799083010304541684e-08
1.811706819626856967e-08
1.824742461058659917e-08
1.838201222610674923e-08
1.852094431142605226e-08
1.866433724458186115e-08
1.881231058720197709e-08
1.896498848913337401e-08
1.912249131709573898e-08
1.928493746140579268e-08
1.945243718392733623e-08
1.962508267118854183e-08
1.980295505977677368e-08
1.998613721043212907e-08
2.017471951839947989e-08
2.036878090338998460e-08
2.056837935640630566e-08
2.077355378408616135e-08
2.098434451670875403e-08
2.120081130945306318e-08
2.142302728572112531e-08
2.165105847574768671e-08
2.188493221322823462e-08
2.212470842362853425e-08
2.237066671845047556e-08
2.262292063268462377e-08
2.288117126857020214e-08
2.314534834824325449e-08
2.341554329807314004e-08
2.369183608903052003e-08
2.397419612513895000e-08
2.426244191949876732e-08
2.455647187670392864e-08
2.485624642163922365e-08
2.516166472495473668e-08
2.547269356106715046e-08
2.578936012873019041e-08
2.611168660574441054e-08
2.643973531069149521e-08
2.677349951282452186e-08
2.711298432631718061e-08
2.745821457304824113e-08
2.780919281609763251e-08
2.816598923654666795e-08
2.852872420038303921e-08
2.889751638658146266e-08
2.927227803102517071e-08
2.965319660755360891e-08
3.003993776513573315e-08
3.043148680764085855e-08
3.082751682091243084e-08
3.122764763170456922e-08
3.163111285027578290e-08
3.203727280173735578e-08
3.244548648448647404e-08
3.285508557823640779e-08
3.326542448053119759e-08
3.367598946056488383e-08
3.408636324364101177e-08
3.449683324608233208e-08
3.490732415246297272e-08
3.531738965086274987e-08
3.572741368552051514e-08
3.613745131667684907e-08
3.654711347405078608e-08
3.695586942274211820e-08
3.736273250854164986e-08
3.776674352224306461e-08
3.816648970215226906e-08
3.855985158766532245e-08
3.894622124756477236e-08
3.932511300689706111e-08
3.969598833934163122e-08
4.005849302932992739e-08
4.041228173769742329e-08
4.075569694187353908e-08
4.108835925854681714e-08
4.140992332837888790e-08
4.171993559844925308e-08
4.201836946808628979e-08
4.230383858526001636e-08
4.257560195619779786e-08
4.283206888080633908e-08
4.307168831351644394e-08
4.329174827852306171e-08
4.349160144400202350e-08
4.367173633900066844e-08
4.383213525422840099e-08
4.397211255997394555e-08
4.409193118265933629e-08
4.419093900486413189e-08
4.426665457258345694e-08
4.431791286303318648e-08
4.434323020039474979e-08
4.434116362696537892e-08
4.431288919167495544e-08
4.425750020707454605e-08
4.417542069045250628e-08
4.406607135113885009e-08
4.392873901502925168e-08
4.376281254489016637e-08
4.356693025199281778e-08
4.334047760493144205e-08
4.308353960235185581e-08
4.279659026281699014e-08
4.248056421878164377e-08
4.213527654507213544e-08
4.176030290492935158e-08
4.135520310087621484e-08
4.091980193963152003e-08
4.045508439706635537e-08
3.996240184170459671e-08
3.944248945629512381e-08
3.889562071693761116e-08
3.832217220723063317e-08
3.772284068010411610e-08
3.709887337959142559e-08
3.645193565562648048e-08
3.578348472127620125e-08
3.509443606195630745e-08
3.438583205908610710e-08
3.365918790978605207e-08
3.291658987264860089e-08
3.215996729335011236e-08
3.139071212865195702e-08
3.061040059225066046e-08
2.982100933376187712e-08
2.902469193456927364e-08
2.822346903021667744e-08
2.741905585317531243e-08
2.661327123836883747e-08
2.580825883684882999e-08
2.500605613946489495e-08
2.420840634226907448e-08
2.341695813007816847e-08
2.263361686637762407e-08
2.186006567620994938e-08
2.109777021446243668e-08
2.034805826519227789e-08
1.961233173089527070e-08
1.889173307597820251e-08
1.818715834675230960e-08
1.749946279230152469e-08
1.682932979096023006e-08
1.617724047909530174e-08
1.554347406893844440e-08
1.492822225248000852e-08
1.433150430774548073e-08
1.375314388056319651e-08
1.319289864636061809e-08
1.265038985661049508e-08
1.212514373456079269e-08
1.161663301368494342e-08
1.112426990939959829e-08
1.064746563456220715e-08
1.018562519836494251e-08
9.738180846586423962e-09
9.304624700705847196e-09
8.884514452072818386e-09
8.477486041236200739e-09
8.083272935308903868e-09
7.701701594571073930e-09
7.332691428162275786e-09
6.976253969560162715e-09
6.632477649229559333e-09
6.301506216382963556e-09
5.983526089561761025e-09
5.678728649869139487e-09
5.387280378506285593e-09
5.109286668524709829e-09
4.844752313843414476e-09
4.593562477898106240e-09
4.355467415439624800e-09
4.130076657699958009e-09
3.916876273301631395e-09
3.715239639205218535e-09
3.524464543803113007e-09
3.343816818960193064e-09
3.172567558027090925e-09
3.010030836333885703e-09
2.855597622128330432e-09
2.708769653186433140e-09
2.569163839821821565e-09
2.436498993836168648e-09
2.310567451462426194e-09
2.191216086246679099e-09
2.078305171414870748e-09
1.971652618371247871e-09
1.871024992533475665e-09
1.776125937846369158e-09
1.686610492757066953e-09
1.602122681200329843e-09
1.522294553778081197e-09
1.446795123031023426e-09
1.375351528278086660e-09
1.307732612544039920e-09
1.243768270745121694e-09
1.183298894673290932e-09
1.126151924059986035e-09
1.072146280156035254e-09
1.021080660595884574e-09
9.727726437172443273e-10
9.270336043829555069e-10
8.836950162940044185e-10
8.426230311366267973e-10
8.036878734413049918e-10
7.667610430014723409e-10
7.317155769661744720e-10
6.984389835979634445e-10
6.668161552925015218e-10
6.367410161060588572e-10
6.081219551725023002e-10
5.808684175048605269e-10
5.548930052643250273e-10
5.301200765978081777e-10
5.064768477889887411e-10
4.838942167582685832e-10
4.623098845195531139e-10
4.416644724910551499e-10
4.219044824790247913e-10
4.029806162539946290e-10
3.848463783964590184e-10
3.674594816938613229e-10
3.507809311992891648e-10
3.347750154201447604e-10
3.194087094282693854e-10
3.046517237106150659e-10
2.904763095118683296e-10
2.768568840294816463e-10
2.637699610837280819e-10
2.511939110581621479e-10
2.391087992789033307e-10
2.274961774823120317e-10
2.163389615783291291e-10
2.056212725167379651e-10
1.953283105986457370e-10
1.854462295338895134e-10
1.759620223087085058e-10
1.668634114682076114e-10
1.581387485341921900e-10
1.497769222465991285e-10
1.417672766209008412e-10
1.340995383751940936e-10
1.267637538567382819e-10
1.197502342536436316e-10
1.130495086652028937e-10
1.066522842601282967e-10
1.005494130559875985e-10
9.473186507063437691e-11
8.919070758623337439e-11
8.391708980039159218e-11
7.890223235587349739e-11
7.413742161416027214e-11
6.961400804252144497e-11
6.532340771352881006e-11
6.125710637477060401e-11
5.740666610727990990e-11
5.376373418683909194e-11
5.032005339296100861e-11
4.706747321240965497e-11
4.399796174981035376e-11
4.110361792455335409e-11
3.837668384262323986e-11
3.580955630801221623e-11
3.339479902748285458e-11
3.112515276439580718e-11
2.899354513734813138e-11
2.699309953024124930e-11
2.511714263457541414e-11
2.335921092275776530e-11
2.171305626123958822e-11
2.017264986354492379e-11
1.873218500484298165e-11
1.738607892707447361e-11
1.612897361749651679e-11
1.495573512354816742e-11
1.386145227902818235e-11
1.284143451043772233e-11
1.189120861401345757e-11
1.100651488082338030e-11
1.018330263953908538e-11
9.417725104083319031e-12
8.706133665592923908e-12
8.045072075444566116e-12
7.431270226876224382e-12
6.861637869330186434e-12
6.333258048450823293e-12
5.843380561799796063e-12
5.389415117851881865e-12
4.968924478399452565e-12
4.579617595923851100e-12
4.219342724196165864e-12
3.886080605665392206e-12
3.577937816364786487e-12
3.293140304695049301e-12
3.030027553300007533e-12
2.787045468323392841e-12
2.562741567922057578e-12
2.355759542078120954e-12
2.164833809985222662e-12
1.988784403650715235e-12
1.826511912714342321e-12
1.676992548838227217e-12
1.539273361247011492e-12
1.412467674855349829e-12
1.295750819945170240e-12
1.188356182399494501e-12
1.089571578895107345e-12
9.987358904578069205e-13
9.152362463960583865e-13
8.385040630754962034e-13
7.680125641324515826e-13
7.032741413751679553e-13
6.438373514251842287e-13
5.892843259820436885e-13
5.392284091160663222e-13
4.933120037340820954e-13
4.512045978863643757e-13
4.126012190254190096e-13
3.772199321825315277e-13
3.448003681843355025e-13
3.151025547339356101e-13
2.879051485206548841e-13
2.630040668773144045e-13
2.402112282911897893e-13
2.193538478860248294e-13
2.002719627615629873e-13
1.828186245937207167e-13
1.668586735666141134e-13
1.522677513413751757e-13
1.389317835727212547e-13
1.267455808862776067e-13
1.156122694377460737e-13
1.054431227792695142e-13
9.615671882472480793e-14
8.767863819191346644e-14
7.993965789417806746e-14
7.287673128766649993e-14
6.643221247530224488e-14
6.055320454654717820e-14
5.519071851358331022e-14
5.030023568654281181e-14
4.584139413171681696e-14
4.177625311011196205e-14
3.807063674636982254e-14
3.469354372407366610e-14
3.161578266336306617e-14
2.881135960109474381e-14
2.625618858137868100e-14
2.392811073178301782e-14
2.180739947485928557e-14
1.987524469182850921e-14
1.811539197327487790e-14
1.651206676053961627e-14
1.505180321641434632e-14
1.372147016357062828e-14
1.250988172364846369e-14
1.140620112041825685e-14
1.040096101592433979e-14
9.485439235552310613e-15
8.651526271254886273e-15
7.892119476658544788e-15
7.200558375840887758e-15
6.570751559509801285e-15
5.997231201326406908e-15
5.475095276657445894e-15
4.999726492122642797e-15
4.566956739175047286e-15
4.173015881848137872e-15
3.814467455468126924e-15
3.488178898338713773e-15
3.191294492167331257e-15
2.921210698583452199e-15
2.675553750057664919e-15
2.452159262393128011e-15
2.249053673853210282e-15
2.064473596780115851e-15
1.896787831274018841e-15
1.744458464188685580e-15
1.606148846787865765e-15
1.480663485861725470e-15
