# bin_4_3
1.614092814347136932e-08
1.620840182300340081e-08
1.627826627274299502e-08
1.635059497213468919e-08
1.642546388513766922e-08
1.650295098477434111e-08
1.658313596349712573e-08
1.666609988932598749e-08
1.675192500116843824e-08
1.684069621124784066e-08
1.693250048817519315e-08
1.702742690364331664e-08
1.712556974327048366e-08
1.722702730623564127e-08
1.733189878037492833e-08
1.744028459890607752e-08
1.755228699958378532e-08
1.766801423474411460e-08
1.778757920296650631e-08
1.791109880485735587e-08
1.803869042574748632e-08
1.817047186563856973e-08
1.830655964554057254e-08
1.844707088495538869e-08
1.859212595435977612e-08
1.874184856941646399e-08
1.889636714743507472e-08
1.905580667156478132e-08
1.922029045004314590e-08
1.938993419629661888e-08
1.956483638413129529e-08
1.974508505417139302e-08
1.993077025354413671e-08
2.012198964646674827e-08
2.031883004419038077e-08
2.052135822258519779e-08
2.072962273491549698e-08
2.094367381975578027e-08
2.116358085289562152e-08
2.138942639914393499e-08
2.162128630657094986e-08
2.185919933519584327e-08
2.210323615319664722e-08
2.235367986373616212e-08
2.261065322886584232e-08
2.287388089901925526e-08
2.314330877945346225e-08
2.341903901638027914e-08
2.370116299861594547e-08
2.398966565797812909e-08
2.428438599584957651e-08
2.458524124480383644e-08
2.489220505489772202e-08
2.520519383395134562e-08
2.552420154929769853e-08
2.584926400639583676e-08
2.618041172193277407e-08
2.651772393515255151e-08
2.686121092129019713e-08
2.721089246330797376e-08
2.756680749757527998e-08
2.792897377692787774e-08
2.829747423741627836e-08
2.867243998321600068e-08
2.905400032682702077e-08
2.944208492489128950e-08
2.983688908373474443e-08
3.023810311022016781e-08
3.064475931066377273e-08
3.105655436030757452e-08
3.147313289979338120e-08
3.189376549382735057e-08
3.231784458830011128e-08
3.274476046347127185e-08
3.317387564962233649e-08
3.360457401104259517e-08
3.403636581367412467e-08
3.446885259192619293e-08
3.490231618005643919e-08
3.533668662147881339e-08
3.577153248194916789e-08
3.620722463529668681e-08
3.664381419578593575e-08
3.708092020781414762e-08
3.751802356028903056e-08
3.795416195654858188e-08
3.838839717264526975e-08
3.881934983840865016e-08
3.924495319124644058e-08
3.966460135271400205e-08
4.007780335457381840e-08
4.048401328582993919e-08
4.088286137522097926e-08
4.127398375292248550e-08
4.165574065638240993e-08
4.202773056045569877e-08
4.238956191096421487e-08
4.274077674620016670e-08
4.308129730298403511e-08
4.340970375839864299e-08
4.372523803209096739e-08
4.402629697406083228e-08
4.431131451774911371e-08
4.457759344088615791e-08
4.482443078567289090e-08
4.505222060161898390e-08
4.526086030913543983e-08
4.544959356289820610e-08
4.561858302976167635e-08
4.576709839098837717e-08
4.589263078360986698e-08
4.599394442573700702e-08
4.606947881405333627e-08
4.611775830304912387e-08
4.613975478217244742e-08
4.613447686693894372e-08
4.610220920123470802e-08
4.604225241684830986e-08
4.595377875938488736e-08
4.583605506014790417e-08
4.568761894622772092e-08
4.550771412233824020e-08
4.529630096436264128e-08
4.505367853773859283e-08
4.478058594489612221e-08
4.447670488596561902e-08
4.414146992413648233e-08
4.377430894758946051e-08
4.337488934346716567e-08
4.294404586192734836e-08
4.248293760135632865e-08
4.199212736779345881e-08
4.147176069309972273e-08
4.092207649254593834e-08
4.034362535307514583e-08
3.973753879135420246e-08
3.910530442748529553e-08
3.844826225449339692e-08
3.776722213144054245e-08
3.706315181643610971e-08
3.633747442562822797e-08
3.559218182714868352e-08
3.482914132169571077e-08
3.404972856946426374e-08
3.325549670544686539e-08
3.244841903829767986e-08
3.163066882892127240e-08
3.080430854755674737e-08
2.997112423804586197e-08
2.913303572767523323e-08
2.829229561120196879e-08
2.745107964424367511e-08
2.661130489362422628e-08
2.577481060926935619e-08
2.494371762324476869e-08
2.411994275266562364e-08
2.330520916414888689e-08
2.250112979607760463e-08
2.170938528018525051e-08
2.093143112252352662e-08
2.016846992315076859e-08
1.942167846476549592e-08
1.869205078098039385e-08
1.798038585575750226e-08
1.728725505125462185e-08
1.661314704243838401e-08
1.595833734133016832e-08
1.532288911935491826e-08
1.470677481661964003e-08
1.410978404963570645e-08
1.353157660079540599e-08
1.297172070782818810e-08
1.242967942664632460e-08
1.190487028032638238e-08
1.139666540421852050e-08
1.090442629003155029e-08
1.042754068812092868e-08
9.965435373840355279e-09
9.517596462342364400e-09
9.083596999645324204e-09
8.663101344181649222e-09
8.255873960496182439e-09
7.861786875361028600e-09
7.480813038646684785e-09
7.113012672468081262e-09
6.758528331474951574e-09
6.417554255844877380e-09
6.090310203331775865e-09
5.777005261076803939e-09
5.477792736678983751e-09
5.192741786131261708e-09
4.921804211125932235e-09
4.664789286917116798e-09
4.421365758746943110e-09
4.191059568304646752e-09
3.973270818051874063e-09
3.767297046105446215e-09
3.572372279031577019e-09
3.387718990523662207e-09
3.212585580546167222e-09
3.046292305608918734e-09
2.888268823010365963e-09
2.738063155240590492e-09
2.595326995779954726e-09
2.459807689376356127e-09
2.331320751035384869e-09
2.209701736692180238e-09
2.094760925114492340e-09
1.986278904601607765e-09
1.883979247755026142e-09
1.787515492230492124e-09
1.696513080475107146e-09
1.610588083669043200e-09
1.529402385435347728e-09
1.452650820611598399e-09
1.380072913037917072e-09
1.311458146042446556e-09
1.246605958222209256e-09
1.185342992497831552e-09
1.127475224342825524e-09
1.072793061265053796e-09
1.021096195001446973e-09
9.722052165806246711e-10
9.259401522122323607e-10
8.821405084487283436e-10
8.406599738135864928e-10
8.013649524450359147e-10
7.641161696465860940e-10
7.287824190960788085e-10
6.952516101954041413e-10
6.634098161720196888e-10
6.331471077387720104e-10
6.043691479932342849e-10
5.769837030529907210e-10
5.509022431003758999e-10
5.260476912510683930e-10
5.023434655402884983e-10
4.797192003496689186e-10
4.581122114696174191e-10
4.374616762433519533e-10
4.177126259540933387e-10
3.988135783890115920e-10
3.807173645045261048e-10
3.633807263239206277e-10
3.467632185477087856e-10
3.308280370094961440e-10
3.155411369007400912e-10
3.008713059351824713e-10
2.867897373195262181e-10
2.732700023095283144e-10
2.602877414270501843e-10
2.478204980527480089e-10
2.358475338228076796e-10
2.243496711824715229e-10
2.133091266481283839e-10
2.027093722564818922e-10
1.925350026501813179e-10
1.827716090897389869e-10
1.734056610086743796e-10
1.644243965129367566e-10
1.558157214469760555e-10
1.475681182009988400e-10
1.396705641845976936e-10
1.321124592122789221e-10
1.248835617064755935e-10
1.179739330815817700e-10
1.113738896453589743e-10
1.050739612055016988e-10
9.906485635524330275e-11
9.333743431298175286e-11
8.788268233542974690e-11
8.269169847587704396e-11
7.775567946044418620e-11
7.306591296605656494e-11
6.861377342000790596e-11
6.439072118911854202e-11
6.038830479367739472e-11
5.659816565050988219e-11
5.301204481737632858e-11
4.962179088885798909e-11
4.641936895845351984e-11
4.339687065978075948e-11
4.054652416232105228e-11
3.786070547295187490e-11
3.533194827571233512e-11
3.295295397819264890e-11
3.071660126903292114e-11
2.861595462721304469e-11
2.664427183886325724e-11
2.479501108946590984e-11
2.306183677410939504e-11
2.143862400869455648e-11
1.991946237937330852e-11
1.849865876569619837e-11
1.717073872405930790e-11
1.593044693837923169e-11
1.477274676991064950e-11
1.369281880188156480e-11
1.268605851141789197e-11
1.174807317696260057e-11
1.087467817225454920e-11
1.006189262776899998e-11
9.305934649410858753e-12
8.603216090616288587e-12
7.950337172246922205e-12
7.344080564517125429e-12
6.781405254040996976e-12
6.259440109325470537e-12
5.775477262777313491e-12
5.326965335642309060e-12
4.911502680335219382e-12
4.526830700668998889e-12
4.170827261457444604e-12
3.841500246909055345e-12
3.536981713968733413e-12
3.255520657027284437e-12
2.995477947681914891e-12
2.755320597201854338e-12
2.533615970289450326e-12
2.329026256116564905e-12
2.140303017713219983e-12
1.966281837350270039e-12
1.805877140766917860e-12
1.658077301993970157e-12
1.521940118647208413e-12
1.396588642188881613e-12
1.281207346437848914e-12
1.175038507620595417e-12
1.077379040520818006e-12
9.875761389209647334e-13
9.050243328932510253e-13
8.291624325694555284e-13
7.594702019959519905e-13
6.954655226896665816e-13
6.367018401261125046e-13
5.827658229064898427e-13
5.332751632945984206e-13
4.878767624084999972e-13
4.462439826589605582e-13
4.080749263054776701e-13
3.730910483551468877e-13
3.410352212635447461e-13
3.116701959532217487e-13
2.847771641657616683e-13
2.601548657529139991e-13
2.376169803237508528e-13
2.169921382156943863e-13
1.981225868217665724e-13
1.808631042817422861e-13
1.650803542839120887e-13
1.506513775266634499e-13
1.374629032139599949e-13
1.254110515996435285e-13
1.144003934221637939e-13
1.043435740507984271e-13
9.515947893720311975e-14
8.677410342743954076e-14
7.911971191127224134e-14
7.213412464774899322e-14
6.575981651432904022e-14
5.994439560705188517e-14
5.464024355932649100e-14
4.980277101978541357e-14
4.539167988516264345e-14
4.137033952701188811e-14
3.770440681971427284e-14
3.436313790417040910e-14
3.131808787063429272e-14
2.854309396639947533e-14
2.601473751106558229e-14
2.371083119280550271e-14
2.161199843750175840e-14
1.969961715951929985e-14
1.795759141439411906e-14
1.637039763181465456e-14
1.492464704630458640e-14
1.360750273935918288e-14
1.240766457683503494e-14
1.131474094253270376e-14
1.031910279979878315e-14
9.412258131424471349e-15
8.586283290546795547e-15
7.833935696237598550e-15
7.148697216485712319e-15
6.524707855259125686e-15
5.956478974958994512e-15
5.439047715842433550e-15
4.967919283220637260e-15
4.538996734082107871e-15
4.148545504790333348e-15
3.793161168919233026e-15
3.469740062534478588e-15
3.175452581395452625e-15
2.907718869943561390e-15
2.664186679161301836e-15
2.442747414386319637e-15
2.241455346368827489e-15
2.058485864727523501e-15
1.892240966180348889e-15
1.741287079389046234e-15
