# bin_2_2
1.376854484570089461e-08
1.382197831260511020e-08
1.387727075840547047e-08
1.393447607278392693e-08
1.399364971255336770e-08
1.405484838407340867e-08
1.411813009226448439e-08
1.418355479234034080e-08
1.425118312839139642e-08
1.432107644715762548e-08
1.439329659462732013e-08
1.446790530746115308e-08
1.454496768476876621e-08
1.462455318353822249e-08
1.470673354042059590e-08
1.479158220845813703e-08
1.487917345140451823e-08
1.496958229912885828e-08
1.506288453691890231e-08
1.515915664470371284e-08
1.525847743435998417e-08
1.536092899141712920e-08
1.546659556665251032e-08
1.557556238723645371e-08
1.568791472754610919e-08
1.580373610200794853e-08
1.592310919111485081e-08
1.604610616788376410e-08
1.617279490466171971e-08
1.630324485458653445e-08
1.643752634270003687e-08
1.657570228761250220e-08
1.671781512802061438e-08
1.686389184533751452e-08
1.701395151751893308e-08
1.716801781619812636e-08
1.732610947456081392e-08
1.748823170905368064e-08
1.765438713044477596e-08
1.782456105173745880e-08
1.799873033676878997e-08
1.817703091055508551e-08
1.835961584341809517e-08
1.854626344931970834e-08
1.873678464433231988e-08
1.893123119083662899e-08
1.912969734039200788e-08
1.933222460832848069e-08
1.953864783379593037e-08
1.974883909529082804e-08
1.996273813509398688e-08
2.018017915572455578e-08
2.040102845922038225e-08
2.062520724033901860e-08
2.085264150028924658e-08
2.108332481238724662e-08
2.131725749809430749e-08
2.155446034671830251e-08
2.179495155960584783e-08
2.203871837757361084e-08
2.228574118280964044e-08
2.253602630077955904e-08
2.278958232383814927e-08
2.304640364099288043e-08
2.330641293622286237e-08
2.356984992319595963e-08
2.383598247136667843e-08
2.410415440911720611e-08
2.437408832025486438e-08
2.464525452449149119e-08
2.491696552392645528e-08
2.518868988086500974e-08
2.545983810151866789e-08
2.572978932700165023e-08
2.599794060913892287e-08
2.626381853470389558e-08
2.652709100125808129e-08
2.678817863955111366e-08
2.704660408939174129e-08
2.730230115326976003e-08
2.755564645102121337e-08
2.780659064951691477e-08
2.805484615557462013e-08
2.829995435544773522e-08
2.854100291953075653e-08
2.877733025765414417e-08
2.900724455663537881e-08
2.922923693379286676e-08
2.944288411325539937e-08
2.964774187593815041e-08
2.984342868848326421e-08
3.002995068005467769e-08
3.020674160857727809e-08
3.037266920607896736e-08
3.052767604029331403e-08
3.067138704925120529e-08
3.080377194174912321e-08
3.092454572787972194e-08
3.103283870934954691e-08
3.112821191145120278e-08
3.120947431319468458e-08
3.127521170735809261e-08
3.132332463499213828e-08
3.135368493560351241e-08
3.136707526983498432e-08
3.136343517105960471e-08
3.134270736091565072e-08
3.130555774052675012e-08
3.125115350317041853e-08
3.117781732480896569e-08
3.108505909520913606e-08
3.097143782593766800e-08
3.083659251486169359e-08
3.068174318505288661e-08
3.050637134201626490e-08
3.031159319423640045e-08
3.009678351442109021e-08
2.986219923230676003e-08
2.960713917395897100e-08
2.933124704137263846e-08
2.903409006613615652e-08
2.871658734570850589e-08
2.837939140352741369e-08
2.802371444448207249e-08
2.764985720201188878e-08
2.725768798790160484e-08
2.684723446952215224e-08
2.641886653959017634e-08
2.597384811926867712e-08
2.551367813770777698e-08
2.503931260585068864e-08
2.455126255849086283e-08
2.405009585525840559e-08
2.353670849308848146e-08
2.301248889235333384e-08
2.247906470747626824e-08
2.193776517064115205e-08
2.138942626376716551e-08
2.083503473767073858e-08
2.027593024536373950e-08
1.971389312055830792e-08
1.915039541858119937e-08
1.858643274929600306e-08
1.802313192926381308e-08
1.746192539687312874e-08
1.690429593084238905e-08
1.635150804578891875e-08
1.580449126427608424e-08
1.526429672430298050e-08
1.473213548451281586e-08
1.420905378298860619e-08
1.369578655943921073e-08
1.319297185433454341e-08
1.270145596110074361e-08
1.222178530461855095e-08
1.175434814680116837e-08
1.129939078583280284e-08
1.085727036585140455e-08
1.042804958314641346e-08
1.001167806942671689e-08
9.608089593689296351e-09
9.217136905894253840e-09
8.838537919670936181e-09
8.471959377220962968e-09
8.117073146674328767e-09
7.773484882550671541e-09
7.440765472354445975e-09
7.118547115659864372e-09
6.806433755739145346e-09
6.504080366484153526e-09
6.211192517859866196e-09
5.927513656527799886e-09
5.652866421435589653e-09
5.387122692271370230e-09
5.130221785462887047e-09
4.882162866926228057e-09
4.642990558966809149e-09
4.412793573119372950e-09
4.191680136616771270e-09
3.979757457555243064e-09
3.777113794339970719e-09
3.583794758381295424e-09
3.399781194551436154e-09
3.224977952723250145e-09
3.059205048483196326e-09
2.902189553900919399e-09
2.753581637581946118e-09
2.612960861263400250e-09
2.479857633215668090e-09
2.353782123173549192e-09
2.234246072402225434e-09
2.120791413082161350e-09
2.013011952725331466e-09
1.910567709456510785e-09
1.813193830742386868e-09
1.720686671569092794e-09
1.632889322051782636e-09
1.549670468263618968e-09
1.470905079109177190e-09
1.396451121550738342e-09
1.326136552197738309e-09
1.259764644054974804e-09
1.197113027846782349e-09
1.137942698322815760e-09
1.082020803047214675e-09
1.029138581210621951e-09
9.791116352243432595e-10
9.317763270823506046e-10
8.869971818270882088e-10
8.446486061537193245e-10
8.045970853498562822e-10
7.667110663914459213e-10
7.308572066462579109e-10
6.969169311348665528e-10
6.647727783384714078e-10
6.343128540501606567e-10
6.054360094933754907e-10
5.780412685601018644e-10
5.520407181427589677e-10
5.273461930634583623e-10
5.038734667693419839e-10
4.815470965006755559e-10
4.602985453274006033e-10
4.400585008231770748e-10
4.207629728558673779e-10
4.023528237160711728e-10
3.847742322352331766e-10
3.679760379370489762e-10
3.519111567685271462e-10
3.365362029324309963e-10
3.218103933333102166e-10
3.076963351479532906e-10
2.941599377429661859e-10
2.811696017658993949e-10
2.686962469391662670e-10
2.567132960816502495e-10
2.451963363159879007e-10
2.341230077618684468e-10
2.234728635673011791e-10
2.132271834097084566e-10
2.033688412087940749e-10
1.938821505020723888e-10
1.847527339850514214e-10
1.759673869201355678e-10
1.675139485387854648e-10
1.593812012538126533e-10
1.515587571069463020e-10
1.440369637748382381e-10
1.368068079780591987e-10
1.298598325740619860e-10
1.231880548509362488e-10
1.167838951860766722e-10
1.106401091463471691e-10
1.047497280131174672e-10
9.910600482737608675e-11
9.370236817637776430e-11
8.853238178849338966e-11
8.358971077489406687e-11
7.886809294337144705e-11
7.436131571320407327e-11
7.006319798050039264e-11
6.596757702168482066e-11
6.206829967485300762e-11
5.835921736409314935e-11
5.483418463054934870e-11
5.148706083556071848e-11
4.831171419962129339e-11
4.530202801161732098e-11
4.245190890605923327e-11
3.975529671297273429e-11
3.720617530259481289e-11
3.479858415099512141e-11
3.252663026880500899e-11
3.038450007606514698e-11
2.836647130815588445e-11
2.646692446656275072e-11
2.468035353328151132e-11
2.300137611782320982e-11
2.142474263361367623e-11
1.994534427566242743e-11
1.855822006994859793e-11
1.725856323872170232e-11
1.604172547497885394e-11
1.490322130493904043e-11
1.383873070257973555e-11
1.284410101649401367e-11
1.191534767927560246e-11
1.104865391480869140e-11
1.024036992447180749e-11
9.487011171731704643e-12
8.785255926152605238e-12
8.131942421183554623e-12
7.524065540423497125e-12
6.958772867619095149e-12
6.433360514262353387e-12
5.945268481807423507e-12
5.492075877382025509e-12
5.071495940695703675e-12
4.681370954622598704e-12
4.319667062426306438e-12
3.984469115824625257e-12
3.673975587548648499e-12
3.386493384867700435e-12
3.120432855613129590e-12
2.874302767086945062e-12
2.646705442042364924e-12
2.436331900114363239e-12
2.241957202666313176e-12
2.062435842832708469e-12
1.896697305729841170e-12
1.743741789988638326e-12
1.602636164042524963e-12
1.472510119203261877e-12
1.352552818101075738e-12
1.242008664514380794e-12
1.140174301044867888e-12
1.046395733024623940e-12
9.600650095275756596e-13
8.806172630019032193e-13
8.075278958912988734e-13
7.403099284037960777e-13
6.785115044311740896e-13
6.217135573219453112e-13
5.695276155403424612e-13
5.215937533272162233e-13
4.775786654991071980e-13
4.371738650662142569e-13
4.000943185763299202e-13
3.660760184083067191e-13
3.348749102826738816e-13
3.062657146380987247e-13
2.800403643280216388e-13
2.560067567230183989e-13
2.339875974833424405e-13
2.138193352254130445e-13
1.953511707606608061e-13
1.784444392231783020e-13
1.629709600603014011e-13
1.488125878187202563e-13
1.358607382313613617e-13
1.240154570142197562e-13
1.131847681292011569e-13
1.032840730887812792e-13
9.423606057776079331e-14
8.596876218870007939e-14
7.841644663830178230e-14
7.151876388965492173e-14
6.522028810685042446e-14
5.947045343082503492e-14
5.422240245533563076e-14
4.943310116985560604e-14
4.506326658136278059e-14
4.107699374650264537e-14
3.744150887826123290e-14
3.412613043520477778e-14
3.110312362579526623e-14
2.834731614642151789e-14
2.583544194240758498e-14
2.354593271452389315e-14
2.145939674751565670e-14
1.955828820403868668e-14
1.782588672124278136e-14
1.624742899663668128e-14
1.480949185429587501e-14
1.349928675659047522e-14
1.230579052018921523e-14
1.121847819533381788e-14
1.022789860925406009e-14
9.325638172634932040e-15
8.503578097458198229e-15
7.754931519647722031e-15
7.072825451915221182e-15
6.451688648429015820e-15
5.885819391472038086e-15
5.370520895449763705e-15
4.901195872386220619e-15
4.473744292779975032e-15
4.084610560205711082e-15
3.730216827368544492e-15
3.407545599581869726e-15
3.113881621882916445e-15
2.846536737179629090e-15
2.603194660995984572e-15
2.381745827947852172e-15
2.180331839324253205e-15
1.997103525231309604e-15
1.830460161100483976e-15
1.678941446593572747e-15
1.541215028716109878e-15
1.416065148127419771e-15
1.302382320111037547e-15
1.199153941338413214e-15
1.105455759124615248e-15
1.020469432292578588e-15
9.434358030703899886e-16
8.736200405516365046e-16
8.103791940446987258e-16
7.532035052705645505e-16
7.014888667509669981e-16
6.547957593680443024e-16
