# bin_4_1
1.262303005369862107e-08
1.266993018328928689e-08
1.271843471870868279e-08
1.276858856130190148e-08
1.282043742164712848e-08
1.287402768666058326e-08
1.292940617471238717e-08
1.298662003693912376e-08
1.304571696915830676e-08
1.310674571854980599e-08
1.316975545787636791e-08
1.323479576660079621e-08
1.330191963271941181e-08
1.337118397279911699e-08
1.344264710302235418e-08
1.351636877541013574e-08
1.359241125376203045e-08
1.367083873864964056e-08
1.375171674131361048e-08
1.383511205450418004e-08
1.392109334142986476e-08
1.400973062294676563e-08
1.410109379091488025e-08
1.419525361226438244e-08
1.429227989730789909e-08
1.439224029607381661e-08
1.449520202693010723e-08
1.460122794340925340e-08
1.471037808934844037e-08
1.482270418563161778e-08
1.493824829231490570e-08
1.505704523584148939e-08
1.517911905829731525e-08
1.530448554581697844e-08
1.543314974437738260e-08
1.556510705579548475e-08
1.570034198363328012e-08
1.583883671880655306e-08
1.598057862282808119e-08
1.612555412803880233e-08
1.627375676169668299e-08
1.642521531688125809e-08
1.657995974963089197e-08
1.673793917763718988e-08
1.689921322483061181e-08
1.706400178286057324e-08
1.723205762842538368e-08
1.740298288460947412e-08
1.757672383073131201e-08
1.775327878734415293e-08
1.793257460364342212e-08
1.811435487632497740e-08
1.829843061759552237e-08
1.848466492947763377e-08
1.867291271406987716e-08
1.886308654677630364e-08
1.905512318161845575e-08
1.924895200587636098e-08
1.944447942293074945e-08
1.964160527910400461e-08
1.984023998820114344e-08
2.004032924787364557e-08
2.024187490130967344e-08
2.044493372389164538e-08
2.064958334674731240e-08
2.085591189284062109e-08
2.106378309920045506e-08
2.127309910109319012e-08
2.148378993132334113e-08
2.169471999311721884e-08
2.190548554812405863e-08
2.211578263126980066e-08
2.232483514512630076e-08
2.253184677075461287e-08
2.273613191952919818e-08
2.293700830885014750e-08
2.313382519771698590e-08
2.332606486290849911e-08
2.351336014374566589e-08
2.369583236985797067e-08
2.387381093903590067e-08
2.404679017777228662e-08
2.421526749212937285e-08
2.437953245727346988e-08
2.453926538716394440e-08
2.469400687325372686e-08
2.484298865221440224e-08
2.498520723377108608e-08
2.511967441256196320e-08
2.524432333978960075e-08
2.535872095661488579e-08
2.546275832561103227e-08
2.555624669971877007e-08
2.563898343598377294e-08
2.571097559557326676e-08
2.577075598888463934e-08
2.581810027021986064e-08
2.585330502086499690e-08
2.587637282258517992e-08
2.588795704310434148e-08
2.588702821148692599e-08
2.587321298298799958e-08
2.584541893677230455e-08
2.580258076411342248e-08
2.574266347996831391e-08
2.566554002016810787e-08
2.557227075925056104e-08
2.546362677016011691e-08
2.533949010938612612e-08
2.520068572692609465e-08
2.504760414130706868e-08
2.487856110566987776e-08
2.469291531126336366e-08
2.449014408404279680e-08
2.426933149107798550e-08
2.403240697726491482e-08
2.377967577055464104e-08
2.351202780767529108e-08
2.323007207804814695e-08
2.293354641758667021e-08
2.262304889673873540e-08
2.229785501741496992e-08
2.195831272810137606e-08
2.160495884980602104e-08
2.123922408056099365e-08
2.086280585531394533e-08
2.047630947746881962e-08
2.007997272097848291e-08
1.967389464838969608e-08
1.925848096181749241e-08
1.883524767028927130e-08
1.840590494796116670e-08
1.797158608377214820e-08
1.753294467329788800e-08
1.709049619985807452e-08
1.664496329492343479e-08
1.619758758820121296e-08
1.574987502361094276e-08
1.530305369639753615e-08
1.485772449713776115e-08
1.441439650733514806e-08
1.397389958924494575e-08
1.353753607261089142e-08
1.310638761390070187e-08
1.268083291960625429e-08
1.226126939220471237e-08
1.184834862558835238e-08
1.144284578273774889e-08
1.104529589791315467e-08
1.065583235979114162e-08
1.027458152635394615e-08
9.901934283833504844e-09
9.538172825475117682e-09
9.183261037348563607e-09
8.837047664819370267e-09
8.499642613256218060e-09
8.171037916830183696e-09
7.851064136551811811e-09
7.539493643481843152e-09
7.236299540656584476e-09
6.941365359462955053e-09
6.654473750140984697e-09
6.375541302462918373e-09
6.104508263041957684e-09
5.841333346504105978e-09
5.585936286111548082e-09
5.338369650764866547e-09
5.098681424594024362e-09
4.866876369640992665e-09
4.643039631335604210e-09
4.427234530258734175e-09
4.219487149703690873e-09
4.019841145883745373e-09
3.828281042546142182e-09
3.644765560687397108e-09
3.469208455801992239e-09
3.301467811223208365e-09
3.141365504278466496e-09
2.988684423299084044e-09
2.843164456727107237e-09
2.704524729503741534e-09
2.572464614787726439e-09
2.446671504887546216e-09
2.326828789207625188e-09
2.212624719888799310e-09
2.103753940741642355e-09
1.999932682702604704e-09
1.900906591576715966e-09
1.806450914268607051e-09
1.716381659400974385e-09
1.630549656897357662e-09
1.548837123889688815e-09
1.471150949374055189e-09
1.397404348704126128e-09
1.327503165124414739e-09
1.261331346946233891e-09
1.198746225947248213e-09
1.139581197811266325e-09
1.083646249262224501e-09
1.030747496754966540e-09
9.806992043149499129e-10
9.333321871230750909e-10
8.884893261539871527e-10
8.460209187426696534e-10
8.057880875648562087e-10
7.676586304698643462e-10
7.315016603156177511e-10
6.971982375400609652e-10
6.646425920337069269e-10
6.337423069538115216e-10
6.044184779961838334e-10
5.765921586016851688e-10
5.501875439740404030e-10
5.251293420340250098e-10
5.013367754360747849e-10
4.787313785511350535e-10
4.572343595211790745e-10
4.367697687602879151e-10
4.172689646885684002e-10
3.986728490200324676e-10
3.809280253802231203e-10
3.639879129282202959e-10
3.478093420126792897e-10
3.323520018775788206e-10
3.175752364463716483e-10
3.034388046598685435e-10
2.899042903681141748e-10
2.769380283532621642e-10
2.645089985796164698e-10
2.525901849540185295e-10
2.411574148642271281e-10
2.301869117073744764e-10
2.196562741663867874e-10
2.095449791692402933e-10
1.998335124169894058e-10
1.905047517602133859e-10
1.815431882077114423e-10
1.729338244055510944e-10
1.646631848189375827e-10
1.567183374166326434e-10
1.490873618444883013e-10
1.417594088100111648e-10
1.347240299161159641e-10
1.279716394655054487e-10
1.214930321244990357e-10
1.152795367231999951e-10
1.093229378361656804e-10
1.036153426778536121e-10
9.814919988926881648e-11
9.291717942895556817e-11
8.791220924616406365e-11
8.312738445198490601e-11
7.855596698891508472e-11
7.419134593295668119e-11
7.002702827477875560e-11
6.605661450427571896e-11
6.227379096265461078e-11
5.867231808980598755e-11
5.524602577367875406e-11
5.198881143363150136e-11
4.889464098727541836e-11
4.595755086930164111e-11
4.317165139084745465e-11
4.053113126199180526e-11
3.803026308485799050e-11
3.566340940912358875e-11
3.342502939057469804e-11
3.130968566715666048e-11
2.931205104724178552e-11
2.742691511526482215e-11
2.564919048258254693e-11
2.397391842507357222e-11
2.239627369700186364e-11
2.091156884187264480e-11
1.951525786268969877e-11
1.820293896651114640e-11
1.697035678738346625e-11
1.581340386142885105e-11
1.472812128395009340e-11
1.371069896747949434e-11
1.275747537679817800e-11
1.186493659750199027e-11
1.102971405614436643e-11
1.024858349492549568e-11
9.518462341630997687e-12
8.836406763548968472e-12
8.199608702867951599e-12
7.605392744156558400e-12
7.051212590847656566e-12
6.534647255529298354e-12
6.053397490260718322e-12
5.605281884829194150e-12
5.188232714090450969e-12
4.800291880575211271e-12
4.439606923707341011e-12
4.104426830489303321e-12
3.793098000129008389e-12
3.504060200125306180e-12
3.235842519378580235e-12
2.987059467297991763e-12
2.756407085890170718e-12
2.542659148593545679e-12
2.344663400845443787e-12
2.161338020150881283e-12
1.991667984064116084e-12
1.834701742283683267e-12
1.689547832481669676e-12
1.555371699218639294e-12
1.431392530180488456e-12
1.316880303963497409e-12
1.211152910538578476e-12
1.113573419288073945e-12
1.023547457738528841e-12
9.405207396774803992e-13
8.639766824123143955e-13
7.934346936091980130e-13
7.284463621633786997e-13
6.685950086403599614e-13
6.134932543356884884e-13
5.627811209455656390e-13
5.161242761569839145e-13
4.732123679178898416e-13
4.337574413721248858e-13
3.974924390894295656e-13
3.641697848200802997e-13
3.335600639484192334e-13
3.054507962965533465e-13
2.796452930771868543e-13
2.559615869524536495e-13
2.342318325286267502e-13
2.143002500780440148e-13
1.960229851787190440e-13
1.792673424482571347e-13
1.639107954298855673e-13
1.498402460464448377e-13
1.369513460293932952e-13
1.251478688479770126e-13
1.143411205558358324e-13
1.044497141875995675e-13
9.539826657375950023e-14
8.711721736730401391e-14
7.954277789251828178e-14
7.261624667453393662e-14
6.628362071648468507e-14
6.049523562123498114e-14
5.520590189542428020e-14
5.037323338242043280e-14
4.595858208953033929e-14
4.192654396331688398e-14
3.824461822055364284e-14
3.488325874216437142e-14
3.181507256484062803e-14
2.901467797333400025e-14
2.645907378187242559e-14
2.412721737876256093e-14
2.200023859119456317e-14
2.005990444203258533e-14
1.829002064715741982e-14
1.667593120119182226e-14
1.520426950548250336e-14
1.386224856818062115e-14
1.263854734951235924e-14
1.152332760781974768e-14
1.050657786263329818e-14
9.579710868426666088e-15
8.735257037418124138e-15
7.965517506800133023e-15
7.264156187382445905e-15
6.625185233034835419e-15
6.042885035520073879e-15
5.512665332614299785e-15
5.029482940258274732e-15
4.589605920857436574e-15
4.188825472712203875e-15
3.824041260718054606e-15
3.491710711258748234e-15
3.189340255631561869e-15
2.913949936717700406e-15
2.663335146258976735e-15
2.435260909416341822e-15
2.227639231531745602e-15
2.038830641591007730e-15
1.867065898129093827e-15
1.710810084282766748e-15
1.568712311640925329e-15
1.439621680100788818e-15
1.322289266896327515e-15
1.215685408183031544e-15
1.118869852339335266e-15
1.030983810270628738e-15
9.512427277764497501e-16
8.789297045171169600e-16
8.133895659735530328e-16
7.540235024502548591e-16
7.002841891844035601e-16
6.516713022898000827e-16
6.077282220086200619e-16
5.680989405189253204e-16
5.323404131108689501e-16
5.001021957901681269e-16
