# bin_4_4
1.731342258140559852e-08
1.738686313811512587e-08
1.746291714016964150e-08
1.754166681642460959e-08
1.762319596969203419e-08
1.770758902698584781e-08
1.779493128699140147e-08
1.788530931938956553e-08
1.797881169438344323e-08
1.807553161077537622e-08
1.817556570795826394e-08
1.827901319195713629e-08
1.838597830514138215e-08
1.849656852446244045e-08
1.861089356468572357e-08
1.872906641422212637e-08
1.885120607714617663e-08
1.897743643686268719e-08
1.910788172973199973e-08
1.924266638081932126e-08
1.938191782693145033e-08
1.952577145551140819e-08
1.967436630517690720e-08
1.982784252555691799e-08
1.998633793697945135e-08
2.014998814048483931e-08
2.031892886450017122e-08
2.049329486096480424e-08
2.067322459075750870e-08
2.085885426130273062e-08
2.105031051509252035e-08
2.124771278309223688e-08
2.145116683623574676e-08
2.166075963447960837e-08
2.187657060577165609e-08
2.209869355855603760e-08
2.232722324358028886e-08
2.256223891370305304e-08
2.280380726163472133e-08
2.305199653894413384e-08
2.330691013637206888e-08
2.356868846667378560e-08
2.383744426645312908e-08
2.411322069599723808e-08
2.439620077467491928e-08
2.468673216657961557e-08
2.498467212386715317e-08
2.528971787536520930e-08
2.560191111203013731e-08
2.592132389853055995e-08
2.624798191089006474e-08
2.658175566740770341e-08
2.692252070751614026e-08
2.727025690549450372e-08
2.762498140563168539e-08
2.798668931080921206e-08
2.835545426574790570e-08
2.873132432111755059e-08
2.911430603684753143e-08
2.950440930659239834e-08
2.990160916644877996e-08
3.030594613829420524e-08
3.071750551113984351e-08
3.113641329932581082e-08
3.156287540354501101e-08
3.199703959754495901e-08
3.243887329597330246e-08
3.288838162116170765e-08
3.334558354836596926e-08
3.380936881429750616e-08
3.427929603367310709e-08
3.475504977289038811e-08
3.523584924064699710e-08
3.572094427961053374e-08
3.620968756844393081e-08
3.670141429366265526e-08
3.719546070946606583e-08
3.769127235768903400e-08
3.818844455236440594e-08
3.868711410620943896e-08
3.918757634458202625e-08
3.968916770238531866e-08
4.019221383697014811e-08
4.069687586078479872e-08
4.120272357456162826e-08
4.170915247799043494e-08
4.221517016717156638e-08
4.271959866138617421e-08
4.322125713845894989e-08
4.371775392350785833e-08
4.420832266523399243e-08
4.469251682357980913e-08
4.516973032480233424e-08
4.563939846957064467e-08
4.610125049400577858e-08
4.655345128924462706e-08
4.699535627848936441e-08
4.742668330563871660e-08
4.784680916603499488e-08
4.825586104830275277e-08
4.865224268226977476e-08
4.903492874720869719e-08
4.940214995152608726e-08
4.975219232288099481e-08
5.008219906193833662e-08
5.039117789162836295e-08
5.067945540232459884e-08
5.094710336472726777e-08
5.119308530506381734e-08
5.141738372124233694e-08
5.161948781786437535e-08
5.179650479618553751e-08
5.194678079467677991e-08
5.206890305651933230e-08
5.216089371966394982e-08
5.222375557723279315e-08
5.225655455010540808e-08
5.225913727220885303e-08
5.223106088135495943e-08
5.217097027531363494e-08
5.207834545080393681e-08
5.195121243798599455e-08
5.178886969270565787e-08
5.159085767706866531e-08
5.135761993365765352e-08
5.108980267081562326e-08
5.078695327890110090e-08
5.044842324580433769e-08
5.007341223193832041e-08
4.966144352533387985e-08
4.921331783786491789e-08
4.873018099894010541e-08
4.821255582567669572e-08
4.766052435087732976e-08
4.707425902514120349e-08
4.645425375182759361e-08
4.580158946293752609e-08
4.511782467405801071e-08
4.440437085510551925e-08
4.366206364362850113e-08
4.289185671088386732e-08
4.209523449587730309e-08
4.127431865208771059e-08
4.043113684014742656e-08
3.956717407387284236e-08
3.868410424315132683e-08
3.778406835441099736e-08
3.686945290424211760e-08
3.594256026331050660e-08
3.500539828880975611e-08
3.406010824294071908e-08
3.310923378802245844e-08
3.215525106375995811e-08
3.120038673419417478e-08
3.024678815296298470e-08
2.929689863934374568e-08
2.835301049566979308e-08
2.741719288527033218e-08
2.649140943897090420e-08
2.557770116451400120e-08
2.467790807357569863e-08
2.379357709161385472e-08
2.292623989606720120e-08
2.207723042676367398e-08
2.124768279696842032e-08
2.043846837984728412e-08
1.965035403209222312e-08
1.888388605315513466e-08
1.813934630748525733e-08
1.741689083827751615e-08
1.671647602331805450e-08
1.603786810418637801e-08
1.538070952342139960e-08
1.474449841634221819e-08
1.412863939017345946e-08
1.353245807995132616e-08
1.295522917708971702e-08
1.239621960213040812e-08
1.185471397908791865e-08
1.133003184598312055e-08
1.082157116491064424e-08
1.032882083232282210e-08
9.851373635978341490e-09
9.388939502033788446e-09
8.941348634223763128e-09
8.508539122350692074e-09
8.090558117455718713e-09
7.687548601110702515e-09
7.299717197957078989e-09
6.927316314317429836e-09
6.570597628235978640e-09
6.229773246603885801e-09
5.904973644341709541e-09
5.596200891990911863e-09
5.303301853585027915e-09
5.025952165798678478e-09
4.763659113415647160e-09
4.515778649327595092e-09
4.281526244015073896e-09
4.060025953782622124e-09
3.850360982567811141e-09
3.651631747633425383e-09
3.462999766739651634e-09
3.283729449973899580e-09
3.113235863645985966e-09
2.951090453068589571e-09
2.796985645692879375e-09
2.650718880481700046e-09
2.512142310800162127e-09
2.381114401594221904e-09
2.257466603301686259e-09
2.140931381149978245e-09
2.031154611163730235e-09
1.927714008873985948e-09
1.830131371330240500e-09
1.737961759329434504e-09
1.650801169426228823e-09
1.568310147635326563e-09
1.490237129685147607e-09
1.416379804406847067e-09
1.346588286515932044e-09
1.280677331079011060e-09
1.218430394630480534e-09
1.159625543462095013e-09
1.104021320100388051e-09
1.051388098355951690e-09
1.001527753082515499e-09
9.542918364172220117e-10
9.095329490093548198e-10
8.671057043119939864e-10
8.268753278144291992e-10
7.886986280689998756e-10
7.524344072316852481e-10
7.179684944611322275e-10
6.851921743821234406e-10
6.540001879407196317e-10
6.243001086580945455e-10
5.959964983778778606e-10
5.690040106534315068e-10
5.432457280754019337e-10
5.186471145166366300e-10
4.951419010448058286e-10
4.726660601180006311e-10
4.511619481683914670e-10
4.305758926862001443e-10
4.108582607895586489e-10
3.919635548169023047e-10
3.738496188611018736e-10
3.564777869950144679e-10
3.398123321839714979e-10
3.238204453183312478e-10
3.084718623915048660e-10
2.937386956617425138e-10
2.795952096169855043e-10
2.660176130052107867e-10
2.529838511522621032e-10
2.404734334255592047e-10
2.284672728507623582e-10
2.169475455560999896e-10
2.058975564051824474e-10
1.953016096414767347e-10
1.851448854189762237e-10
1.754133260427061838e-10
1.660935335808302600e-10
1.571726787455933782e-10
1.486384201900353970e-10
1.404788337893632664e-10
1.326823514790742091e-10
1.252377089216604264e-10
1.181339009400449216e-10
1.113601438365714800e-10
1.049058440956560396e-10
9.876057300840646009e-11
9.291404732054284871e-11
8.735611547960094354e-11
8.207674844504896652e-11
7.706603481260686310e-11
7.231417938346942473e-11
6.781150442843623238e-11
6.354845406610251234e-11
5.951560109063881195e-11
5.570365524124265889e-11
5.210347163919886183e-11
4.870606157520166836e-11
4.550260264869940663e-11
4.248444919879940018e-11
3.964314299094227209e-11
3.697042350356213527e-11
3.445823740554832700e-11
3.209874708246953691e-11
2.988433863458532762e-11
2.780762877406790399e-11
2.586147063404030541e-11
2.403895847751822770e-11
2.233343116106604843e-11
2.073847443308621547e-11
1.924792233043661223e-11
1.785585736084126003e-11
1.655660952823268221e-11
1.534475448633703473e-11
1.421511065109568026e-11
1.316273543260758120e-11
1.218292085201618129e-11
1.127118870651952883e-11
1.042328496571782995e-11
9.635174063597024813e-12
8.903032640431798892e-12
8.223242994665267995e-12
7.592386022664618565e-12
7.007233981063840234e-12
6.464742877488566230e-12
5.962044787855550587e-12
5.496440190832444177e-12
5.065390473900652691e-12
4.666510510032275439e-12
4.297562034372222583e-12
3.956444955164606847e-12
3.641192172123853227e-12
3.349962475385073386e-12
3.081034057167625591e-12
2.832798141908778497e-12
2.603752658917848727e-12
2.392495955258220585e-12
2.197720652797454575e-12
2.018207782348217439e-12
1.852821357775659465e-12
1.700503433911446185e-12
1.560269589903387748e-12
1.431204704195127142e-12
1.312459274506667977e-12
1.203244210090790259e-12
1.102827539137346517e-12
1.010530522753285809e-12
9.257237168396463112e-13
8.478235572909659562e-13
7.762892980623032799e-13
7.106202322902102028e-13
6.503530811472840115e-13
5.950598166602866990e-13
5.443444095812533274e-13
4.978407941150927847e-13
4.552110862083534929e-13
4.161432912229052341e-13
3.803494473423078956e-13
3.475638971000650840e-13
3.175421557805727413e-13
2.900579672128194470e-13
2.649031310379117818e-13
2.418859418715570649e-13
2.208298842904183216e-13
2.015727996515401394e-13
1.839652049117412538e-13
1.678693519630792004e-13
1.531588707988092765e-13
1.397176234291020021e-13
1.274392983236648562e-13
1.162252194684442446e-13
1.059853015974569886e-13
9.663702282141275058e-14
8.810469826564085517e-14
8.031828587454622408e-14
7.321392750598087923e-14
6.673360545902874275e-14
6.082302691016895426e-14
5.543303690731577231e-14
5.051900716467864349e-14
4.603910661642416156e-14
4.195578546261947590e-14
3.823444210438182269e-14
3.484312632729859642e-14
3.175329773559475447e-14
2.893790280729088580e-14
2.637317462786038214e-14
2.403649814886111395e-14
2.190805113644905197e-14
1.996893836277489803e-14
1.820276379690839583e-14
1.659377748034690008e-14
1.512821241683614802e-14
1.379326910031574982e-14
1.257722570129019408e-14
1.146971368045747473e-14
1.046096556343902499e-14
9.542172899274001519e-15
8.705368738214519760e-15
7.943394065245388537e-15
7.249485311570469265e-15
6.617611390810363292e-15
6.042276217903344908e-15
5.518470938739464708e-15
5.041630451112397769e-15
4.607593846151383997e-15
4.212568423686013346e-15
3.853096934408536542e-15
3.526027781366356621e-15
3.228487874584159188e-15
2.957858768399712952e-15
2.711841523313852833e-15
2.488174637362109395e-15
2.284871818186323639e-15
