# bin_2_1
1.185437268345219344e-08
1.189684914124845855e-08
1.194077005388953014e-08
1.198617433530671708e-08
1.203310196927203891e-08
1.208159368371995209e-08
1.213169097261811296e-08
1.218343671063311152e-08
1.223687394613665726e-08
1.229204592453189881e-08
1.234899585358401951e-08
1.240776630251402120e-08
1.246840255673015122e-08
1.253095359352947225e-08
1.259547002810432048e-08
1.266200357617847286e-08
1.273060620718689607e-08
1.280133006939382032e-08
1.287422746861057833e-08
1.294935083150038603e-08
1.302675427064422616e-08
1.310649443347130643e-08
1.318862931177269666e-08
1.327321718174633962e-08
1.336031570070193710e-08
1.344998016748381795e-08
1.354226446632372831e-08
1.363721172315437645e-08
1.373486023629824734e-08
1.383524875688476670e-08
1.393841578303805505e-08
1.404439184603453740e-08
1.415318695395446954e-08
1.426479563162486187e-08
1.437920392051526014e-08
1.449640104848705112e-08
1.461637033777956095e-08
1.473908201610797609e-08
1.486450399051583841e-08
1.499258587598867331e-08
1.512326800030425876e-08
1.525664891995930353e-08
1.539284458277143028e-08
1.553159784408821434e-08
1.567268364700618524e-08
1.581611744815680273e-08
1.596195545587830025e-08
1.611020019174451675e-08
1.626065240983137993e-08
1.641314878802491016e-08
1.656759032047078451e-08
1.672377802792457203e-08
1.688154382808794544e-08
1.704077358671844479e-08
1.720136176981678411e-08
1.736326818314030632e-08
1.752646277884060697e-08
1.769093652774140502e-08
1.785667815225663953e-08
1.802364837645173982e-08
1.819180269738935845e-08
1.836112312591359921e-08
1.853159824950171162e-08
1.870320370086392980e-08
1.887584857314130435e-08
1.904975752491114863e-08
1.922419687606850238e-08
1.939851222746234725e-08
1.957242487355707692e-08
1.974541233643219387e-08
1.991679911856405326e-08
2.008606929776925196e-08
2.025265375489641696e-08
2.041595837593765574e-08
2.057541211845628010e-08
2.073057889994128862e-08
2.088117049984887403e-08
2.102764722341991320e-08
2.116959464051942257e-08
2.130701070625943311e-08
2.144033596743923624e-08
2.156959938887762883e-08
2.169460245661901642e-08
2.181498333051451422e-08
2.192994217791944581e-08
2.203893141411413083e-08
2.214040448799897909e-08
2.223300583646669058e-08
2.231645586714297079e-08
2.239047053239708133e-08
2.245484123238055805e-08
2.250974576538571349e-08
2.255481312933124627e-08
2.258913302502748832e-08
2.261285251980874859e-08
2.262582196121426514e-08
2.262824205848243717e-08
2.262008266032874368e-08
2.260075745429504728e-08
2.257009849039662457e-08
2.252720730425839732e-08
2.247097515141245163e-08
2.239965228234682959e-08
2.231341828565660747e-08
2.221335635774154238e-08
2.209975625839351608e-08
2.197291443942032785e-08
2.183381417975311255e-08
2.168200170757697515e-08
2.151620836251732217e-08
2.133628809607433726e-08
2.114121198635082698e-08
2.093100315117782327e-08
2.070720410748029547e-08
2.046972227068625746e-08
2.021998369266351165e-08
1.995776892255778761e-08
1.968366110596776296e-08
1.939733631867632003e-08
1.909876723589222678e-08
1.878786591215641948e-08
1.846581054389621081e-08
1.813354310116190460e-08
1.779249790064180580e-08
1.744321025192743450e-08
1.708575819084797505e-08
1.672032526473898419e-08
1.634741176971857840e-08
1.596835390330345473e-08
1.558466382317867176e-08
1.519728209462637595e-08
1.480666939959336331e-08
1.441328639517671156e-08
1.401786093124176356e-08
1.362154496355359672e-08
1.322566534473117099e-08
1.283120145535303952e-08
1.243859374561605040e-08
1.204836591887565998e-08
1.166132844747288776e-08
1.127866500601787994e-08
1.090120474294081854e-08
1.052926454989080254e-08
1.016323952761180831e-08
9.803782772439680259e-09
9.451564086867613641e-09
9.107013770227267884e-09
8.770223249154407316e-09
8.441390269635900021e-09
8.120875912619084149e-09
7.808894020295759696e-09
7.505383956006088123e-09
7.210232477939302546e-09
6.923574775092888433e-09
6.645321988194803564e-09
6.375301624970737451e-09
6.113287581226791633e-09
5.859246026064820484e-09
5.612957228909626531e-09
5.374187292551025994e-09
5.142785436782231575e-09
4.918619000076620304e-09
4.701516830788996153e-09
4.491340407011925313e-09
4.288026516409634065e-09
4.091502163911132749e-09
3.901697619277228632e-09
3.718613936653254971e-09
3.542217522041668189e-09
3.372495942181502952e-09
3.209438942545136999e-09
3.053008610157696398e-09
2.903167493061998670e-09
2.759841539316205035e-09
2.622932275544510312e-09
2.492312247981053071e-09
2.367820477048960648e-09
2.249274784985048032e-09
2.136471179892369791e-09
2.029189914262082757e-09
1.927205633590164635e-09
1.830291885551924803e-09
1.738222468653807665e-09
1.650776396716964869e-09
1.567739983948905774e-09
1.488903438716199888e-09
1.414070394470639832e-09
1.343053203497552911e-09
1.275675330305693037e-09
1.211775608462105612e-09
1.151203255537038781e-09
1.093817377651342003e-09
1.039483335725234201e-09
9.880682774503059977e-10
9.394396899183298514e-10
8.934562464176429750e-10
8.499691806739372145e-10
8.088262320772360603e-10
7.698815338565783607e-10
7.330009603203984716e-10
6.980662600563987630e-10
6.649792451620095892e-10
6.336515157943831141e-10
6.039954213334533536e-10
5.759221771086036153e-10
5.493425657631786894e-10
5.241652735972000160e-10
5.002997544252173837e-10
4.776644859301590210e-10
4.561835710100418645e-10
4.357832407154931637e-10
4.163965257432778301e-10
3.979609300980015627e-10
3.804212659095396417e-10
3.637234321853833528e-10
3.478154670270671021e-10
3.326493756214792417e-10
3.181789799873687834e-10
3.043622999827820604e-10
2.911587879303054363e-10
2.785308240840846451e-10
2.664446630674640461e-10
2.548696328581736374e-10
2.437764737596885005e-10
2.331381290714889113e-10
2.229295445394520609e-10
2.131277760142529946e-10
2.037116173926612245e-10
1.946617968637918390e-10
1.859607476504135841e-10
1.775920717711623040e-10
1.695407170911024258e-10
1.617930645396673164e-10
1.543365981749134872e-10
1.471598203357795054e-10
1.402522111801602965e-10
1.336040218395409372e-10
1.272062700177933511e-10
1.210506837718329479e-10
1.151295635578624899e-10
1.094357548654827491e-10
1.039625500494695179e-10
9.870363375273520002e-11
9.365302330856747615e-11
8.880500491841439445e-11
8.415411461079020132e-11
7.969507270262779363e-11
7.542276173000345417e-11
7.133217652539161459e-11
6.741840787643403804e-11
6.367661196883716189e-11
6.010199930371881519e-11
5.668981320896934777e-11
5.343532189479147233e-11
5.033380720739879087e-11
4.738056218935957215e-11
4.457088691141614496e-11
4.190008958534618405e-11
3.936348726582930499e-11
3.695641062041622953e-11
3.467420869278170329e-11
3.251225614213321313e-11
3.046596043798394006e-11
2.853077035158656575e-11
2.670218432523266928e-11
2.497575919850296641e-11
2.334711855709255793e-11
2.181196077896964171e-11
2.036606682127518961e-11
1.900530755397118237e-11
1.772565049144741088e-11
1.652316594261020292e-11
1.539403241132361726e-11
1.433454106191938003e-11
1.334109956839432943e-11
1.241023521810432990e-11
1.153859717825451154e-11
1.072295818743684826e-11
9.960215470398127232e-12
9.247390836483563370e-12
8.581630291812080236e-12
7.960203484363343176e-12
7.380501693828481460e-12
6.840036561050595025e-12
6.336437715690055052e-12
5.867450382770923848e-12
5.430932457452664234e-12
5.024851291123581275e-12
4.647280589493869491e-12
4.296396933471482993e-12
3.970476084382744037e-12
3.667889400230469252e-12
3.387100211117611255e-12
3.126659963629835726e-12
2.885204540192205170e-12
2.661450496659260268e-12
2.454191382527873136e-12
2.262294096315483087e-12
2.084695327144863900e-12
1.920398038096120809e-12
1.768468066469845069e-12
1.628030874632165728e-12
1.498268301432898222e-12
1.378415525493618555e-12
1.267758030952815894e-12
1.165628763829254450e-12
1.071405329650365685e-12
9.845073784046296718e-13
9.043940662253084277e-13
8.305616673877995338e-13
7.625412928395786229e-13
6.998967499013776128e-13
6.422225086219932127e-13
5.891420664323787981e-13
5.403053557095299541e-13
4.953873302384551943e-13
4.540866449940197313e-13
4.161238595483047431e-13
3.812399634682666338e-13
3.491949907118613380e-13
3.197667192345012364e-13
2.927494510683320088e-13
2.679528703260285987e-13
2.452009680618483940e-13
2.243310372101144256e-13
2.051927304018803367e-13
1.876471813394971675e-13
1.715665086679626503e-13
1.568322323424076646e-13
1.433349946248126763e-13
1.309741414179534282e-13
1.196568822932307162e-13
1.092977088878639030e-13
9.981785247158534637e-14
9.114478055961255040e-14
8.321172880082667333e-14
7.595757307621630799e-14
6.932566512393870436e-14
6.326382586896677593e-14
5.772428534119213362e-14
5.266313996876865840e-14
4.804005193147824148e-14
4.381797181995279970e-14
3.996334153174014234e-14
3.644446820922586463e-14
3.323265866697880489e-14
3.030162531474071971e-14
2.762725993181614476e-14
2.518777031186019417e-14
2.296274571486563749e-14
2.093344166382181110e-14
1.908287105532267311e-14
1.739559341512838169e-14
1.585761703166663240e-14
1.445552108807467063e-14
1.317739693064678121e-14
1.201258207083985886e-14
1.095112666865665264e-14
9.983682777296676273e-15
9.102047722299983210e-15
8.298921688972680698e-15
7.566998827614456528e-15
6.900109790515907989e-15
6.292687530376980606e-15
5.739147219076112034e-15
5.235008725252384286e-15
4.775740961968443433e-15
4.357348788861972608e-15
3.976379742636356762e-15
3.629261437479691040e-15
3.313310771264458886e-15
3.025437057526005440e-15
2.763467921114855600e-15
2.524840906253305186e-15
2.307683166956508246e-15
2.109992626371340136e-15
1.930027913965202150e-15
1.766365178953621986e-15
1.617398400881043153e-15
1.481885335646163025e-15
1.358722895492773393e-15
1.246713099167082921e-15
1.144884425839141490e-15
1.052351900047978998e-15
9.683644721188943989e-16
8.921000096329612030e-16
8.228838303755799042e-16
7.600992683459204957e-16
7.031825707481330524e-16
6.516182803715786707e-16
6.049350174283137783e-16
5.627016355064150307e-16
5.245237625626447308e-16
4.900613847377991684e-16
4.589929408327801965e-16
4.309902749458502485e-16
4.057762922275797899e-16
3.831580404032864575e-16
3.628491275549286596e-16
3.446751592678677052e-16
