# a
1.000000000000000000e+00
9.704930889128516869e-01
9.426775852218624019e-01
9.164121077478477595e-01
8.915706051873200089e-01
8.680403331871986428e-01
8.457201435161455505e-01
8.245190305655034635e-01
8.043548911277218494e-01
7.851534618129907273e-01
7.668474051123160828e-01
7.493755203996670389e-01
7.326820603907637786e-01
7.167161369724173170e-01
7.014312030607907644e-01
6.867845993756503953e-01
6.727371568360968057e-01
6.592528467736564757e-01
6.462984723854289237e-01
6.338433958640117272e-01
6.218592964824121161e-01
6.103199556130941561e-01
5.992010652463382048e-01
5.884800570647328311e-01
5.781359495444989838e-01
5.681492109038738247e-01
5.585016360148934433e-01
5.491762356465302863e-01
5.401571366215626169e-01
5.314294916527994017e-01
5.229793977812995376e-01
5.147938224741303026e-01
5.068605365553963127e-01
4.991680532445924579e-01
4.917055726631568424e-01
4.844629312454123427e-01
4.774305555555555247e-01
4.705994200694015861e-01
4.639610085293841557e-01
4.575072785248856522e-01
4.512306289881495291e-01
4.451238703295715138e-01
4.391801969656641269e-01
4.333931620189992451e-01
4.277566539923954303e-01
4.222648752399232319e-01
4.169123220752968817e-01
4.116937663741838671e-01
4.066042385411533511e-01
4.016390117246135816e-01
3.967935871743487608e-01
3.920636806463110302e-01
3.874452097683156460e-01
3.829342822883223807e-01
3.785271851342051352e-01
3.742203742203742411e-01
3.700104649424428294e-01
3.658942233063532945e-01
3.618685576431025508e-01
3.579305108644564304e-01
3.540772532188841137e-01
3.503060755104207558e-01
3.466143827463062932e-01
3.429996881821016919e-01
3.394596077355643837e-01
3.359918547429153746e-01
3.325942350332594666e-01
3.292646422988658728e-01
3.260010537407798115e-01
3.228015259708500451e-01
3.196641911527284829e-01
3.165872533657382304e-01
3.135689851767388681e-01
3.106077244062372400e-01
3.077018710760241471e-01
3.048498845265588675e-01
3.020502806931901207e-01
2.993016295310941266e-01
2.966025525795434326e-01
2.939517206567891505e-01
2.913478516774573590e-01
2.887897085849304712e-01
2.862760973917066742e-01
2.838058653212166549e-01
2.813778990450204742e-01
2.789911230097224526e-01
2.766444978483205697e-01
2.743370188710615998e-01
2.720677146311971106e-01
2.698356455613399318e-01
2.676399026763990330e-01
2.654796063393312089e-01
2.633539050861885555e-01
2.612619745071649291e-01
2.592030161805519706e-01
2.571762566567086794e-01
2.551809464893288193e-01
2.532163593114561406e-01
2.512817909538555550e-01
2.493765586034912829e-01
