# d_z
1.000000000000000000e+00
9.963792366546251333e-01
9.927248075284003104e-01
9.890403258348476889e-01
9.853293417892252659e-01
9.815952319450861330e-01
9.778411787314499337e-01
9.740702657646124196e-01
9.702853819901171573e-01
9.664892919732925858e-01
9.626846049924440152e-01
9.588737535953668623e-01
9.550590214954327584e-01
9.512425598878396782e-01
9.474263691312565516e-01
9.436123048600284502e-01
9.398021037722104065e-01
9.359973318373754347e-01
9.321994801746910086e-01
9.284098590785765381e-01
9.246297663085726315e-01
9.208602630832509739e-01
9.171023939977467343e-01
9.133570952763306883e-01
9.096252157927621207e-01
9.059074858828171095e-01
9.022045898585976387e-01
8.985171192368276438e-01
8.948456367210815277e-01
8.911905385271545743e-01
8.875522917641432974e-01
8.839312175178527520e-01
8.803276627268347143e-01
8.767417930700666107e-01
8.731738929071070077e-01
8.696240797979466475e-01
8.660925377909700629e-01
8.625793455415315947e-01
8.590845011968607503e-01
8.556081240161628187e-01
8.521501938678370802e-01
8.487107253039749555e-01
8.452896183756338777e-01
8.418868684097671196e-01
8.385024078230514100e-01
8.351361188720584083e-01
8.317879409225927834e-01
8.284576952894381341e-01
8.251452957227244367e-01
8.218506158651779359e-01
8.185734477596572356e-01
8.153137008955601006e-01
8.120711879209011608e-01
8.088457383255487354e-01
8.056371627707739069e-01
8.024452873580968371e-01
7.992699437453002487e-01
7.961109120704314979e-01
7.929680150209308387e-01
7.898411071048145882e-01
7.867298649172710379e-01
7.836342304223106181e-01
7.805539044627448630e-01
7.774887226418601971e-01
7.744384609071920389e-01
7.714029927842148693e-01
7.683820306229959263e-01
7.653754148568265858e-01
7.623828938299113123e-01
7.594043318230017103e-01
7.564394931744662376e-01
7.534881456343394124e-01
7.505501842786436173e-01
7.476253339387187724e-01
7.447134522699709880e-01
7.418142796495226232e-01
7.389276609173640598e-01
7.360534013095114680e-01
7.331912960844438887e-01
7.303412123071321149e-01
7.275028898941067190e-01
7.246762030622831974e-01
7.218608992895132470e-01
7.190568642364999485e-01
7.162639195021558436e-01
7.134818115127592453e-01
7.107104543747652103e-01
7.079496282795659789e-01
7.051991434284426985e-01
7.024588772039018769e-01
6.997286310484945870e-01
6.970082751239172758e-01
6.942975665502293392e-01
6.915964765675628456e-01
6.889046784372931942e-01
6.862221138058355319e-01
6.835486486228652403e-01
6.808840500544592889e-01
6.782282245508589602e-01
6.755810003128470687e-01
