# da
0.000000000000000000e+00
1.255605534645690682e+02
2.423283416536528705e+02
3.510101132217598661e+02
4.522399700710935804e+02
5.465889075584381089e+02
6.345728503317792502e+02
7.166594515731369484e+02
7.932738711916534839e+02
8.648037073845536042e+02
9.316032233877882618e+02
9.939969852451290535e+02
1.052283005579382234e+03
1.106735471546157669e+03
1.157607121541677998e+03
1.205131324167251478e+03
1.249523903915672236e+03
1.290984750640673610e+03
1.329699243785694989e+03
1.365839517333688946e+03
1.399565587296660397e+03
1.431026360132701939e+03
1.460360537630847602e+03
1.487697431435990666e+03
1.513157698412650007e+03
1.536854006398532420e+03
1.558891638519969774e+03
1.579369043085165913e+03
1.598378335099552942e+03
1.616005754629122521e+03
1.632332086546476603e+03
1.647433045609179544e+03
1.661379630323143829e+03
1.674238448620684039e+03
1.686072018021395706e+03
1.696939042634239286e+03
1.706894669092712320e+03
1.715990723285072590e+03
1.724275929542292261e+03
1.731796113773258639e+03
1.738594391885543700e+03
1.744711344697627283e+03
1.750185180432060633e+03
1.755051885776284507e+03
1.759345366406842231e+03
1.763097577791871799e+03
1.766338647014649951e+03
1.769096986296535761e+03
1.771399398839755349e+03
1.773271177558489171e+03
1.774736197219755240e+03
1.775817000473158259e+03
1.776534878210109582e+03
1.776909944658161749e+03
1.776961207584358590e+03
1.776706633952469929e+03
1.776163211352534972e+03
1.775347005496933434e+03
1.774273214055025164e+03
1.772956217078074815e+03
1.771409624247511374e+03
1.769646319162409782e+03
1.767678500866334161e+03
1.765517722799086869e+03
1.763174929345603459e+03
1.760660490141790888e+03
1.757984232285791450e+03
1.755155470592565734e+03
1.752183036019999690e+03
1.749075302385733039e+03
1.745840211485590316e+03
1.742485296716781704e+03
1.739017705301947899e+03
1.735444219203469402e+03
1.731771274811375861e+03
1.728004981482498124e+03
1.724151137970989112e+03
1.720215252914150597e+03
1.716202554430802365e+03
1.712118008594154844e+03
1.707966332278174832e+03
1.703752006164957720e+03
1.699479287018807099e+03
1.695152219271707054e+03
1.690774645961949773e+03
1.686350219064964676e+03
1.681882409252866864e+03
1.677374515116875955e+03
1.672829671884577692e+03
1.668250859661949562e+03
1.663640911228158529e+03
1.659002519409384604e+03
1.654338244056245458e+03
1.649650518647868466e+03
1.644941656544210218e+03
1.640213856906874071e+03
1.635469210307441926e+03
1.630709704041130863e+03
1.625937227162516592e+03
1.621153575259035961e+03
