# f_ap
0.000000000000000000e+00
3.060288971101251393e-02
6.162457302661184660e-02
9.309596780178097664e-02
1.250469337513481771e-01
1.575061731510213336e-01
1.905011499813968057e-01
2.240580268438479850e-01
2.582016187193347245e-01
2.929553624376104448e-01
3.283413005742436552e-01
3.643800783934867948e-01
4.010909524018781980e-01
4.384918090650864464e-01
4.765991922627905719e-01
5.154283381070038361e-01
5.549932158220217682e-01
5.953065734732686520e-01
6.363799874324084227e-01
6.782239145726101093e-01
7.208477462968003735e-01
7.642598636099506848e-01
8.084676925513158974e-01
8.534777594022270319e-01
8.992957451780964062e-01
9.459265389988947836e-01
9.933742900100051010e-01
1.041642457594869953e+00
1.090733859682355922e+00
1.140650719005515956e+00
1.191394707214889381e+00
1.242966986789133976e+00
1.295368250719242553e+00
1.348598759970397243e+00
1.402658378748327994e+00
1.457546607615396894e+00
1.513262614516097004e+00
1.569805263782770410e+00
1.627173143200574490e+00
1.685364589216465703e+00
1.744377710380742741e+00
1.804210409111573821e+00
1.864860401873627005e+00
1.926325237861254314e+00
1.988602316275264625e+00
2.051688902280084381e+00
2.115582141725353527e+00
2.180279074712881737e+00
2.245776648086406979e+00
2.312071726917990677e+00
2.379161105061130321e+00
2.447041514836929110e+00
2.515709635915829523e+00
2.585162103453790827e+00
2.655395515538077511e+00
2.726406439994427444e+00
2.798191420603855395e+00
2.870746982774235345e+00
2.944069638708656456e+00
3.018155892109631200e+00
3.093002242455493267e+00
3.168605188882656964e+00
3.244961233705069059e+00
3.322066885599705532e+00
3.399918662485056586e+00
3.478513094117243298e+00
3.557846724426836804e+00
3.637916113617427172e+00
3.718717840045572487e+00
3.800248501900147069e+00
3.882504718697713741e+00
3.965483132609286532e+00
4.049180409632614719e+00
4.133593240623028464e+00
4.218718342194833326e+00
4.304552457504308371e+00
4.391092354295531131e+00
4.478334835681008208e+00
4.566276725755458621e+00
4.654914879642044312e+00
4.744246181473791957e+00
4.834267544653560122e+00
4.924975912051840155e+00
5.016368256148020954e+00
5.108441579120346354e+00
5.201192912889311515e+00
5.294619319118925027e+00
5.388717889179815757e+00
5.483485744077938762e+00
5.578920034352225166e+00
5.675017939944308587e+00
5.771776670043213819e+00
5.869193462907581704e+00
5.967265585667845151e+00
6.065990334110589188e+00
6.165365032447050808e+00
6.265387033067680633e+00
6.366053716284394426e+00
6.467362490062081193e+00
6.569310789740793410e+00
