# f_z
1.184935211165815822e-01
1.237483540065412863e-01
1.289878834524354478e-01
1.342046604557250999e-01
1.393911394791450542e-01
1.445447467769727101e-01
1.496600036886860663e-01
1.547326699050306509e-01
1.597599702809861522e-01
1.647377255212059688e-01
1.696645282690279755e-01
1.745391914615589402e-01
1.793596866757282970e-01
1.841247446695949419e-01
1.888345396786871855e-01
1.934878521166057408e-01
1.980863130605979849e-01
2.026291597083491602e-01
2.071185477051333823e-01
2.115528983766865045e-01
2.159346172865564129e-01
2.202673247643636700e-01
2.245485087401176694e-01
2.287806253962359204e-01
2.329665109523293420e-01
2.371074957235335678e-01
2.412052984430770319e-01
2.452594117476248892e-01
2.492759741175024635e-01
2.532544294153231679e-01
2.571953135837609095e-01
2.611002153933816849e-01
2.649748196376111586e-01
2.688186394431166804e-01
2.726315226809084002e-01
2.764179872295870477e-01
2.801745864692253285e-01
2.839136163869633300e-01
2.876281173495047194e-01
2.913189911937593690e-01
2.949906722333045517e-01
2.986464537949302667e-01
3.022874565745745645e-01
3.059086027338288050e-01
3.095195475469783575e-01
3.131160217067217033e-01
3.167029562869687620e-01
3.202827369479550601e-01
3.238482549694460255e-01
3.274117988550916403e-01
3.309683346324641118e-01
3.345163763607762464e-01
3.380631915888419048e-01
3.416073977672631212e-01
3.451509610037396536e-01
3.486913391728011513e-01
3.522329559013869238e-01
3.557790740475638147e-01
3.593185961612411772e-01
3.628708660635071581e-01
3.664243549358865426e-01
3.699781749879467174e-01
3.735446857282782585e-01
3.771160731738376626e-01
3.806897953593247896e-01
3.842730097933363398e-01
3.878687071766121486e-01
3.914741417950371449e-01
3.950897609388673848e-01
3.987110676769785034e-01
4.023547461787528867e-01
4.060020704141693582e-01
4.096628307321668050e-01
4.133399532402044496e-01
4.170313692864424659e-01
4.207425993987230495e-01
4.244636881085176450e-01
4.282067146836613936e-01
4.319601333561139955e-01
4.357352800847533736e-01
4.395294384609352845e-01
4.433433599431801375e-01
4.471802434464578480e-01
4.510255275758577875e-01
4.549048767802233995e-01
4.588027741910813972e-01
4.627156635632555526e-01
4.666630563383592500e-01
4.706273158505741572e-01
4.746162281926790127e-01
4.786266187160879149e-01
4.826717762092894715e-01
4.867320294959038840e-01
4.908230009174117114e-01
4.949549666871786990e-01
4.990912211270923660e-01
5.032693434723676251e-01
5.074777823786340569e-01
5.117078566169959153e-01
5.159777764061264094e-01
