# fsigma_8
3.968861003692779610e-01
4.053771709430065151e-01
4.131772623060059324e-01
4.202959781845720388e-01
4.267467550041574853e-01
4.325463516790759022e-01
4.377143568725131439e-01
4.422727062802407905e-01
4.462452137031910904e-01
4.496571641187621649e-01
4.525349085908642044e-01
4.549054964840367199e-01
4.567963705406921648e-01
4.582350567774881589e-01
4.592489349869637305e-01
4.598650041459339533e-01
4.601097449061328226e-01
4.600089004250579872e-01
4.595874197682396356e-01
4.588693222492157830e-01
4.578776494246880047e-01
4.566344062719397412e-01
4.551605168173439298e-01
4.534758430995526890e-01
4.515991276940251042e-01
4.495480573914298894e-01
4.473392382559255864e-01
4.449882509236746109e-01
4.425096558979172423e-01
4.399170463327765623e-01
4.372230805621241112e-01
4.344395290473694882e-01
4.315773095903822631e-01
4.286465237893585245e-01
4.256565149465047493e-01
4.226159209513369874e-01
4.195326858506092660e-01
4.164141246637842464e-01
4.132669561869392050e-01
4.100973434647676719e-01
4.069109289719038403e-01
4.037128843314667925e-01
4.005079094128521366e-01
3.973003013185690824e-01
3.940939677022439191e-01
3.908924550485815552e-01
3.876989752643992815e-01
3.845164420519193715e-01
3.813474787510267028e-01
3.781944388949831093e-01
3.750594528110157144e-01
3.719444180972528158e-01
3.688510197572205662e-01
3.657807687835697985e-01
3.627350018962499645e-01
3.597148865362860271e-01
3.567214516092367393e-01
3.537555966083432701e-01
3.508180892758858693e-01
3.479095892368099241e-01
3.450306570823643559e-01
3.421817570440338074e-01
3.393632712307012023e-01
3.365754990123915324e-01
3.338186722599770229e-01
3.310929536712656773e-01
3.283984583667218793e-01
3.257352364452107407e-01
3.231032969886834527e-01
3.205026009627483519e-01
3.179330765229387290e-01
3.153946097287620431e-01
3.128870563464039578e-01
3.104102464027397867e-01
3.079639851405897577e-01
3.055480455427468378e-01
3.031621919767907292e-01
3.008061694678120790e-01
2.984796965648384703e-01
2.961824861055650793e-01
2.939142403906931933e-01
2.916746475949053008e-01
2.894633886811682766e-01
2.872801338124001402e-01
2.851245471186246716e-01
2.829962899475268467e-01
2.808950227458114068e-01
2.788203922190536921e-01
2.767720490459819604e-01
2.747496419538432710e-01
2.727528234056585399e-01
2.707812317824585535e-01
2.688345171479320506e-01
2.669123286310708387e-01
2.650143130284525750e-01
2.631401206439229479e-01
2.612893996703512522e-01
2.594618155445523322e-01
2.576570147674207556e-01
2.558746573607313946e-01
