# h
6.999999999998728129e+01
7.091242965026151523e+01
7.186767522563805244e+01
7.286563652940358793e+01
7.390614464558879604e+01
7.498896747110624972e+01
7.611381532765999225e+01
7.728034657498173488e+01
7.848817315496776814e+01
7.973686600514183453e+01
8.102596028914818760e+01
8.235496040132228757e+01
8.372334471149238766e+01
8.513057002478583968e+01
8.657607573916992294e+01
8.805928769062059303e+01
8.957962168210804066e+01
9.113648669799425761e+01
9.272928780995104603e+01
9.435742878417678980e+01
9.602031440256227768e+01
9.771735251261257815e+01
9.944795582244427123e+01
1.012115434581356084e+02
1.030075423011903837e+02
1.048353881239635399e+02
1.066945265406665584e+02
1.085844137910820706e+02
1.105045173734399668e+02
1.124543165420843565e+02
1.144333026846426975e+02
1.164409795924288034e+02
1.184768636368054757e+02
1.205404838632176734e+02
1.226313820136123383e+02
1.247491124869917627e+02
1.268932422469230801e+02
1.290633506839466804e+02
1.312590294400062589e+02
1.334798822012513426e+02
1.357255244648591770e+02
1.379955832848671662e+02
1.402896970014129465e+02
1.426075149572378962e+02
1.449486972048188420e+02
1.473129142070511364e+02
1.496998465340106463e+02
1.521091845579653636e+02
1.545406281484943918e+02
1.569938863692881625e+02
1.594686771779574315e+02
1.619647271299594706e+02
1.644817710875543639e+02
1.670195519345402033e+02
1.695778202973623081e+02
1.721563342730694615e+02
1.747548591644730891e+02
1.773731672227723664e+02
1.800110373978250493e+02
1.826682550961702134e+02
1.853446119468530640e+02
1.880399055750455375e+02
1.907539393834182988e+02
1.934865223411790680e+02
1.962374687806666884e+02
1.990065982013613848e+02
2.017937350811572799e+02
2.045987086947213527e+02
2.074213529387567405e+02
2.102615061639760938e+02
2.131190110135827922e+02
2.159937142680590227e+02
2.188854666960500026e+02
2.217941229111398513e+02
2.247195412343100713e+02
2.276615835618755455e+02
2.306201152386959166e+02
2.335950049364626580e+02
2.365861245368658672e+02
2.395933490194509261e+02
2.426165563539783534e+02
2.456556273971058033e+02
2.487104457932184118e+02
2.517808978792352832e+02
2.548668725932301697e+02
2.579682613867065015e+02
2.610849581403742263e+02
2.642168590832814061e+02
2.673638627151595983e+02
2.705258697318447503e+02
2.737027829536458512e+02
2.768945072565336432e+02
2.801009495060300765e+02
2.833220184936822079e+02
2.865576248760115732e+02
2.898076811158317128e+02
2.930721014258331252e+02
2.963508017143388997e+02
2.996436995331378625e+02
3.029507140273071855e+02
