# rs_dv
inf
1.151416769614703739e+00
5.808171862638832339e-01
3.907331334915526422e-01
2.957764975995300083e-01
2.388695521143255063e-01
2.009863131643345180e-01
1.739727329040857695e-01
1.537517475953943391e-01
1.380582933164930526e-01
1.255333119064467873e-01
1.153119351402330239e-01
1.068175764762920310e-01
9.965105705493312871e-02
9.352724881677564051e-02
8.823706008585280314e-02
8.362367629418168691e-02
7.956718609191228142e-02
7.597433187012718470e-02
7.277149676641928022e-02
6.989979539653377871e-02
6.731156708244996623e-02
6.496782534020190125e-02
6.283637260353966414e-02
6.089038616731698439e-02
5.910734341930439645e-02
5.746819502292729864e-02
5.595672177587467794e-02
5.455902923327791976e-02
5.326314684878444977e-02
5.205870725207937394e-02
5.093668757286178017e-02
4.988919924327815669e-02
4.890931599955743170e-02
4.799093222180990381e-02
4.712864554736768269e-02
4.631765904038424170e-02
4.555369922004613714e-02
4.483294702792011560e-02
4.415197941357634076e-02
4.350771968158177738e-02
4.289739510508939341e-02
4.231850059580154200e-02
4.176876744509917111e-02
4.124613633013374248e-02
4.074873392189682503e-02
4.027485254749399446e-02
3.982293245200940746e-02
3.939154628105237532e-02
3.897938546688374528e-02
3.858524825171100181e-02
3.820802912349220010e-02
3.784670947412032554e-02
3.750034931853260534e-02
3.716807993718653641e-02
3.684909732433684637e-02
3.654265634132839585e-02
3.624806548825476593e-02
3.596468221927603959e-02
3.569190873701244548e-02
3.542918821003769592e-02
3.517600136483370332e-02
3.493186340984214683e-02
3.469632125462814715e-02
3.446895099179269478e-02
3.424935561325598288e-02
3.403716293597298936e-02
3.383202371512282480e-02
3.363360992539794758e-02
3.344161319326763304e-02
3.325574336504932144e-02
3.307572719733267025e-02
3.290130715779806397e-02
3.273224032578458953e-02
3.256829738311499411e-02
3.240926168670041352e-02
3.225492842821595096e-02
3.210510379798726249e-02
3.195960433430578701e-02
3.181825620664353871e-02
3.168089460969233245e-02
3.154736319209501538e-02
3.141751352764628191e-02
3.129120462534799169e-02
3.116830247504973755e-02
3.104867962571489573e-02
3.093221479362879070e-02
3.081879249811417601e-02
3.070830272254152296e-02
3.060064059862173044e-02
3.049570611214924565e-02
3.039340382852530331e-02
3.029364263653746073e-02
3.019633550900377092e-02
3.010139927900894879e-02
3.000875443056838857e-02
2.991832490265302832e-02
2.983003790559763876e-02
2.974382374899490686e-02
2.965961568025123063e-02
