# sigma_8
8.050298176527347360e-01
7.930647030122528474e-01
7.812117512799154895e-01
7.694839454512928389e-01
7.578928891248938315e-01
7.464488307615954055e-01
7.351607647915509025e-01
7.240364486616787110e-01
7.130825362833514980e-01
7.023045656434132589e-01
6.917071157320099362e-01
6.812938031194863964e-01
6.710673948402667843e-01
6.610298855580726274e-01
6.511825462006339826e-01
6.415259840164381222e-01
6.320602202900403865e-01
6.227847736868961093e-01
6.136986419424086403e-01
6.048004503250331565e-01
5.960884415219872556e-01
5.875605259173584116e-01
5.792143547045142116e-01
5.710473308478823951e-01
5.630566426123052581e-01
5.552393256304826163e-01
5.475922741849950093e-01
5.401122660075270421e-01
5.327959818388356972e-01
5.256400564252313723e-01
5.186410600841522278e-01
5.117955359638736157e-01
5.051000150118570842e-01
4.985510348552821824e-01
4.921451371322009827e-01
4.858788778146334586e-01
4.797488580112511669e-01
4.737517022752955609e-01
4.678840861986234834e-01
4.621427413492550929e-01
4.565244405345799672e-01
4.510260330991349709e-01
4.456444062189703903e-01
4.403765294851617607e-01
4.352194299526751520e-01
4.301702138045213619e-01
4.252260348502525655e-01
4.203841315861631123e-01
4.156418095075017360e-01
4.109964287954793183e-01
4.064454481586065593e-01
4.019863635988804584e-01
3.976167518058096872e-01
3.933342624863685466e-01
3.891365949302078575e-01
3.850215299027426319e-01
3.809868983124342079e-01
3.770305967962633842e-01
3.731505885831977731e-01
3.693448879761842552e-01
3.656115699587628165e-01
3.619487656731090741e-01
3.583546680260663031e-01
3.548275101904587725e-01
3.513655866260091964e-01
3.479672396559447267e-01
3.446308667462139597e-01
3.413548994970154737e-01
3.381378238440102546e-01
3.349781793047814094e-01
3.318745334166091077e-01
3.288255072077376218e-01
3.258297593995116981e-01
3.228859791775068322e-01
3.199929111142499338e-01
3.171493253825191649e-01
3.143540285244367793e-01
3.116058721898893324e-01
3.089037253845820508e-01
3.062465076909646200e-01
3.036331580471866021e-01
3.010626458087696244e-01
2.985339769766731655e-01
2.960461846309576650e-01
2.935983271939530126e-01
2.911894886591362419e-01
2.888187860606596380e-01
2.864853528997316490e-01
2.841883480531433026e-01
2.819269677453154488e-01
2.797004117012274471e-01
2.775079113004281783e-01
2.753487199347614545e-01
2.732221114780652438e-01
2.711273765914135603e-01
2.690638261417273580e-01
2.670307940536541524e-01
2.650276246127470370e-01
2.630536867958816472e-01
2.611083672498373809e-01
