# bin_2
0.000000000000000000e+00
6.112804181747124622e-03
9.508730816681871395e-03
1.305137649445086041e-02
1.859284365059610603e-02
2.346896676831186634e-02
2.694659005546052449e-02
3.324669894521838087e-02
3.523023989820794899e-02
3.762987238253739930e-02
3.525081756267325894e-02
3.212901172970780705e-02
3.143921924520510364e-02
3.288011284728024897e-02
3.732008857419127218e-02
4.377720666396396620e-02
5.771563857128207686e-02
7.023866937396387733e-02
9.523070192564535297e-02
1.577993774698004947e-01
2.585435752991137037e-01
4.332024600900928890e-01
8.291892477278451912e-01
1.145197205549402852e+00
1.492019526060139434e+00
1.969694671040471246e+00
2.170453713099930404e+00
2.577821222833083237e+00
2.792587220326162800e+00
2.909248598526902541e+00
2.956810209968715242e+00
2.930781503769235741e+00
2.809694378299702144e+00
2.516918720725830561e+00
2.357786732250389150e+00
2.251262009651032514e+00
1.842403117198680551e+00
1.277311765737459970e+00
1.072581814152794299e+00
6.961960776843268972e-01
5.138667677592604344e-01
3.709246767823876634e-01
2.294151620115485457e-01
1.245399456280782829e-01
9.719864018509705161e-02
7.092177514026531959e-02
5.736633922536675534e-02
4.465888940963248094e-02
3.024130461792217534e-02
1.897843601038884734e-02
1.329055272681842377e-02
4.480639589144786578e-03
3.885525174422125531e-03
3.230274651706321280e-03
3.045132737631212061e-03
3.160983749887132013e-03
3.574041986385785141e-03
4.685893917806527829e-03
5.712673862130550687e-03
7.042258927412615478e-03
8.421377814445955845e-03
9.412245011667709840e-03
1.044014676192941277e-02
1.224909587342018838e-02
1.310190619462139015e-02
1.441728381676525388e-02
1.468513220392447111e-02
1.462012054104689512e-02
1.470248903742765907e-02
1.497131992264751771e-02
1.515176040266320856e-02
1.548566721175755230e-02
1.556098998389221673e-02
1.556505394866161338e-02
1.460508281749719160e-02
1.267953444358520601e-02
1.207287882951193179e-02
1.082053437675217084e-02
1.047807879515882425e-02
1.034661839471016746e-02
8.816808314128621316e-03
6.403174369912723041e-03
5.951830876579695083e-03
5.289529330976394141e-03
5.432847536802465523e-03
5.624269162883333874e-03
5.201572785100513907e-03
0.000000000000000000e+00
0.000000000000000000e+00
0.000000000000000000e+00
0.000000000000000000e+00
0.000000000000000000e+00
0.000000000000000000e+00
0.000000000000000000e+00
0.000000000000000000e+00
0.000000000000000000e+00
0.000000000000000000e+00
0.000000000000000000e+00
0.000000000000000000e+00
0.000000000000000000e+00
0.000000000000000000e+00
0.000000000000000000e+00
0.000000000000000000e+00
0.000000000000000000e+00
0.000000000000000000e+00
0.000000000000000000e+00
0.000000000000000000e+00
0.000000000000000000e+00
0.000000000000000000e+00
0.000000000000000000e+00
0.000000000000000000e+00
0.000000000000000000e+00
0.000000000000000000e+00
0.000000000000000000e+00
0.000000000000000000e+00
0.000000000000000000e+00
0.000000000000000000e+00
0.000000000000000000e+00
0.000000000000000000e+00
0.000000000000000000e+00
0.000000000000000000e+00
0.000000000000000000e+00
0.000000000000000000e+00
0.000000000000000000e+00
0.000000000000000000e+00
0.000000000000000000e+00
0.000000000000000000e+00
0.000000000000000000e+00
0.000000000000000000e+00
0.000000000000000000e+00
0.000000000000000000e+00
0.000000000000000000e+00
0.000000000000000000e+00
0.000000000000000000e+00
0.000000000000000000e+00
0.000000000000000000e+00
0.000000000000000000e+00
0.000000000000000000e+00
0.000000000000000000e+00
0.000000000000000000e+00
0.000000000000000000e+00
0.000000000000000000e+00
0.000000000000000000e+00
0.000000000000000000e+00
0.000000000000000000e+00
0.000000000000000000e+00
0.000000000000000000e+00
0.000000000000000000e+00
0.000000000000000000e+00
0.000000000000000000e+00
0.000000000000000000e+00
0.000000000000000000e+00
0.000000000000000000e+00
0.000000000000000000e+00
0.000000000000000000e+00
0.000000000000000000e+00
0.000000000000000000e+00
0.000000000000000000e+00
0.000000000000000000e+00
0.000000000000000000e+00
0.000000000000000000e+00
