# bin_3
0.000000000000000000e+00
4.838212687109452390e-03
7.235789078441114998e-03
9.718399273840624616e-03
1.052440541292170954e-02
1.040290647765197696e-02
1.049227583205033718e-02
1.083134735755394117e-02
1.048779378450286938e-02
1.008584478490577585e-02
9.846475232241922240e-03
9.803248995082614048e-03
1.023354863495573586e-02
1.146950790757782744e-02
1.238136269235015283e-02
1.367384447444088165e-02
1.463526035591737953e-02
1.525250418772385735e-02
1.653608880597523534e-02
1.973402220552625957e-02
2.462569133258790677e-02
3.313967760954992375e-02
4.690290134149397577e-02
5.741703852135630892e-02
7.458341892417488794e-02
1.030266522929542544e-01
1.159535583807635994e-01
1.430631859766107183e-01
1.992817986094839733e-01
2.443298348517439211e-01
3.237199577265392203e-01
4.492706176383464145e-01
5.574438372418109022e-01
7.983011385638928425e-01
1.111150484609000344e+00
1.362364739699809535e+00
1.715999373511029047e+00
2.085353187867269309e+00
2.181843023158011263e+00
2.326818386591285481e+00
2.364792575400954000e+00
2.388507986711318143e+00
2.294080380514431639e+00
2.156480729995534862e+00
2.115063984875801495e+00
2.065898682329340819e+00
1.934256593017076531e+00
1.805201394624353028e+00
1.479803110519415377e+00
1.138849429009517689e+00
9.203109460109600848e-01
5.183530804797363833e-01
4.192324546536571606e-01
3.098130066220020074e-01
2.382420108201652176e-01
2.045118559870321984e-01
1.904292443537978219e-01
1.786041732417403827e-01
1.735793778151540900e-01
1.669966798493690008e-01
1.580677258421045173e-01
1.517475229670595949e-01
1.520798511697910860e-01
1.596773198711096131e-01
1.698267540186594871e-01
1.855754434133676245e-01
1.733112432253269830e-01
1.582988183497578139e-01
1.488624935316637532e-01
1.406946090386126391e-01
1.386304872343272210e-01
1.347442267987153108e-01
1.220135595262467065e-01
1.114943842177383987e-01
9.836106881630102272e-02
8.105717936358361464e-02
7.611095732129681546e-02
6.599681980946275894e-02
6.188040149951423013e-02
5.963691728645074963e-02
5.006950688874173966e-02
3.577980301079602271e-02
3.225506490400665421e-02
2.619897765509065016e-02
2.499862324671907332e-02
2.449062643915885656e-02
2.236057509455376471e-02
0.000000000000000000e+00
0.000000000000000000e+00
0.000000000000000000e+00
0.000000000000000000e+00
0.000000000000000000e+00
0.000000000000000000e+00
0.000000000000000000e+00
0.000000000000000000e+00
0.000000000000000000e+00
0.000000000000000000e+00
0.000000000000000000e+00
0.000000000000000000e+00
0.000000000000000000e+00
0.000000000000000000e+00
0.000000000000000000e+00
0.000000000000000000e+00
0.000000000000000000e+00
0.000000000000000000e+00
0.000000000000000000e+00
0.000000000000000000e+00
0.000000000000000000e+00
0.000000000000000000e+00
0.000000000000000000e+00
0.000000000000000000e+00
0.000000000000000000e+00
0.000000000000000000e+00
0.000000000000000000e+00
0.000000000000000000e+00
0.000000000000000000e+00
0.000000000000000000e+00
0.000000000000000000e+00
0.000000000000000000e+00
0.000000000000000000e+00
0.000000000000000000e+00
0.000000000000000000e+00
0.000000000000000000e+00
0.000000000000000000e+00
0.000000000000000000e+00
0.000000000000000000e+00
0.000000000000000000e+00
0.000000000000000000e+00
0.000000000000000000e+00
0.000000000000000000e+00
0.000000000000000000e+00
0.000000000000000000e+00
0.000000000000000000e+00
0.000000000000000000e+00
0.000000000000000000e+00
0.000000000000000000e+00
0.000000000000000000e+00
0.000000000000000000e+00
0.000000000000000000e+00
0.000000000000000000e+00
0.000000000000000000e+00
0.000000000000000000e+00
0.000000000000000000e+00
0.000000000000000000e+00
0.000000000000000000e+00
0.000000000000000000e+00
0.000000000000000000e+00
0.000000000000000000e+00
0.000000000000000000e+00
0.000000000000000000e+00
0.000000000000000000e+00
0.000000000000000000e+00
0.000000000000000000e+00
0.000000000000000000e+00
0.000000000000000000e+00
0.000000000000000000e+00
0.000000000000000000e+00
0.000000000000000000e+00
0.000000000000000000e+00
0.000000000000000000e+00
0.000000000000000000e+00
