# bin_1
0.000000000000000000e+00
4.774097712123943904e-02
6.548239789089280172e-02
8.377511274768702221e-02
1.325614199745787369e-01
1.862168568265446245e-01
2.428759573018630935e-01
3.634315453212340064e-01
5.045723393835973569e-01
6.660579192442768193e-01
9.407261600109702027e-01
1.172935377444735972e+00
1.408336508633916351e+00
1.876869632670858268e+00
2.203452802285565060e+00
2.662410161844088741e+00
2.741469691444385237e+00
2.692347988896590660e+00
2.732925272656157478e+00
2.879779858351390498e+00
2.862775442197378339e+00
2.808255440286861582e+00
2.519823608060899556e+00
2.267259304637433193e+00
1.906648751711772505e+00
1.353960333571926355e+00
1.130043746873384825e+00
6.607930456371478023e-01
3.874373486495980012e-01
2.197293462599928804e-01
1.048893415420692476e-01
3.216643618058055709e-02
2.395704460651394349e-02
1.376172994698263499e-02
9.244688853290973507e-03
6.359629326437435566e-03
4.437736631549580278e-03
3.500435789159859513e-03
3.476156068487496267e-03
3.691032457790410521e-03
3.460774673792502056e-03
3.233954376053181038e-03
2.927098362219469202e-03
2.657133930637450240e-03
2.603820203824091899e-03
2.583909770874249102e-03
2.476746846283671769e-03
2.371636076307697457e-03
2.176623005573110042e-03
1.977178741796244664e-03
1.810370607886025536e-03
1.461447704777660761e-03
1.404774517586611501e-03
1.342557048184208224e-03
1.381797717503695060e-03
1.455577828831846471e-03
1.537792446067790409e-03
1.712315887797965196e-03
1.839264442641890115e-03
2.003734014970489329e-03
2.013004864053300359e-03
1.968404963306144475e-03
1.913949177234535717e-03
1.812791309360436368e-03
1.779115596602970752e-03
1.727416767041037521e-03
1.450540068728343708e-03
1.208411170698082786e-03
1.031720853897241620e-03
8.487604717359673989e-04
8.320677173057662449e-04
7.998050557917921969e-04
8.568675649347894671e-04
9.130271489130992570e-04
8.666300142974909951e-04
7.291501712248843383e-04
6.987131014762384398e-04
6.376725132867849723e-04
6.900020196818424170e-04
7.443038245519752877e-04
7.853709116732033712e-04
8.295950439022248745e-04
9.014053244159234667e-04
1.072168821829463719e-03
1.255711829412562352e-03
1.404689494528285490e-03
1.631616656670239031e-03
0.000000000000000000e+00
0.000000000000000000e+00
0.000000000000000000e+00
0.000000000000000000e+00
0.000000000000000000e+00
0.000000000000000000e+00
0.000000000000000000e+00
0.000000000000000000e+00
0.000000000000000000e+00
0.000000000000000000e+00
0.000000000000000000e+00
0.000000000000000000e+00
0.000000000000000000e+00
0.000000000000000000e+00
0.000000000000000000e+00
0.000000000000000000e+00
0.000000000000000000e+00
0.000000000000000000e+00
0.000000000000000000e+00
0.000000000000000000e+00
0.000000000000000000e+00
0.000000000000000000e+00
0.000000000000000000e+00
0.000000000000000000e+00
0.000000000000000000e+00
0.000000000000000000e+00
0.000000000000000000e+00
0.000000000000000000e+00
0.000000000000000000e+00
0.000000000000000000e+00
0.000000000000000000e+00
0.000000000000000000e+00
0.000000000000000000e+00
0.000000000000000000e+00
0.000000000000000000e+00
0.000000000000000000e+00
0.000000000000000000e+00
0.000000000000000000e+00
0.000000000000000000e+00
0.000000000000000000e+00
0.000000000000000000e+00
0.000000000000000000e+00
0.000000000000000000e+00
0.000000000000000000e+00
0.000000000000000000e+00
0.000000000000000000e+00
0.000000000000000000e+00
0.000000000000000000e+00
0.000000000000000000e+00
0.000000000000000000e+00
0.000000000000000000e+00
0.000000000000000000e+00
0.000000000000000000e+00
0.000000000000000000e+00
0.000000000000000000e+00
0.000000000000000000e+00
0.000000000000000000e+00
0.000000000000000000e+00
0.000000000000000000e+00
0.000000000000000000e+00
0.000000000000000000e+00
0.000000000000000000e+00
0.000000000000000000e+00
0.000000000000000000e+00
0.000000000000000000e+00
0.000000000000000000e+00
0.000000000000000000e+00
0.000000000000000000e+00
0.000000000000000000e+00
0.000000000000000000e+00
0.000000000000000000e+00
0.000000000000000000e+00
0.000000000000000000e+00
0.000000000000000000e+00
