# bin_4
0.000000000000000000e+00
0.000000000000000000e+00
1.330361896023754542e-02
1.746907620730864946e-02
1.681619504522188085e-02
1.495872928084564756e-02
1.439409310195064254e-02
1.415266431942594806e-02
1.427231608246386056e-02
1.448223798189242177e-02
1.499294814998797763e-02
1.557885538525027348e-02
1.729640844689621024e-02
1.929687296513805245e-02
1.948051652561275104e-02
1.920995484664565767e-02
1.772242284098596646e-02
1.593064825365313186e-02
1.624942192430864699e-02
1.709583265946126168e-02
1.827800628410850697e-02
1.954412063112941772e-02
2.200425808181690965e-02
2.476290130842104253e-02
2.944611672856087617e-02
3.461047519708460724e-02
3.823207081210108771e-02
4.146797571374073038e-02
4.606794312834258665e-02
5.100892617118502753e-02
5.716634308841586631e-02
6.362786847424384273e-02
7.288951318529186818e-02
8.285118772764488160e-02
9.845523985875481721e-02
1.154698863870538689e-01
1.464685876244291030e-01
1.809633025390734451e-01
2.518255268525187440e-01
3.317796285156642266e-01
4.095006835032838910e-01
4.866634768220227669e-01
6.103077668813152723e-01
7.455724311257462267e-01
9.681276314270667038e-01
1.212505465742607980e+00
1.372202279265724689e+00
1.510728837590732621e+00
1.687225557171429191e+00
1.873214817066045201e+00
2.061293977066741334e+00
2.249895612093958608e+00
2.219502709488654357e+00
2.134361172475220059e+00
2.081496956100387319e+00
2.036702069885205191e+00
1.951614017566570602e+00
1.856452673722073454e+00
1.635425038440367684e+00
1.382930830299361036e+00
1.154546705262152972e+00
9.321901010008927235e-01
7.696482937748192477e-01
6.220601858075407442e-01
5.316259848972335611e-01
4.554802607511682644e-01
3.685417796370126786e-01
2.789051092808356724e-01
2.327893540577145592e-01
1.975538276178583352e-01
1.820729748104590040e-01
1.715307904111739723e-01
1.517162825150892569e-01
1.295836937448045512e-01
1.128456256522071266e-01
9.745618772903145988e-02
8.758924253720842823e-02
7.910292052822372189e-02
7.618507633745834340e-02
7.465935160124785586e-02
6.608253108313344448e-02
5.574293661954297235e-02
5.037712452204288344e-02
4.625475801606546145e-02
4.544993184103549716e-02
4.547449074874237995e-02
4.412484804127878024e-02
4.243165493002254429e-02
4.073754342715260601e-02
3.904320232637926297e-02
3.623504959176856999e-02
3.314844394869854993e-02
2.814448510930122466e-02
2.266118797082222053e-02
1.908840672636195543e-02
1.599325445540636728e-02
1.410284139416601197e-02
1.251361313535449479e-02
1.170404244379264456e-02
1.108938614404320587e-02
1.034486637635198894e-02
9.567880741675315742e-03
8.770002424101816865e-03
7.966900935804106798e-03
7.212257131785721788e-03
6.469727748837168259e-03
5.908459015537657552e-03
5.392505444650419477e-03
5.220471925345555354e-03
5.134418418936284069e-03
4.818710624335481238e-03
4.445589257686791834e-03
3.755664852986743008e-03
2.986539688773863326e-03
2.600871596912249489e-03
2.311067773138449511e-03
2.057357408183415996e-03
1.812670407933080928e-03
1.580838194567907350e-03
1.352219677924025067e-03
1.084335745763229889e-03
8.066354597232012298e-04
7.194677002290863045e-04
6.799330723714423590e-04
6.473279415565994562e-04
6.164551850024572750e-04
5.212731495783327331e-04
4.100137944367160977e-04
3.800524384050327350e-04
3.704155821508321755e-04
3.405024483033199903e-04
3.055202450574792889e-04
2.546240907597971457e-04
1.997494486991550217e-04
1.655135206977458788e-04
1.364372712111448457e-04
1.200419338912488094e-04
1.068168246130292697e-04
9.475136218126880975e-05
8.297581146112307908e-05
6.298041519360730194e-05
4.093005753924863711e-05
3.096572141421176057e-05
2.402289067150481950e-05
1.970382538876837441e-05
1.604070147102453891e-05
1.362352115335992977e-05
1.151782673571516534e-05
1.107063961249499298e-05
1.103807931288096144e-05
1.200344760658980368e-05
1.321829804862938767e-05
1.464807103107962961e-05
1.613157464863253392e-05
1.628727423983016020e-05
1.611102282443897248e-05
1.851426499209240281e-05
2.156238055550691818e-05
2.317134460326876068e-05
2.442052077211743919e-05
0.000000000000000000e+00
