# bin_3_2
1.510758819017803402e-08
1.516758994810925509e-08
1.522977193974292135e-08
1.529426076246126490e-08
1.536111843559124818e-08
1.543037764564180900e-08
1.550206389422212784e-08
1.557619528756166961e-08
1.565281865119534600e-08
1.573197940116757361e-08
1.581370444610494326e-08
1.589801182617164214e-08
1.598494070105103206e-08
1.607467527512886347e-08
1.616745165926246508e-08
1.626352990667734265e-08
1.636301479322278725e-08
1.646589018119145945e-08
1.657208851763389703e-08
1.668152776955507007e-08
1.679418035167001325e-08
1.691014092186833015e-08
1.702978468051245541e-08
1.715356470161699035e-08
1.728168088272541621e-08
1.741398219431014278e-08
1.755011646206731432e-08
1.768991936994607562e-08
1.783371907240834267e-08
1.798222241421821555e-08
1.813581698704599655e-08
1.829405678229246502e-08
1.845626074935681036e-08
1.862254914245895677e-08
1.879391008260171715e-08
1.897077523474902646e-08
1.915219303895449304e-08
1.933748400465108949e-08
1.952770071671973566e-08
1.972366242845049671e-08
1.992413006415549835e-08
2.012867263154993512e-08
2.033898150920411154e-08
2.055471860796200124e-08
2.077424338204151130e-08
2.099883074002830441e-08
2.122895451256480213e-08
2.146321509930024732e-08
2.170271154851104087e-08
2.194710789497163613e-08
2.219564506782636676e-08
2.244929855378543963e-08
2.270692969607490411e-08
2.296918323304772256e-08
2.323560988692705575e-08
2.350640769008475949e-08
2.378150254725839941e-08
2.406098565508189899e-08
2.434480978309764237e-08
2.463308928606962663e-08
2.492570793618554746e-08
2.522280133159927361e-08
2.552432021253350048e-08
2.583027712916039068e-08
2.614062208269909655e-08
2.645557797936198924e-08
2.677439947174623206e-08
2.709642094584924500e-08
2.742137272177026464e-08
2.774872318950324707e-08
2.807776995369073462e-08
2.840797117637744828e-08
2.873872757218219656e-08
2.906940412105011725e-08
2.939939304626093300e-08
2.972821104672800290e-08
3.005549867290138970e-08
3.038167449951454836e-08
3.070623388094076334e-08
3.102906566690978661e-08
3.135054259352231924e-08
3.167055064814973862e-08
3.198873144236441888e-08
3.230462401346635778e-08
3.261720758825942208e-08
3.292583191041721900e-08
3.322869442338730874e-08
3.352422156919093095e-08
3.381194358398394420e-08
3.409133981237710661e-08
3.436193104209460736e-08
3.462363347859299606e-08
3.487578615714002245e-08
3.511714187860502636e-08
3.534756644008139461e-08
3.556661338805543516e-08
3.577413870950608811e-08
3.596973630695944518e-08
3.615234323751644112e-08
3.632136993694779743e-08
3.647551204526187900e-08
3.661324867766050183e-08
3.673235324487463531e-08
3.683252900732557941e-08
3.691442659362470978e-08
3.697778865230176731e-08
3.702235745996803712e-08
3.704864923167640884e-08
3.705562485144556242e-08
3.704137283458504379e-08
3.700529590813058276e-08
3.694577828343775226e-08
3.686228018610511548e-08
3.675580772870979955e-08
3.662555970535848938e-08
3.647247919047880490e-08
3.629567776163220941e-08
3.609525826757914681e-08
3.587030178123895790e-08
3.562024346615159119e-08
3.534447468569776215e-08
3.504371050252715724e-08
3.471845809646316996e-08
3.436967166457043720e-08
3.399745675495547938e-08
3.360152860847282161e-08
3.318184323049480266e-08
3.273870103572926603e-08
3.227317445278850598e-08
3.178664134486239049e-08
3.127993960099188231e-08
3.075354495919937172e-08
3.020805614830454984e-08
2.964434031004081945e-08
2.906377762382174282e-08
2.846804779754546981e-08
2.785847034684892222e-08
2.723601373165143010e-08
2.660183264312733613e-08
2.595747224880552928e-08
2.530480689543847638e-08
2.464550479555747641e-08
2.398087419081220821e-08
2.331234322426499994e-08
2.264166877608819587e-08
2.197063165588616550e-08
2.130086665768360921e-08
2.063374126910927083e-08
1.997074755432642465e-08
1.931351728389763244e-08
1.866354103847749088e-08
1.802201827504580890e-08
1.739014627283700750e-08
1.676916923500414325e-08
1.616013988657109701e-08
1.556389356964023029e-08
1.498118173570024865e-08
1.441271922329138565e-08
1.385899354797905614e-08
1.332032340151851337e-08
1.279694905761504442e-08
1.228900276293333460e-08
1.179640873591200639e-08
1.131902590985884341e-08
1.085662136978895788e-08
1.040885444787711526e-08
9.975309420274503876e-09
9.555557597675631676e-09
9.149106309077675791e-09
8.755479447886342886e-09
8.374205544200537053e-09
8.004843760379229262e-09
7.647010219083149898e-09
7.300372401570028951e-09
6.964674949000791904e-09
6.639743254597703387e-09
6.325476480211132468e-09
6.021857887799682651e-09
5.728938598120432067e-09
5.446821465759429378e-09
5.175644407340321639e-09
4.915554069244914571e-09
4.666675253965794604e-09
4.429090130476802223e-09
4.202812722592843130e-09
3.987762448669534832e-09
3.783758471235698419e-09
3.590507938350662828e-09
3.407612562329525285e-09
3.234588419977707573e-09
3.070884102728484731e-09
2.915914818044165853e-09
2.769093750683273473e-09
2.629861828592501667e-09
2.497717224593137028e-09
2.372227701858654444e-09
2.253040167771344688e-09
2.139873049654170794e-09
2.032501074882498263e-09
1.930733540311678824e-09
1.834389200968448031e-09
1.743276938283468726e-09
1.657181336205953761e-09
1.575861036684306543e-09
1.499053133734967166e-09
1.426484845437610591e-09
1.357886316492513801e-09
1.293001599394129156e-09
1.231595590331117677e-09
1.173455489247977192e-09
1.118388701078343977e-09
1.066219294951832164e-09
1.016784083391962727e-09
9.699299112428456862e-10
9.255105835328028252e-10
8.833839375205155450e-10
8.434105080310438762e-10
8.054541283792861436e-10
7.693848985361576969e-10
7.350827577626406383e-10
7.024393331445471779e-10
6.713567390405094711e-10
6.417439793668302013e-10
6.135138009352804581e-10
5.865821146957596279e-10
5.608697756268627783e-10
5.363043664466452179e-10
5.128200896278470801e-10
4.903561348095870542e-10
4.688552580840436825e-10
4.482636374094405068e-10
4.285314853535669436e-10
4.096131815371081617e-10
3.914667332486287666e-10
3.740531945274357287e-10
3.573363837437279275e-10
3.412827902476011146e-10
3.258615024491546273e-10
3.110440031767524799e-10
2.968038914082578372e-10
2.831166735107784311e-10
2.699596504363941853e-10
2.573117753617895792e-10
2.451534703148022206e-10
2.334664830005816517e-10
2.222337760398554230e-10
2.114394033701412165e-10
2.010683916745113687e-10
1.911066411295612406e-10
1.815408324718899599e-10
1.723583396607672964e-10
1.635471519033152823e-10
1.550958034040216103e-10
1.469933088810700315e-10
1.392291048983199224e-10
1.317929970276282293e-10
1.246751129379835739e-10
1.178658614107518984e-10
1.113558967421126344e-10
1.051360885987799431e-10
9.919749596155064772e-11
9.353134513685007244e-11
8.812901187551573680e-11
8.298200677348508969e-11
7.808196413957579379e-11
7.342063339633248865e-11
6.898987308100116718e-11
6.478164738792735959e-11
6.078802446036266613e-11
5.700117656039245093e-11
5.341338168142731059e-11
5.001702660005031730e-11
4.680461106647745095e-11
4.376875253432842992e-11
4.090219149075198896e-11
3.819779733086541043e-11
3.564857467784569488e-11
3.324766980912899841e-11
3.098837698098342262e-11
2.886414455477534360e-11
2.686858097218157185e-11
2.499546066713988929e-11
2.323872832901297033e-11
2.159250460734407921e-11
2.005108988456897827e-11
1.860896781752912319e-11
1.726080824801761000e-11
1.600146938612433737e-11
1.482599933670373855e-11
1.372963691137923235e-11
1.270781174632926239e-11
1.175614381464321023e-11
1.087044225707050760e-11
1.004670355057924496e-11
9.281109130539291431e-12
8.570022457643119042e-12
7.909985610213749724e-12
7.297715386271402420e-12
6.730098978845533167e-12
6.204189303678700832e-12
5.717200027304840154e-12
5.266500377690779799e-12
4.849609728100675838e-12
4.464192006230379837e-12
4.108049980911236661e-12
3.779119483543964154e-12
3.475463601860905027e-12
3.195266893416837256e-12
2.936829607285402019e-12
2.698561986131775918e-12
2.478978647506551722e-12
2.276693089233435966e-12
2.090412336893569086e-12
1.918932191945236132e-12
1.761131056252754973e-12
1.615965550106187580e-12
1.482466327936552508e-12
1.359733228219453937e-12
1.246930954310090177e-12
1.143284957648968994e-12
1.048077510896185136e-12
9.606439759905624218e-13
8.803692712405207619e-13
8.066845171225871068e-13
7.390638723541126607e-13
6.770215458880094072e-13
6.201089832524851011e-13
5.679127159781556375e-13
5.200506552036248712e-13
4.761704247661898294e-13
4.359475688985121762e-13
3.990831959808153643e-13
3.653020776822867227e-13
3.343508714681423830e-13
3.059964664083555781e-13
2.800244421950009610e-13
2.562381034394773599e-13
2.344560077060878492e-13
2.145112863905003551e-13
1.962509419999852238e-13
1.795344572674476692e-13
1.642328102843688916e-13
1.502275643806962620e-13
1.374107256674573643e-13
1.256818586399465157e-13
1.149494202794711623e-13
1.051295060277943116e-13
9.614517710270670149e-14
8.792636578523682958e-14
8.040817462619168597e-14
7.353105062610462877e-14
6.724069370077978326e-14
6.148752373302722001e-14
5.622633841256669972e-14
5.141478498716118968e-14
4.701463356932485838e-14
4.299121986253902741e-14
3.931248734462769358e-14
3.594868410172260191e-14
3.287308467700159930e-14
3.006151607472671585e-14
2.749085581879243889e-14
2.514070908590561075e-14
2.299250805195246833e-14
2.102847384781884535e-14
1.923329443003254739e-14
1.759226815678352313e-14
1.609215926900921446e-14
1.472116088599989166e-14
1.346780752507313005e-14
1.232251762336104695e-14
1.127551157728193300e-14
1.031886792438788492e-14
9.444419210700300111e-15
8.645434242978891594e-15
7.915287910129851694e-15
7.248055139299907020e-15
6.638583337682123211e-15
6.081662566080646191e-15
5.572887880942962623e-15
5.108281200865455386e-15
4.683889717470122014e-15
4.296296163469250043e-15
3.942377326618706750e-15
3.619370923812314009e-15
3.324522377351532234e-15
3.055437501105582112e-15
2.809924871342938289e-15
2.585978505528178801e-15
2.381761975140784763e-15
2.195593852422434407e-15
2.025934373175841758e-15
1.871373303282313432e-15
1.730656069555494354e-15
1.602615868233071037e-15
1.486123155768292147e-15
1.380184754609838476e-15
1.284004649580215863e-15
1.196650141568207166e-15
1.117431202755652540e-15
