# bin_4_3
1.672188049265503891e-08
1.679186701221437031e-08
1.686430715665179189e-08
1.693924067676576645e-08
1.701668847886585405e-08
1.709669899335107013e-08
1.717941243808207550e-08
1.726499878513574210e-08
1.735365602304702926e-08
1.744557115599109808e-08
1.754080331159258212e-08
1.763937595558171209e-08
1.774129999682487998e-08
1.784662434404855738e-08
1.795540946737795290e-08
1.806768417732572075e-08
1.818346417963647149e-08
1.830289964601131899e-08
1.842632538416475233e-08
1.855412276935273134e-08
1.868649222433880760e-08
1.882340101123765690e-08
1.896473046086754424e-08
1.911037479288221415e-08
1.926030217429306832e-08
1.941481023630812802e-08
1.957448572845654973e-08
1.973981655403373997e-08
1.991071280980760906e-08
2.008672514931504883e-08
2.026754947703453490e-08
2.045352359256826467e-08
2.064555107506277023e-08
2.084406070538102733e-08
2.104837722307397364e-08
2.125773300139526353e-08
2.147263994131124520e-08
2.169434912546269979e-08
2.192271989467202269e-08
2.215642266478144613e-08
2.239571970864266344e-08
2.264223009487835316e-08
2.289548485177437264e-08
2.315423973423533338e-08
2.341991715976624009e-08
2.369303100933063611e-08
2.397164298044921221e-08
2.425666211562672216e-08
2.454917937558763822e-08
2.484738651637518822e-08
2.515234468021006601e-08
2.546391701958483004e-08
2.578121033486002500e-08
2.610538939983237636e-08
2.643527287937449374e-08
2.677179234054200919e-08
2.711435714281715828e-08
2.746345886174379153e-08
2.781878526874734153e-08
2.818063421699176072e-08
2.854880282111177318e-08
2.892352979341152342e-08
2.930475294048941136e-08
2.969265142118854702e-08
3.008735286183342168e-08
3.048875525170985658e-08
3.089705344814912050e-08
3.131193137828706879e-08
3.173239138211730630e-08
3.215812529945466736e-08
3.258876374564908770e-08
3.302355499813063025e-08
3.346188044936077921e-08
3.390312464516639666e-08
3.434663617950893259e-08
3.479179022791398476e-08
3.523809089233336432e-08
3.568511782676556557e-08
3.613315630009281485e-08
3.658214426671423324e-08
3.703160641774842788e-08
3.748189359880699071e-08
3.793303656384477718e-08
3.838464829805406885e-08
3.883612565359930338e-08
3.928656469688332065e-08
3.973493922616703672e-08
4.017991579034257644e-08
4.061933732281683548e-08
4.105261711472734112e-08
4.147925080806615340e-08
4.189863935997259553e-08
4.231037533588105866e-08
4.271407826808432596e-08
4.310806307872046429e-08
4.349192209500680026e-08
4.386528508615956694e-08
4.422765260856185782e-08
4.457892675948658768e-08
4.491758724461483970e-08
4.524283217153232741e-08
4.555305425763532961e-08
4.584670494684956478e-08
4.612109732428050328e-08
4.637547502845832103e-08
4.661022002265763747e-08
4.682519703027702463e-08
4.701958092727579820e-08
4.719352460720665187e-08
4.734625889493878364e-08
4.747520182590058810e-08
4.757917180963110599e-08
4.765662399564801132e-08
4.770608508030101415e-08
4.772848274668841202e-08
4.772273961943112072e-08
4.768914094031723105e-08
4.762693535178123616e-08
4.753530118456970523e-08
4.741351443837443822e-08
4.726006598659502419e-08
4.707423412921561429e-08
4.685592914977207459e-08
4.660547422956430368e-08
4.632351011544040090e-08
4.600965386413702230e-08
4.566335389222374320e-08
4.528408575904733468e-08
4.487159954466013915e-08
4.442665953800914141e-08
4.395039606844981142e-08
4.344333749420802248e-08
4.290566685256741414e-08
4.233771376976189300e-08
4.174005615939167540e-08
4.111380965696043679e-08
4.046051975733834181e-08
3.978147153721360548e-08
3.907754112321189093e-08
3.834978961688418076e-08
3.759973871339121398e-08
3.682933877586169901e-08
3.604045323895627211e-08
3.523458778988435053e-08
3.441336169213359476e-08
3.357882823949338823e-08
3.273316997251444322e-08
3.187849296094020487e-08
3.101669669277633098e-08
3.014978786915334858e-08
2.928006277280178031e-08
2.840975154513997674e-08
2.754082035469816723e-08
2.667526631352287388e-08
2.581520809372203834e-08
2.496263509641288602e-08
2.411933641386352438e-08
2.328702290006558983e-08
2.246739706739287556e-08
2.166196167115683247e-08
2.087200689390692518e-08
2.009872885427524389e-08
1.934318105682069198e-08
1.860616896708266078e-08
1.788833374950330198e-08
1.719016821335847497e-08
1.651195981252869889e-08
1.585380838413131686e-08
1.521568274069156718e-08
1.459737635628963485e-08
1.399856134406326034e-08
1.341879238296834052e-08
1.285753435137241309e-08
1.231419379367845831e-08
1.178813239728837482e-08
1.127870253800871662e-08
1.078528095605869401e-08
1.030728119974699148e-08
9.844179809001031757e-09
9.395540180712617316e-09
8.961017035081527608e-09
8.540365779597666140e-09
8.133449556230360079e-09
7.740232960270493655e-09
7.360770350014905087e-09
6.995198183906968996e-09
6.643704451512965343e-09
6.306500953984579035e-09
5.983787060813133231e-09
5.675705148178330063e-09
5.382311040832314796e-09
5.103542600799166837e-09
4.839194737193747313e-09
4.588917042001975562e-09
4.352212007401615041e-09
4.128454825754423909e-09
3.916921377900482119e-09
3.716825428245443201e-09
3.527365480666319747e-09
3.347768382603215692e-09
3.177332942715824300e-09
3.015458228175506357e-09
2.861660308169414724e-09
2.715568847612373775e-09
2.576908130021213554e-09
2.445464877294000403e-09
2.321050347926640022e-09
2.203461750232802847e-09
2.092453716706785711e-09
1.987724535207923712e-09
1.888921515293321093e-09
1.795660561047073337e-09
1.707554085231077104e-09
1.624239838792822207e-09
1.545400406639291963e-09
1.470768343541087956e-09
1.400117560155970703e-09
1.333245818384831537e-09
1.269957158532313991e-09
1.210051321488012165e-09
1.153323337752405203e-09
1.099570789477777886e-09
1.048602547768838769e-09
1.000244006432856119e-09
9.543364847181375766e-10
9.107331695486826836e-10
8.692953174335103571e-10
8.298912278285017044e-10
7.923970655998258116e-10
7.566973168083545601e-10
7.226840563936876633e-10
6.902563491743305714e-10
6.593202835729467477e-10
6.297890454668210736e-10
6.015821479433051226e-10
5.746243154974511353e-10
5.488451938654560503e-10
5.241798359406892649e-10
5.005685000274075923e-10
4.779556862236149669e-10
4.562895876668017521e-10
4.355223019237752126e-10
4.156097303861790522e-10
3.965109527594830038e-10
3.781878956299629132e-10
3.606053234510016472e-10
3.437306051920632914e-10
3.275333838681773382e-10
3.119854148218683317e-10
2.970604168237535393e-10
2.827338677545683770e-10
2.689828272688775347e-10
2.557857954930584642e-10
2.431225737958991639e-10
2.309741314322438414e-10
2.193224916792740452e-10
2.081506268126759610e-10
1.974423594031418683e-10
1.871822725224087203e-10
1.773556275177300556e-10
1.679482894731057576e-10
1.589466601235870540e-10
1.503376185843832789e-10
1.421084693488299767e-10
1.342468968292766558e-10
1.267409256411429405e-10
1.195788864972481018e-10
1.127493873443928481e-10
1.062412888101799766e-10
1.000436836985636540e-10
9.414588009400340824e-11
8.853738819705436785e-11
8.320791046565377601e-11
7.814733420205341325e-11
7.334572629411514209e-11
6.879333006796911959e-11
6.448056427080504732e-11
6.039802353644731531e-11
5.653648005273696764e-11
5.288688609079115334e-11
4.944037725443406516e-11
4.618827668164740320e-11
4.312209846600883687e-11
4.023355339722612322e-11
3.751455322088607758e-11
3.495721514577452029e-11
3.255386621984235273e-11
3.029704741750327398e-11
2.817951739636042063e-11
2.619425580497658989e-11
2.433446600908742027e-11
2.259357726951302422e-11
2.096524633598078512e-11
1.944335846503363400e-11
1.802202769637787342e-11
1.669559650175660090e-11
1.545863489123779647e-11
1.430593888566415068e-11
1.323252840792946306e-11
1.223364454782529185e-11
1.130474620180605082e-11
1.044150621813220639e-11
9.639807094135590198e-12
8.895736264453031670e-12
8.205581047670856557e-12
7.565823189155971147e-12
6.973133119747625639e-12
6.424363911002339961e-12
5.916545034897782922e-12
5.446875968857235612e-12
5.012719671655646871e-12
4.611596006958808337e-12
4.241175119406853015e-12
3.899270804192509865e-12
3.583834527516325302e-12
3.292947202677664441e-12
3.024814006549543186e-12
2.777758067505598419e-12
2.550214023565838249e-12
2.340721991894867223e-12
2.147921694401289994e-12
1.970546780768366292e-12
1.807419341003763811e-12
1.657444621713141995e-12
1.519605963488702083e-12
1.392959942222615363e-12
1.276631735947226669e-12
1.169810705616018814e-12
1.071746712125611989e-12
9.817448312158307129e-13
8.991622962231898469e-13
8.234053177157967859e-13
7.539253852673382118e-13
6.902160915536049780e-13
6.318101493748766259e-13
5.782765853111230690e-13
5.292181102186587530e-13
4.842691064435453237e-13
4.430922881584238435e-13
4.053768791957885347e-13
3.708372460166573765e-13
3.392106347016131920e-13
3.102554266737718151e-13
2.837495157540753153e-13
2.594894770405225856e-13
2.372872045665054924e-13
2.169703819135577355e-13
1.983809271565011177e-13
1.813737447623666859e-13
1.658161121335845319e-13
1.515858028878141776e-13
1.385703988851647676e-13
1.266671847994227875e-13
1.157820841757428271e-13
1.058293743144865574e-13
9.672921950043932620e-14
8.840915530835167308e-14
8.080306847884624047e-14
7.385035646071902253e-14
6.749480600611638950e-14
6.168548172026876761e-14
5.637636834434542073e-14
5.152397679145795033e-14
4.708931507154935106e-14
4.303711425981631939e-14
3.933394586992190204e-14
3.595024004623869245e-14
3.285851162233388408e-14
3.003342435425135091e-14
2.745254759772094100e-14
2.509424540241104559e-14
2.294002673480376014e-14
2.097164766199741901e-14
1.917372531511022371e-14
1.753098850448729404e-14
1.603058113855109133e-14
1.465984337012979501e-14
1.340777956050291815e-14
1.226420301164135314e-14
1.121957640467421764e-14
1.026558564213904331e-14
9.394365258512859647e-15
8.598695846228707495e-15
7.872094948044737628e-15
7.208748927311927708e-15
6.603133462442562487e-15
6.050254942524074801e-15
5.545588284823632557e-15
5.084996205698603668e-15
4.664695713486701532e-15
4.281227486087809222e-15
3.931427830851062256e-15
3.612403156468318943e-15
3.321506845635729972e-15
3.056318262992401307e-15
2.814673101726739484e-15
2.594560345221660878e-15
2.394072116715833490e-15
2.211553146292423203e-15
2.045520646827428668e-15
