# bin_3_1
1.239976414918403624e-08
1.244548477403218068e-08
1.249274517204854101e-08
1.254155627780836701e-08
1.259191008302460177e-08
1.264382213877201677e-08
1.269738938376632689e-08
1.275273448452008562e-08
1.281000564182375594e-08
1.286934056108377964e-08
1.293076038265131421e-08
1.299425281157156519e-08
1.305979133994066283e-08
1.312738274002479848e-08
1.319704494229902882e-08
1.326876777112006590e-08
1.334252915978679939e-08
1.341842304063221246e-08
1.349670510124265555e-08
1.357767116921678151e-08
1.366145605392905960e-08
1.374798723847505812e-08
1.383711604006739043e-08
1.392870710123673539e-08
1.402268805966770804e-08
1.411927333041811450e-08
1.421892680759626720e-08
1.432202208116519794e-08
1.442842048857726135e-08
1.453766816606650123e-08
1.464944899909617304e-08
1.476401326919449034e-08
1.488209134600267684e-08
1.500398037379861760e-08
1.512901308635145890e-08
1.525645649127672799e-08
1.538669933378491413e-08
1.552075796404201484e-08
1.565841800439012666e-08
1.579845062107972014e-08
1.594103290480532297e-08
1.608748235316125381e-08
1.623729900267168528e-08
1.638935171540451837e-08
1.654477512300588108e-08
1.670387808954925562e-08
1.686492248853368116e-08
1.702862613911168157e-08
1.719584906935630389e-08
1.736496267667839371e-08
1.753676916728373889e-08
1.771106909446397738e-08
1.788696834460697659e-08
1.806534512501284898e-08
1.824511880614249805e-08
1.842693958118862654e-08
1.861025260911390941e-08
1.879535220051205821e-08
1.898193304620418414e-08
1.917016542225843309e-08
1.935981819445114103e-08
1.955103869441903385e-08
1.974370879395749969e-08
1.993791205949789510e-08
2.013371496978199238e-08
2.033092717842975857e-08
2.052964998593927968e-08
2.072950393246008596e-08
2.092949664090036343e-08
2.112935786340434856e-08
2.132873604018168510e-08
2.152688160670192000e-08
2.172314449349200443e-08
2.191687875994596728e-08
2.210743508526725693e-08
2.229420317146113024e-08
2.247674510420644156e-08
2.265467137126031224e-08
2.282825078026946090e-08
2.299747273568742791e-08
2.316201641563190484e-08
2.332239441333631073e-08
2.347875872361262052e-08
2.363080285680235864e-08
2.377809156922261680e-08
2.391989512812182118e-08
2.405537229073737433e-08
2.418336601593584271e-08
2.430204780035647201e-08
2.441112997853642443e-08
2.451041800311346482e-08
2.459968729288787446e-08
2.467882977171525793e-08
2.474771932390947281e-08
2.480501691339730823e-08
2.485069843318178626e-08
2.488493217291980648e-08
2.490774121794260692e-08
2.491949878483526459e-08
2.491919332756871228e-08
2.490658943068277996e-08
2.488066005017157173e-08
2.484043469923211237e-08
2.478397905319523613e-08
2.471128900006489880e-08
2.462335085810102479e-08
2.452063390679539041e-08
2.440311178710309896e-08
2.427163811992345503e-08
2.412624660248126024e-08
2.396540568964579826e-08
2.378877079516909502e-08
2.359559927244600960e-08
2.338527779463785115e-08
2.315956172137987376e-08
2.291844349593953042e-08
2.266305528486517090e-08
2.239357241928921452e-08
2.211007856699278970e-08
2.181284371168718159e-08
2.150140793322456073e-08
2.117596407683068491e-08
2.083722951525698437e-08
2.048639775488147652e-08
2.012500555059164672e-08
1.975354976907780312e-08
1.937223175246528272e-08
1.898128006800408280e-08
1.858119013835481533e-08
1.817328584619992496e-08
1.775914486723900753e-08
1.733979850839295703e-08
1.691586768259841939e-08
1.648793422829750201e-08
1.605673883138783378e-08
1.562345827315619498e-08
1.518955088393473287e-08
1.475608864135595024e-08
1.432369602566829664e-08
1.389297872799391006e-08
1.346483509609806217e-08
1.304045947951953465e-08
1.262083518133110075e-08
1.220644398137872462e-08
1.179775301448139623e-08
1.139546923271919147e-08
1.100032568365221663e-08
1.061285128768435871e-08
1.023327177902246508e-08
9.861807384564949445e-09
9.498857668836715407e-09
9.144711992554794808e-09
8.799356256570184912e-09
8.462778246644623602e-09
8.135065269804664125e-09
7.816217254295281818e-09
7.506092165650088384e-09
7.204525926922415390e-09
6.911460660683365418e-09
6.626752561838507266e-09
6.350213600148716367e-09
6.081713166954516550e-09
5.821169618403183696e-09
5.568465337823390258e-09
5.323512673434831984e-09
5.086298796551052376e-09
4.856801979980884011e-09
4.635008994270549405e-09
4.420949329864444364e-09
4.214638301652236727e-09
4.016089438150325635e-09
3.825310143913291493e-09
3.642280045597693055e-09
3.466954838467033691e-09
3.299252861938482957e-09
3.139049958022194673e-09
2.986189533079328081e-09
2.840474056200303366e-09
2.701672818347985473e-09
2.569532994271459560e-09
2.443781506511880188e-09
2.324133131338642104e-09
2.210300416901662168e-09
2.101996981393803643e-09
1.998941131102498988e-09
1.900868152329588865e-09
1.807529948627147411e-09
1.718700891384520748e-09
1.634183422676227863e-09
1.553804866850701860e-09
1.477418818911741301e-09
1.404899077412468423e-09
1.336127399293412410e-09
1.270986662245820781e-09
1.209346284982603834e-09
1.151056046397761335e-09
1.095943457021125485e-09
1.043816981777389048e-09
9.944787700246846861e-10
9.477364054876259577e-10
9.034155908520744778e-10
8.613642129369527922e-10
8.214522028967679658e-10
7.835653164533518175e-10
7.475987933621963372e-10
7.134528099073062011e-10
6.810310775447813526e-10
6.502405338232947627e-10
6.209912479157079586e-10
5.931952579275498029e-10
5.667665553243554639e-10
5.416214906364077995e-10
5.176800886311311706e-10
4.948672917226699994e-10
4.731137875733855000e-10
4.523568120556017080e-10
4.325402723753144769e-10
4.136133717582187147e-10
3.955283879587145916e-10
3.782391204796070093e-10
3.617007630254925270e-10
3.458704989863695894e-10
3.307081722273980952e-10
3.161769575585387241e-10
3.022436621676854226e-10
2.888782699035157259e-10
2.760531661853247220e-10
2.637426209520587243e-10
2.519224252332883443e-10
2.405696723883849182e-10
2.296628521527649855e-10
2.191820735506128400e-10
2.091091525846316023e-10
1.994274801146851499e-10
1.901216753121136783e-10
1.811772416059161755e-10
1.725804737959255626e-10
1.643185702303351069e-10
1.563796487356484354e-10
1.487525841768512882e-10
1.414268569229632847e-10
1.343925185442751821e-10
1.276401646085545043e-10
1.211608484675154996e-10
1.149460158923745889e-10
1.089874860391212738e-10
1.032774120692729091e-10
9.780822285700863293e-11
9.257258812950681317e-11
8.756339657515717675e-11
8.277372910513673953e-11
7.819683190726200804e-11
7.382609661659357336e-11
6.965504461348226594e-11
6.567731250841053579e-11
6.188664087725539138e-11
5.827686566710264071e-11
5.484191189585181525e-11
5.157578884690108581e-11
4.847258676178728869e-11
4.552647553030509412e-11
4.273170444848837661e-11
4.008260334075836095e-11
3.757358466521112020e-11
3.519914638584514022e-11
3.295387574436635366e-11
3.083245341928621954e-11
2.882965798818458951e-11
2.694037054605361354e-11
2.515957938932621301e-11
2.348238472081974125e-11
2.190400316604552570e-11
2.041977210963566210e-11
1.902515375483922965e-11
1.771573876541558537e-11
1.648724948998306065e-11
1.533554267001420948e-11
1.425661165111921568e-11
1.324658814217582879e-11
1.230174343226099748e-11
1.141848909622445328e-11
1.059337729806268515e-11
9.823099464961161317e-12
9.104486555657412680e-12
8.434507317611726413e-12
7.810266527418687030e-12
7.229002834341816764e-12
6.688086217794581016e-12
6.185015146015436114e-12
5.717413485843842205e-12
5.283027115778495528e-12
4.879720309605467956e-12
4.505471975618832997e-12
4.158371793672054996e-12
3.836616207251953511e-12
3.538504351247396043e-12
3.262433939102965879e-12
3.006897125742888563e-12
2.770476400183355071e-12
2.551840505717384794e-12
2.349740386805994117e-12
2.163005195253462097e-12
1.990538388938153658e-12
1.831313914281444153e-12
1.684372514731921365e-12
1.548818114980430293e-12
1.423814339625485465e-12
1.308581135932730548e-12
1.202391538106433217e-12
1.104568555927206481e-12
1.014482186753467463e-12
9.315465583157135748e-13
8.552172019307742132e-13
7.849884560453682067e-13
7.203916059513709779e-13
6.609908853464671841e-13
6.063825055544879415e-13
5.561925771463822768e-13
5.100748842357096904e-13
4.677090112230856391e-13
4.287985708488908654e-13
3.930695392274463439e-13
3.602686896867917868e-13
3.301621231803799061e-13
3.025338931674780469e-13
2.771847126700083153e-13
2.539307456870727012e-13
2.326024766311959305e-13
2.130441652762496935e-13
1.951115863218031652e-13
1.786718208253265097e-13
1.636027804704401255e-13
1.497920900932321264e-13
1.371363473602838491e-13
1.255404368106463510e-13
1.149168911114704026e-13
1.051852989093888475e-13
9.627219503355177408e-14
8.810954376537578696e-14
8.063459115292998206e-14
7.379005283802415303e-14
6.752333121625476810e-14
6.178614233178663720e-14
5.653417105184305516e-14
5.172740636178320825e-14
4.732795123624140754e-14
4.330146280279481827e-14
3.961656198793653059e-14
3.624447550929547388e-14
3.315922552248298846e-14
3.033654860343967626e-14
2.775390453976206928e-14
2.539098966098511185e-14
2.322928597540357096e-14
2.125230900533159392e-14
1.944374216541917652e-14
1.778929196420007575e-14
1.627612438670739861e-14
1.489244213762356192e-14
1.362677035635670457e-14
1.246911109960569280e-14
1.141089082728878385e-14
1.044298153103010449e-14
9.557791150326410958e-15
8.748757893345477233e-15
8.008804314171762617e-15
7.332397485420038700e-15
6.714076131978902880e-15
6.148666637799328532e-15
5.632117344249402974e-15
5.159698853296386259e-15
4.728260052750320978e-15
4.333708503100070557e-15
3.973466676925388651e-15
3.644092424328382732e-15
3.343417744269028287e-15
3.068651521103541465e-15
2.817747548070095311e-15
2.588709027051161801e-15
2.379512128119417820e-15
2.188651217402892361e-15
2.014516417567755755e-15
1.855609011750818377e-15
1.710655768276668317e-15
1.578581776289154698e-15
1.458225933449724804e-15
1.348571636803977021e-15
1.248720035493795075e-15
1.157846022336097774e-15
1.075192079613830345e-15
1.000062718125879508e-15
9.318193968478726841e-16
8.698759256921716939e-16
8.136941650705216546e-16
7.627799682838977352e-16
7.167156641626644108e-16
6.750918642314649343e-16
6.374837091215600731e-16
6.035658136571857108e-16
5.730592570453853994e-16
