# bin_4_4
1.729795123043317723e-08
1.737146833783672607e-08
1.744762749241484362e-08
1.752646860813490581e-08
1.760804850814301260e-08
1.769247624373081896e-08
1.777986255216414544e-08
1.787027209089160616e-08
1.796374874246133041e-08
1.806030189408254466e-08
1.815995661195347574e-08
1.826289329600574025e-08
1.836936172300156521e-08
1.847965365515994305e-08
1.859395338802906796e-08
1.871227919451323033e-08
1.883462446964267731e-08
1.896101659594354484e-08
1.909152374132515447e-08
1.922616230995860940e-08
1.936494151145724681e-08
1.950813524942955903e-08
1.965621635734206448e-08
1.980962127011493071e-08
1.996837076734380570e-08
2.013232099487008488e-08
2.030127608973298918e-08
2.047515300813335810e-08
2.065425551329754831e-08
2.083930712384901249e-08
2.103084039546592885e-08
2.122862578993688549e-08
2.143203632401253993e-08
2.164081617047788026e-08
2.185568466696809175e-08
2.207766643932453071e-08
2.230660900722961176e-08
2.254139694287008672e-08
2.278185691329818318e-08
2.302942081802072430e-08
2.328471158643527071e-08
2.354631577908883702e-08
2.381388377837310816e-08
2.408928036796921242e-08
2.437256987725081541e-08
2.466218748406516749e-08
2.495924177696192112e-08
2.526446692460609739e-08
2.557579813468830241e-08
2.589433955896890928e-08
2.622095366573943019e-08
2.655362835265010195e-08
2.689391338579158943e-08
2.724107823780604901e-08
2.759489616893898412e-08
2.795620236936871840e-08
2.832401103569911966e-08
2.869935940317209191e-08
2.908140940169632802e-08
2.947084725720568093e-08
2.986713860436488639e-08
3.027069924843668932e-08
3.068139287679582002e-08
3.109940840691558452e-08
3.152496928696244029e-08
3.195815893223919238e-08
3.239896678776130083e-08
3.284738256641509975e-08
3.330342548511489031e-08
3.376599398368799582e-08
3.423464709963985235e-08
3.470905927111923113e-08
3.518846234541881054e-08
3.567212477191577905e-08
3.615941501001285224e-08
3.664967501010510927e-08
3.714224932333236730e-08
3.763660179789807144e-08
3.813232949939307218e-08
3.862955982906616500e-08
3.912857948111096260e-08
3.962869747025109601e-08
4.013023971312581577e-08
4.063333124663188714e-08
4.113748914992405749e-08
4.164216897931062555e-08
4.214632176487168320e-08
4.264886547436356392e-08
4.314858329088532260e-08
4.364315992202937361e-08
4.413183790847837694e-08
4.461416993555370295e-08
4.508952285393415672e-08
4.555730452640657807e-08
4.601724660000985031e-08
4.646752804150810645e-08
4.690752570976036883e-08
4.733696977277083147e-08
4.775523921444016139e-08
4.816243159990514886e-08
4.855687323784121867e-08
4.893755226893472827e-08
4.930275482120084698e-08
4.965083953919993620e-08
4.997905543312966369e-08
5.028638634098052617e-08
5.057313316706144473e-08
5.083933418890390824e-08
5.108391719014408620e-08
5.130685610907224521e-08
5.150760939410578719e-08
5.168330688339745331e-08
5.183240087604540625e-08
5.195354094553020875e-08
5.204485488232673919e-08
5.210720710590424597e-08
5.213963680249519269e-08
5.214198854449091770e-08
5.211378053693384977e-08
5.205370073443905567e-08
5.196126429846026724e-08
5.183450919514404911e-08
5.167278386933412950e-08
5.147562184741064996e-08
5.124347102915274878e-08
5.097683560783117132e-08
5.067521243522159899e-08
5.033798799049255146e-08
4.996442027422860890e-08
4.955411976248345166e-08
4.910780685135753661e-08
4.862654613491657595e-08
4.811078537369576991e-08
4.756064897065136928e-08
4.697638849240928414e-08
4.635850428463692425e-08
4.570804167954822716e-08
4.502653664515697215e-08
4.431530185947587789e-08
4.357519558394948756e-08
4.280724745633868609e-08
4.201298782585575994e-08
4.119441672083989932e-08
4.035347811578240025e-08
3.949175003776250250e-08
3.861090619127640833e-08
3.771309789754018792e-08
3.680064323837065723e-08
3.587580482537241575e-08
3.494063608843849639e-08
3.399730095548155959e-08
3.304830049852909820e-08
3.209608353524986190e-08
3.114285436559583407e-08
3.019084360715538884e-08
2.924243130549047905e-08
2.829989269104758554e-08
2.736530796642416928e-08
2.644067482136288617e-08
2.552800269862565717e-08
2.462911329347154296e-08
2.374560521328982408e-08
2.287898357432150534e-08
2.203060647449966533e-08
2.120158485856449344e-08
2.039283535503187763e-08
1.960512361216950653e-08
1.883898424864671921e-08
1.809474210982701792e-08
1.737255570841665052e-08
1.667238712301850877e-08
1.599403181432106168e-08
1.533713699834601030e-08
1.470122312919322915e-08
1.408570683326481228e-08
1.348992920423868120e-08
1.291318274232679710e-08
1.235474820427364312e-08
1.181392077234617290e-08
1.129003298131633033e-08
1.078249122406233622e-08
1.029079006825153942e-08
9.814525136717840679e-09
9.353406359081006251e-09
8.907261249880268600e-09
8.476023635643786832e-09
8.059732931776063755e-09
7.658518991260011126e-09
7.272572631229166995e-09
6.902128703091356784e-09
6.547422562460187703e-09
6.208650907575538360e-09
5.885929406319839767e-09
5.579246640890203571e-09
5.288440604620742338e-09
5.013182259392039608e-09
4.752972601433343507e-09
4.507161734825390393e-09
4.274969147050555499e-09
4.055527373620785046e-09
3.847925387024644889e-09
3.651264353414539328e-09
3.464707466418766435e-09
3.287523658836631685e-09
3.119116347574914846e-09
2.959031974257575700e-09
2.806949894653198074e-09
2.662649866932966637e-09
2.525968385997726495e-09
2.396747376601507704e-09
2.274788560505495403e-09
2.159821832702131238e-09
2.051493681101901118e-09
1.949380519221948936e-09
1.853021536111182520e-09
1.761962838069398727e-09
1.675798236739683291e-09
1.594194249369925943e-09
1.516893252981984581e-09
1.443694649149959878e-09
1.374423347275733311e-09
1.308898750204463241e-09
1.246916072561298117e-09
1.188247384216279809e-09
1.132658767379184518e-09
1.079932456060479345e-09
1.029881151754516997e-09
9.823479511544597837e-10
9.371947301313210488e-10
8.942884114070337774e-10
8.534939855978391889e-10
8.146774338463797680e-10
7.777132764530777887e-10
7.424892410632794795e-10
7.089048257696437799e-10
6.768666759714831341e-10
6.462855802730788995e-10
6.170770634868340162e-10
5.891630981789022377e-10
5.624723270511728336e-10
5.369387374052212520e-10
5.125006827299151912e-10
4.891008344018869927e-10
4.666862159236231113e-10
4.452078092470718455e-10
4.246201146917799651e-10
4.048809327207697691e-10
3.859511386986222892e-10
3.677943879784490018e-10
3.503768943969715883e-10
3.336672379423137859e-10
3.176361356674418512e-10
3.022562525073229299e-10
2.875020349250968901e-10
2.733495322699990475e-10
2.597762354888878705e-10
2.467609363571042169e-10
2.342836010545727712e-10
2.223252597533340436e-10
2.108679048695756833e-10
1.998943939119181223e-10
1.893883588151837539e-10
1.793341225488285243e-10
1.697166247847996513e-10
1.605213565106132537e-10
1.517343021195507250e-10
1.433418893462534789e-10
1.353309456540466525e-10
1.276886604625339394e-10
1.204025527967339736e-10
1.134604434046363012e-10
1.068504315795793034e-10
1.005608757929242788e-10
9.458037777759367050e-11
8.889776992321736350e-11
8.350210562129141874e-11
7.838265261490742772e-11
7.352888834403906830e-11
6.893049708626636624e-11
6.457736877093476476e-11
6.045959915967031015e-11
5.656749149018799103e-11
5.289155763056969898e-11
4.942252200235142656e-11
4.615132447865642896e-11
4.306912389967333594e-11
4.016730178459425398e-11
3.743746607751715642e-11
3.487145467596672724e-11
3.246133867313816016e-11
3.019942536247828049e-11
2.807826078283835702e-11
2.609063179326696640e-11
2.422956763927447970e-11
2.248834089966772542e-11
2.086046785038482946e-11
1.933970824965996656e-11
1.792006453223522812e-11
1.659578040126428743e-11
1.536133882968670416e-11
1.421145950760846324e-11
1.314109566101496173e-11
1.214543030507127313e-11
1.121987201883665210e-11
1.036005027942412161e-11
9.561810504884062393e-12
8.821208689015677794e-12
8.134505700123763851e-12
7.498161211987152386e-12
6.908827348065564064e-12
6.363342147988471087e-12
5.858722909913735366e-12
5.392159457522823568e-12
4.961007340104068127e-12
4.562780952741879381e-12
4.195147439108349795e-12
3.855917377261484826e-12
3.543040315972562772e-12
3.254597378396775165e-12
2.988794590382949863e-12
2.743956416539744429e-12
2.518519441173587188e-12
2.311026212671858418e-12
2.120119279640602833e-12
1.944535424521089786e-12
1.783100109530342649e-12
1.634722137209900477e-12
1.498388524079253463e-12
1.373159601691020259e-12
1.258164944139406369e-12
1.152597312731492250e-12
1.055709558783993387e-12
9.668107584515149768e-13
8.852621398035565697e-13
8.104734957088605008e-13
7.418998022759575518e-13
6.790380370802682215e-13
6.214241829918433318e-13
5.686309060984330766e-13
5.202637725041224566e-13
4.759592305847697636e-13
4.353829074592896588e-13
3.982270649114951607e-13
3.642085912630382877e-13
3.330671294733407710e-13
3.045640343936554605e-13
2.784787320255251074e-13
2.546090218090010476e-13
2.327693410089109607e-13
2.127893239054027190e-13
1.945130176184691479e-13
1.777968938554101527e-13
1.625088940310674285e-13
1.485283083962357712e-13
1.357445189325020425e-13
1.240567424884093802e-13
1.133711809211863168e-13
1.036026295810724137e-13
9.467327243752933789e-14
8.651189218380194245e-14
7.905240793316672926e-14
7.223486430809955373e-14
6.600514241106175302e-14
6.031214499741294900e-14
5.510994946415842442e-14
5.035710194661102733e-14
4.601432602656594641e-14
4.204674754839169087e-14
3.842215250999966641e-14
3.511067925101609441e-14
3.208599135604789632e-14
2.932267709085953413e-14
2.679885264433657500e-14
2.449325578726116084e-14
2.238760750291221078e-14
2.046407727134293621e-14
1.870753654577517979e-14
1.710304076503761150e-14
1.563775188968018257e-14
1.429958154811854549e-14
1.307740269657177160e-14
1.196147795947254160e-14
1.094246454553412736e-14
1.001195254425883762e-14
9.162337749137520338e-15
8.386807098412359080e-15
7.678805250368203094e-15
7.032523116547929262e-15
6.442651204147377496e-15
5.904336333741194026e-15
5.413142058816026930e-15
4.965012492788367844e-15
4.556239335148651548e-15
4.183431961167200826e-15
3.843490290624077732e-15
3.533580049701714053e-15
3.251111209608593909e-15
2.993832386792097465e-15
2.759465468461258053e-15
2.546027397682493260e-15
