# bin_1_1
1.056185109113257857e-08
1.059929448298484092e-08
1.063795144963015856e-08
1.067786556264207002e-08
1.071908080559300571e-08
1.076163931191544228e-08
1.080552319509858214e-08
1.085066067414616561e-08
1.089696241707726236e-08
1.094432945239041488e-08
1.099281957090572352e-08
1.104266324019361936e-08
1.109413841944244460e-08
1.114750980883469678e-08
1.120273417670612322e-08
1.125963427963657733e-08
1.131801525782719479e-08
1.137785751142974541e-08
1.143929209332843552e-08
1.150245302640058247e-08
1.156739454771023286e-08
1.163413352748875000e-08
1.170274332462335187e-08
1.177333621548958587e-08
1.184577657776758933e-08
1.191969621868091887e-08
1.199495423795590487e-08
1.207223521954600593e-08
1.215235391853417992e-08
1.223518955288252103e-08
1.232007636977657074e-08
1.240676277268679596e-08
1.249551059960037021e-08
1.258657015188855088e-08
1.267974194655861897e-08
1.277419661407333718e-08
1.286965756120641923e-08
1.296740542465230309e-08
1.306803875667182034e-08
1.317044143761435080e-08
1.327425734129686758e-08
1.338009197908038319e-08
1.348734640011742641e-08
1.359527014118376963e-08
1.370560857928230343e-08
1.381914171890282735e-08
1.393464282858462797e-08
1.405215678333064741e-08
1.417089658487028270e-08
1.429083400173626906e-08
1.441383187047107678e-08
1.453891542918685767e-08
1.466489257939247733e-08
1.479088635719476823e-08
1.491837287050961461e-08
1.504829523382470395e-08
1.517876252139166673e-08
1.530880125520016222e-08
1.544055100722895792e-08
1.557405136941597048e-08
1.570638558764689696e-08
1.583855339451787736e-08
1.597221670761556101e-08
1.610380613043798590e-08
1.623484533541329752e-08
1.636636566621646301e-08
1.649366531194855067e-08
1.661951721393470202e-08
1.674261497582655266e-08
1.686175214057184695e-08
1.697848297604549136e-08
1.709017579325058931e-08
1.719893069975159114e-08
1.730222092566544667e-08
1.740168975041170644e-08
1.749566464764166152e-08
1.758537553548526467e-08
1.767018761943169911e-08
1.775075955144826079e-08
1.782737719487288233e-08
1.790016610687394019e-08
1.796946380975611812e-08
1.803531627871665502e-08
1.809761768562183068e-08
1.815618642304137780e-08
1.821048721613636682e-08
1.825783770013123715e-08
1.829739716523388924e-08
1.832813330744814753e-08
1.834858763274606407e-08
1.835780029111942422e-08
1.835504964564529578e-08
1.834011988327081569e-08
1.831341529437577565e-08
1.827598706478562615e-08
1.822888616476169308e-08
1.817385626936764242e-08
1.811009760086227231e-08
1.803829795296779232e-08
1.795856883289449843e-08
1.786991381148247742e-08
1.777133480261550701e-08
1.766197351048873893e-08
1.754145064311528669e-08
1.740982736247025606e-08
1.726561911628150178e-08
1.710978896074148991e-08
1.694253611918781843e-08
1.676333382371492718e-08
1.657186327861256585e-08
1.636868820003238485e-08
1.615381564877969210e-08
1.593008604039834504e-08
1.569956397249194159e-08
1.546329560014282678e-08
1.522055049380811811e-08
1.496896876979549320e-08
1.470819972921860257e-08
1.443764964960885273e-08
1.415744728280015654e-08
1.386762119636317522e-08
1.357102045934029381e-08
1.327076451256873931e-08
1.296763298461686874e-08
1.266241922620739207e-08
1.235591770437699164e-08
1.204606400639904244e-08
1.173188412231659000e-08
1.141491331164945965e-08
1.109514435271683993e-08
1.077512465425180900e-08
1.045684640993150889e-08
1.014032870804255040e-08
9.827405953441882433e-09
9.517241165125594788e-09
9.210784709007053638e-09
8.906242273947066442e-09
8.604436943710027606e-09
8.306262980269846019e-09
8.014467892541616909e-09
7.729940593900513752e-09
7.452042404580479331e-09
7.179829401289520627e-09
6.912802371464916148e-09
6.651464591270011421e-09
6.397041302648733308e-09
6.150335469197135566e-09
5.911156444973214517e-09
5.678817323453366658e-09
5.452717247527341376e-09
5.232665847002805148e-09
5.019140465857907066e-09
4.812774000749448538e-09
4.613283382874339490e-09
4.419738898938921188e-09
4.231640646730805905e-09
4.049266415298046277e-09
3.873038122517279760e-09
3.702808836344093467e-09
3.537929222844618543e-09
3.378146300273099492e-09
3.223699949596363497e-09
3.074795863977856077e-09
2.931341021341827085e-09
2.792990356390331707e-09
2.659729273167706903e-09
2.531860573930422959e-09
2.409412069026725823e-09
2.292108930263946559e-09
2.179905234136309852e-09
2.072913081743392845e-09
1.971046928975200465e-09
1.874068239535535128e-09
1.781817154430099439e-09
1.694243955670479800e-09
1.611109285354869429e-09
1.532151333444724858e-09
1.457202947865900079e-09
1.386095299967156124e-09
1.318583885207777893e-09
1.254482415388854606e-09
1.193663321939822180e-09
1.135945990600852535e-09
1.081175989126768906e-09
1.029239300780942704e-09
9.799853006755387556e-10
9.332820822178127408e-10
8.890068816585969813e-10
8.470267313489551125e-10
8.072241374662965318e-10
7.694859423431520452e-10
7.337023187416632338e-10
6.997750999247689844e-10
6.676081456392952647e-10
6.371081657000256638e-10
6.081831465289375994e-10
5.807404750853916630e-10
5.546891199383518659e-10
5.299413166100396446e-10
5.064179924823080499e-10
4.840467905862129416e-10
4.627638771111803595e-10
4.425101465651296127e-10
4.232282945115420416e-10
4.048625005409681658e-10
3.873584145761586157e-10
3.706643626801139100e-10
3.547331980277450049e-10
3.395207341169388379e-10
3.249858252779400730e-10
3.110892485087040187e-10
2.977936725743651756e-10
2.850645238166028361e-10
2.728693856808954894e-10
2.611783507488050562e-10
2.499635324448936952e-10
2.391994722205128748e-10
2.288628913071654234e-10
2.189324583263333474e-10
2.093884598610121017e-10
2.002127845748113011e-10
1.913888664037006147e-10
1.829012814796606268e-10
1.747356874134816424e-10
1.668786533329398227e-10
1.593175574913320011e-10
1.520405147237526099e-10
1.450363562173312764e-10
1.382947385819927531e-10
1.318061160999093449e-10
1.255617288267578906e-10
1.195535378035597559e-10
1.137740734339000499e-10
1.082163040270812482e-10
1.028735187026159665e-10
9.773925448977096433e-11
9.280728354228681662e-11
8.807164117660693486e-11
8.352664100967937125e-11
7.916687180701454989e-11
7.498714408438206126e-11
7.098242311724726158e-11
6.714777862318098629e-11
6.347835800810724141e-11
5.996939277528792669e-11
5.661620763140927790e-11
5.341421493567061260e-11
5.035889531538352369e-11
4.744577475494408478e-11
4.467041336213172208e-11
4.202841080455579688e-11
3.951541002943640102e-11
3.712709456654419718e-11
3.485918431534110546e-11
3.270743357003230075e-11
3.066763710334483922e-11
2.873563367207822330e-11
2.690730751601786198e-11
2.517859249525964993e-11
2.354547613935421758e-11
2.200400539312294341e-11
2.055029068738238330e-11
1.918051040887542750e-11
1.789091667668958018e-11
1.667783960145596159e-11
1.553769196651451484e-11
1.446697367894949157e-11
1.346227552634735656e-11
1.252028306421919372e-11
1.163777980526261272e-11
1.081164993113106859e-11
1.003888084427551618e-11
9.316564835133610349e-12
8.641900518012735554e-12
8.012193811777143697e-12
7.424858163043861235e-12
6.877414621807969913e-12
6.367491261326321471e-12
5.892822344975985335e-12
5.451247145733634027e-12
5.040708299353563666e-12
4.659250333860901852e-12
4.305015542972616851e-12
3.976243557571710887e-12
3.671267988174411517e-12
3.388513474257288396e-12
3.126492685967264896e-12
2.883803159766998991e-12
2.659124109218301914e-12
2.451213142157040386e-12
2.258902901692266590e-12
2.081097757150578155e-12
1.916770442882880230e-12
1.764958770496182999e-12
1.624762426689335074e-12
1.495339765965525715e-12
1.375904685239179377e-12
1.265723573729268852e-12
1.164112403870076725e-12
1.070433867461322203e-12
9.840946309101440282e-13
9.045427227005652849e-13
8.312650104282900069e-13
7.637847494162622349e-13
7.016592942376509988e-13
6.444779486578813054e-13
5.918598626083300507e-13
5.434520307305731187e-13
4.989274577254058910e-13
4.579834041619145984e-13
4.203397038717686348e-13
3.857372185231931145e-13
3.539363568771859920e-13
3.247156933392760905e-13
2.978706749045099226e-13
2.732124170966230076e-13
2.505665633905931612e-13
2.297722231541338023e-13
2.106809864088766073e-13
1.931559950415535092e-13
1.770710927962200329e-13
1.623100151854073499e-13
1.487656493516945134e-13
1.363393347507400251e-13
1.249402266250574274e-13
1.144846961113576709e-13
1.048959164426579657e-13
9.610426799604759579e-14
8.804314425037365807e-14
8.065263842360981851e-14
7.387766451095985033e-14
6.766758126581321101e-14
6.197584164680085408e-14
5.675966921700977120e-14
5.197976045742589510e-14
4.760000943568208332e-14
4.358725354644224774e-14
3.991103801784631166e-14
3.654339904375670860e-14
3.345866452217007827e-14
3.063326993834974648e-14
2.804558862649403242e-14
2.567640652683968998e-14
2.350760400302987401e-14
2.152164100067509514e-14
1.970320303674703563e-14
1.803824444439806857e-14
1.651388476107876568e-14
1.511831340898120695e-14
1.384070242516854784e-14
1.267112611759842221e-14
1.160048718282921473e-14
1.062146606662724189e-14
9.725633299167867339e-15
8.905657364754003311e-15
8.155134006593520838e-15
7.468196723511756261e-15
6.839472093477000979e-15
6.264038672224643133e-15
5.738316379655978932e-15
5.257504398977820006e-15
4.817471604759733746e-15
4.414765796297771361e-15
4.046226109016319037e-15
3.709213396134824096e-15
3.401734618483926994e-15
3.120355845572042527e-15
2.862864741145067966e-15
2.627236061082500561e-15
2.412364690631608545e-15
2.216111670168924828e-15
2.036528609852532152e-15
1.872201051623681774e-15
1.722676577450788929e-15
1.586067159965211503e-15
1.461066982519350606e-15
1.347127053787774406e-15
1.243424326558265748e-15
1.148537520735570171e-15
1.062151300060765833e-15
9.836069259348960037e-16
9.117419663913999068e-16
8.466828183917810926e-16
7.873374020210034263e-16
7.333506672836633305e-16
6.844661876878189595e-16
6.398659436411542768e-16
5.997031555892785896e-16
5.630474810152466385e-16
5.301389391793402750e-16
5.001914277217062886e-16
4.733020717174799992e-16
4.490025509084843975e-16
4.270953253886965497e-16
4.075353595651847590e-16
3.898934038415300413e-16
3.741414529402585244e-16
3.601408337723036305e-16
3.476271656961344061e-16
3.364904284274153429e-16
