# bin_4_1
1.260753024921086584e-08
1.265449169973047139e-08
1.270308321375453100e-08
1.275331126389574514e-08
1.280519713956660086e-08
1.285880951677008109e-08
1.291421818250453855e-08
1.297145073650121781e-08
1.303051488978975590e-08
1.309138403263633783e-08
1.315404316423249399e-08
1.321861499660313697e-08
1.328528330150368415e-08
1.335427061777966517e-08
1.342570191215893943e-08
1.349955160503904313e-08
1.357576885011850872e-08
1.365433111307608340e-08
1.373525421217790373e-08
1.381850925368528924e-08
1.390406006743107952e-08
1.399210015633851148e-08
1.408299616185675135e-08
1.417708163113528641e-08
1.427432119294570856e-08
1.437453333032480667e-08
1.447749204637955955e-08
1.458306935067426012e-08
1.469147244703972396e-08
1.480327012426926610e-08
1.491885986383063052e-08
1.503796784446645211e-08
1.515997593325054174e-08
1.528460312377412546e-08
1.541241499400250967e-08
1.554421669915789508e-08
1.567977539566445523e-08
1.581803786069827701e-08
1.595878746162053110e-08
1.610318835000194386e-08
1.625167886175090453e-08
1.640295253167690583e-08
1.655664513896575722e-08
1.671426164556729941e-08
1.687575880349410446e-08
1.703972990872255733e-08
1.720698688451672472e-08
1.737801032427520340e-08
1.755097324411921407e-08
1.772673609991111524e-08
1.790593134379012894e-08
1.808673358591274976e-08
1.827034343702046609e-08
1.845604488335341638e-08
1.864348321561815804e-08
1.883326882146405008e-08
1.902446601413799084e-08
1.921781101515068285e-08
1.941252395525602421e-08
1.960905168792902813e-08
1.980689637732469971e-08
2.000630696610165463e-08
2.020710730040872617e-08
2.040940612511572106e-08
2.061328840608928343e-08
2.081879034440587464e-08
2.102579120975931386e-08
2.123417917631970600e-08
2.144388647127198609e-08
2.165378777129698666e-08
2.186347742222181865e-08
2.207264286253118872e-08
2.228052266042639689e-08
2.248634324521479792e-08
2.268943931255388354e-08
2.288913946802222370e-08
2.308480376455181169e-08
2.327593366494964411e-08
2.346216585292341446e-08
2.364361345904195746e-08
2.382059989870031913e-08
2.399259359480110831e-08
2.416008256835497066e-08
2.432332488363048428e-08
2.448195899691372688e-08
2.463556066644979288e-08
2.478334205072092925e-08
2.492436841748101999e-08
2.505765369640680243e-08
2.518119250777256535e-08
2.529456912926223462e-08
2.539767635018655114e-08
2.549029569131905239e-08
2.557220039237525423e-08
2.564340395506432623e-08
2.570245801054489303e-08
2.574915901419370351e-08
2.578382542270069977e-08
2.580644016875135411e-08
2.581762467159111824e-08
2.581627973334773926e-08
2.580202289747292423e-08
2.577381503360524500e-08
2.573066805816568364e-08
2.567065347721007143e-08
2.559361146526823554e-08
2.550055766265637618e-08
2.539221650746709623e-08
2.526841702721284150e-08
2.512995570720525745e-08
2.497717798322442951e-08
2.480840344261015693e-08
2.462308847522020824e-08
2.442077280469215007e-08
2.420060598610252489e-08
2.396440190944123713e-08
2.371240539407974034e-08
2.344548825980391680e-08
2.316421611104220859e-08
2.286836106862663846e-08
2.255855094484241175e-08
2.223406561297953601e-08
2.189531674368575922e-08
2.154281880357594634e-08
2.117800879007767633e-08
2.080245787455583698e-08
2.041671484010496711e-08
2.002106774895251009e-08
1.961568846255469509e-08
1.920108590083685558e-08
1.877867956949388280e-08
1.835010466240478756e-08
1.791643415882862608e-08
1.747835160194081948e-08
1.703646035180216002e-08
1.659150847402910074e-08
1.614468099526694950e-08
1.569748753216921591e-08
1.525106334653617942e-08
1.480603964285220554e-08
1.436300435530827098e-08
1.392284609634129139e-08
1.348676888718623386e-08
1.305578008670888074e-08
1.263035154952439927e-08
1.221090366249424305e-08
1.179811762946702911e-08
1.139270967586108958e-08
1.099519152400534553e-08
1.060575431825113165e-08
1.022456427780969619e-08
9.851988745648502266e-09
9.488290757150727776e-09
9.133431085319727785e-09
8.787350700554957617e-09
8.450113579898666772e-09
8.121706865902886314e-09
7.801978670529315818e-09
7.490749123206995589e-09
7.187964967375396938e-09
6.893499779573364310e-09
6.607185995904108260e-09
6.328919521563972336e-09
6.058659839890866706e-09
5.796339396873987766e-09
5.541916075638104720e-09
5.295429401742436106e-09
5.056905375107753756e-09
4.826373924286226844e-09
4.603903626286197726e-09
4.389543235880397442e-09
4.183325967384255041e-09
3.985275472817069039e-09
3.795375112633751870e-09
3.613572335050011466e-09
3.439772713523813272e-09
3.273830265755503651e-09
3.115559938617782938e-09
2.964736221702400106e-09
2.821094953809358370e-09
2.684349262663526692e-09
2.554192819715927148e-09
2.430306996407018516e-09
2.312369539818929716e-09
2.200063296185654888e-09
2.093078940246287451e-09
1.991128313473887721e-09
1.893950548186371589e-09
1.801313332342955588e-09
1.713024128308889558e-09
1.628925532960306760e-09
1.548891105418765225e-09
1.472817862793009736e-09
1.400608613063373233e-09
1.332160679080386306e-09
1.267351856050931587e-09
1.206033123548419191e-09
1.148033003881967445e-09
1.093162936452919711e-09
1.041232575623948463e-09
9.920579106460691904e-10
9.454690138338913335e-10
9.013094103361505062e-10
8.594328328808871541e-10
8.196996978845812054e-10
7.819760240477613595e-10
7.461364193428977989e-10
7.120668568525106382e-10
6.796668035511677482e-10
6.488479228787970088e-10
6.195314663475997870e-10
5.916447987071814459e-10
5.651176798971507546e-10
5.398793096546461264e-10
5.158565526724819563e-10
4.929748754709058655e-10
4.711611818572769407e-10
4.503465858920785028e-10
4.304682656519816272e-10
4.114704935937713583e-10
3.933048166712841730e-10
3.759287772446925616e-10
3.593034602328584735e-10
3.433913380449795740e-10
3.281553125813575424e-10
3.135588323948823746e-10
2.995669763789477674e-10
2.861478623868280751e-10
2.732732272681224387e-10
2.609178934388052601e-10
2.490587257337960295e-10
2.376737362241124926e-10
2.267417822692009074e-10
2.162428811384601828e-10
2.061586242729317806e-10
1.964722280111935515e-10
1.871682040169790279e-10
1.782319981799661877e-10
1.696498282070789613e-10
1.614087028062113274e-10
1.534964567776875621e-10
1.459016925243480867e-10
1.386136512162995046e-10
1.316220997039422917e-10
1.249172799362581343e-10
1.184898931816690564e-10
1.123310632090437026e-10
1.064322681694115962e-10
1.007852857630963526e-10
9.538217110912881766e-11
9.021523260963987943e-11
8.527699528379555356e-11
8.056017519018883843e-11
7.605766256804651210e-11
7.176250291175201353e-11
6.766788106828287626e-11
6.376710965263458994e-11
6.005361810353170583e-11
5.652094482173413023e-11
5.316273228085141275e-11
4.997272373955393680e-11
4.694476177073058623e-11
4.407278738333097555e-11
4.135084014855134827e-11
3.877305959100368802e-11
3.633368736273256795e-11
3.402707038464875543e-11
3.184766418451768716e-11
2.979003656522200198e-11
2.784887168923751511e-11
2.601897419708208177e-11
2.429527336068423279e-11
2.267282688986712904e-11
2.114682455764163017e-11
1.971259164548399519e-11
1.836559195098644541e-11
1.710143037996360751e-11
1.591585499250159799e-11
1.480475858203619984e-11
1.376417985129725380e-11
1.279030413476521175e-11
1.187946370053243862e-11
1.102813631100203830e-11
1.023294547714980015e-11
9.490658713212344211e-12
8.798185750965214020e-12
8.152576357927068807e-12
7.551017781633411139e-12
6.990831836363894753e-12
6.469471709378417952e-12
5.984518579423739313e-12
5.533677952171359945e-12
5.114775789130955542e-12
4.725754520254632362e-12
4.364668977463460625e-12
4.029682231670064900e-12
3.719061369785736645e-12
3.431173250843235982e-12
3.164480255341487307e-12
2.917536077739306202e-12
2.688981580470394816e-12
2.477540684876144278e-12
2.282016325289274010e-12
2.101286509653106695e-12
1.934300461674602402e-12
1.780074912084148594e-12
1.637690471488308646e-12
1.506288142187568687e-12
1.385065940636843317e-12
1.273275656297264930e-12
1.170219739749022383e-12
1.075248316365828111e-12
9.877563280460745543e-13
9.071808130723772197e-13
8.329983126338240503e-13
7.647232051005561316e-13
7.019029680181410128e-13
6.441182820710895494e-13
5.909802488032498068e-13
5.421283266289093418e-13
4.972284502473683083e-13
4.559712534816847243e-13
4.180703906893510853e-13
3.832609569314455870e-13
3.512980013652437126e-13
3.219551336351520620e-13
2.950232154036935699e-13
2.703091310660246008e-13
2.476346372648504619e-13
2.268358772413292113e-13
2.077608020571460531e-13
1.902693405809543783e-13
1.742326661661455600e-13
1.595321075707874225e-13
1.460583863998799653e-13
1.337109084146691205e-13
1.223971048087763537e-13
1.120318184639110786e-13
1.025372092236491996e-13
9.384110760758731166e-14
8.587696281990669682e-14
7.858397065974534892e-14
7.190627404611285327e-14
6.579257319763916681e-14
6.019576477808282237e-14
5.507328333251311482e-14
5.038484112187607679e-14
4.609388929822681678e-14
4.216702636946860658e-14
3.857361583633883244e-14
3.528596124221736982e-14
3.227825793139546221e-14
2.952647554514289518e-14
2.700897531356407967e-14
2.470598643100959168e-14
2.259998284521970284e-14
2.067355149175159126e-14
1.891145004466870846e-14
1.729995006168796572e-14
1.582653741591948352e-14
1.447894691367369732e-14
1.324647257371434328e-14
1.212003666228397264e-14
1.108987574706239582e-14
1.014784486252203836e-14
9.287020181554004662e-15
8.499820587953206534e-15
7.780290341662029736e-15
7.122695254153500598e-15
6.521428895414563908e-15
5.972253207469868452e-15
5.470088680482738646e-15
5.011513592017495398e-15
4.592270739161775964e-15
4.209502953968103403e-15
3.859597435414005553e-15
3.540280735084619411e-15
3.248486237345217547e-15
2.982125407743780741e-15
2.738971652070874766e-15
2.516919334599169524e-15
2.314407937549676986e-15
2.129627199137354141e-15
1.961030121940452889e-15
1.807267939821255415e-15
1.667216498062792047e-15
1.539571477647292577e-15
1.423289958610606018e-15
1.317415079524792474e-15
1.221068749830640998e-15
1.133445071614432447e-15
1.053804372535636483e-15
9.814678130476200922e-16
9.158123463748226020e-16
8.562659854876819382e-16
8.023033854388801248e-16
7.534429292515383744e-16
7.093236898188065219e-16
6.694578012904975919e-16
6.334707932913420425e-16
