# bin_4_4
1.148364665550652484e-04
1.125592478663014221e-04
1.103297219645437788e-04
1.081470439049258170e-04
1.060105411545848170e-04
1.039193770759099037e-04
1.018728596304192461e-04
9.987011995501899892e-05
9.791043706493800941e-05
9.599295003805215947e-05
9.411691450183602497e-05
9.228145571285477410e-05
9.048580515816211924e-05
8.872907658073697450e-05
8.701053991335869989e-05
8.532929647965145322e-05
8.368457499599197560e-05
8.207553036222354245e-05
8.050136780318396703e-05
7.896124486587252449e-05
7.745437445267095854e-05
7.597988914900991140e-05
7.453709377274841778e-05
7.312512521096423894e-05
7.174323475869259553e-05
7.039064110802549523e-05
6.906657938140102948e-05
6.777028925242649143e-05
6.650102524625429816e-05
6.525798901969162634e-05
6.404057931001264309e-05
6.284800862269701712e-05
6.167961204540020463e-05
6.053471522026299920e-05
5.941261208890155643e-05
5.831268093270417722e-05
5.723425239472504166e-05
5.617663084224550573e-05
5.513935077744395178e-05
5.412172161764573693e-05
5.312319826084212345e-05
5.214322010542584785e-05
5.118118052933151818e-05
5.023661871326509491e-05
4.930896018664489131e-05
4.839762921048996244e-05
4.750231174751307197e-05
4.662242011669812531e-05
4.575754238687629332e-05
4.490723444571661317e-05
4.407099363283240230e-05
4.324854405466836503e-05
4.243939809988199653e-05
4.164309788372488267e-05
4.085948049616560453e-05
4.008805563881624007e-05
3.932855217190088146e-05
3.858062540509662032e-05
3.784386846053127584e-05
3.711819252268482570e-05
3.640318051113999507e-05
3.569848512776592405e-05
3.500408122963659564e-05
3.431955082893440012e-05
3.364476459981072335e-05
3.297945688113885549e-05
3.232329428770618524e-05
3.167636315626296841e-05
3.103828972157750206e-05
3.040883465353365315e-05
2.978808557888251883e-05
2.917565719313770645e-05
2.857156259313058485e-05
2.797559516547240595e-05
2.738746286792500574e-05
2.680740997575817544e-05
2.623508398021406776e-05
2.567034193230437680e-05
2.511334508841402954e-05
2.456372130981943839e-05
2.402161189985160160e-05
2.348683707059273350e-05
2.295912772030646318e-05
2.243885422111843242e-05
2.192565938792200822e-05
2.141949476227887196e-05
2.092053988456377169e-05
2.042843791656621765e-05
1.994343139395856875e-05
1.946534075022579317e-05
1.899391074234755091e-05
1.852959737408830108e-05
1.807202186551511118e-05
1.762121764225652159e-05
1.717734458479236947e-05
1.674005217295036988e-05
1.630966881390175481e-05
1.588598965983976360e-05
1.546877308071522593e-05
1.505851884491713770e-05
1.465481837234183625e-05
1.425776821623106212e-05
1.386748192807873371e-05
1.348360688763694596e-05
1.310654334929408668e-05
1.273604172643837308e-05
1.237187835104650042e-05
1.201455513974644707e-05
1.166362986199399425e-05
1.131924832624105133e-05
1.098146152840362476e-05
1.064991915253856335e-05
1.032507202307068267e-05
1.000661159119084187e-05
9.694332796516038351e-06
9.388704581316719162e-06
9.089264066764345844e-06
8.796198813389130734e-06
8.509487729564418996e-06
8.228779859179402201e-06
7.954547676882579925e-06
7.686429626518248963e-06
7.424253360446140317e-06
7.168424416533637852e-06
6.918465687123536853e-06
6.674593683400631834e-06
6.436727788444674652e-06
6.204522533850241459e-06
5.978435447236655664e-06
5.758062648676832697e-06
5.543283305825138669e-06
5.334420045012271697e-06
5.130988986207376691e-06
4.933225381251994952e-06
4.741011502716352297e-06
4.554006382731432860e-06
4.372630920868303429e-06
4.196473484996244076e-06
4.025462643509518218e-06
3.859830446395437745e-06
3.699137296356786008e-06
3.543622371833993922e-06
3.393154363119870956e-06
3.247446142503829080e-06
3.106875930938973706e-06
2.971065023993838673e-06
2.840016403458414460e-06
2.713861597700710864e-06
2.592235825698943821e-06
2.475313513803473470e-06
2.362903565906669127e-06
2.254686604165446172e-06
2.150849677661893051e-06
2.050921285636287497e-06
1.954788263632583470e-06
1.862354557327919022e-06
1.773193075596913007e-06
1.687329247688724214e-06
1.604497975886549801e-06
1.524409997559778153e-06
1.447183752232089169e-06
1.372467063441126971e-06
1.300256378791113752e-06
1.230530117126928942e-06
1.163069128861258401e-06
1.098003436093308602e-06
1.035219677059512926e-06
9.746166439964915667e-07
