# bin_4_2
6.445757587403169817e-05
6.312187331624185388e-05
6.181243921230949057e-05
6.052895858997320761e-05
5.927127868524731245e-05
5.803909872907051681e-05
5.683221439296027444e-05
5.565029691120703699e-05
5.449313383317445014e-05
5.336035715297648871e-05
5.225171804286582591e-05
5.116683717818300341e-05
5.010544730740096032e-05
4.906715746853272989e-05
4.805166796714367857e-05
4.705857919635381061e-05
4.608757070078346637e-05
4.513822726546575144e-05
4.421022099576904648e-05
4.330312179260591647e-05
4.241658030901648602e-05
4.155016633655879839e-05
4.070352979199560610e-05
3.987623410809781871e-05
3.906791368399528799e-05
3.827813623457643075e-05
3.750652862309935117e-05
3.675265739366512881e-05
3.601614172568530075e-05
3.529654518548867517e-05
3.459351224974147054e-05
3.390660716785971491e-05
3.323545949223249415e-05
3.257965482936664870e-05
3.193881409741683729e-05
3.131253516790720345e-05
3.070044428294111240e-05
3.010212793558296235e-05
2.951726131815184923e-05
2.894544080946194551e-05
2.838632129437003817e-05
2.783953006875366305e-05
2.730471396507852695e-05
2.678152912051931072e-05
2.626963287423149797e-05
2.576866034593863015e-05
2.527834125617729546e-05
2.479831506355738868e-05
2.432829057225119839e-05
2.386794879592926108e-05
2.341698246213319733e-05
2.297512440508370715e-05
2.254207584032898013e-05
2.211753159406060906e-05
2.170128738468300083e-05
2.129303922854316802e-05
2.089255842645964438e-05
2.049958530145306451e-05
2.011386485290862390e-05
1.973521669099138656e-05
1.936338905459924052e-05
1.899813959979499762e-05
1.863933412637384552e-05
1.828672155821479340e-05
1.794014309105060610e-05
1.759939333942648541e-05
1.726426801382095104e-05
1.693467339216155531e-05
1.661039946022630897e-05
1.629126677278785790e-05
1.597720612472142376e-05
1.566800702839181482e-05
1.536358198426097639e-05
1.506377337569855587e-05
1.476841658724951394e-05
1.447750150629422287e-05
1.419085076869549121e-05
1.390834235432647742e-05
1.362996040096352060e-05
1.335552348501627895e-05
1.308501156748390336e-05
1.281830062508520282e-05
1.255525501797237400e-05
1.229593948938179997e-05
1.204019606026433192e-05
1.178795682842148458e-05
1.153923908278654853e-05
1.129388460229439671e-05
1.105193306275933612e-05
1.081327941300999165e-05
1.057780802108206474e-05
1.034564464563208029e-05
1.011663775085315592e-05
9.890765755146329810e-06
9.668061439885159816e-06
9.448379348105477707e-06
9.231814708127551996e-06
9.018266119782847475e-06
8.807631345752801224e-06
8.600082170500236009e-06
8.395461693365267902e-06
8.193786136501674650e-06
7.995087559236073362e-06
7.799223654370950721e-06
7.606342548841402820e-06
7.416332823979276595e-06
7.229102072193125901e-06
7.044851142908929134e-06
6.863407395937918782e-06
6.684819507942240793e-06
6.509106260493722286e-06
6.336125114224189753e-06
6.166071474569067013e-06
5.998810058615566708e-06
5.834254307389756852e-06
5.672617318649604861e-06
5.513709692077604568e-06
5.357611797418141709e-06
5.204317832862385183e-06
5.053678544395386178e-06
4.905925318062898603e-06
4.760894741969753519e-06
4.618511929722427927e-06
4.478984000146218428e-06
4.342101369945659445e-06
4.207972703457573939e-06
4.076567202868541968e-06
3.947728704529328952e-06
3.821705682423587036e-06
3.698305221214691098e-06
3.577475624776830153e-06
3.459401944307341384e-06
3.343852985758252774e-06
3.230962312152110326e-06
3.120679743875905266e-06
3.012838665392106109e-06
2.907689360440394525e-06
2.805021228500080802e-06
2.704804593347702749e-06
2.607186500401954771e-06
2.511934934088601260e-06
2.419193405144277838e-06
2.328891235048868214e-06
2.240867287514607700e-06
2.155353592105363640e-06
2.072129918793063747e-06
1.991196184709063368e-06
1.912643218344734342e-06
1.836264534759128704e-06
1.762193394924878037e-06
1.690347267197423029e-06
1.620581745932047686e-06
1.553096804789503585e-06
1.487682174358002594e-06
1.424361497056068560e-06
1.363185423228068584e-06
1.303983257350462916e-06
1.246883001147763772e-06
1.191800218862507513e-06
1.138620467745388161e-06
1.087500939401714145e-06
1.038243689771335783e-06
9.908656962655354942e-07
9.453569307189579892e-07
9.015401349328356589e-07
8.594819690461218040e-07
8.190452562492237368e-07
7.800924579378329849e-07
