# bin_3_3
8.203664825254631339e-05
8.036308401795150735e-05
7.872370807173428690e-05
7.711801603579671656e-05
7.554567092267373688e-05
7.400618324117982103e-05
7.249917194949291827e-05
7.102411741547484756e-05
6.958062489017006677e-05
6.816814296260666640e-05
6.678625670340733109e-05
6.543440359392666808e-05
6.411212913765576777e-05
6.281886366101302086e-05
6.155415115641267739e-05
6.031740823445393043e-05
5.910815076385934072e-05
5.792580250541911734e-05
5.676986324261742805e-05
5.563975209455669093e-05
5.453495726608563021e-05
5.345488457862841817e-05
5.239905522047970279e-05
5.136687188441516592e-05
5.035782767216710314e-05
4.937135731227497464e-05
4.840693986414293045e-05
4.746401784909846564e-05
4.654207114039756447e-05
4.564053073756917854e-05
4.475894249694714649e-05
4.389673779776922364e-05
4.305343513463947761e-05
4.222851451913606701e-05
4.142147822478583688e-05
4.063183205829143900e-05
3.985909364583666931e-05
3.910274162921840421e-05
3.836238813035139545e-05
3.763752180164852638e-05
3.692771880515220760e-05
3.623253030138448485e-05
3.555150829587672839e-05
3.488425516570795330e-05
3.423034134245555817e-05
3.358932366487956566e-05
3.296089983462426227e-05
3.234462796271564785e-05
3.174016412696115146e-05
3.114713762169043636e-05
3.056516983362768039e-05
2.999397584785635417e-05
2.943318903852747446e-05
2.888244593334260565e-05
2.834154306416794713e-05
2.781011078577900136e-05
2.728789710739783344e-05
2.677460549509899399e-05
2.626992779390848875e-05
2.577370054940438413e-05
2.528561542858790212e-05
2.480539038881525226e-05
2.433291662888390362e-05
2.386788695385607778e-05
2.341014460075418259e-05
2.295945845483100158e-05
2.251558148022402136e-05
2.207846825312521981e-05
2.164785519774205071e-05
2.122353973723584172e-05
2.080549648149304808e-05
2.039345911019122253e-05
1.998736643449699685e-05
1.958704195280722957e-05
1.919227986147087635e-05
1.880314612375196296e-05
1.841940760906825747e-05
1.804093347382748185e-05
1.766776136086294115e-05
1.729965000808933706e-05
1.693662777940375334e-05
1.657855101506137076e-05
1.622524232476703820e-05
1.587686271684316989e-05
1.553319167212538805e-05
1.519416631903433580e-05
1.485985590404360096e-05
1.453003955106967250e-05
1.420482172265585312e-05
1.388407239626904647e-05
1.356763164515526351e-05
1.325573359486838885e-05
1.294815431175666632e-05
1.264488959532233278e-05
1.234601501623380426e-05
1.205131890580852979e-05
1.176097463369057614e-05
1.147484631365050986e-05
1.119278663422181868e-05
1.091507919881405799e-05
1.064148496251448947e-05
1.037204740991452230e-05
1.010682791612070176e-05
9.845614454922672499e-06
9.588643303065026762e-06
9.335756512004468363e-06
9.086818180460872596e-06
8.842135585448377132e-06
8.601445514101333162e-06
8.364831094821230072e-06
8.132324589238966830e-06
7.903712748719935125e-06
7.679283687421346494e-06
7.458842485248941620e-06
7.242262677736019245e-06
7.029851037125491713e-06
6.821323972795598090e-06
6.616801594640065922e-06
6.416275121339925064e-06
6.219525235230445981e-06
6.026873567171188949e-06
5.838087158827911452e-06
5.653058113268501949e-06
5.472068775098916938e-06
5.294815399331878692e-06
5.121448118200710446e-06
4.951920619468045330e-06
4.786009904422446600e-06
4.624045023229318562e-06
4.465757651703422206e-06
4.311073076569539300e-06
4.160230589091324018e-06
4.012908207091167810e-06
3.869279698056352465e-06
3.729272161949245834e-06
3.592655969024921588e-06
3.459748454478037759e-06
3.330264946466247392e-06
3.204161043057301770e-06
3.081616910423355110e-06
2.962321678849528801e-06
2.846453505505598609e-06
2.733915548830841763e-06
2.624494177200119980e-06
2.518473397619106611e-06
2.415567186518833071e-06
2.315773366179358457e-06
2.219200007467328398e-06
2.125586877859403193e-06
2.035099782433511948e-06
1.947640138608056484e-06
1.863031617120090230e-06
1.781515597863191950e-06
1.702829085048167983e-06
1.626991915672974927e-06
1.554042263711888590e-06
1.483741602094546252e-06
1.416196923719283489e-06
1.351252251371595041e-06
1.288705236386083527e-06
1.228665580041322989e-06
1.170825893935669744e-06
1.115140701475191274e-06
1.061539733827008188e-06
1.009774802587706740e-06
9.598945457403336073e-07
9.117351484943096994e-07
8.651490582602550672e-07
