# bin_3_1
2.724809028659857507e-05
2.669447128487316263e-05
2.614939688130223989e-05
2.561282372632572027e-05
2.508484262356714200e-05
2.456543445021207897e-05
2.405464883177190689e-05
2.355245744817744920e-05
2.305891695711301113e-05
2.257396324096820170e-05
2.209764949749073814e-05
2.162990407607474151e-05
2.117075262324257627e-05
2.072013249777839245e-05
2.027803860313277329e-05
1.984440195444763002e-05
1.941921470893143208e-05
1.900238262603152470e-05
1.859389399392796154e-05
1.819364702087000073e-05
1.780160894455748256e-05
1.741767782631683346e-05
1.704179943092361816e-05
1.667387097791573388e-05
1.631383498175556623e-05
1.596157080794461736e-05
1.561701432055616776e-05
1.528003707451301466e-05
1.495056308920363593e-05
1.462846409809819631e-05
1.431365287934864355e-05
1.400599828515423692e-05
1.370540717034096174e-05
1.341174076179577454e-05
1.312490146305109241e-05
1.284474749750966804e-05
1.257117387697126951e-05
1.230403750540007934e-05
1.204323215419379237e-05
1.178861321105965976e-05
1.154006963347053709e-05
1.129745591675219364e-05
1.106065745466606930e-05
1.082953106192206921e-05
1.060395910680457640e-05
1.038379635094561075e-05
1.016893186877303714e-05
9.959221008669423111e-06
9.754548624135541939e-06
9.554773900815597185e-06
9.359780586695590478e-06
9.169434945043866841e-06
8.983619507280520778e-06
8.802197751692118430e-06
8.625066358102985605e-06
8.452090408484695837e-06
8.283162735356809856e-06
8.118156181671520752e-06
7.956961086672478817e-06
7.799464171881946987e-06
7.645557567023725427e-06
7.495120660784981446e-06
7.348065650049075094e-06
7.204273433806445116e-06
7.063653604603784212e-06
6.926096278237736637e-06
6.791506557653071795e-06
6.659795550857785517e-06
6.530869935026636973e-06
6.404629967835303682e-06
6.281007285255497050e-06
6.159900985839023154e-06
6.041241504320904851e-06
5.924938983170432636e-06
5.810914758896338828e-06
5.699107601211589819e-06
5.589439485732473633e-06
5.481833488130809951e-06
5.376241334937457625e-06
5.272579597991094328e-06
5.170801303946674377e-06
5.070834972831227341e-06
4.972617689883826095e-06
4.876115572557692364e-06
4.781264803856723619e-06
4.688010801208871075e-06
4.596322715579422908e-06
4.506133313587216574e-06
4.417417515246613171e-06
4.330118832335834981e-06
4.244188132671370698e-06
4.159616273674018851e-06
4.076350764529183161e-06
3.994356933668867805e-06
3.913617460579847752e-06
3.834077756069398730e-06
3.755733988229750423e-06
3.678540240464213740e-06
3.602458481465606257e-06
3.527501089556496552e-06
3.453622502220270019e-06
3.380804881075392407e-06
3.309039441688942109e-06
3.238280262484327253e-06
3.168544183159775933e-06
3.099790971957616825e-06
3.031990745192774676e-06
2.965173169861812801e-06
2.899294549934651677e-06
2.834351226884549114e-06
2.770338166630043575e-06
2.707215120772639206e-06
2.645018857329031841e-06
2.583708733291542125e-06
2.523259685175166228e-06
2.463714153980783480e-06
2.405027409321869193e-06
2.347209285967538061e-06
2.290253509627451654e-06
2.234121145642595478e-06
2.178867064976173674e-06
2.124446281489296209e-06
2.070838098186964380e-06
2.018092598529122677e-06
1.966159819642138592e-06
1.915062541194374212e-06
1.864790962120895907e-06
1.815304580388215846e-06
1.766672221726251647e-06
1.718840930606260010e-06
1.671796753127543470e-06
1.625592201718088410e-06
1.580167903615169388e-06
1.535559918971266040e-06
1.491754457885100641e-06
1.448705814557248698e-06
1.406493047541268326e-06
1.365055638237144742e-06
1.324386141545292488e-06
1.284533182932222681e-06
1.245431057595899615e-06
1.207125867041964103e-06
1.169597272115981517e-06
1.132797173214324106e-06
1.096808469827536304e-06
1.061563033591379956e-06
1.027063087548519387e-06
9.933449135656592504e-07
9.603436330645482834e-07
9.281094275306849382e-07
8.966159005298669604e-07
8.658154210626178299e-07
8.357880762369217366e-07
8.064614974773960414e-07
7.778455145887504991e-07
7.499629834663383249e-07
7.227514700003076007e-07
6.962629591399339748e-07
6.704643546346694536e-07
6.453120284578066940e-07
6.208775431293634437e-07
5.970880951033250824e-07
5.739588179657413681e-07
5.515002725799959266e-07
5.296551261247156960e-07
5.084759568409241513e-07
4.879261633931169443e-07
4.679713973960997769e-07
