# bin_4_3
9.533010620376905627e-05
9.340590417517549086e-05
9.152160548611153255e-05
8.967656782520112466e-05
8.787032017353484440e-05
8.610223275836127396e-05
8.437179843026708771e-05
8.267835710793799812e-05
8.102138179253612598e-05
7.940019256110609049e-05
7.781424128148215023e-05
7.626283644181451593e-05
7.474539491046152675e-05
7.326121517475555191e-05
7.180972756874699292e-05
7.039021849596201403e-05
6.900208312483106191e-05
6.764463183209566785e-05
6.631724205921022287e-05
6.501922175701712280e-05
6.374994402278309714e-05
6.250869860715672118e-05
6.129491393415090639e-05
6.010787915228281230e-05
5.894698572257989612e-05
5.781157509686548729e-05
5.670102084627853172e-05
5.561467763000066156e-05
5.455192781391732932e-05
5.351210586438525659e-05
5.249469023512459275e-05
5.149901788898529235e-05
5.052452839796366861e-05
4.957063004737535041e-05
4.863673864610119284e-05
4.772229854484017733e-05
4.682674831818782642e-05
4.594949045831648725e-05
4.509009653073153194e-05
4.424797920457069106e-05
4.342265877571237865e-05
4.261363465443864223e-05
4.182039043263146590e-05
4.104249487307230104e-05
4.027945576549814163e-05
3.953077288130798752e-05
3.879612890383941112e-05
3.807502097707349606e-05
3.736707103639751810e-05
3.667187311380814960e-05
3.598899611717268278e-05
3.531814943217104690e-05
3.465891556146460044e-05
3.401088953508465138e-05
3.337387544327701438e-05
3.274745387080761969e-05
3.213135917597363238e-05
3.152527087606559017e-05
3.092883988100868670e-05
3.034192363261416426e-05
2.976416966774941554e-05
2.919526727175852498e-05
2.863513328443802414e-05
2.808341639429200729e-05
2.753996536000044923e-05
2.700453191393079307e-05
2.647683480296640038e-05
2.595687269374042324e-05
2.544433904078515106e-05
2.493901472529364298e-05
2.444091272609237472e-05
2.394972140881404117e-05
2.346540374954723981e-05
2.298776968863428845e-05
2.251658012821028740e-05
2.205196479889517019e-05
2.159364528239150367e-05
2.114148454043532853e-05
2.069556461839059641e-05
2.025559518441301409e-05
1.982164492048080426e-05
1.939355529579853211e-05
1.897111441680658048e-05
1.855456100400771624e-05
1.814362332497894873e-05
1.773824309485464576e-05
1.733853067215344296e-05
1.694421425435624316e-05
1.655544981609854995e-05
1.617208789304690249e-05
1.579393260589193257e-05
1.542130283123807624e-05
1.505391634374837105e-05
1.469178287813857335e-05
1.433501062933353139e-05
1.398333528886295941e-05
1.363699020903813893e-05
1.329581272232378006e-05
1.295961966103069778e-05
1.262877956205316686e-05
1.230298869053732471e-05
1.198231123829240163e-05
1.166682976327557234e-05
1.135627805959331624e-05
1.105095792633352579e-05
1.075067560131809322e-05
1.045526130622037903e-05
1.016510097099705795e-05
9.879861745728565740e-06
9.599652087897030036e-06
9.324512886687211160e-06
9.054177148460149980e-06
8.789000108162475333e-06
8.528741755992791360e-06
8.273244890607726488e-06
8.022883826452397195e-06
7.777303910757684579e-06
7.536653524369798230e-06
7.300920185218575695e-06
7.069832056640063707e-06
6.843774874929528592e-06
6.622463802421256905e-06
6.405765555926844020e-06
6.194015565755036631e-06
5.986840053760120941e-06
5.784418018171748610e-06
5.586690374536289845e-06
5.393384480423106010e-06
5.204885736676542850e-06
5.020870173528506821e-06
4.841245084546553917e-06
4.666287245608711660e-06
4.495607903386674957e-06
4.329408506218815445e-06
4.167598579753557518e-06
4.009902311375654823e-06
3.856683684969892070e-06
3.707604418545413851e-06
3.562609113332540385e-06
3.421901345037453591e-06
3.285114313606654567e-06
3.152451895788989572e-06
3.023800312979460227e-06
2.898911003431802674e-06
2.778107166195674010e-06
2.661058855516244303e-06
2.547764359026451543e-06
2.438344070772915449e-06
2.332497283647862149e-06
2.230406460540448097e-06
2.131950759499671806e-06
2.036915088650269338e-06
1.945547622645091403e-06
1.857522039453646293e-06
1.772826407475820721e-06
1.691460996361818164e-06
1.613114600578632222e-06
1.537861326688343469e-06
1.465488001878226183e-06
1.395736167028584446e-06
1.328699182527092381e-06
1.264022217095660203e-06
1.201652551353617415e-06
1.141517911671811331e-06
1.083360956240021511e-06
1.027252797305207225e-06
9.730401855627812030e-07
9.205890622576510631e-07
