# bin_2_1
2.395715064847436180e-05
2.347465152006839050e-05
2.299931895865392693e-05
2.253111849089189445e-05
2.207014306130616267e-05
2.161638348489379431e-05
2.116989421764172322e-05
2.073065871773307955e-05
2.029874039740387637e-05
1.987408895216844919e-05
1.945676616420565481e-05
1.904671591668590254e-05
1.864397466372375389e-05
1.824849655779108639e-05
1.786028902348345211e-05
1.747930126293689574e-05
1.710553974637442237e-05
1.673892955521911864e-05
1.637947474364149364e-05
1.602709403516232106e-05
1.568177181069823251e-05
1.534342770255170499e-05
1.501202521322542966e-05
1.468748391348733360e-05
1.436976540987589076e-05
1.405877164280267914e-05
1.375445856117161661e-05
1.345672078875682380e-05
1.316550298004386085e-05
1.288070063843781456e-05
1.260224658598376791e-05
1.233003365625435194e-05
1.206398966189460116e-05
1.180399918734396536e-05
1.154998616919769883e-05
1.130183186847376408e-05
1.105945274010861063e-05
1.082272920182388872e-05
1.059157476636900111e-05
1.036586810005799046e-05
1.014551849572749835e-05
9.930402480675011917e-06
9.720426110733046228e-06
9.515467062325230101e-06
9.315427851443386294e-06
9.120184606554612402e-06
8.929643874444625102e-06
8.743681941553255936e-06
8.562201612021623346e-06
8.385081338623828168e-06
8.212223068216501778e-06
8.043510250070096912e-06
7.878843013019251284e-06
7.718102950537004237e-06
7.561200745225504072e-06
7.408019159410469404e-06
7.258465517518572419e-06
7.112428500128214021e-06
6.969813451539852576e-06
6.830519776495050765e-06
6.694454130156340545e-06
6.561510293193095296e-06
6.431610533706628295e-06
6.304650008696280446e-06
6.180548896737573286e-06
6.059209669745511571e-06
5.940549159096522204e-06
5.824486489153194697e-06
5.710939911989199241e-06
5.599820307007397371e-06
5.491065570980568617e-06
5.384586111016286106e-06
5.280318991483415298e-06
5.178183549020847353e-06
5.078110041466984541e-06
4.980040737728487759e-06
4.883906669782073458e-06
4.789638106596265255e-06
4.697189781052398929e-06
4.606487251675099114e-06
4.517486511068758148e-06
4.430122872789690626e-06
4.344340148069717174e-06
4.260103918030911735e-06
4.177357627540539733e-06
4.096050833526253416e-06
4.016153376884332934e-06
3.937605209196265102e-06
3.860381013376141892e-06
3.784429528185692593e-06
3.709706799310047542e-06
3.636199770384395227e-06
3.563862221954917788e-06
3.492661098352157496e-06
3.422578375310212338e-06
3.353565536157373519e-06
3.285615571904653406e-06
3.218687084580206069e-06
3.152746202456693058e-06
3.087798693613342194e-06
3.023805058135794723e-06
2.960747092887877748e-06
2.898614818096814007e-06
2.837367938003907032e-06
2.777017302738856809e-06
2.717527314457342317e-06
2.658871660399909849e-06
2.601071476923384329e-06
2.544089700111383810e-06
2.487920687963771144e-06
2.432558468769094395e-06
2.377968354247150360e-06
2.324178456940831160e-06
2.271153760993059243e-06
2.218872597442972463e-06
2.167367674893750246e-06
2.116601773416504060e-06
2.066581099235761863e-06
2.017299387998426684e-06
1.968723735671948390e-06
1.920898037727472210e-06
1.873784368022162621e-06
1.827365099426896764e-06
1.781680211961912771e-06
1.736688604483531922e-06
1.692407801383009786e-06
1.648829135655331935e-06
1.605918836980408961e-06
1.563733207325733747e-06
1.522228106802472772e-06
1.481391737792898761e-06
1.441266954435499293e-06
1.401804963590761193e-06
1.363034907927023148e-06
1.324945117009046402e-06
1.287497645741004316e-06
1.250758190922592849e-06
1.214676415049845864e-06
1.179246064829345302e-06
1.144507520886501056e-06
1.110406473934120712e-06
1.076981093360489752e-06
1.044214354719885331e-06
1.012066168197364505e-06
9.806063572814074905e-07
9.497780355774348979e-07
9.195831149525612878e-07
8.900522743190328911e-07
8.611313931693955314e-07
8.328628033782048281e-07
8.052243150729634601e-07
7.781759271935137222e-07
7.517860163019722596e-07
7.259937227940155734e-07
7.008075746233712250e-07
6.762474215665467208e-07
6.522607524379372297e-07
6.288923268221304257e-07
6.061142614222119014e-07
5.838897537380412210e-07
5.622809402085076403e-07
5.412261045809236092e-07
5.207385206504638320e-07
5.008276545541786961e-07
4.814444664970676293e-07
4.626344146164076653e-07
4.443655184799822264e-07
4.266075006478325731e-07
