# bin_2_2
4.610352008058786455e-05
4.514615895025764393e-05
4.420633468401433157e-05
4.328388513545276524e-05
4.237880018998596798e-05
4.149093802398218960e-05
4.062023975195764718e-05
3.976654135984808848e-05
3.892978476003339103e-05
3.810976486573255527e-05
3.730639276295230703e-05
3.651945638615687378e-05
3.574885001370821429e-05
3.499435450625206921e-05
3.425582608559772359e-05
3.353303823524538598e-05
3.282583344302976506e-05
3.213396113213867219e-05
3.145725897373637705e-05
3.079546150310293057e-05
3.014838194591834729e-05
2.951575783194990466e-05
2.889738764631383328e-05
2.829300069564854060e-05
2.770238570622709262e-05
2.712526266412634875e-05
2.656141463694607701e-05
2.601055599340141100e-05
2.547245613545730576e-05
2.494683015671704841e-05
2.443345075944160797e-05
2.393203009859526793e-05
2.344233191051384399e-05
2.296407253720858936e-05
2.249700997847683414e-05
2.204086356396580838e-05
2.159538941107912280e-05
2.116030207453672431e-05
2.073537681032488296e-05
2.032033442837354240e-05
1.991493776421615676e-05
1.951891929370700316e-05
1.913203926234338914e-05
1.875404322207996818e-05
1.838469509208552567e-05
1.802373175911631416e-05
1.767095186260380485e-05
1.732609541749457387e-05
1.698895095432678622e-05
1.665927934816993592e-05
1.633686222670784532e-05
1.602148741725643269e-05
1.571294116564616171e-05
1.541099515906269932e-05
1.511548347964629911e-05
1.482618088125311465e-05
1.454291035315006194e-05
1.426547041835359485e-05
1.399367354333836151e-05
1.372736016627146028e-05
1.346634614372223061e-05
1.321044387542162822e-05
1.295953039907773054e-05
1.271341694648361046e-05
1.247196993492870277e-05
1.223502541849234070e-05
1.200243023063782452e-05
1.177408019007081702e-05
1.154982160731651087e-05
1.132950991807815943e-05
1.111306525395796505e-05
1.090033090999755647e-05
1.069121955710726309e-05
1.048560300763337104e-05
1.028335841650431369e-05
1.008443714698409328e-05
9.888712235999987926e-06
9.696080084765731734e-06
9.506499117832723628e-06
9.319838473641853000e-06
9.136055858605881226e-06
8.955051241557783560e-06
8.776726076228057172e-06
8.601083382359422100e-06
8.428015509251744823e-06
8.257457687584884363e-06
8.089395761146637686e-06
7.923720369681542752e-06
7.760430372426490315e-06
7.599444735782460024e-06
7.440683417451737131e-06
7.284193423618919387e-06
7.129878119451486404e-06
6.977706197106060013e-06
6.827680420018394583e-06
6.679705566307862428e-06
6.533819434727535236e-06
6.389949967150965094e-06
6.248030286519716656e-06
6.108142904934804837e-06
5.970193459979747043e-06
5.834178095481396597e-06
5.700105653436362502e-06
5.567887585339081528e-06
5.437599352942144177e-06
5.309168113864275763e-06
5.182536139489287577e-06
5.057811360515649738e-06
4.934893055291336001e-06
4.813800885718175631e-06
4.694540847560664823e-06
4.577027169818938722e-06
4.461370575859338490e-06
4.347486952417556309e-06
4.235323387122446395e-06
4.125003162048549951e-06
4.016416254232215014e-06
3.909605508769337882e-06
3.804565433430713961e-06
3.701206834365355211e-06
3.599669886682396267e-06
3.499854209230825753e-06
3.401714062782118833e-06
3.305376540006224598e-06
3.210717484364807692e-06
3.117801579355510676e-06
3.026609817418152524e-06
2.937047490216580931e-06
2.849273090329018495e-06
2.763166623274075104e-06
2.678696632137367075e-06
2.595982992758538264e-06
2.514883799120904260e-06
2.435484503103878874e-06
2.357754514929921119e-06
2.281589669270608393e-06
2.207157111754741271e-06
2.134322690797384515e-06
2.063068867953106913e-06
1.993496237169035018e-06
1.925456799431873850e-06
1.859047652255549172e-06
1.794224095578236108e-06
1.730881835790845107e-06
1.669182689038878212e-06
1.608982020627082387e-06
1.550281929817352058e-06
1.493149170602264996e-06
1.437446957762634131e-06
1.383270501599532450e-06
1.330565134058929101e-06
1.279233674368127018e-06
1.229420975575650787e-06
1.180982666461148044e-06
1.133935481545577859e-06
1.088317186412385935e-06
1.044007124442225406e-06
1.001098054913701183e-06
9.595297216756794629e-07
9.192228879681504387e-07
8.803014988075452199e-07
8.426340287007733023e-07
8.062487611845776530e-07
7.711613527191074792e-07
7.372673130050128774e-07
7.046473035919039341e-07
6.732282107922666746e-07
6.429355824291321167e-07
