# bin_1_1
1.570760025148533413e-05
1.540321342077902991e-05
1.510268642825595022e-05
1.480600073392878201e-05
1.451324480716777587e-05
1.422442710609203986e-05
1.393960521675967144e-05
1.365878476442164770e-05
1.338203663826083879e-05
1.310933866273667796e-05
1.284076455227158936e-05
1.257629069292220700e-05
1.231597167596859336e-05
1.205979697527341193e-05
1.180779743925515467e-05
1.155996129790138193e-05
1.131632287146553188e-05
1.107685006706937540e-05
1.084157860149391791e-05
1.061047337233161664e-05
1.038355460606599135e-05
1.016079077262923300e-05
9.942183885124477590e-06
9.727704647729926060e-06
9.517356685962182871e-06
9.311094687213508617e-06
9.108919406350084253e-06
8.910779986466009064e-06
8.716667930615792359e-06
8.526535082671924567e-06
8.340360938770985676e-06
8.158095614032876154e-06
7.979716009610391387e-06
7.805163379507064065e-06
7.634412380780826026e-06
7.467400752068862977e-06
7.304096027607282143e-06
7.144436241077857798e-06
6.988383025890965603e-06
6.835872369489667302e-06
6.686863142726376287e-06
6.541286916929835422e-06
6.399100134729428481e-06
6.260233240748969496e-06
6.124638267365956128e-06
5.992245043757531222e-06
5.863004283182438187e-06
5.736844999172229896e-06
5.613715120230714765e-06
5.493542374373637012e-06
5.376274207317417782e-06
5.261838932252115489e-06
5.150180857849157051e-06
5.041228056750729782e-06
4.934927860196436064e-06
4.831208314248786169e-06
4.730014224936989075e-06
4.631275553121417691e-06
4.534935868887495362e-06
4.440929039288657080e-06
4.349198710521853174e-06
4.259676287589319906e-06
4.172311526560814949e-06
4.087036536529663654e-06
4.003799788929291887e-06
3.922536487955280409e-06
3.843193737498763858e-06
3.765713968460982074e-06
3.690045074797493441e-06
3.616126281785154574e-06
3.543913735689068526e-06
3.473347197751456562e-06
3.404382485235226406e-06
3.336963609459050783e-06
3.271043946187529773e-06
3.206578053023582498e-06
3.143520041116363921e-06
3.081819895860206573e-06
3.021442427588323513e-06
2.962336297844421389e-06
2.904467266182980236e-06
2.847788927966546581e-06
2.792262380210616696e-06
2.737855491103843362e-06
2.684529821162688299e-06
2.632246894974183642e-06
2.580980506389014442e-06
2.530688727305852638e-06
2.481348046710908691e-06
2.432921048512231892e-06
2.385376786365947804e-06
2.338695984310602735e-06
2.292847490175943984e-06
2.247803780403409233e-06
2.203546817151681210e-06
2.160042934491743456e-06
2.117279628664113897e-06
2.075226991749784908e-06
2.033861247171849273e-06
1.993175020822620451e-06
1.953142785041085832e-06
1.913746792584757987e-06
1.874975260653985757e-06
1.836801156921917960e-06
1.799222847736707162e-06
1.762215887478621865e-06
1.725762289473757764e-06
1.689864925421421805e-06
1.654501585283605190e-06
1.619662954797027306e-06
1.585341334629578522e-06
1.551514765305269167e-06
1.518192222739993689e-06
1.485351741303041031e-06
1.452979371719469070e-06
1.421086152098323577e-06
1.389651537884838221e-06
1.358673960076977713e-06
1.328147284300110800e-06
1.298052230116222075e-06
1.268407646609396369e-06
1.239191776226396824e-06
1.210393907921805111e-06
1.182030887902912126e-06
1.154081415284571855e-06
1.126551152058605981e-06
1.099433985380817697e-06
1.072711391230346420e-06
1.046410435298125846e-06
1.020507249652197738e-06
9.949948597005562692e-07
9.698934721700122774e-07
9.451783523338977421e-07
9.208625215062937624e-07
8.969391009639204245e-07
8.733879901805149257e-07
8.502430501392573201e-07
8.274776293057243371e-07
8.050880863137951179e-07
7.830949999071556983e-07
7.614705198703861008e-07
7.402338531575824387e-07
7.193756526002511990e-07
6.988746085446003599e-07
6.787687603198714420e-07
6.590277998197350894e-07
6.396527104920715855e-07
6.206603024341578915e-07
6.020219795029437249e-07
5.837608247182663687e-07
5.658646255903803310e-07
5.483115967305844825e-07
5.311409808005976331e-07
5.143194964781528389e-07
4.978520971802439637e-07
4.817505730846548516e-07
4.659860578421029470e-07
4.505846722389989313e-07
4.355306461440380557e-07
4.208032198702822412e-07
4.064400050070493756e-07
3.924059613791919981e-07
3.787091682200016480e-07
3.653559065519054488e-07
3.523179027440033343e-07
3.396231532999181363e-07
3.272525031371712114e-07
3.151876421874191965e-07
