# bin_4_1
2.874680841643879084e-05
2.816081796781382785e-05
2.758400455282298492e-05
2.701632052802202871e-05
2.645785534792335008e-05
2.590858507610151952e-05
2.536855680187948022e-05
2.483773655386456753e-05
2.431617756238496370e-05
2.380380917686723393e-05
2.330068032376224774e-05
2.280671203703202890e-05
2.232192471305023739e-05
2.184624780507512232e-05
2.137967023030191161e-05
2.092211447217863412e-05
2.047356587754235323e-05
2.003392120336702922e-05
1.960316126679614287e-05
1.918117474411203802e-05
1.876792080168984214e-05
1.836328747546676470e-05
1.796721224509888258e-05
1.757958196804842405e-05
1.720033025454515479e-05
1.682932605240158766e-05
1.646649586688206862e-05
1.611170063078344386e-05
1.576485478601227661e-05
1.542581911014508049e-05
1.509449714365226235e-05
1.477074670045537114e-05
1.445446496851194272e-05
1.414550247606627653e-05
1.384375169026102020e-05
1.354906031237006153e-05
1.326131348367802899e-05
1.298035734219391030e-05
1.270607665293928055e-05
1.243831614796260150e-05
1.217695548470720510e-05
1.192183912912861083e-05
1.167284300461479685e-05
1.142981447502127103e-05
1.119262669034189748e-05
1.096112468260176644e-05
1.073518963068614837e-05
1.051466734007226377e-05
1.029943451699769922e-05
1.008934162513916055e-05
9.884264115607650338e-06
9.684060539479996907e-06
9.488605410461378021e-06
9.297753997818305864e-06
9.111396721329322160e-06
8.929390630725857794e-06
8.751622036160898235e-06
8.577956646981826740e-06
8.408277986185187669e-06
8.242467162868461568e-06
8.080409706124565530e-06
7.921978513505656655e-06
7.767081343750239435e-06
7.615592628199906049e-06
7.467417250848009117e-06
7.322439784861410358e-06
7.180560019048454772e-06
7.041685601208892330e-06
6.905717950616967689e-06
6.772552564271472838e-06
6.642118384121767858e-06
6.514309373851705657e-06
6.389053082108294230e-06
6.266255542558187431e-06
6.145834049693022710e-06
6.027725979727513438e-06
5.911849183994190617e-06
5.798123543370991937e-06
5.686499561575502236e-06
5.576889716264941199e-06
5.469245822356485324e-06
5.363493366135323943e-06
5.259566378644976007e-06
5.157431413431391633e-06
5.057021326770814059e-06
4.958279732407151996e-06
4.861175584134461066e-06
4.765638363873275815e-06
4.671643229186602512e-06
4.579131349120414230e-06
4.488051231695757180e-06
4.398395686295393337e-06
4.310109329489904263e-06
4.223156829671152125e-06
4.137521269361305879e-06
4.053145272068647893e-06
3.970026565464526224e-06
3.888117188315109148e-06
3.807377204708938690e-06
3.727822141156123282e-06
3.649403623983970926e-06
3.572104044109430221e-06
3.495915209667689673e-06
3.420788606787666837e-06
3.346743895097381006e-06
3.273738722449016990e-06
3.201741561581073575e-06
3.130786067871674531e-06
3.060825465206481148e-06
2.991857046376793642e-06
2.923876222815621585e-06
2.856840177386825399e-06
2.790789691656635619e-06
2.725681530147708283e-06
2.661489059932430458e-06
2.598259225945410287e-06
2.535943812469663933e-06
2.474554340882195356e-06
2.414084528043901813e-06
2.354492650232318995e-06
2.295838630291153444e-06
2.238074222790214498e-06
2.181177305348264073e-06
2.125202607724599661e-06
2.070096062760503234e-06
2.015882866482625758e-06
1.962552682306072545e-06
1.910061895290223224e-06
1.858485071968490512e-06
1.807765188972323317e-06
1.757887283601968598e-06
1.708908291327287987e-06
1.660763952285355599e-06
1.613493493851806927e-06
1.567082136509236837e-06
1.521480593878342855e-06
1.476774036888881706e-06
1.432897261260860939e-06
1.389842263028176670e-06
1.347661441346903215e-06
1.306283854113983926e-06
1.265759244465498375e-06
1.226065760351943558e-06
1.187151638813498435e-06
1.149105770225014414e-06
1.111854875874066211e-06
1.075401306532928547e-06
1.039783868851732193e-06
1.004932683977738579e-06
9.709014201151947417e-07
9.376616183120033549e-07
9.051619914668538651e-07
8.734877928029439884e-07
8.425612153434541872e-07
8.123925290643507336e-07
7.830058404458481455e-07
7.543341043856980045e-07
7.264325780502545261e-07
6.992658158428659689e-07
6.727871506491509260e-07
6.470725453270376778e-07
6.220442775633455530e-07
5.977184824050359425e-07
5.741063731712302206e-07
5.511469872379790791e-07
5.288962750838315572e-07
5.073156533023523544e-07
4.863690165583936170e-07
