# bin_3_2
5.847121695439415031e-05
5.725809818018832384e-05
5.606841523944071799e-05
5.490190420403669928e-05
5.375846036094769577e-05
5.263783594566967831e-05
5.153987520394034895e-05
5.046430412725970205e-05
4.941096175106489196e-05
4.837953381947172519e-05
4.736982469377906674e-05
4.638151012113554759e-05
4.541437633537926441e-05
4.446808892529163841e-05
4.354239943200355638e-05
4.263696511594212339e-05
4.175151911330482615e-05
4.088569990659263594e-05
4.003923403050699693e-05
3.921174499528102945e-05
3.840293670087813356e-05
3.761243365150922463e-05
3.683993396871991939e-05
3.608505512952919449e-05
3.534748177745949868e-05
3.462683083529655425e-05
3.392278009415785462e-05
3.323494375622249096e-05
3.256298982019955641e-05
3.190653092636064456e-05
3.126525265289062643e-05
3.063876714386664724e-05
3.002674724241526306e-05
2.942882045199770905e-05
2.884465210826172774e-05
2.827387880480153480e-05
2.771616874765711725e-05
2.717114965493559755e-05
2.663852831488129882e-05
2.611794122259684830e-05
2.560907776725433147e-05
2.511159868719511939e-05
2.462518740219722058e-05
2.414952808937724933e-05
2.368431239892406705e-05
2.322920803963645920e-05
2.278396599339735552e-05
2.234825807663743966e-05
2.192181827901870401e-05
2.150435281540825626e-05
2.109558301273610793e-05
2.069525836168880796e-05
2.030310744536300641e-05
1.991884960212065553e-05
1.954229178202186373e-05
1.917315537131798514e-05
1.881122766313668789e-05
1.845626724430723069e-05
1.810804082636931035e-05
1.776637343642755899e-05
1.743103517936218989e-05
1.710180109954873522e-05
1.677853940550651899e-05
1.646101923821728866e-05
1.614908912736611913e-05
1.584255666421044626e-05
1.554123410350307500e-05
1.524502289936462047e-05
1.495373145787604356e-05
1.466719131441822123e-05
1.438532862835364411e-05
1.410795060895864631e-05
1.383496889251102166e-05
1.356623510727023591e-05
1.330159833514337922e-05
1.304103450179306579e-05
1.278438296646912431e-05
1.253152738084967316e-05
1.228244251037719454e-05
1.203696380342338709e-05
1.179506304388548722e-05
1.155662388128455748e-05
1.132152301533399281e-05
1.108980375386161680e-05
1.086132503719255321e-05
1.063601966440786465e-05
1.041389394943807476e-05
1.019480611319272354e-05
9.978781675684341408e-06
9.765723452353810210e-06
9.555527768448678611e-06
9.348293573365674510e-06
9.143887901099060370e-06
8.942285691720619842e-06
8.743509495804621632e-06
8.547430805072330198e-06
8.354125388512486660e-06
8.163501605368636847e-06
7.975469129013282592e-06
7.790169747448387079e-06
7.607467684243951937e-06
7.427372336286939874e-06
7.249907990697929957e-06
7.074950434862253712e-06
6.902623526149632384e-06
6.732828734523254165e-06
6.565485315582382858e-06
6.400763228655084905e-06
6.238514004074160324e-06
6.078776646686261353e-06
5.921565771266283240e-06
5.766757864249494439e-06
5.614520351252625897e-06
5.464734999119823789e-06
5.317326514626271745e-06
5.172478408858733491e-06
5.030027787258092014e-06
4.890042663125866605e-06
4.752517465066649593e-06
4.617322948087698882e-06
4.484660615419910216e-06
4.354387961670727306e-06
4.226439837584945154e-06
4.100997224092181203e-06
3.977878877465171004e-06
3.857179114436833885e-06
3.738871165281854672e-06
3.622819225011791154e-06
3.509242490811014117e-06
3.397972105965748260e-06
3.288963156442413300e-06
3.182379574774000955e-06
3.078019597002090739e-06
2.976001196551711169e-06
2.876280748922453116e-06
2.778712195668128630e-06
2.683518914349389671e-06
2.590515371787931199e-06
2.499675952295561540e-06
2.411132718379358083e-06
2.324681113122709606e-06
2.240449592640186737e-06
2.158375934666631978e-06
2.078317479642790492e-06
2.000483546948452413e-06
1.924678490087784882e-06
1.850903034496345139e-06
1.779240488466185718e-06
1.709507336436984546e-06
1.641825068678012374e-06
1.576120788896702808e-06
1.512266056256426111e-06
1.450443824409922294e-06
1.390465713090460891e-06
1.332353601677839892e-06
1.276154393860179537e-06
1.221713815198647141e-06
1.169148933010282031e-06
1.118383608641662608e-06
1.069315547906356636e-06
1.022092585935635157e-06
9.765395632761208140e-07
9.326786434527922735e-07
8.905094580785455677e-07
8.498789507425000689e-07
8.108586176615244289e-07
7.733312070943775636e-07
7.371780566383665162e-07
