# theta
# unit = radians
1.019863582457115067e-03
1.044721446939158834e-03
1.070185189930091593e-03
1.096269578940121730e-03
1.122989741418546584e-03
1.150361173526802437e-03
1.178399749125356695e-03
1.207121728979624296e-03
1.236543770190285350e-03
1.266682935853454071e-03
1.297556704956282858e-03
1.329182982513778168e-03
1.361580109952690220e-03
1.394766875748473280e-03
1.428762526321531150e-03
1.463586777199043848e-03
1.499259824448828833e-03
1.535802356391910081e-03
1.573235565600553023e-03
1.611581161188752401e-03
1.650861381402255260e-03
1.691099006515476904e-03
1.732317372042761761e-03
1.774540382271625177e-03
1.817792524125878481e-03
1.862098881366648466e-03
1.907485149139502394e-03
1.953977648876166311e-03
2.001603343559457161e-03
2.050389853360244131e-03
2.100365471655579481e-03
2.151559181437224556e-03
2.204000672120137554e-03
2.257720356760611023e-03
2.312749389694107507e-03
2.369119684603002585e-03
2.426863933024662329e-03
2.486015623310675049e-03
2.546609060048183899e-03
2.608679383954556983e-03
2.672262592256996819e-03
2.737395559568884824e-03
2.804116059274910661e-03
2.872462785437489459e-03
2.942475375237087881e-03
3.014194431959534536e-03
3.087661548543567131e-03
3.162919331702365808e-03
3.240011426633018082e-03
3.318982542328199111e-03
3.399878477504835426e-03
3.482746147164754880e-03
3.567633609802659499e-03
3.654590095277317815e-03
3.743666033362049329e-03
3.834913082991124513e-03
3.928384162218944049e-03
4.024133478909493709e-03
4.122216562173819376e-03
4.222690294573680850e-03
4.325612945110197081e-03
4.431044203016547452e-03
4.539045212374258169e-03
4.649678607573279852e-03
4.763008549636372005e-03
4.879100763428762845e-03
4.998022575774833595e-03
5.119842954503799233e-03
5.244632548447127063e-03
5.372463728410752787e-03
5.503410629146023719e-03
5.637549192343630118e-03
5.774957210675371079e-03
5.915714372909474002e-03
6.059902310125533584e-03
6.207604643055799828e-03
6.358907030580431864e-03
6.513897219404770657e-03
6.672665094947327277e-03
6.835302733468212946e-03
7.001904455468066675e-03
7.172566880388582360e-03
7.347388982646169998e-03
7.526472149031473123e-03
7.709920237507934641e-03
7.897839637443377844e-03
8.090339331309773230e-03
8.287530957886866598e-03
8.489528877006182611e-03
8.696450235873206050e-03
8.908415037006085085e-03
9.125546207830126377e-03
9.347969671968697075e-03
9.575814422271684834e-03
9.809212595624007894e-03
1.004829954957732994e-02
1.029321394084973043e-02
1.054409780573869332e-02
1.080109664249390838e-02
1.106435949569796462e-02
1.133403904270371097e-02
1.161029168217825487e-02
1.189327762480526379e-02
1.218316098619804701e-02
1.248010988207705861e-02
1.278429652576747004e-02
1.309589732807295986e-02
1.341509299958396594e-02
1.374206865547931457e-02
1.407701392288247637e-02
1.442012305083449283e-02
1.477159502294713225e-02
1.513163367280204175e-02
1.550044780216260770e-02
1.587825130206685018e-02
1.626526327687202733e-02
1.666170817132268250e-02
1.706781590071554389e-02
1.748382198423733755e-02
1.790996768155232385e-02
1.834650013271920538e-02
1.879367250151799118e-02
1.925174412227055251e-02
1.972098065023976041e-02
2.020165421569410438e-02
2.069404358172772032e-02
2.119843430592711214e-02
2.171511890597796132e-02
2.224439702930873508e-02
2.278657562686894553e-02
2.334196913114323577e-02
2.391089963850395739e-02
2.449369709600869235e-02
2.509069949275076483e-02
2.570225305587326564e-02
2.632871245136104987e-02
2.697044098972681270e-02
2.762781083671007540e-02
2.830120322911208047e-02
2.899100869589143342e-02
2.969762728464820506e-02
3.042146879362877046e-02
3.116295300938518725e-02
3.192250995022753723e-02
3.270058011560955658e-02
3.349761474159319158e-02
3.431407606253981252e-02
3.515043757917930140e-02
3.600718433321345446e-02
3.688481318861253772e-02
3.778383311976754588e-02
3.870476550666628740e-02
3.964814443726411702e-02
4.061451701722386398e-02
4.160444368720606079e-02
4.261849854789216685e-02
4.365726969293038523e-02
4.472135954999575946e-02
4.581138523016391184e-02
4.692797888580028248e-02
4.807178807717178010e-02
4.924347614799482603e-02
5.044372261013690267e-02
5.167322353769394916e-02
5.293269197067367038e-02
5.422285832851809345e-02
5.554447083370442351e-02
5.689829594567150789e-02
