# bin_4_2
2.601125860896769796e-05
2.609657998984747879e-05
2.617852089275459130e-05
2.625671491702563493e-05
2.633136056697203076e-05
2.640220182303799681e-05
2.646931029381769252e-05
2.653251838648924122e-05
2.659186508278817989e-05
2.664717864698813027e-05
2.669853582796649074e-05
2.674572923565169769e-05
2.678884095925977070e-05
2.682771530944526422e-05
2.686237074744358052e-05
2.689269791154857980e-05
2.691870414995186004e-05
2.694027651219462757e-05
2.695744566635756721e-05
2.697008128561524334e-05
2.697822890265151775e-05
2.698177444512240907e-05
2.698071715265786872e-05
2.697498605182001215e-05
2.696457739436468928e-05
2.694941083811874257e-05
2.692950408836273577e-05
2.690476515289107792e-05
2.687521647516457208e-05
2.684078238045037735e-05
2.680146646085023796e-05
2.675721182124409607e-05
2.670801895766364436e-05
2.665383174857883527e-05
2.659466440855550977e-05
2.653046282015299252e-05
2.646124835928491626e-05
2.638697290271297316e-05
2.630764825174972509e-05
2.622324448862013775e-05
2.613377599328811236e-05
2.603921297623528641e-05
2.593957872201695707e-05
2.583485258641385980e-05
2.572506592248701454e-05
2.561019984388191503e-05
2.549027992049359207e-05
2.536530516280177845e-05
2.523531478113562752e-05
2.510030514789048678e-05
2.496031754182664286e-05
2.481537484588401329e-05
2.466552532190728690e-05
2.451079041423467829e-05
2.435122285422084012e-05
2.418685309611549351e-05
2.401776717590869427e-05
2.384399661798405727e-05
2.366561168422548237e-05
2.348269023920995864e-05
2.329530435687223778e-05
2.310353153295974550e-05
2.290746047265652870e-05
2.270716233891601998e-05
2.250278207944774483e-05
2.229438846612798227e-05
2.208210063775337267e-05
2.186605141069873049e-05
2.164634567677697978e-05
2.142312475424239598e-05
2.119651801524193640e-05
2.096664051015763698e-05
2.073369983877033565e-05
2.049780420893036626e-05
2.025912015815345716e-05
2.001783189821365082e-05
1.977407426222210150e-05
1.952804707467270884e-05
1.927990957307192384e-05
1.902981133090823925e-05
1.877800885258689893e-05
1.852463399695928570e-05
1.826989028299253064e-05
1.801398435382380912e-05
1.775706918739832648e-05
1.749937868983528438e-05
1.724107646121566818e-05
1.698232644484777137e-05
1.672340179144321770e-05
1.646443194242358795e-05
1.620562802209042215e-05
1.594718704943459090e-05
1.568925082265812637e-05
1.543205865520142747e-05
1.517574830647135089e-05
1.492046536673014966e-05
1.466646985026896832e-05
1.441385524589782648e-05
1.416281155927889857e-05
1.391349645348752550e-05
1.366601256054704684e-05
1.342058212522750135e-05
1.317728679532572110e-05
1.293623051206821374e-05
1.269763431326301775e-05
1.246153639754310210e-05
1.222808872723261658e-05
1.199738629557345618e-05
1.176947844769498459e-05
1.154455534576382433e-05
1.132262876814130710e-05
1.110375352472408174e-05
1.088809735480621986e-05
1.067563544753829648e-05
1.046647795439001711e-05
1.026065310036344107e-05
1.005815327842468774e-05
9.859134282889261592e-06
9.663538450074445120e-06
9.471378296315613481e-06
9.282769162914453412e-06
9.097623478644054819e-06
8.916020435998639528e-06
8.737930768711908778e-06
8.563294588224385048e-06
8.392243276117251970e-06
8.224661936265275676e-06
8.060533904339761335e-06
7.899927499027393330e-06
7.742708080274262580e-06
7.588935750208021731e-06
7.438533822002560678e-06
7.291406733108624294e-06
7.147671469259662960e-06
7.007171367151761636e-06
6.869879717411316741e-06
6.735822399038411668e-06
6.604841516426373617e-06
6.476987859990162133e-06
6.352150929933215282e-06
6.230215848389364925e-06
6.111294363807583477e-06
5.995203387554102174e-06
5.881918889845922253e-06
5.771434322965564316e-06
5.663583015724691936e-06
5.558421847880862764e-06
5.455815702562726259e-06
5.355645622552587061e-06
5.258025044297439109e-06
5.162756337831579938e-06
5.069825573587241647e-06
4.979202370799604640e-06
4.890721203508989270e-06
4.804460430327762940e-06
4.720266435480370006e-06
4.638026870596451546e-06
4.557860820642319253e-06
4.479562262633690724e-06
4.403134344010511993e-06
4.328529216523375977e-06
4.255591423921305328e-06
4.184431818147681173e-06
4.114877787165914462e-06
4.046827153490982307e-06
3.980407721783671909e-06
3.915412062533308621e-06
3.851869653003851723e-06
3.789715772704802502e-06
3.728803460881989615e-06
3.669282210944580452e-06
3.610962351863799264e-06
3.553759064028505113e-06
3.497806827930959178e-06
3.442893617754863195e-06
3.389083679047450007e-06
3.336300905046398702e-06
3.284404009469266721e-06
3.233577955728689760e-06
3.183615428673999741e-06
3.134461775716177108e-06
3.086252785414479620e-06
3.038764482598096463e-06
2.992104710703446937e-06
2.946192415686457912e-06
2.900884008444476781e-06
2.856395306410168505e-06
2.812509241103582524e-06
2.769203437940852614e-06
2.726603965815603532e-06
2.684488619617009072e-06
2.643001539716719589e-06
2.602055400891159589e-06
2.561516752011166171e-06
2.521613799226307618e-06
2.482125121995181010e-06
2.443069131067029419e-06
2.404537973931876018e-06
2.366332856576649308e-06
2.328607833674954358e-06
2.291270270550406591e-06
2.254201904767167561e-06
2.217619347342527142e-06
2.181313407598820331e-06
2.145342757570182360e-06
2.109781468552081902e-06
2.074484921625589777e-06
2.039635093097180572e-06
2.005166241098128050e-06
1.971011350044043323e-06
1.937369169495414900e-06
1.904050630621680429e-06
1.871110927864089337e-06
1.838554139332986481e-06
1.806215278122458207e-06
1.774199148693045082e-06
1.742378746054701619e-06
1.710660623178787033e-06
1.679156965802925200e-06
1.647683761517257801e-06
1.616289995442437401e-06
1.584962479049561399e-06
1.553590911747738027e-06
1.522287236311434414e-06
1.490978671905679203e-06
1.459655512757708196e-06
1.428452295799365132e-06
1.397301390195418453e-06
1.366330817035510618e-06
1.335603486128141594e-06
1.305125799858136168e-06
1.275051789076035187e-06
