# bin_4_1
8.290665814422931980e-06
8.322970330706354672e-06
8.354371096857463500e-06
8.384627620080726450e-06
8.413908183934825120e-06
8.442052412174818059e-06
8.469139206503327377e-06
8.495075372636774183e-06
8.519910089811418615e-06
8.543538693147620996e-06
8.566053952404912097e-06
8.587317879787692451e-06
8.607417037064682641e-06
8.626256332696351174e-06
8.643877080594572471e-06
8.660216581886661820e-06
8.675309408179298249e-06
8.689095759918020158e-06
8.701609571356926060e-06
8.712765045045496658e-06
8.722632601363217178e-06
8.731141319842246996e-06
8.738321714024767709e-06
8.744133173862553778e-06
8.748595918130898133e-06
8.751664747230581551e-06
8.753379155841669324e-06
8.753679803189461198e-06
8.752608962996699397e-06
8.750122903762407633e-06
8.746246808681775733e-06
8.740950504292670912e-06
8.734258020570561537e-06
8.726137489934878861e-06
8.716620578361791073e-06
8.705673129083472313e-06
8.693329052149160159e-06
8.679561433439846472e-06
8.664396742467790716e-06
8.647814892333231915e-06
8.629843969012787326e-06
8.610463925594081256e-06
8.589705411734083158e-06
8.567551732788484086e-06
8.544034348460822703e-06
8.519138754900538394e-06
8.492892143353590107e-06
8.465287249732652888e-06
8.436354569093571808e-06
8.406084754784911805e-06
8.374507843141605065e-06
8.341619331536146261e-06
8.307449655120802666e-06
8.271994026367986572e-06
8.235282226194752631e-06
8.197310361937248791e-06
8.158113154942352893e-06
8.117686662344470843e-06
8.076059931918814838e-06
8.033237157504793114e-06
7.989245390285795059e-06
7.944087343742094277e-06
7.897789186916479015e-06
7.850352741569841235e-06
7.801812290456015329e-06
7.752166393738612343e-06
7.701441509140111302e-06
7.649646300542515520e-06
7.596802716966678843e-06
7.542918487258664445e-06
7.488016152201744048e-06
7.432097482921591683e-06
7.375199671177720532e-06
7.317320837338965967e-06
7.258486859601404321e-06
7.198709920907087357e-06
7.138007779512931436e-06
7.076394855173450531e-06
7.013891727309921778e-06
6.950501908314839103e-06
6.886268448607463584e-06
6.821190861999065835e-06
6.755298631421925902e-06
6.688609547357884775e-06
6.621142193309167948e-06
6.552922394963427238e-06
6.483972052972807107e-06
6.414301781353895599e-06
6.343964418564749949e-06
6.272965059688151065e-06
6.201342410262242805e-06
6.129122526226077413e-06
6.056329957906984323e-06
5.983006646631582395e-06
5.909179356487969088e-06
5.834869698359276449e-06
5.760143533108040289e-06
5.685013372717924380e-06
5.609530119354375635e-06
5.533729344778606016e-06
5.457643106446195294e-06
5.381331113221276492e-06
5.304824291035530212e-06
5.228153858426452600e-06
5.151396542972625785e-06
5.074570164427929790e-06
4.997735893185807789e-06
4.920932982000577012e-06
4.844197509534368837e-06
4.767601446628170063e-06
4.691173766758253725e-06
4.614950463445873326e-06
4.539010254600649916e-06
4.463369284258976380e-06
4.388091880673208814e-06
4.313212464710697018e-06
4.238762970988120797e-06
4.164818000208241771e-06
4.091395883411475804e-06
4.018529898725108880e-06
3.946290930807006981e-06
3.874683400553814139e-06
3.803767622065813590e-06
3.733565364201694491e-06
3.664095131811516446e-06
3.595426551120424564e-06
3.527560621810081234e-06
3.460521493895534990e-06
3.394364335512527319e-06
3.329076888222456306e-06
3.264710421403291717e-06
3.201268501723051186e-06
3.138753134383509789e-06
3.077224288607572034e-06
3.016663060672525629e-06
2.957083856178837790e-06
2.898521228364013466e-06
2.840948057598443949e-06
2.784404614771484365e-06
2.728876077872735075e-06
2.674349231484057656e-06
2.620873523219086300e-06
2.568412303107212028e-06
2.516972049944987159e-06
2.466568112131982739e-06
2.417161599155077813e-06
2.368785389898570588e-06
2.321408759130751001e-06
2.275008004511198413e-06
2.229623927078797656e-06
2.185206741776663198e-06
2.141758500443892057e-06
2.099279247850578796e-06
2.057722583606141097e-06
2.017119136429165854e-06
1.977426169237296564e-06
1.938615131191271790e-06
1.900720583623223006e-06
1.863684293060904136e-06
1.827507950474757850e-06
1.792180533568040172e-06
1.757653256897421003e-06
1.723958347340952704e-06
1.691044448074817860e-06
1.658882687768638455e-06
1.627503496688673637e-06
1.596845765982660920e-06
1.566914434205559475e-06
1.537690397960975301e-06
1.509126101214217391e-06
1.481257437262631655e-06
1.454028472283384951e-06
1.427414447220870915e-06
1.401442152309200119e-06
1.376051035646700747e-06
1.351250975865357892e-06
1.327018099159513953e-06
1.303308660770781504e-06
1.280161907647270635e-06
1.257519878707485468e-06
1.235365141269077731e-06
1.213720798970508938e-06
1.192528174057757634e-06
1.171803492956691433e-06
1.151520987668208527e-06
1.131640338262418744e-06
1.112204948239234578e-06
1.093157752567426975e-06
1.074488530746232794e-06
1.056216959095609000e-06
1.038289931021058804e-06
1.020731128514841314e-06
1.003515282403099129e-06
9.866093093207857764e-07
9.700630594597027515e-07
9.538223304671930745e-07
9.378856549439959855e-07
9.222644078367416025e-07
9.069058745170701783e-07
8.918290275258405188e-07
8.769942991579808535e-07
8.623568071852606229e-07
8.479544944923076880e-07
8.337211946432732100e-07
8.196556858236267136e-07
8.057647602510823159e-07
7.920066902740344481e-07
7.784225046339861970e-07
7.649901599310397335e-07
7.516914819017857413e-07
7.385896137947008403e-07
7.256394041028450331e-07
7.128642710283995063e-07
7.002790774371015138e-07
6.878515116033895154e-07
6.756326456686200500e-07
6.635963238127679124e-07
6.517260825881793627e-07
6.400798455723400219e-07
6.286086819034010263e-07
6.173398898763500964e-07
6.062813489421291439e-07
5.954026577797285044e-07
5.847575286752320961e-07
5.743141612187947167e-07
5.640567604966102116e-07
5.540283518822459522e-07
5.441682827561371501e-07
5.344887739356001545e-07
5.249669100109378253e-07
5.155468917779238789e-07
5.062492711728613452e-07
