# bin_3_2
2.352488644017191699e-05
2.360424222632344436e-05
2.368058580004074235e-05
2.375356833736496417e-05
2.382338387878022980e-05
2.388979067065432002e-05
2.395285890775136983e-05
2.401243263003283168e-05
2.406855073857156605e-05
2.412105210865448678e-05
2.417001344052383766e-05
2.421523739348115903e-05
2.425680613665390670e-05
2.429457266347796960e-05
2.432855649899402689e-05
2.435865589337552720e-05
2.438487959411711541e-05
2.440712158374141864e-05
2.442541360634246090e-05
2.443963184719938963e-05
2.444982272943043320e-05
2.445587792036930496e-05
2.445779808219007619e-05
2.445551743034636767e-05
2.444903380715381225e-05
2.443827161619816318e-05
2.442324962474999158e-05
2.440388007241643862e-05
2.438018624359636130e-05
2.435209637580635275e-05
2.431961502600036860e-05
2.428268851620574503e-05
2.424131829050253995e-05
2.419545100394278418e-05
2.414510105998125209e-05
2.409021625234293850e-05
2.403081733801923142e-05
2.396685796975452459e-05
2.389834991278471521e-05
2.382526337808793759e-05
2.374761194549528207e-05
2.366536630660838903e-05
2.357854807723581088e-05
2.348713571328805074e-05
2.339115794771838791e-05
2.329059504385101755e-05
2.318547024835247058e-05
2.307578004004803165e-05
2.296155901955023365e-05
2.284280121837516025e-05
2.271954370077555738e-05
2.259180310034752668e-05
2.245962275326496114e-05
2.232301811345357718e-05
2.218203540380019051e-05
2.203669901298173456e-05
2.188708369410412617e-05
2.173321468845632677e-05
2.157515334522178390e-05
2.141296467143858357e-05
2.124671215991685299e-05
2.107646026457536025e-05
2.090228624516711340e-05
2.072424983242138625e-05
2.054247721430937029e-05
2.035702596474461124e-05
2.016799976963270754e-05
1.997551213699609167e-05
1.977965453933569023e-05
1.958054787932893986e-05
1.937830490008222913e-05
1.917302399165541753e-05
1.896488694918968825e-05
1.875398639445403329e-05
1.854046794049710664e-05
1.832449156946829643e-05
1.810617536281763980e-05
1.788569338328833250e-05
1.766318553837278892e-05
1.743878203399195791e-05
1.721270964666295322e-05
1.698508352617049839e-05
1.675608382407610522e-05
1.652589266976649030e-05
1.629464612699735806e-05
1.606255129634217812e-05
1.582975424054466131e-05
1.559640072042331270e-05
1.536273530493878318e-05
1.512887388341451455e-05
1.489500642849274673e-05
1.466130980801507521e-05
1.442791309571235315e-05
1.419503177775069566e-05
1.396279201030385866e-05
1.373132640648094319e-05
1.350087126362761778e-05
1.327151342330266943e-05
1.304342717748595734e-05
1.281675743425218226e-05
1.259160100653781458e-05
1.236816128578518226e-05
1.214651679137844766e-05
1.192676548921811560e-05
1.170911136186992176e-05
1.149359395911520512e-05
1.128035567572524302e-05
1.106948730123408862e-05
1.086103954044309536e-05
1.065518881250342528e-05
1.045195225867659751e-05
1.025138498132808747e-05
1.005364415484131934e-05
9.858713538820546151e-06
9.666698584399842825e-06
9.477630568492343441e-06
9.291509210062512782e-06
9.108480215147919936e-06
8.928498121605842438e-06
8.751579783761692075e-06
8.577834827383621727e-06
8.407189994630338701e-06
8.239722139582690075e-06
8.075410030647230551e-06
7.914205303623677811e-06
7.756230697247825989e-06
7.601388031265208629e-06
7.449666628881095187e-06
7.301132497778885656e-06
7.155668596551225279e-06
7.013333125047780317e-06
6.874060673472990747e-06
6.737769139835714961e-06
6.604566733919363387e-06
6.474315975796275377e-06
6.346995515828191017e-06
6.222631501119074371e-06
6.101084302466306815e-06
5.982402075849725351e-06
5.866487380078284515e-06
5.753239030565899907e-06
5.642758942759879959e-06
5.534884235879005719e-06
5.429594469424069396e-06
5.326885141836424679e-06
5.226607232603499162e-06
5.128812957672125109e-06
5.033381406559774907e-06
4.940206354122257043e-06
4.849389953237912050e-06
4.760754972892906499e-06
4.674288943581702093e-06
4.589964782275061704e-06
4.507633341970298662e-06
4.427364996366848942e-06
4.349021283173176320e-06
4.272501008603303895e-06
4.197910462309286579e-06
4.125064077135363204e-06
4.053964008151733617e-06
3.984566742530572748e-06
3.916731557935443001e-06
3.850557173027505277e-06
3.785887639197987797e-06
3.722630497009106166e-06
3.660899193177333868e-06
3.600506596105976400e-06
3.541477943565764250e-06
3.483754140997387734e-06
3.427202036152977285e-06
3.371954432905008487e-06
3.317840053125974283e-06
3.264781899944372858e-06
3.212899012924849857e-06
3.162000398504808693e-06
3.112142021329374789e-06
3.063254335535880065e-06
3.015209604360083928e-06
2.968172166811759376e-06
2.921955073327128480e-06
2.876508261844263267e-06
2.831951833876481559e-06
2.788084504428589085e-06
2.745001072463821743e-06
2.702627462411313329e-06
2.660834162458212684e-06
2.619813457408694137e-06
2.579369657845058270e-06
2.539481394665412196e-06
2.500260229918981679e-06
2.461506084391753697e-06
2.423346136384005156e-06
2.385699900491734326e-06
2.348445940598606686e-06
2.311787868866245850e-06
2.275525216915190359e-06
2.239673349091331449e-06
2.204315391276954195e-06
2.169274117114225517e-06
2.134690594339082161e-06
2.100483958327825134e-06
2.066550448785488880e-06
2.033088023637585765e-06
1.999906694899291112e-06
1.967054741489033434e-06
1.934591453841479684e-06
1.902374767808812956e-06
1.870557533931982027e-06
1.839067930794113530e-06
1.807836795018154710e-06
1.777043482723004945e-06
1.746519386255918664e-06
1.716323955675711593e-06
1.686474808306391892e-06
1.656836156783951688e-06
1.627519097232924754e-06
1.598418186770582426e-06
1.569455073364555087e-06
1.540737767846238871e-06
1.512096722968776213e-06
1.483574092237695984e-06
1.455153234521555914e-06
1.426725799217838159e-06
1.398389389764762726e-06
1.370067672681001213e-06
1.341742239640523792e-06
1.313529944684425272e-06
1.285357411195182009e-06
1.257334271972634306e-06
1.229510296011855620e-06
1.201883154904666306e-06
1.174592504969970954e-06
