# bin_1_1
3.448227039601848051e-06
3.467128712988567690e-06
3.485802311031389093e-06
3.504068584100972265e-06
3.522068218313586665e-06
3.539692557291826744e-06
3.556987067576763142e-06
3.573908012766757140e-06
3.590487466144835254e-06
3.606654855471387336e-06
3.622484974112625696e-06
3.637877834428004259e-06
3.652905427122743219e-06
3.667502632763809687e-06
3.681690905144509097e-06
3.695447851693457675e-06
3.708784723758763354e-06
3.721657368800193107e-06
3.734110809457460995e-06
3.746079219347381463e-06
3.757610938679407566e-06
3.768660302999676128e-06
3.779245665679824528e-06
3.789335115376591150e-06
3.798941261658822039e-06
3.808042734247261639e-06
3.816658715297481865e-06
3.824750407687905514e-06
3.832346251647121195e-06
3.839409519246460696e-06
3.845958225369950616e-06
3.851969703087133885e-06
3.857455096077011043e-06
3.862387890272587459e-06
3.866789716158048242e-06
3.870627981908183233e-06
3.873922605832167548e-06
3.876649581658911632e-06
3.878820491306411556e-06
3.880415345452324292e-06
3.881443267749183012e-06
3.881889976122254919e-06
3.881765831345829234e-06
3.881050608148774955e-06
3.879756816558498531e-06
3.877868281502797268e-06
3.875392260948597777e-06
3.872317372256049680e-06
3.868648991614043038e-06
3.864375642114373329e-06
3.859505238467832184e-06
3.854023891425356464e-06
3.847942955879820008e-06
3.841248961702330714e-06
3.833948704194540923e-06
3.826033016323268216e-06
3.817507887743415196e-06
3.808364373332361830e-06
3.798608822023184100e-06
3.788233090065085132e-06
3.777243792688418462e-06
3.765633538040268688e-06
3.753407001015524226e-06
3.740557843966746115e-06
3.727092784362905699e-06
3.713005074272791459e-06
3.698301384533147273e-06
3.682976035686878213e-06
3.667036038659977441e-06
3.650475282607253531e-06
3.633300216342544305e-06
3.615505957783851759e-06
3.597102183001980172e-06
3.578083778293092791e-06
3.558458200692167258e-06
3.538223302988076528e-06
3.517386002161153341e-06
3.495945431229158845e-06
3.473908632412069112e-06
3.451273333207868695e-06
3.428052748830713121e-06
3.404244806233853156e-06
3.379859516292149422e-06
3.354899448004801367e-06
3.329372731871868080e-06
3.303284913803418802e-06
3.276645022265527197e-06
3.249455260881057301e-06
3.221734215563989398e-06
3.193483631191371870e-06
3.164718141125111436e-06
3.135445639945193628e-06
3.105677865124016885e-06
3.075428331573274637e-06
3.044709406918339854e-06
3.013529491489280501e-06
2.981914071207925938e-06
2.949869440076230441e-06
2.917416910725950377e-06
2.884570796618220367e-06
2.851347233347594628e-06
2.817769515657383117e-06
2.783853890550437121e-06
2.749615058906890324e-06
2.715085682185786514e-06
2.680276906194059341e-06
2.645216851110251851e-06
2.609924683123763432e-06
2.574420948435415637e-06
2.538737059919629395e-06
2.502891887737748866e-06
2.466905211648317321e-06
2.430814031135812685e-06
2.394632154639700750e-06
2.358392128326288077e-06
2.322114739689782939e-06
2.285821950542962938e-06
2.249549464980489008e-06
2.213314858892111569e-06
2.177139744764999973e-06
2.141060763699337292e-06
2.105089791713697569e-06
2.069259973412561158e-06
2.033589553487697437e-06
1.998097047870062039e-06
1.962818083046234583e-06
1.927764908013442163e-06
1.892956822920236278e-06
1.858425424851754702e-06
1.824176770272276044e-06
1.790240761606437874e-06
1.756628899975362413e-06
1.723353061111601219e-06
1.690444913556609830e-06
1.657908363650758888e-06
1.625758071299202541e-06
1.594016672357303088e-06
1.562683133215284009e-06
1.531781430198302557e-06
1.501314306634597446e-06
1.471285775068423071e-06
1.441721444535485513e-06
1.412616120098579455e-06
1.383978966059176412e-06
1.355822743003047861e-06
1.328139263039612402e-06
1.300946755551240354e-06
1.274239103406656583e-06
1.248013350828723158e-06
1.222289065950932726e-06
1.197053036462652616e-06
1.172309631673252999e-06
1.148062753482933035e-06
1.124298401401619612e-06
1.101030955815910922e-06
1.078246767654627543e-06
1.055937995284463731e-06
1.034119294475811101e-06
1.012771292455870496e-06
9.918953413594542288e-07
9.714884016296022324e-07
9.515330315106688396e-07
9.320420621812912447e-07
9.129959181455664223e-07
8.943839873793199912e-07
8.762176908167621919e-07
8.584741105738999904e-07
8.411538075216010135e-07
8.242485251398625388e-07
8.077391968862252681e-07
7.916391656313057807e-07
7.759249455110507844e-07
7.605855542726531052e-07
7.456304370440041928e-07
7.310347599674874450e-07
7.168002339792697833e-07
7.029153975646270032e-07
6.893609697299025790e-07
6.761518740107008830e-07
6.632618719842171681e-07
6.506814576238291166e-07
6.384183527030782943e-07
6.264456806691685756e-07
6.147673074841566380e-07
6.033694087822273090e-07
5.922320291413229522e-07
5.813725238680678632e-07
5.707633993322426435e-07
5.603978716574699069e-07
5.502831571204108606e-07
5.403934327786835748e-07
5.307370573310765038e-07
5.212999102519778828e-07
5.120641122363793484e-07
5.030507938740526756e-07
4.942323135778762361e-07
4.856061619599781891e-07
4.771775678797623043e-07
4.689226559944709320e-07
4.608530186416314709e-07
4.529533361147162338e-07
4.452066920600012913e-07
4.376365298964769093e-07
4.302143539290266897e-07
4.229411082622779783e-07
4.158197824056126626e-07
4.088274655829436432e-07
4.019798124091260290e-07
3.952595216335998780e-07
3.886508058965701186e-07
3.821786519144697683e-07
3.758135590416271376e-07
3.695601840128966731e-07
3.634196207838251839e-07
3.573701456894403761e-07
3.514328077728884301e-07
3.455890595395050236e-07
3.398260510882342192e-07
3.341703374319507368e-07
3.285925712809866253e-07
3.231022146745650871e-07
3.176987172283311220e-07
3.123619411344766175e-07
3.071167559926013241e-07
3.019421147003879940e-07
2.968272776411272984e-07
2.917968392018171675e-07
2.868210265705313629e-07
2.819122644016185228e-07
2.770668332110324670e-07
2.722658335625141706e-07
2.675356188520734930e-07
