# bin_2_1
5.498787067344232888e-06
5.529764838053785440e-06
5.560318936117843480e-06
5.590235221930242113e-06
5.619671039389304216e-06
5.648488276828511338e-06
5.676752727908593343e-06
5.704385935055945977e-06
5.731433711874860394e-06
5.757807716368537887e-06
5.783586078125968718e-06
5.808645542726337521e-06
5.833069510946863234e-06
5.856772589616424808e-06
5.879786815629904672e-06
5.902060779787558447e-06
5.923618985417320498e-06
5.944402448909427708e-06
5.964454282157260340e-06
5.983696915016391694e-06
6.002185633089752222e-06
6.019852478048303263e-06
6.036713287182173673e-06
6.052736087467342614e-06
6.067935365374847045e-06
6.082267091064484126e-06
6.095761312226341173e-06
6.108359878705325367e-06
6.120095191280523007e-06
6.130921341033949343e-06
6.140854210410083020e-06
6.149860597296692224e-06
6.157952881229060390e-06
6.165095368212865933e-06
6.171307358170156539e-06
6.176548716937830826e-06
6.180840245686664575e-06
6.184146441541185462e-06
6.186481096990876094e-06
6.187815947266965944e-06
6.188162114992352352e-06
6.187491775843235665e-06
6.185819252071017028e-06
6.183115221853270693e-06
6.179394795195855554e-06
6.174631271877021905e-06
6.168836403704396136e-06
6.161988513566794408e-06
6.154097063170809399e-06
6.145140199394827112e-06
6.135130927133981965e-06
6.124047765795119662e-06
6.111904315731510748e-06
6.098679822407541025e-06
6.084384531330860000e-06
6.069003004563343965e-06
6.052544897347689861e-06
6.034995802314614765e-06
6.016366078839860789e-06
5.996641653373971514e-06
5.975835592771368306e-06
5.953933299800138299e-06
5.930946112475376726e-06
5.906863461829789529e-06
5.881698402651503729e-06
5.855440865261449625e-06
5.828103480770546792e-06
5.799678800836378859e-06
5.770180220921018808e-06
5.739600727975914788e-06
5.707953416475170050e-06
5.675233504774731786e-06
5.641459653117951216e-06
5.606627692358606543e-06
5.570753074967998482e-06
5.533837928608166911e-06
5.495897083059494620e-06
5.456934482286080872e-06
5.416966612641843012e-06
5.375995489704815174e-06
5.334049126239888831e-06
5.291130080038471282e-06
5.247260991584760404e-06
5.202453821569260184e-06
5.156728347828571572e-06
5.110101835227250031e-06
5.062596122846357589e-06
5.014223415534578709e-06
4.965022696680259001e-06
4.915004998014856194e-06
4.864203126155559782e-06
4.812639450445995084e-06
4.760341469725176621e-06
4.707341168946096057e-06
4.653667968695157261e-06
4.599344519615179255e-06
4.544422447347194425e-06
4.488920837468202130e-06
4.432883750966369802e-06
4.376343693201707265e-06
4.319335410957806013e-06
4.261905761927633056e-06
4.204089355425243299e-06
4.145917801620271289e-06
4.087452355186023155e-06
4.028717762218043983e-06
3.969766554956869507e-06
3.910635954121946557e-06
3.851364633246267222e-06
3.792009089824374085e-06
3.732603845538399476e-06
3.673184679211690315e-06
3.613815049373199629e-06
3.554519393270031519e-06
3.495352410816429623e-06
3.436348727594320109e-06
3.377544072250854368e-06
3.318996554729785695e-06
3.260733258869274460e-06
3.202787501417535510e-06
3.145216859822217672e-06
3.088037157372595308e-06
3.031298894538537728e-06
2.975027277281119278e-06
2.919247402692650331e-06
2.864012491292346345e-06
2.809336252328384660e-06
2.755243783146984786e-06
2.701780259155100392e-06
2.648948047184118356e-06
2.596788821330476111e-06
2.545313412384557572e-06
2.494533056847365466e-06
2.444492039302038058e-06
2.395187971889586659e-06
2.346636426465503798e-06
2.298866183204148878e-06
2.251866515279910261e-06
2.205668409574376406e-06
2.160267450973626860e-06
2.115661490044164919e-06
2.071884958084265677e-06
2.028920566076837351e-06
1.986775290315718105e-06
1.945462292251051944e-06
1.904959830133782447e-06
1.865290686630481188e-06
1.826436960159903964e-06
1.788386427636221162e-06
1.751165435568230928e-06
1.714745072217856334e-06
1.679126338776558091e-06
1.644309693655316128e-06
1.610265815919702278e-06
1.577013632013331456e-06
1.544524812407242007e-06
1.512781264968025202e-06
1.481803846834023496e-06
1.451555528012397426e-06
1.422034730594081898e-06
1.393232665219020983e-06
1.365116535153488314e-06
1.337705535203355228e-06
1.310963426593807704e-06
1.284869586848101874e-06
1.259442089054085662e-06
1.234639770438114302e-06
1.210462065593752759e-06
1.186893332183838521e-06
1.163899832718252188e-06
1.141504219417679943e-06
1.119665064561516942e-06
1.098362687196103165e-06
1.077613881456837819e-06
1.057375310711855426e-06
1.037650193311402653e-06
1.018418646934987944e-06
9.996476373197109306e-07
9.813646197100072835e-07
9.635244292749222913e-07
9.461115791977272452e-07
9.291422135607330065e-07
9.125710058098301132e-07
8.964076936969040472e-07
8.806302836546512632e-07
8.652060059047122548e-07
8.501685833911105717e-07
8.354709857779012705e-07
8.211027466520639315e-07
8.070789386028661814e-07
7.933544234277261717e-07
7.799460502771178509e-07
7.668295376834665503e-07
7.539736241509084865e-07
7.414175331542245583e-07
7.291123133879497933e-07
7.170546216213313959e-07
7.052558896480173881e-07
6.936740705026365348e-07
6.823327660647934388e-07
6.712065109190451793e-07
6.602665579558579139e-07
6.495573497792955832e-07
6.390296233731987272e-07
6.286883684943359018e-07
6.185429669710573025e-07
6.085552484114209078e-07
5.987580832825988618e-07
5.891248649669879393e-07
5.796305103355263271e-07
5.703213830213675989e-07
5.611455826970527210e-07
5.521119685555829695e-07
5.432217454772420200e-07
5.344338723930888981e-07
5.257831984857712189e-07
5.172359964374229800e-07
5.087688086172512650e-07
5.004265103603851304e-07
4.921590910695204071e-07
4.839862649060448674e-07
4.759116034402355501e-07
4.679060226693165228e-07
4.600181273647640923e-07
4.522216573545050840e-07
4.445077653785108539e-07
4.369238245975357652e-07
4.294263879807025526e-07
4.220398631589447981e-07
4.147584511508817494e-07
4.075476149134440298e-07
4.004415582229641565e-07
