# bin_2_2
1.733122334541680083e-05
1.739680352192263444e-05
1.746030512621260495e-05
1.752142268540358885e-05
1.758033909265506900e-05
1.763684725913006770e-05
1.769101432340543833e-05
1.774271213034434190e-05
1.779197991190871955e-05
1.783868190829946088e-05
1.788289485739236493e-05
1.792444572703220782e-05
1.796341697419079903e-05
1.799968234761601342e-05
1.803326434649599522e-05
1.806407913002305526e-05
1.809213928514716950e-05
1.811735513129930622e-05
1.813976124501148521e-05
1.815924920731191143e-05
1.817586763675987054e-05
1.818952168187487180e-05
1.820021570509797073e-05
1.820789573656573455e-05
1.821256380081981343e-05
1.821415509817612567e-05
1.821269089907516173e-05
1.820809304513325974e-05
1.820038657522539838e-05
1.818950830836123429e-05
1.817546505435341302e-05
1.815820956247804233e-05
1.813774519755748273e-05
1.811402411705109541e-05
1.808706045904495780e-05
1.805680509795852686e-05
1.802327635522147262e-05
1.798643066315588733e-05
1.794627850189230798e-05
1.790278873811556023e-05
1.785597146594564193e-05
1.780579671732294709e-05
1.775228075300609124e-05
1.769539716598462562e-05
1.763516702889870744e-05
1.757156592806005516e-05
1.750460963849379787e-05
1.743428613258864404e-05
1.736061623876844872e-05
1.728358588653518998e-05
1.720321978244115918e-05
1.711951595447522637e-05
1.703250382824532773e-05
1.694218103490317153e-05
1.684857549417166073e-05
1.675169408896885217e-05
1.665158090497636739e-05
1.654824325569576314e-05
1.644171822271073676e-05
1.633203597438238024e-05
1.621923703901835591e-05
1.610335074497655858e-05
1.598442416988358889e-05
1.586248659710692239e-05
1.573761559373141805e-05
1.560983926683812042e-05
1.547922156834248872e-05
1.534582615616545445e-05
1.520971048400099755e-05
1.507094323114065893e-05
1.492959527929567516e-05
1.478572297125961407e-05
1.463944338340230286e-05
1.449081030359264188e-05
1.433991748116425654e-05
1.418686458410089086e-05
1.403172889977555751e-05
1.387462069740913990e-05
1.371563297825250349e-05
1.355484877549507955e-05
1.339242207254903522e-05
1.322842799283728122e-05
1.306299028138731420e-05
1.289623162372162328e-05
1.272824828500736504e-05
1.255918236820704742e-05
1.238913869879805843e-05
1.221822001796265067e-05
1.204660195187336972e-05
1.187436919655772020e-05
1.170166163228855180e-05
1.152860834512806389e-05
1.135530965379837822e-05
1.118192402842278968e-05
1.100855165017197108e-05
1.083529542703236923e-05
1.066233511899390262e-05
1.048974371114189959e-05
1.031765897717009445e-05
1.014619650170519925e-05
9.975441343772233131e-06
9.805552109162003099e-06
9.636602162800451423e-06
9.468676850688276272e-06
9.301939800457363270e-06
9.136436138811547249e-06
8.972286449135200777e-06
8.809572922784516128e-06
8.648351727466582149e-06
8.488766554770665678e-06
8.330849864472519414e-06
8.174659095019482828e-06
8.020326523504453720e-06
7.867858832763938422e-06
7.717351036625717480e-06
7.568843156904584301e-06
7.422354487595686129e-06
7.278006313826363602e-06
7.135784766876070448e-06
6.995718351111674483e-06
6.857903165842206936e-06
6.722302491052929215e-06
6.588987930094466180e-06
6.457958818727104252e-06
6.329196124179931210e-06
6.202801192465720121e-06
6.078718046074263989e-06
5.956951167111325844e-06
5.837561003155228861e-06
5.720474635854683464e-06
5.605745609513018342e-06
5.493336718961763547e-06
5.383199537496290888e-06
5.275420186218915333e-06
5.169909138851506286e-06
5.066658285630032742e-06
4.965694298252863917e-06
4.866922978450925683e-06
4.770385651121375410e-06
4.676017253847382355e-06
4.583750623306097574e-06
4.493662723174530553e-06
4.405640990757840001e-06
4.319673604293967739e-06
4.235760774628942684e-06
4.153797188435321898e-06
4.073822864993234857e-06
3.995751989275268917e-06
3.919509855771449848e-06
3.845169933742266971e-06
3.772605762480547238e-06
3.701808051677372198e-06
3.632757469237887890e-06
3.565345434994670625e-06
3.499621726551607927e-06
3.435485314487743020e-06
3.372862566445078841e-06
3.311827292339054266e-06
3.252244827757347032e-06
3.194114184833390889e-06
3.137402078361104482e-06
3.082004339012621274e-06
3.027988786286192780e-06
2.975240613089160970e-06
2.923691263428008527e-06
2.873418024368497491e-06
2.824284354905913172e-06
2.776304228533539790e-06
2.729431931257862207e-06
2.683568591804466695e-06
2.638805095576369919e-06
2.595015347985479227e-06
2.552141252357894949e-06
2.510263310678705924e-06
2.469242630007291113e-06
2.429114006006092653e-06
2.389823515876583214e-06
2.351276807184851897e-06
2.313587242245447550e-06
2.276617514029901264e-06
2.240328236419525576e-06
2.204800890454202885e-06
2.169889568107956921e-06
2.135656573245871281e-06
2.102044227191403587e-06
2.068957026941537026e-06
2.036529909591353378e-06
2.004618668198136040e-06
1.973203883810779319e-06
1.942362353640250972e-06
1.911947914046900024e-06
1.882047825022624772e-06
1.852599472253120387e-06
1.823512354748224983e-06
1.794933556671646016e-06
1.766714131287032016e-06
1.738861599879935437e-06
1.711434910046510834e-06
1.684301871601005688e-06
1.657563638348662520e-06
1.631156143980965361e-06
1.604999532224000492e-06
1.579240940168333948e-06
1.553734784214253827e-06
1.528511752811930548e-06
1.503611968468880694e-06
1.478920810952439035e-06
1.454546890289757325e-06
1.430424528718882719e-06
1.406491755487691981e-06
1.382883848664767962e-06
1.359469156078310518e-06
1.336297575205215132e-06
1.313395066871403664e-06
1.290671217351832575e-06
1.268235254084747309e-06
1.246022116306535912e-06
1.223986711607167005e-06
1.202232640380302474e-06
1.180632428449139721e-06
1.159222904598732147e-06
1.137989049805173988e-06
1.116833278115258375e-06
1.095823587777923599e-06
1.074874048057116447e-06
1.053942084386137084e-06
1.033098724977512162e-06
1.012250999659054154e-06
9.914615483838556539e-07
9.707466937901376931e-07
9.500822332432120064e-07
9.295761370209732828e-07
