# bin_3_1
7.144756322467964879e-06
7.177910863658165396e-06
7.210375701952011119e-06
7.241920788003942606e-06
7.272715474941381264e-06
7.302603519800310535e-06
7.331655720033953243e-06
7.359788071076250606e-06
7.387050798353566374e-06
7.413339760592316638e-06
7.438739278355636099e-06
7.463121151824340009e-06
7.486573220236839177e-06
7.508995342227973687e-06
7.530427120839363119e-06
7.550814477295410875e-06
7.570179542754335853e-06
7.588456347060861436e-06
7.605704202299523213e-06
7.621834540583123695e-06
7.636886946247920159e-06
7.650801369576972448e-06
7.663612145477481893e-06
7.675271011738983730e-06
7.685798032898888115e-06
7.695147187695757510e-06
7.703348363591436309e-06
7.710345102956820302e-06
7.716174699377548565e-06
7.720784981502317951e-06
7.724201630698388694e-06
7.726389474917766108e-06
7.727363103543447449e-06
7.727090375849721872e-06
7.725595602076103496e-06
7.722838050901524007e-06
7.718846918488653995e-06
7.713585758042246977e-06
7.707077326604362658e-06
7.699295988386744630e-06
7.690257325618667756e-06
7.679939271250904489e-06
7.668362701487671003e-06
7.655502559044278097e-06
7.641383192766939447e-06
7.625981014682243823e-06
7.609318951740321156e-06
7.591377301271803975e-06
7.572176459479950414e-06
7.551703276771253644e-06
7.529977573097040088e-06
7.506986743345371921e-06
7.482752210296287707e-06
7.457261444027044972e-06
7.430535276270895437e-06
7.402564665621460564e-06
7.373372097646949682e-06
7.342948360200693146e-06
7.311316215343229443e-06
7.278469287379978067e-06
7.244430663096164070e-06
7.209194320336349250e-06
7.172781473238849090e-06
7.135188095978442069e-06
7.096440059346000345e-06
7.056533491027452923e-06
7.015489607758766284e-06
6.973309855679464917e-06
6.930014751656576289e-06
6.885606210786042403e-06
6.840103739588596487e-06
6.793508221316908392e-06
6.745849434805816565e-06
6.697126173642540324e-06
6.647361610185864815e-06
6.596564456309130074e-06
6.544753542256359427e-06
6.491939644637871576e-06
6.438143415364398521e-06
6.383369465151064338e-06
6.327655869619560873e-06
6.271005191721977488e-06
6.213445528745750325e-06
6.154993873818996634e-06
6.095671038085859609e-06
6.035500684694518319e-06
5.974506444204853448e-06
5.912701365720690281e-06
5.850133993022781872e-06
5.786813497048825898e-06
5.722777930902393179e-06
5.658053152419723861e-06
5.592667028662166395e-06
5.526658494757272397e-06
5.460057517273191402e-06
5.392887581228247657e-06
5.325210064930024750e-06
5.257042025665692620e-06
5.188433135669314188e-06
5.119419075286167869e-06
5.050034950253176322e-06
4.980336109849802745e-06
4.910357050901912507e-06
4.840130513490472395e-06
4.769728097531626684e-06
4.699172093935621721e-06
4.628521569103170754e-06
4.557816202827208055e-06
4.487094830348714867e-06
4.416423849536897958e-06
4.345836285457037994e-06
4.275369218415149174e-06
4.205096044680016080e-06
4.135037763722097374e-06
4.065255777288065584e-06
3.995785577935062982e-06
3.926662086040721037e-06
3.857953501431410762e-06
3.789683158870122223e-06
3.721885186217898953e-06
3.654625590319164125e-06
3.587914480461515216e-06
3.521808733653376776e-06
3.456332135377911845e-06
3.391506881990913697e-06
3.327395798338384482e-06
3.264006149242641663e-06
3.201362835265136911e-06
3.139517105098071458e-06
3.078463343805078508e-06
3.018248909302226468e-06
2.958880629420249138e-06
2.900364859214904021e-06
2.842754682484430271e-06
2.786038663690073771e-06
2.730231626432268738e-06
2.675365618845720304e-06
2.621420526171140181e-06
2.568432388584773770e-06
2.516390586113153547e-06
2.465286677398336074e-06
2.415163235374186033e-06
2.365991979064211984e-06
2.317779153289282230e-06
2.270538852456355113e-06
2.224239288577793812e-06
2.178908542729917380e-06
2.134520867774217813e-06
2.091057278542224764e-06
2.048551925887324351e-06
2.006963809439607048e-06
1.966293872600106250e-06
1.926541871125243194e-06
1.887668305090621574e-06
1.849698386810302761e-06
1.812594809526246464e-06
1.776333060106532506e-06
1.740941593212104811e-06
1.706370793150994969e-06
1.672620275333799852e-06
1.639679468353122323e-06
1.607505808919116682e-06
1.576125958012206348e-06
1.545494011634004209e-06
1.515583963221626487e-06
1.486421131064125442e-06
1.457952056511311435e-06
1.430178891068961677e-06
1.403083439173620071e-06
1.376623111992738453e-06
1.350828773203947034e-06
1.325649325928133972e-06
1.301061440116836139e-06
1.277088256575218998e-06
1.253675200601516204e-06
1.230829358082612306e-06
1.208527932012580397e-06
1.186730562801353427e-06
1.165472733439916918e-06
1.144700274636669947e-06
1.124396089052106169e-06
1.104581308646919867e-06
1.085201289157235487e-06
1.066270300744095688e-06
1.047763720554362154e-06
1.029643410512002176e-06
1.011950662561038385e-06
9.946310681223941595e-07
9.776741671195806908e-07
9.610983879655584484e-07
9.448513824891586459e-07
9.289534881584282652e-07
9.133768285155954384e-07
8.980850340734750812e-07
8.831223915036451292e-07
8.684327257354107734e-07
8.540132190801818188e-07
8.398776892466216449e-07
8.259809301964829246e-07
8.123524628171542593e-07
7.989672088656302408e-07
7.857958362353450255e-07
7.728892896157938486e-07
7.601921036810651909e-07
7.477074078625485068e-07
7.354404237288706590e-07
7.233424074148620339e-07
7.114418512538464183e-07
6.997015844296220731e-07
6.880866948715495095e-07
6.766427547989820259e-07
6.653100784850936892e-07
6.540997227734657648e-07
6.430179555357842752e-07
6.320282904465836886e-07
6.211800145685546718e-07
6.104490186789115730e-07
5.998228132465838049e-07
5.893634450938453025e-07
5.790282504965957984e-07
5.688497214458774109e-07
5.588407505278544826e-07
5.489761786181426641e-07
5.393130829907572723e-07
5.298241172012968714e-07
5.204975186290439676e-07
5.113793010092385580e-07
5.024135476399506096e-07
4.936161048573230190e-07
4.849682468605640051e-07
4.764189671496573665e-07
4.679920540679209086e-07
