# bin_3_3
4.106094606845540472e-05
4.114739996763149493e-05
4.122770832071445674e-05
4.130143580419037288e-05
4.136879254507495879e-05
4.142946292808789122e-05
4.148351622092961879e-05
4.153074673773791216e-05
4.157118608576966285e-05
4.160462078980875603e-05
4.163111990319279753e-05
4.165045368830559523e-05
4.166269422155997366e-05
4.166765790938112811e-05
4.166535684499239969e-05
4.165567083141168061e-05
4.163859003097063221e-05
4.161399028336452277e-05
4.158190922346334485e-05
4.154220740654994556e-05
4.149490494280374289e-05
4.143990155337333854e-05
4.137720937885484422e-05
4.130674925559168646e-05
4.122851793199229655e-05
4.114244450918708135e-05
4.104854634496183605e-05
4.094675306592892173e-05
4.083709760525181822e-05
4.071951825052960933e-05
4.059403533920290252e-05
4.046062038289036610e-05
4.031928957779481266e-05
4.017002094072719652e-05
4.001285417222192220e-05
3.984778032020890677e-05
3.967485533920510322e-05
3.949407522048362161e-05
3.930549202465206363e-05
3.910913038817084251e-05
3.890505541221353535e-05
3.869329587523703427e-05
3.847392382996684676e-05
3.824700474092921520e-05
3.801262476299031948e-05
3.777084514250690070e-05
3.752176383362067783e-05
3.726545612267652429e-05
3.700206191238575667e-05
3.673166233583736453e-05
3.645437820999831340e-05
3.617036151039517442e-05
3.587973643378621942e-05
3.558264734744387783e-05
3.527924594140013817e-05
3.496966825193157031e-05
3.465414174997878352e-05
3.433279866782644295e-05
3.400582241802912223e-05
3.367344565800079918e-05
3.333583546500609485e-05
3.299322010707562617e-05
3.264580245924313465e-05
3.229377364232269390e-05
3.193744340247228004e-05
3.157698817575692410e-05
3.121265022852134078e-05
3.084472402926644383e-05
3.047340649044648117e-05
3.009899683475846411e-05
2.972172949010111329e-05
2.934183103777812242e-05
2.895967180591580356e-05
2.857544773575000879e-05
2.818943820906296996e-05
2.780196638195290854e-05
2.741323372265790965e-05
2.702357816465030606e-05
2.663323183401408053e-05
2.624242240057089812e-05
2.585154447794769014e-05
2.546077632908487972e-05
2.507040326163929685e-05
2.468072703625332818e-05
2.429192592118289791e-05
2.390433804730429451e-05
2.351815185527159343e-05
2.313356607064092003e-05
2.275095475209660382e-05
2.237044461515826630e-05
2.199229151132712723e-05
2.161673685779385139e-05
2.124390488076784630e-05
2.087410614449536776e-05
2.050745454442793038e-05
2.014409044626790576e-05
1.978433982960161192e-05
1.942824904851527790e-05
1.907602135462070674e-05
1.872781562186621771e-05
1.838368238719016696e-05
1.804389398272717072e-05
1.770846743520199923e-05
1.737747197669889032e-05
1.705116996868095839e-05
1.672952013562106866e-05
1.641267090702942002e-05
1.610068516771683206e-05
1.579353886723406075e-05
1.549146533269746541e-05
1.519438299466052105e-05
1.490229816505334575e-05
1.461540576789247979e-05
1.433358169109665582e-05
1.405692956787943814e-05
1.378542529814048999e-05
1.351897716288094352e-05
1.325778815550681015e-05
1.300168928584799809e-05
1.275064507072120087e-05
1.250479200657990175e-05
1.226392992920911301e-05
1.202814134404996492e-05
1.179733408285168514e-05
1.157135961099215817e-05
1.135040843316017836e-05
1.113424538932646202e-05
1.092281452364875112e-05
1.071620177125952471e-05
1.051415602751120292e-05
1.031675563104030579e-05
1.012385461855701996e-05
9.935270783247547054e-06
9.751194624579655033e-06
9.571344752932033420e-06
9.395670921996901416e-06
9.224209965826011458e-06
9.056693573821545217e-06
8.893206379591396066e-06
8.733564577219594404e-06
8.577572486655262335e-06
8.425428705296051661e-06
8.276823616936790709e-06
8.131726818202444351e-06
7.990135818501773075e-06
7.851781836793209627e-06
7.716775475252165561e-06
7.584903702554389932e-06
7.455975428387654445e-06
7.330202429335260673e-06
7.207259876080501315e-06
7.087144713720409326e-06
6.969824051554564179e-06
6.855037458489521247e-06
6.742940865723076202e-06
6.633296131136302981e-06
6.525928746252330634e-06
6.421064069982640616e-06
6.318366958841032706e-06
6.217870297961112552e-06
6.119516980978730263e-06
6.023063304602875552e-06
5.928721277791307159e-06
5.836224553701909671e-06
5.745420008511539107e-06
5.656545177144822146e-06
5.569263560800647026e-06
5.483655752807601988e-06
5.399639784741291306e-06
5.316985308260754587e-06
5.235960780867818248e-06
5.156276124775117601e-06
5.077812446372574586e-06
5.000809154806673104e-06
4.924927184761014625e-06
4.850301570469869868e-06
4.776834103564285184e-06
4.704307958622242546e-06
4.633032174503364126e-06
4.562697464002676273e-06
4.493238311271164238e-06
4.424880997918399045e-06
4.357282549073677354e-06
4.290634467102671231e-06
4.224832849414856222e-06
4.159668696283000602e-06
4.095473913500991750e-06
4.031938239304659754e-06
3.969047481435774949e-06
3.906994718872898510e-06
3.845461471681255431e-06
3.784671876111641057e-06
3.724515823458697978e-06
3.664812486415891295e-06
3.605883842373897820e-06
3.547431911333044824e-06
3.489501628442046360e-06
3.432227734561856815e-06
3.375357307321472869e-06
3.319116946579575912e-06
3.263410572953039737e-06
3.208105129393497319e-06
3.153492365285327395e-06
3.099312101737793095e-06
3.045644235552288097e-06
2.992559814968378958e-06
2.939842792097857725e-06
2.887660705615524841e-06
2.835867076376295475e-06
2.784303899914851513e-06
2.733127170891840799e-06
2.682050310381191162e-06
2.631108434554543144e-06
2.580299905209772014e-06
2.529465883450691937e-06
2.478781300227751724e-06
2.428188765483938835e-06
2.377683706087463448e-06
2.327490516136267760e-06
2.277518314959523952e-06
2.227934586644319942e-06
2.178828521645584601e-06
2.130178900298699459e-06
2.082175651227498677e-06
2.034804434312434217e-06
1.988091036915991338e-06
1.942171925306917228e-06
1.896963851387901975e-06
1.852559199381257966e-06
1.808968174017666909e-06
1.766138486234559700e-06
1.724144471597509745e-06
