# bin_4_3
4.940539176085923895e-05
4.949116071144721990e-05
4.956923777965021682e-05
4.963914282817261895e-05
4.970109775521907794e-05
4.975475237422924131e-05
4.980018051213380253e-05
4.983714920463910614e-05
4.986569095349664574e-05
4.988556966996666336e-05
4.989685515849218047e-05
4.989929898948086288e-05
4.989297387112758990e-05
4.987768189623068070e-05
4.985343471998194127e-05
4.982010191871522834e-05
4.977767291665412871e-05
4.972601611277327715e-05
4.966517140571707315e-05
4.959499602997280741e-05
4.951551405185029733e-05
4.942662405828033000e-05
4.932834218444990295e-05
4.922059243095167373e-05
4.910337650277254946e-05
4.897662760780031773e-05
4.884037206791076242e-05
4.869454950450890357e-05
4.853920476392482766e-05
4.837428746469092791e-05
4.819983093133637563e-05
4.801582377656565890e-05
4.782230010542297204e-05
4.761925570902810888e-05
4.740675108370981399e-05
4.718480641379630200e-05
4.695350101413376764e-05
4.671285891898212440e-05
4.646296075790772322e-05
4.620386144333473377e-05
4.593566420466923801e-05
4.565842969425648341e-05
4.537226354187556343e-05
4.507728214233493565e-05
4.477360595170607512e-05
4.446134368303228298e-05
4.414063692670257657e-05
4.381160551806948027e-05
4.347444977878342243e-05
4.312929521434887036e-05
4.277631192452648978e-05
4.241572194123456986e-05
4.204769472838170113e-05
4.167244054062874012e-05
4.129016666707809404e-05
4.090106514019475892e-05
4.050544176167730060e-05
4.010348119253153879e-05
3.969542710588216093e-05
3.928159413902238976e-05
3.886219893199411598e-05
3.843754730659208058e-05
3.800790160138519514e-05
3.757351230022266427e-05
3.713477618169359852e-05
3.669192071034062849e-05
3.624525142236825206e-05
3.579514404973727245e-05
3.534184011127638228e-05
3.488571709356022045e-05
3.442706157035128276e-05
3.396615204858864455e-05
3.350344310028469558e-05
3.303916967489822282e-05
3.257366686413010046e-05
3.210732628471086149e-05
3.164037953572887641e-05
3.117323293455939856e-05
3.070615302995153797e-05
3.023940259055633715e-05
2.977344830683308056e-05
2.930848681819150323e-05
2.884484460332220081e-05
2.838287018486407019e-05
2.792275225211099323e-05
2.746488201625471744e-05
2.700945896382128211e-05
2.655669694768527785e-05
2.610702515083739546e-05
2.566056546293737396e-05
2.521759805067002772e-05
2.477838707226136760e-05
2.434304686547867163e-05
2.391192689546483259e-05
2.348512848381836504e-05
2.306278846554270042e-05
2.264527196655405865e-05
2.223259878645275352e-05
2.182498204846201702e-05
2.142258220554841595e-05
2.102542315956441887e-05
2.063380716632670110e-05
2.024771789588919013e-05
1.986720686295543012e-05
1.949256368909738194e-05
1.912370424781823067e-05
1.876077891927986169e-05
1.840383483466197131e-05
1.805281037441254562e-05
1.770796597807112763e-05
1.736917116222837180e-05
1.703640729966904630e-05
1.670988892243644827e-05
1.638943808501263109e-05
1.607515872470944646e-05
1.576699952681544895e-05
1.546482481285833273e-05
1.516886687915929934e-05
1.487889706309544622e-05
1.459485482568466662e-05
1.431689224558463296e-05
1.404474732750131118e-05
1.377850776834592709e-05
1.351804763580981866e-05
1.326317103859923822e-05
1.301410397343676783e-05
1.277054557161678842e-05
1.253241900474978549e-05
1.229982292837070790e-05
1.207244140092874290e-05
1.185036572192368067e-05
1.163341173755552231e-05
1.142135009797876114e-05
1.121441426633851801e-05
1.101225363690714725e-05
1.081480535170549863e-05
1.062211440850185355e-05
1.043385032325285338e-05
1.025011902460997034e-05
1.007069570756888404e-05
9.895340074177898349e-06
9.724300817585854688e-06
9.557197362551294903e-06
9.393996229396570612e-06
9.234698751648747712e-06
9.078977981863795181e-06
8.926976682000726062e-06
8.778437897161614129e-06
8.633130286530809653e-06
8.491321689016850585e-06
8.352615420226012856e-06
8.217015055333218881e-06
8.084487397529033247e-06
7.954717482616808480e-06
7.827906128556766870e-06
7.703767530830415427e-06
7.582092615041831361e-06
7.463166471971128351e-06
7.346581241594410585e-06
7.232386996321805010e-06
7.120522216005339658e-06
7.010692882100712083e-06
6.903167916354485311e-06
6.797628680104167899e-06
6.693894265737427130e-06
6.592262659074586056e-06
6.492325703807279400e-06
6.394192448131797735e-06
6.297771805855220555e-06
6.202787065356223218e-06
6.109571989946690453e-06
6.017781424476728527e-06
5.927278416541054616e-06
5.838358987435631865e-06
5.750615214977965576e-06
5.664220365222391876e-06
5.579064248963275078e-06
5.494889200768521783e-06
5.412071091242249394e-06
5.330245423395268284e-06
5.249341035290239825e-06
5.169632090648508503e-06
5.090712118980640048e-06
5.012816744871786914e-06
4.935829424480328074e-06
4.859505988816685379e-06
4.784240314001363080e-06
4.709671834740753276e-06
4.635790695464381964e-06
4.562825763418190468e-06
4.490408176915621692e-06
4.418805956916325273e-06
4.347899027341473160e-06
4.277484447739354026e-06
4.207939244663602493e-06
4.138928301909362233e-06
4.070514140763974883e-06
4.002855813784748017e-06
3.935669116300091550e-06
3.869213766682879139e-06
3.803380795799728043e-06
3.738013229557069071e-06
3.673424934810008587e-06
3.609304782434763048e-06
3.545721539804809294e-06
3.482725901754326421e-06
3.420050889916888308e-06
3.357857041084159909e-06
3.295966751183278937e-06
3.234198573199060473e-06
3.172725136355068846e-06
3.111250772839597597e-06
3.049847596451785216e-06
2.988555169293605303e-06
2.927252732631205109e-06
2.866179373896964913e-06
2.805326017120256965e-06
2.744733307535397634e-06
2.684673070388610918e-06
2.625075866187604653e-06
2.566137175272101444e-06
2.507957622823559304e-06
2.450516123115420753e-06
2.394001068897566013e-06
2.338389116279208568e-06
2.283693920067236432e-06
2.230034757570206925e-06
2.177309783563575820e-06
2.125595219288236573e-06
2.074883176877922321e-06
2.025105642221470979e-06
1.976315831285547481e-06
