# bin_4_4
6.373758892294860542e-05
6.380380135644329214e-05
6.385945686660731660e-05
6.390399526443361292e-05
6.393766974259763847e-05
6.396007372406216482e-05
6.397131497939326347e-05
6.397110863314090911e-05
6.395950523549656229e-05
6.393623622273610703e-05
6.390139930066003843e-05
6.385471229938126413e-05
6.379626451077525921e-05
6.372584805573909485e-05
6.364349464470783009e-05
6.354905628922208739e-05
6.344255480554188760e-05
6.332386317002665561e-05
6.319301759069123571e-05
6.304988527368439531e-05
6.289455279450075116e-05
6.272691681888950630e-05
6.254701896309576516e-05
6.235481176533675990e-05
6.215032985327229313e-05
6.193352818055738768e-05
6.170448353853513041e-05
6.146316810108715871e-05
6.120967592717375938e-05
6.094400323105198664e-05
6.066623228518946731e-05
6.037640167404462432e-05
6.007461620358404991e-05
5.976091931775894613e-05
5.943543915733657005e-05
5.909827652632876084e-05
5.874957729379010600e-05
5.838944351418351523e-05
5.801803577199647524e-05
5.763548025756785821e-05
5.724198834278868296e-05
5.683769099049715940e-05
5.642278425296253484e-05
5.599749975913545508e-05
5.556204160721065876e-05
5.511662538851936450e-05
5.466149050841858156e-05
5.419685522285393441e-05
5.372305329332178244e-05
5.324029612104804349e-05
5.274886132864046811e-05
5.224910669449516528e-05
5.174129527318362798e-05
5.122576118947119402e-05
5.070282133359839947e-05
5.017276507612688222e-05
4.963604893747100918e-05
4.909294423104336018e-05
4.854380138420775863e-05
4.798907731579163123e-05
4.742906810831620373e-05
4.686420810268713188e-05
4.629485441032740191e-05
4.572134525470194859e-05
4.514422172716529451e-05
4.456377695371311774e-05
4.398041089892447322e-05
4.339462138705701478e-05
4.280670329823029846e-05
4.221714659540475294e-05
4.162630417073994382e-05
4.103451196949266613e-05
4.044235057147492929e-05
3.985008609786128906e-05
3.925812251558498031e-05
3.866693832484710113e-05
3.807678362125393795e-05
3.748815140859637851e-05
3.690133501935574737e-05
3.631662009483874724e-05
3.573457213438765051e-05
3.515537946113389946e-05
3.457940988434647747e-05
3.400705901139418173e-05
3.343849987107275098e-05
3.287418482073790785e-05
3.231430102494076926e-05
3.175905321880915963e-05
3.120894394603458802e-05
3.066405103415033149e-05
3.012467181091685534e-05
2.959108184471649511e-05
2.906335025428895049e-05
2.854187166669261861e-05
2.802670005558021544e-05
2.751793996612743602e-05
2.701601033002368153e-05
2.652085780924912954e-05
2.603269699471005640e-05
2.555167178027100840e-05
2.507774130139640744e-05
2.461124812323457997e-05
2.415210126311034255e-05
2.370030527925206948e-05
2.325619262261429616e-05
2.281958712282353339e-05
2.239063662165474984e-05
2.196935025305045601e-05
2.155559121489078434e-05
2.114966501183420839e-05
2.075134686369126794e-05
2.036056694429273615e-05
1.997757688548163041e-05
1.960209483940195645e-05
1.923422735858261969e-05
1.887387157248097627e-05
1.852081205805443552e-05
1.817533712352970937e-05
1.783711004055474122e-05
1.750602513884390920e-05
1.718226916459769711e-05
1.686546728735357543e-05
1.655572373232365029e-05
1.625285369308887272e-05
1.595657934435707888e-05
1.566719776927579007e-05
1.538429206779891168e-05
1.510775135258484082e-05
1.483770619323341789e-05
1.457372510648072606e-05
1.431593304838136477e-05
1.406408121535901903e-05
1.381786029181778271e-05
1.357758966362069019e-05
1.334279732604801513e-05
1.311340319271007897e-05
1.288947648108423290e-05
1.267057713937646342e-05
1.245686110935248806e-05
1.224803520175934427e-05
1.204378416032816590e-05
1.184445493479905791e-05
1.164954267552923203e-05
1.145901521966112122e-05
1.127288988153493363e-05
1.109073757465399721e-05
1.091276974646637728e-05
1.073865651785604613e-05
1.056809959857883956e-05
1.040147277227867826e-05
1.023825403742455399e-05
1.007846631382834680e-05
9.922084066423241880e-06
9.768697348427075996e-06
9.618594660249724174e-06
9.471412104745961094e-06
9.326885319232019491e-06
9.185406969373303881e-06
9.046445242553241168e-06
8.910087694807232643e-06
8.776272226003421152e-06
8.644619385934186403e-06
8.515499727207616671e-06
8.388511695143644075e-06
8.263433483305415478e-06
8.140664990413193784e-06
8.019681149297897010e-06
7.900644713550631655e-06
7.783455951092033603e-06
7.667764326904613468e-06
7.554010259475232133e-06
7.441766064671656663e-06
7.330872430613578516e-06
7.221713400691118048e-06
7.113776484908508278e-06
7.007298596736241259e-06
6.902156212626795636e-06
6.798032190583611686e-06
6.695401696643343226e-06
6.593823431088602457e-06
6.493223526060778787e-06
6.393944075319441321e-06
6.295491284299199407e-06
6.198166017720428710e-06
6.101838414228967803e-06
6.006219074370927303e-06
5.911786217909412015e-06
5.818116730825455370e-06
5.725213321247953843e-06
5.633353043694418948e-06
5.542108156079950800e-06
5.451807088790169433e-06
5.362323765243742216e-06
5.273433065608558623e-06
5.185580675281917390e-06
5.098391530932833732e-06
5.011954470510365990e-06
4.926453711768805729e-06
4.841562606538688001e-06
4.757554874859284836e-06
4.674269320730053424e-06
4.591465407843714677e-06
4.509406945715546825e-06
4.427657649383947308e-06
4.346216745428166752e-06
4.265077954572728430e-06
4.183929718365923627e-06
4.102970664570379102e-06
4.022087300170398556e-06
3.941203062960662361e-06
3.860645152263883195e-06
3.780255128302460542e-06
3.700262265530669297e-06
3.620830216428145555e-06
3.541925761204115122e-06
3.463849415403315565e-06
3.386618415376782167e-06
3.310272323103886438e-06
3.235059335963818602e-06
3.160872582904012804e-06
3.087867863757588921e-06
3.016097013606931591e-06
2.945493827270596698e-06
2.876191585104993076e-06
2.808129681485236635e-06
2.741286040810709302e-06
2.675734264193300808e-06
2.611350351960063667e-06
2.548181701871006118e-06
2.486198305849715190e-06
2.425321563290832435e-06
2.365574088293389216e-06
