# bin_1
0.000000000000000000e+00
0.000000000000000000e+00
6.817237896387991214e-02
0.000000000000000000e+00
1.089124529331095548e-01
1.366481197492150357e-01
2.572013612389825177e-01
2.095382601384748189e-01
1.301958846751124221e-01
2.755427639131320938e-01
2.696096233559274746e-01
7.978794404070833624e-01
4.409416837377275744e-01
3.940002661501790793e-01
6.633486148685234784e-01
9.872389447111037386e-01
1.811965128976760653e+00
2.418808496346529946e+00
3.938639238481950855e+00
5.059291045325212899e+00
2.087997056427730147e+00
2.425672858596898074e+00
3.590461650499404023e+00
1.958451279507282372e+00
2.775945739244306765e+00
3.480616565486275515e+00
2.673819295602913204e+00
2.554232018878700661e+00
2.267364937182571705e+00
1.739931399048298966e+00
1.376467673853120077e+00
7.554336850268410508e-01
6.053907716271813566e-01
5.724903992977674605e-01
2.556790364968544726e-01
1.675049110628359095e-01
1.506809639491007713e-01
1.001591594201624996e-01
4.400449527813215383e-02
3.502507645154601806e-02
1.542371310048872186e-02
1.142755337900584409e-02
0.000000000000000000e+00
0.000000000000000000e+00
0.000000000000000000e+00
1.504818255372182556e-02
0.000000000000000000e+00
1.647863210834260919e-02
3.688899070713252265e-02
3.148824996057804360e-02
1.822946550737337620e-02
2.576634887621062631e-02
3.176578778568132227e-02
0.000000000000000000e+00
5.579395542748823850e-02
1.727998799667535348e-02
0.000000000000000000e+00
2.878413234364390547e-02
1.643662998555079149e-02
0.000000000000000000e+00
0.000000000000000000e+00
0.000000000000000000e+00
0.000000000000000000e+00
0.000000000000000000e+00
2.340440512113379709e-02
7.048624690634083638e-03
1.819764188808719457e-02
0.000000000000000000e+00
0.000000000000000000e+00
0.000000000000000000e+00
5.410342172398643380e-03
0.000000000000000000e+00
2.423059277112292464e-02
0.000000000000000000e+00
0.000000000000000000e+00
0.000000000000000000e+00
1.846276106133694014e-02
0.000000000000000000e+00
2.597815097352611582e-02
0.000000000000000000e+00
3.416609189963866478e-02
7.572649280551424847e-03
0.000000000000000000e+00
8.698740890758028046e-03
0.000000000000000000e+00
1.037106504433103066e-02
0.000000000000000000e+00
0.000000000000000000e+00
0.000000000000000000e+00
0.000000000000000000e+00
0.000000000000000000e+00
2.889437410301693571e-02
9.615124220665662025e-03
0.000000000000000000e+00
0.000000000000000000e+00
0.000000000000000000e+00
0.000000000000000000e+00
0.000000000000000000e+00
0.000000000000000000e+00
0.000000000000000000e+00
0.000000000000000000e+00
0.000000000000000000e+00
5.524378237802211877e-03
0.000000000000000000e+00
0.000000000000000000e+00
1.903175832715304355e-02
0.000000000000000000e+00
0.000000000000000000e+00
0.000000000000000000e+00
1.337539287567523355e-02
0.000000000000000000e+00
0.000000000000000000e+00
0.000000000000000000e+00
0.000000000000000000e+00
0.000000000000000000e+00
0.000000000000000000e+00
7.977913551342894621e-03
0.000000000000000000e+00
0.000000000000000000e+00
0.000000000000000000e+00
3.629196416503952752e-03
2.412227282013676075e-02
0.000000000000000000e+00
4.026296324406208882e-02
6.412874291238898281e-03
5.661270161160657233e-03
8.722994050222513188e-03
0.000000000000000000e+00
8.955305901496103671e-03
0.000000000000000000e+00
0.000000000000000000e+00
0.000000000000000000e+00
0.000000000000000000e+00
3.403816278916992760e-02
2.824812691131297140e-02
0.000000000000000000e+00
1.460760834507952161e-02
9.665210389769520946e-03
2.210312134237202297e-02
1.403857546575635468e-02
5.629112428262134440e-03
3.395646238079434720e-02
3.453552700144570803e-02
1.201045253887546814e-02
4.156498019654394915e-02
4.505834968567669352e-02
3.428134019156798412e-02
2.805448380163696326e-02
4.192484387613517466e-02
4.279639160027743500e-02
4.211634526248886345e-02
2.405728215543433482e-02
5.296287745565951555e-02
4.785133504850921232e-02
4.996216611389474316e-02
4.981396918820271691e-02
4.949150637488607812e-02
2.039997615592156407e-02
4.174027450938733175e-02
4.474313152612140188e-02
2.176846248298337436e-02
0.000000000000000000e+00
1.428593496514759913e-02
5.245325081328660460e-02
2.220636659812334074e-02
3.954474824948566586e-02
5.794546898237602772e-02
6.728988375520984951e-03
1.155474397020498679e-02
8.782403808789039645e-02
7.198152943686640659e-02
1.950204860093240899e-02
2.627977311882569861e-02
3.404172843573746721e-02
3.820409933801979102e-02
0.000000000000000000e+00
0.000000000000000000e+00
9.419125629524861473e-03
7.947182593292072272e-03
1.120694030747008269e-02
0.000000000000000000e+00
7.596575546700530708e-03
1.121483854696715340e-02
1.418075081560689170e-02
0.000000000000000000e+00
0.000000000000000000e+00
4.822201353044454700e-03
9.453668999139229825e-03
0.000000000000000000e+00
0.000000000000000000e+00
0.000000000000000000e+00
0.000000000000000000e+00
2.012147715223358904e-02
0.000000000000000000e+00
6.881078382566884963e-03
0.000000000000000000e+00
0.000000000000000000e+00
2.055429105508987594e-02
1.241878543996965435e-02
6.724367395423790257e-03
0.000000000000000000e+00
0.000000000000000000e+00
0.000000000000000000e+00
0.000000000000000000e+00
0.000000000000000000e+00
0.000000000000000000e+00
0.000000000000000000e+00
0.000000000000000000e+00
6.721387899961885071e-03
0.000000000000000000e+00
0.000000000000000000e+00
1.798107858163957781e-02
0.000000000000000000e+00
0.000000000000000000e+00
0.000000000000000000e+00
0.000000000000000000e+00
0.000000000000000000e+00
2.431559880739447496e-02
0.000000000000000000e+00
0.000000000000000000e+00
0.000000000000000000e+00
0.000000000000000000e+00
0.000000000000000000e+00
0.000000000000000000e+00
0.000000000000000000e+00
0.000000000000000000e+00
0.000000000000000000e+00
0.000000000000000000e+00
0.000000000000000000e+00
0.000000000000000000e+00
0.000000000000000000e+00
0.000000000000000000e+00
0.000000000000000000e+00
0.000000000000000000e+00
0.000000000000000000e+00
0.000000000000000000e+00
0.000000000000000000e+00
0.000000000000000000e+00
0.000000000000000000e+00
0.000000000000000000e+00
0.000000000000000000e+00
0.000000000000000000e+00
0.000000000000000000e+00
0.000000000000000000e+00
0.000000000000000000e+00
0.000000000000000000e+00
0.000000000000000000e+00
0.000000000000000000e+00
0.000000000000000000e+00
0.000000000000000000e+00
0.000000000000000000e+00
0.000000000000000000e+00
0.000000000000000000e+00
0.000000000000000000e+00
0.000000000000000000e+00
0.000000000000000000e+00
0.000000000000000000e+00
0.000000000000000000e+00
0.000000000000000000e+00
0.000000000000000000e+00
0.000000000000000000e+00
0.000000000000000000e+00
0.000000000000000000e+00
0.000000000000000000e+00
0.000000000000000000e+00
0.000000000000000000e+00
0.000000000000000000e+00
0.000000000000000000e+00
0.000000000000000000e+00
0.000000000000000000e+00
0.000000000000000000e+00
0.000000000000000000e+00
0.000000000000000000e+00
0.000000000000000000e+00
0.000000000000000000e+00
0.000000000000000000e+00
0.000000000000000000e+00
0.000000000000000000e+00
0.000000000000000000e+00
0.000000000000000000e+00
0.000000000000000000e+00
0.000000000000000000e+00
0.000000000000000000e+00
0.000000000000000000e+00
0.000000000000000000e+00
0.000000000000000000e+00
0.000000000000000000e+00
0.000000000000000000e+00
0.000000000000000000e+00
0.000000000000000000e+00
0.000000000000000000e+00
0.000000000000000000e+00
0.000000000000000000e+00
0.000000000000000000e+00
0.000000000000000000e+00
0.000000000000000000e+00
0.000000000000000000e+00
0.000000000000000000e+00
0.000000000000000000e+00
0.000000000000000000e+00
