# 2pt_angle
2.453037090419371135e-03
3.296625168918685973e-03
4.430351508712656108e-03
5.954991570268161442e-03
8.000559563722808853e-03
1.074950852885919739e-02
1.444361557905645549e-02
2.453382442834428027e-03
3.297243444442214851e-03
4.430944694836317851e-03
5.955593922458524841e-03
8.001997741299492553e-03
1.075062215798911792e-02
1.444421792074301360e-02
2.453463206647439956e-03
3.297486000998332573e-03
4.431348816446062551e-03
5.955946405942029280e-03
8.003104605861595736e-03
1.075241762110258625e-02
1.444579640025058648e-02
2.453300844601147539e-03
3.297203421686747873e-03
4.431037312280727836e-03
5.955416888589246290e-03
8.002196952789919493e-03
1.075153264638812299e-02
1.444416929938641299e-02
2.453125384992451124e-03
3.297008523720022788e-03
4.430444200245427407e-03
5.954961185124308179e-03
8.001888826752208764e-03
1.074956051967932563e-02
1.444201563196241024e-02
2.453438888943161329e-03
3.297485700877845951e-03
4.431245410033224710e-03
5.955862673664735242e-03
8.003215615174783665e-03
1.075223973772604542e-02
1.444503907633508562e-02
2.453370071213772149e-03
3.297394683182990147e-03
4.431189211035953777e-03
5.955715415520135107e-03
8.002678342373805570e-03
1.075166414175301489e-02
1.444404778244109781e-02
2.453154470267673252e-03
3.297047462432882350e-03
4.430724596875426288e-03
5.955126513018064484e-03
8.002031074761481455e-03
1.075086906376676761e-02
1.444360668440236931e-02
2.453335317146500532e-03
3.297324933124858547e-03
4.431076774106437743e-03
5.955553501349655082e-03
8.002698984424069101e-03
1.075167792103205039e-02
1.444481350889134479e-02
2.452991868108619564e-03
3.296811896989069578e-03
4.430448300955634570e-03
5.954714708879437629e-03
8.001474325751824559e-03
1.075009581740199449e-02
1.444209987340565153e-02
1.074950852885919739e-02
1.444361557905645549e-02
1.939329296902295163e-02
2.603794249562766186e-02
3.493719842833577921e-02
4.687847041471027154e-02
6.292725557112600898e-02
1.075062215798911792e-02
1.444421792074301360e-02
1.939545081623903627e-02
2.603738461558748052e-02
3.493945280154364674e-02
4.687768126047642953e-02
6.293540435173804182e-02
1.075241762110258625e-02
1.444579640025058648e-02
1.939860606438927396e-02
2.604051249283485109e-02
3.494684047382960040e-02
4.688879733840937980e-02
6.294200110289459305e-02
1.075153264638812299e-02
1.444416929938641299e-02
1.939684997593378243e-02
2.603929341955126334e-02
3.494410613081818523e-02
4.688077616100525674e-02
6.293337695983948488e-02
1.074956051967932563e-02
1.444201563196241024e-02
1.939395509025556436e-02
2.603410084823750553e-02
3.493559941604502950e-02
4.686880216161218998e-02
6.292843015698303122e-02
1.075223973772604542e-02
1.444503907633508562e-02
1.939935309548872569e-02
2.603968251717033583e-02
3.494375975580953086e-02
4.688239804754649326e-02
6.293841268572196446e-02
1.075166414175301489e-02
1.444404778244109781e-02
1.939791600831345178e-02
2.603828164568752768e-02
3.494070264655031732e-02
4.687669031954698473e-02
6.292917250109732186e-02
1.075086906376676761e-02
1.444360668440236931e-02
1.939798869884108712e-02
2.603775042666644016e-02
3.493914668469010054e-02
4.687292195995668154e-02
6.292269230157558624e-02
1.075167792103205039e-02
1.444481350889134479e-02
1.939841017590295327e-02
2.603873675869393389e-02
3.494301753015164463e-02
4.687733701641411815e-02
6.293418061390508578e-02
1.075009581740199449e-02
1.444209987340565153e-02
1.939586338365043364e-02
2.603576497804556064e-02
3.493999699605406656e-02
4.687241984178597276e-02
6.292382216270300810e-02
