# 2pt_simulation
3.511717484004415670e-06
4.023491184345855297e-06
4.260369178216422538e-06
3.611290179384236698e-06
2.266312572140405963e-06
3.068479690922353392e-06
8.034755865105209134e-07
1.008476499954917992e-05
6.881633228324559458e-06
5.724852506362533813e-06
6.166545789477808040e-06
3.582894484032854645e-06
3.968860076701623479e-06
2.287771586204630018e-06
1.049606006577197953e-05
1.111566994645086904e-05
7.716713928519524984e-06
5.286227126186596096e-06
4.285598885518978118e-06
4.909154042017572003e-06
3.302179403654428082e-06
1.631842516039910341e-05
1.135328534625000706e-05
9.533264722755948521e-06
5.704169170464850971e-06
5.127108437916014051e-06
5.600104056545235388e-06
3.549838123222500516e-06
2.174006477546385074e-05
1.586277675098127213e-05
1.345178822551437141e-05
1.131281375849666588e-05
9.032805494190783123e-06
7.878274187124622354e-06
5.185132354815959509e-06
2.619636017641761603e-05
2.251953718133414286e-05
2.028884018915241556e-05
1.547798300643709468e-05
1.161453479867585834e-05
9.206600531077381959e-06
6.160648535743202297e-06
3.379879073314233883e-05
2.578489269200891543e-05
2.198831176215490383e-05
1.643451228836614910e-05
1.295815374933063308e-05
9.687683327280365142e-06
7.227527793686225610e-06
4.513805108616345078e-05
3.124496958978871427e-05
2.736574049569092185e-05
2.217868189196128202e-05
1.612155443804078045e-05
1.191002949017234107e-05
9.443876995337710338e-06
5.077067016870625876e-05
4.071193921635122789e-05
3.257198071181162277e-05
2.237551176162226100e-05
1.925837386038352949e-05
1.475716854250673445e-05
9.997359383762027189e-06
6.414936343373505020e-05
5.372353953877945828e-05
4.068452442773466264e-05
2.923752364421598897e-05
2.469193812585292490e-05
1.608662853728112931e-05
1.096210574849997616e-05
1.917865084789129631e-06
1.607987838993987479e-06
3.741556467446099268e-07
7.863229708580531535e-07
7.303029971541513016e-08
1.724206355460626911e-07
2.257551537892052913e-07
1.899735369021980160e-06
1.433904974903254533e-06
9.505754447351840691e-07
7.043685327124268872e-07
6.946921403324070318e-07
7.593340847853728155e-07
3.542855451732059730e-07
2.089000914421970597e-06
1.700825653037262327e-06
1.080127343907534838e-06
1.401457162778484562e-06
8.269457490619634394e-07
6.052677792599791438e-07
1.328816898415722269e-07
3.175486819459201194e-06
1.286076686118232652e-06
1.314339973112078245e-06
1.596802413576985367e-06
1.026503409779813278e-06
9.693052659146222771e-07
2.832703445688719317e-07
3.610410005863172273e-06
2.589357756165590077e-06
2.341300723418588975e-06
2.635413614494968619e-06
1.742366954644089801e-06
1.206192911470778372e-06
1.097697306709316677e-06
5.421114268259559853e-06
4.054196434184127659e-06
3.120456347905208191e-06
3.029227304658605057e-06
2.486327914602516194e-06
1.683539062443847049e-06
9.091306629081535291e-07
6.170858576734899495e-06
4.195230878093673024e-06
3.421381044922592763e-06
3.411367510478413685e-06
3.216767156876529313e-06
2.208550697296831791e-06
1.232485294187331364e-06
7.811143092620157386e-06
5.828662904665347657e-06
4.319631434145358903e-06
4.312354085286964374e-06
3.519396294882145459e-06
2.035019229893852035e-06
1.376814586592905769e-06
9.663739903395051847e-06
7.856768091044716854e-06
5.364770481021043514e-06
5.296511991641343709e-06
3.997455769335108482e-06
2.439195353141614441e-06
2.157669675986460403e-06
1.138853711050374620e-05
9.524641171690314694e-06
7.712792585734187591e-06
5.742404640041307427e-06
4.234143399142417820e-06
3.537972501089713847e-06
2.905166071053341902e-06
