# 2pt_data
1.110812630854125716e-05
6.083228018213571140e-06
2.447809245935149428e-06
4.640250304503335354e-06
3.925817947108464000e-06
1.470826358259782324e-06
9.704161157435140523e-07
1.055161109738860499e-05
6.585908761237163966e-06
6.438139301199163257e-06
5.254983526637287514e-06
2.527927777323522793e-06
3.104656005333242318e-06
1.871695682606771223e-06
8.690314614120005413e-06
8.735022431212168160e-06
7.286018132206767853e-06
5.548949144293738221e-06
3.833322571555062416e-06
2.137882150697311556e-06
1.448021105676265550e-06
1.660629576793692616e-05
8.137136944267859515e-06
8.671125947939198680e-06
7.333011852951787349e-06
4.486391050543563361e-06
3.277902825310898752e-06
2.538411498096862570e-06
2.430885997971194906e-05
2.192921904345307684e-05
1.476588319779502288e-05
1.185453391037541447e-05
7.617663650871390220e-06
7.358654860996667776e-06
4.942241937811587863e-06
2.980758099371408080e-05
2.512096665483334412e-05
2.049891479509891390e-05
1.671265786961859541e-05
1.344331464554774336e-05
9.814568566399745894e-06
6.645407372149323434e-06
3.683225754857792579e-05
2.872904220226613534e-05
2.311927839111398432e-05
1.810457397392576612e-05
1.309275901767815757e-05
1.038071758374267968e-05
8.444584097200954142e-06
4.684659196045077586e-05
4.217466831701658888e-05
3.159633413830806011e-05
2.483907425669272781e-05
1.860851631127632437e-05
1.355565447025062931e-05
9.832806515069859179e-06
6.293032861561464152e-05
4.756897136489314590e-05
3.931683198011349964e-05
3.108641355716675639e-05
2.507568628825648552e-05
1.717183121550542107e-05
1.108067114679452262e-05
7.583427520698357810e-05
6.345900156923201180e-05
4.830356995281142934e-05
3.719745488395501690e-05
3.072068240200924617e-05
2.177481164828812523e-05
1.544944003627303833e-05
9.590227888383814812e-07
9.131251538614488308e-08
6.352258211250997112e-07
8.796769424463928459e-07
3.622210011467430071e-07
3.695949746288817890e-07
6.590136797872858118e-07
1.448937255860504316e-06
1.816390240654875316e-06
9.788564087949919955e-07
7.067947663171755322e-07
5.863827411651127452e-07
3.959778540491186733e-07
4.370751829565755755e-07
2.182799885963534273e-06
1.056677255621501695e-06
7.239041381320857281e-07
1.202011173568329112e-06
4.349765256710708939e-07
3.652487976416354467e-07
5.167672177707396879e-07
6.405211471324012015e-07
1.467977634892036377e-06
1.551565269909164091e-06
1.292952194639239207e-06
3.289196676582926914e-07
5.340580262847231291e-08
5.553987189257325968e-07
4.279856736962221873e-06
2.878437873218583945e-06
2.219884325090698927e-06
2.297974328034582985e-06
1.355951190886760266e-06
9.148483808249853837e-07
8.531077310078274533e-07
4.573800616300954888e-06
3.773232538093764656e-06
3.345400832740792814e-06
3.481111169597388806e-06
2.096437183965176517e-06
1.449503981318271774e-06
1.555594500627864589e-06
5.529031057435359081e-06
4.780992304973067722e-06
4.118059509193514824e-06
3.415724789879900152e-06
2.237969885542537230e-06
1.560543086907579015e-06
1.871091554773763572e-06
6.863201811350818705e-06
6.431545200436729997e-06
5.579904791502647825e-06
4.405043991527898232e-06
3.987975625970314958e-06
2.395826114723771514e-06
2.138401246594953617e-06
1.106987913943536003e-05
8.173369098604552709e-06
6.500038162407219314e-06
5.497941088078217867e-06
4.559699294655699984e-06
2.875296214954448851e-06
2.714360397473541841e-06
1.119444094118524366e-05
1.106637233669680918e-05
8.802116182398255848e-06
6.283778497862301680e-06
5.376047724725837538e-06
3.717733252202592410e-06
3.155219512068539295e-06
