# 2pt_theory
7.232539850095845301e-06
5.527009526675472160e-06
4.260251494971751046e-06
3.318717772433767451e-06
2.604611721888022219e-06
2.042018987220060478e-06
1.583031708596603590e-06
1.095198642372453495e-05
8.433048193477141489e-06
6.561633032838874710e-06
5.150066522059334170e-06
4.052385897307181929e-06
3.165465568207964428e-06
2.428733722272445043e-06
1.244954061926094379e-05
9.608272728128744924e-06
7.494696716044891001e-06
5.892621837081701027e-06
4.637375416329740218e-06
3.616608544426097697e-06
2.765625584676871961e-06
1.313416293493725548e-05
1.014634947245605741e-05
7.921988643561598211e-06
6.232572100203021368e-06
4.905109873829231256e-06
3.822667270240012623e-06
2.919187859743545048e-06
2.139983538790830330e-05
1.674957313350536141e-05
1.321186921805350751e-05
1.042967658907966679e-05
8.165686695880379080e-06
6.275963787185697319e-06
4.687049647774397724e-06
2.746834306653702675e-05
2.161620996764690794e-05
1.710118574014055432e-05
1.349137880752773287e-05
1.051318419762750715e-05
8.010534306878512438e-06
5.910330763304699642e-06
3.042909463958220502e-05
2.399182530210240298e-05
1.899764735174757979e-05
1.498052899588750695e-05
1.165110186138213807e-05
8.847371022724137262e-06
6.497048464149946273e-06
3.951888326705942436e-05
3.130931552249574594e-05
2.480681510894334354e-05
1.947738689392369436e-05
1.501129817674484341e-05
1.124683418765715957e-05
8.116670839728131048e-06
4.642949269342441473e-05
3.685957885927290038e-05
2.919509463508429537e-05
2.285545910469099153e-05
1.751818917672014737e-05
1.302297921145283880e-05
9.305044532899633722e-06
5.676150995967670781e-05
4.514229337514847723e-05
3.570238265745327510e-05
2.781387143403668259e-05
2.114792433388562934e-05
1.554989917443627337e-05
1.096019281452819883e-05
1.328766971160806059e-06
1.025579461435560759e-06
7.970700541917695964e-07
6.289882939768801579e-07
5.054261822931633580e-07
4.113730077147794589e-07
3.356767448893830526e-07
2.005850405076404190e-06
1.556206680478166520e-06
1.223382812137544304e-06
9.792318053270162837e-07
7.963500027109115907e-07
6.522244268639044285e-07
5.314498323213012329e-07
2.276829298643897223e-06
1.770180773710998223e-06
1.396492228943290051e-06
1.122164254949884939e-06
9.151977574556498918e-07
7.503665665848185450e-07
6.108439929502944802e-07
2.400732466705155752e-06
1.868209854440276633e-06
1.475919030592623133e-06
1.187744625538963533e-06
9.697667647006187976e-07
7.954232333655505545e-07
6.471956683239755776e-07
3.866612102192904581e-06
3.061077327537785695e-06
2.467845950503702051e-06
2.020081723122274100e-06
1.663691711624071591e-06
1.362083970739383033e-06
1.095281205914859139e-06
4.936247956603806759e-06
3.944707593890503969e-06
3.208744242935973584e-06
2.642208155854032746e-06
2.178781898902809625e-06
1.777591517498258418e-06
1.416444861619919592e-06
5.458186677226866291e-06
4.377334198286138070e-06
3.572105108732578856e-06
2.947066963172349003e-06
2.430688192327122664e-06
1.980065711629646733e-06
1.571848281531015802e-06
7.053752020221770310e-06
5.726057516745270150e-06
4.715256267135281593e-06
3.904129093586821037e-06
3.211602481791824490e-06
2.596011605438358465e-06
2.022732070775998858e-06
8.272065148854003351e-06
6.757662965793725695e-06
5.588576422149369572e-06
4.632229527136523447e-06
3.802327709590459504e-06
3.056978658769852149e-06
2.357580524807841752e-06
1.010127902233980981e-05
8.316486729437310774e-06
6.907856219012457386e-06
5.726268879578915679e-06
4.682214295524749311e-06
3.730304122674065023e-06
2.839817548400864298e-06
