# rs_dv
inf
2.323626432984760015e+00
1.166788294339550447e+00
7.812336013187218819e-01
5.884994585345686424e-01
4.728932719387277661e-01
3.958508317180624569e-01
3.408446098535107271e-01
2.996108345098705827e-01
2.675585148308595729e-01
2.419330508543759972e-01
2.209815107430282421e-01
2.035352693950262526e-01
1.887852753836149200e-01
1.761536320600568806e-01
1.652165462098890703e-01
1.556561709573838215e-01
1.472294452861637182e-01
1.397473203804459607e-01
1.330605460632330594e-01
1.270497212972853673e-01
1.216181873944331693e-01
1.166868594349806665e-01
1.121904060070759851e-01
1.080743840059900235e-01
1.042930610764949834e-01
1.008077405636497170e-01
9.758545869204553191e-02
9.459796091642684590e-02
9.182089005753672761e-02
8.923313680669298087e-02
8.681631593525483692e-02
8.455434071111378458e-02
8.243307469049755698e-02
8.044004495496527574e-02
7.856420450464739191e-02
7.679573424966741613e-02
7.512587710829353449e-02
7.354679829751969988e-02
7.205146711496826506e-02
7.063355645122833260e-02
6.928735700557758781e-02
6.800770375461552553e-02
6.678991267923981012e-02
6.562972611804303302e-02
6.452326540532844767e-02
6.346698968529680684e-02
6.245765998262828994e-02
6.149230776297711504e-02
6.056820734203486462e-02
5.968285160443190934e-02
5.883393057825060668e-02
5.801931248080297726e-02
5.723702690933871184e-02
5.648524989869192769e-02
5.576229060830931866e-02
5.506657943503585201e-02
5.439665737661199263e-02
5.375116649497771459e-02
5.312884134893874205e-02
5.252850128314091177e-02
5.194904347512390580e-02
5.138943665489745238e-02
5.084871542234706970e-02
5.032597509711010664e-02
4.982036704360637974e-02
4.933109442085289315e-02
4.885740831270570655e-02
4.839860419938819130e-02
4.795401873570284690e-02
4.752302680527605711e-02
4.710503882363836076e-02
4.669949826596338921e-02
4.630587939793705254e-02
4.592368519055496645e-02
4.555244540169366141e-02
4.519171480910559591e-02
4.484107158108226882e-02
4.450011577243980637e-02
4.416846793473060834e-02
4.384576783069413924e-02
4.353167324394505849e-02
4.322585887577511110e-02
4.292801532172726281e-02
4.263784812129943480e-02
4.235507687476016553e-02
4.207943442161714981e-02
4.181066607578209221e-02
4.154852891292500072e-02
4.129279110591584090e-02
4.104323130461606794e-02
4.079963805661052101e-02
4.056180926576666290e-02
4.032955168577552485e-02
4.010268044607048776e-02
3.988101860773980711e-02
3.966439674724624165e-02
3.945265256594832071e-02
3.924563052358058524e-02
3.904318149399925442e-02
3.884516244163535581e-02
3.865143611721978678e-02
3.846187077145839239e-02
3.827633988543682059e-02
3.809472191662911789e-02
3.791690005946965480e-02
3.774276201952633802e-02
3.757219980038518231e-02
3.740510950242183913e-02
3.724139113269617912e-02
3.708094842526216822e-02
3.692368867123495269e-02
3.676952255800568919e-02
3.661836401703601196e-02
3.647013007970553722e-02
3.632474074072116615e-02
3.618211882863133638e-02
3.604218988301977067e-02
3.590488203798149203e-02
3.577012591151132459e-02
3.563785450045898334e-02
3.550800308072839251e-02
3.538050911241949481e-02
3.525531214963079085e-02
3.513235375465866700e-02
3.501157741634695897e-02
3.489292847235529044e-02
3.477635403512973483e-02
3.466180292137262253e-02
3.454922558482111106e-02
3.443857405215576539e-02
3.432980186187117866e-02
3.422286400595111328e-02
3.411771687420001031e-02
3.401431820109138138e-02
3.391262701500232651e-02
3.381260358971045765e-02
3.371420939803753541e-02
3.361740706752994190e-02
3.352216033807352280e-02
3.342843402134489106e-02
3.333619396200817458e-02
3.324540700057031922e-02
3.315604093781346351e-02
3.306806450072725945e-02
3.298144730986830170e-02
3.289615984807774812e-02
3.281217343049223911e-02
3.272946017578634570e-02
3.264799297858837074e-02
3.256774549378223943e-02
3.248869206852832148e-02
3.241080778103033050e-02
3.233406837548902235e-02
3.225845024990822707e-02
3.218393043448984636e-02
3.211048657087219038e-02
3.203809689217364254e-02
3.196674020380574355e-02
3.189639586502149293e-02
3.182704377116646333e-02
3.175866433660180788e-02
3.169123847827010065e-02
3.162474759987573408e-02
3.155917357665389417e-02
3.149449874070249511e-02
3.143070586685333540e-02
3.136777815905950756e-02
3.130569923727753723e-02
3.124445312482326473e-02
3.118402423618195016e-02
3.112439736525381834e-02
3.106555767401703375e-02
3.100749068159107391e-02
3.095018225368419140e-02
3.089361859240946293e-02
3.083778622645460751e-02
3.078267200159130745e-02
3.072826307151073702e-02
3.067454688897206308e-02
3.062151119725195839e-02
3.056914402188308510e-02
3.051743366267040125e-02
3.046636868597450004e-02
3.041593791725169874e-02
3.036613043384097516e-02
3.031693555798855438e-02
3.026834285010075384e-02
3.022034210221685377e-02
3.017292333169349985e-02
3.012607677509281795e-02
3.007979288226661496e-02
3.003406231062950849e-02
2.998887591961396301e-02
2.994422476530055749e-02
2.990010009521711781e-02
2.985649334330075372e-02
2.981339612501652733e-02
2.977080023262760819e-02
2.972869763061119011e-02
2.968708045121501785e-02
2.964594099014970438e-02
2.960527170241193315e-02
2.956506519823396892e-02
2.952531423915507117e-02
2.948601173421068825e-02
2.944715073623518573e-02
2.940872443827435151e-02
2.937072617010384051e-02
2.933314939484999578e-02
2.929598770570958355e-02
2.925923482276493806e-02
2.922288458989170945e-02
2.918693097175560289e-02
2.915136805089553126e-02
2.911619002489021155e-02
2.908139120360534249e-02
2.904696600651890045e-02
2.901290896012182971e-02
2.897921469539181324e-02
2.894587794533764677e-02
2.891289354261199554e-02
2.888025641719035516e-02
2.884796159411404104e-02
2.881600419129518725e-02
2.878437941738184666e-02
2.875308256968119730e-02
2.872210903213909955e-02
2.869145427337422768e-02
2.866111384476508969e-02
2.863108337858816937e-02
2.860135858620587238e-02
2.857193525630245465e-02
2.854280925316664622e-02
2.851397651501949224e-02
2.848543305238603746e-02
2.845717494650949753e-02
2.842919834780675142e-02
2.840149947436369782e-02
2.837407461046954904e-02
2.834692010518866795e-02
2.832003237096902132e-02
2.829340788228601813e-02
2.826704317432082378e-02
2.824093484167196355e-02
2.821507953709952166e-02
2.818947397030062765e-02
2.816411490671573079e-02
2.813899916636439236e-02
2.811412362270997167e-02
2.808948520155237980e-02
2.806508087994795050e-02
2.804090768515589763e-02
2.801696269361029015e-02
2.799324302991715308e-02
2.796974586587572947e-02
2.794646841952345279e-02
2.792340795420370642e-02
2.790056177765600290e-02
2.787792724112784712e-02
2.785550173850758968e-02
2.783328270547785407e-02
2.781126761868896874e-02
2.778945399495161284e-02
2.776783939044862384e-02
2.774642139996491563e-02
2.772519765613539605e-02
2.770416582871029071e-02
2.768332362383731440e-02
2.766266878336041957e-02
2.764219908413451110e-02
2.762191233735581536e-02
2.760180638790743490e-02
2.758187911371974554e-02
2.756212842514522282e-02
2.754255226434717402e-02
2.752314860470239655e-02
2.750391545021691614e-02
2.748485083495487771e-02
2.746595282248000952e-02
2.744721950530942811e-02
2.742864900437943371e-02
2.741023946852305659e-02
2.739198907395900065e-02
2.737389602379165440e-02
2.735595854752200309e-02
2.733817490056910868e-02
2.732054336380184897e-02
2.730306224308074597e-02
2.728572986880958146e-02
2.726854459549658827e-02
2.725150480132492586e-02
2.723460888773226660e-02
2.721785527899922910e-02
2.720124242184659286e-02
2.718476878504070063e-02
2.716843285900739577e-02
2.715223315545374494e-02
2.713616820699779261e-02
2.712023656680586162e-02
2.710443680823735463e-02
2.708876752449691436e-02
2.707322732829359202e-02
2.705781485150707613e-02
2.704252874486064162e-02
2.702736767760077763e-02
2.701233033718326154e-02
2.699741542896554394e-02
2.698262167590534735e-02
2.696794781826530873e-02
2.695339261332344027e-02
2.693895463585683353e-02
2.692463307488299901e-02
2.691042653772383192e-02
2.689633384693713644e-02
2.688235384073241890e-02
2.686848537271401341e-02
2.685472731162914795e-02
2.684107854112111058e-02
2.682753795948696063e-02
2.681410447944013176e-02
2.680077702787745167e-02
2.678755454565072414e-02
2.677443598734269639e-02
2.676142032104721763e-02
2.674850652815369614e-02
2.673569360313553592e-02
2.672298055334267064e-02
2.671036639879794880e-02
2.669785017199732824e-02
2.668543091771393913e-02
2.667310769280565805e-02
2.666087956602634576e-02
2.664874561784059959e-02
2.663670494024191274e-02
2.662475664034314599e-02
2.661289982534995741e-02
2.660113362433311895e-02
2.658945717364954303e-02
2.657786962032469835e-02
2.656637012189009758e-02
2.655495784330966225e-02
2.654363196847699460e-02
2.653239168258134453e-02
2.652123618360882618e-02
2.651016467928096407e-02
2.649917638690870228e-02
2.648827053324918218e-02
2.647744635436486554e-02
2.646670309548539851e-02
2.645604001087165438e-02
2.644545636368242705e-02
2.643495142584322000e-02
2.642452447791758183e-02
2.641417480898047149e-02
2.640390171649397918e-02
2.639370450618515676e-02
2.638358249192595401e-02
2.637353499561520889e-02
2.636356133847312516e-02
2.635366087528369372e-02
2.634383294275130863e-02
2.633407689374281380e-02
2.632439208859179217e-02
2.631477789499217165e-02
2.630523368789368724e-02
2.629575884939912983e-02
2.628635276866315984e-02
2.627701484179306365e-02
2.626774447175100197e-02
2.625854106825795120e-02
2.624940404769924435e-02
2.624033283303166611e-02
2.623132685369215442e-02
2.622238554550786888e-02
2.621350835060794193e-02
2.620469471733648942e-02
2.619594410016717542e-02
2.618725595604771278e-02
2.617862975860203376e-02
2.617006497662285533e-02
2.616156108827480398e-02
2.615311757744519933e-02
2.614473393366651896e-02
2.613640965204013650e-02
2.612814423316142665e-02
2.611993718304586598e-02
2.611178801305652497e-02
2.610369623983252799e-02
2.609566138521876577e-02
2.608768297619673895e-02
2.607976054481633485e-02
2.607189362812893998e-02
2.606408176812135061e-02
2.605632451165088709e-02
2.604862141038145548e-02
2.604097202072061176e-02
2.603337590375762525e-02
2.602583262520251697e-02
2.601834174700605809e-02
2.601090286057866977e-02
