# hsc_theory
8.488853725482984865e-06
6.902019742311319320e-06
5.639670406242267502e-06
4.639257474098789765e-06
3.838747386727807058e-06
3.184700562210237286e-06
2.636643531777720587e-06
2.167277738570976349e-06
1.760367426537064324e-06
1.287871010982087252e-05
1.054509668666352590e-05
8.691182607851391794e-06
7.206679160028573564e-06
5.994497181701779285e-06
4.979280575665142221e-06
4.109422207167543725e-06
3.353232533107273011e-06
2.693815295277337271e-06
1.555832170133640975e-05
1.278759740536794008e-05
1.056822620966099951e-05
8.770657010897669697e-06
7.285070352152559903e-06
6.028866874751373178e-06
4.947092156896634729e-06
4.006621960962779082e-06
3.190060871568266148e-06
1.700033601555276056e-05
1.399370893870683499e-05
1.157284718583330840e-05
9.600543248729342797e-06
7.961996418827602530e-06
6.571728566345363898e-06
5.373339846646023336e-06
4.332945407204579334e-06
3.432744330399394937e-06
2.372582970872238241e-05
1.966438848279012638e-05
1.639303033686407730e-05
1.369760485018709810e-05
1.141722584946846660e-05
9.444620031833225136e-06
7.717367621215242266e-06
6.202694033876536569e-06
4.885968068360075501e-06
3.080771861913027168e-05
2.565959299138786869e-05
2.145610933102778134e-05
1.793677444057604887e-05
1.491710095924731632e-05
1.228108332623514811e-05
9.965654057891042063e-06
7.939219285941233721e-06
6.187757655371066174e-06
3.407272056410628862e-05
2.842233139005322280e-05
2.378533495121958925e-05
1.988181849412508508e-05
1.651760696978382589e-05
1.357322064456769233e-05
1.098539291237669886e-05
8.722938510563831813e-06
6.771943236942067551e-06
4.473902702306950502e-05
3.747542024964004226e-05
3.139908309665395632e-05
2.619375584434142898e-05
2.165377266981977623e-05
1.766050075052005971e-05
1.415541415052488504e-05
1.110896913772376935e-05
8.505701054767956018e-06
5.213434982954159554e-05
4.373513926583261766e-05
3.664369326381972477e-05
3.052245486720883032e-05
2.515911526300463350e-05
2.043536164423389738e-05
1.629488114376959925e-05
1.270829745443876500e-05
9.658646972771825609e-06
6.269545387552514452e-05
5.265991703310044186e-05
4.409219921258982161e-05
3.663535733108582674e-05
3.007398337982197128e-05
2.429281635509721046e-05
1.923874673525991454e-05
1.488173638045249221e-05
1.120181630810563128e-05
1.669356632969598693e-06
1.368925929124367167e-06
1.125096295053030235e-06
9.317495971390841162e-07
7.796030854309161404e-07
6.587410889698905340e-07
5.603389290218482946e-07
4.778902198419731960e-07
2.516926363239658246e-06
2.071445656682881140e-06
1.717165114843102848e-06
1.438461204403589340e-06
1.217735082474098526e-06
1.039033613559600136e-06
8.895638780288007794e-07
7.603325079369201049e-07
3.024767062412953955e-06
2.503982575869238845e-06
2.089283206222542992e-06
1.760528968694835914e-06
1.496566357645106467e-06
1.279101387053313115e-06
1.094005511828474464e-06
9.314171055067621226e-07
3.297568862771507157e-06
2.738826315413155349e-06
2.292594827680406588e-06
1.936747920469164985e-06
1.648607988213330910e-06
1.408974513333719714e-06
1.203525270737979757e-06
1.020826576223627799e-06
4.567396612463894198e-06
3.806025069832843294e-06
3.208032757853064837e-06
2.733447776576771456e-06
2.346601077471877924e-06
2.020218775346139773e-06
1.735066730927267013e-06
1.479020891622465899e-06
5.884287081720955240e-06
4.942794785009006883e-06
4.199279608599836023e-06
3.600869749049687766e-06
3.103471764803713223e-06
2.675031329409719838e-06
2.293879339987585659e-06
1.947510569394656049e-06
6.491212178304098085e-06
5.468185853833627634e-06
4.658042170599316040e-06
4.002339366259709262e-06
3.453365935552055878e-06
2.977054104989234325e-06
2.550869335089320730e-06
2.161802216159380883e-06
8.453914623310370517e-06
7.192509996362665211e-06
6.177621285954066539e-06
5.337243094990332453e-06
4.615827161163322860e-06
3.975346373628909526e-06
3.392440907761582745e-06
2.856282619659093093e-06
9.819704254071638398e-06
8.393984858591751127e-06
7.236126707924339584e-06
6.265658460031446604e-06
5.421979354016635934e-06
4.664739572159951553e-06
3.971147795605719007e-06
3.328540494482633144e-06
1.177194527362296659e-05
1.011947312396133355e-05
8.759338832597694799e-06
7.601089645379117946e-06
6.578345263542455731e-06
5.648715078598063361e-06
4.792403678245001799e-06
3.988837559513342003e-06
