# hsc_data
2.817755789999999870e-06
5.168516960000000263e-06
2.161816839999999884e-06
3.364866639999999863e-06
2.731611629999999865e-06
7.093001839999999581e-06
4.178840299999999774e-06
2.854958889999999934e-06
1.637418789999999959e-06
8.204806359999999979e-06
8.092075399999999695e-06
2.317719009999999987e-06
2.467912960000000124e-06
3.316390579999999840e-06
3.341770479999999987e-06
2.665522289999999898e-06
2.237781729999999993e-07
-4.322908180000000176e-07
1.674082889999999841e-05
1.065184640000000084e-05
7.120452209999999914e-06
6.625583860000000040e-06
3.651483889999999901e-06
2.096011709999999837e-06
3.697957479999999919e-06
2.370597029999999826e-06
9.463500419999999940e-07
2.125229550000000083e-05
1.890654309999999854e-05
9.802447489999999635e-06
6.147700329999999740e-06
5.054483610000000106e-06
5.810144560000000354e-06
3.839388679999999630e-06
3.533225249999999804e-06
8.373922360000000207e-07
2.839334410000000000e-05
2.421563839999999940e-05
1.588078339999999871e-05
1.291384519999999956e-05
1.190503280000000076e-05
1.043460909999999956e-05
7.323945280000000229e-06
5.205882640000000127e-06
3.272851469999999967e-06
3.645694230000000297e-05
2.273800060000000115e-05
1.903430890000000139e-05
1.879451160000000079e-05
1.402028370000000000e-05
1.553815130000000053e-05
8.947026799999999866e-06
7.240176729999999810e-06
6.000280789999999947e-06
4.139740119999999699e-05
3.246768030000000098e-05
2.445205789999999938e-05
2.165129630000000110e-05
1.571761819999999919e-05
1.369213990000000006e-05
1.119935309999999957e-05
9.114588469999999835e-06
6.907736860000000250e-06
4.300800359999999668e-05
4.361536049999999778e-05
3.580842529999999740e-05
2.795094770000000015e-05
2.193771249999999922e-05
1.570444689999999854e-05
1.733945649999999993e-05
1.079491450000000027e-05
9.106384820000000167e-06
6.084877170000000117e-05
4.732173690000000089e-05
4.274868119999999737e-05
2.842496360000000154e-05
2.797989869999999865e-05
1.884354969999999869e-05
1.796867399999999845e-05
1.312834679999999967e-05
8.759807320000000688e-06
6.733257759999999978e-05
6.569371910000000115e-05
5.081434569999999663e-05
3.347404340000000245e-05
3.405832829999999687e-05
2.995955770000000056e-05
2.133966340000000022e-05
1.753826290000000165e-05
1.095217249999999970e-05
3.557423160000000181e-07
2.041926589999999880e-07
1.293518719999999915e-06
1.701396289999999911e-07
4.051287589999999737e-07
3.484460929999999888e-07
3.647899970000000151e-07
-1.627668380000000122e-07
9.333213030000000106e-07
1.925149719999999941e-06
9.753538280000000245e-07
7.310435420000000505e-07
4.097912270000000226e-07
5.423258929999999909e-07
8.162678569999999981e-07
4.531658530000000188e-07
2.058079640000000087e-06
4.505705870000000236e-06
1.870550930000000016e-06
1.015594879999999918e-06
1.173860710000000091e-06
1.016581559999999956e-06
6.293464030000000353e-07
7.145588939999999725e-07
2.004008820000000017e-06
2.579962940000000105e-06
1.017387830000000102e-06
2.059361800000000057e-06
1.181070269999999948e-06
1.874461530000000009e-06
4.644143699999999843e-07
4.611139839999999773e-07
7.773453939999999557e-06
2.823921480000000178e-06
2.931786179999999877e-06
2.793147590000000040e-06
2.731377889999999854e-06
2.808676070000000118e-06
3.135190580000000203e-06
2.434173209999999936e-06
7.049208759999999793e-06
5.722972219999999695e-06
5.743825570000000179e-06
4.088428799999999971e-06
3.701114570000000146e-06
2.976137009999999973e-06
3.339282780000000159e-06
2.482801620000000130e-06
7.042939159999999693e-06
8.373734090000000603e-06
6.081192169999999660e-06
3.952994580000000344e-06
3.638637279999999904e-06
3.815323449999999857e-06
2.502941470000000083e-06
2.154931050000000090e-06
9.662746380000000783e-06
7.814162930000000497e-06
7.650040970000000624e-06
5.955841970000000211e-06
6.319781729999999620e-06
4.820851249999999848e-06
4.584870569999999685e-06
3.766527930000000160e-06
1.317404530000000084e-05
1.172246810000000075e-05
6.076156299999999821e-06
7.091727180000000136e-06
6.688771009999999891e-06
3.036182990000000173e-06
4.306310529999999619e-06
3.233978990000000100e-06
1.501480530000000081e-05
1.375351890000000007e-05
8.534519109999999425e-06
4.491771049999999726e-06
8.204526239999999438e-06
8.311333660000000073e-06
4.573368190000000140e-06
7.196581459999999716e-07
