# hsc_angle
2.346221062163447030e-03
2.953717500745847366e-03
3.718509143441416347e-03
4.681326744821708193e-03
5.893441766036189473e-03
7.419402562387170108e-03
9.340477161634651651e-03
1.175896364547232911e-02
1.480365585170196306e-02
2.346221062163447030e-03
2.953717500745847366e-03
3.718509143441416347e-03
4.681326744821708193e-03
5.893441766036189473e-03
7.419402562387170108e-03
9.340477161634651651e-03
1.175896364547232911e-02
1.480365585170196306e-02
2.346221062163447030e-03
2.953717500745847366e-03
3.718509143441416347e-03
4.681326744821708193e-03
5.893441766036189473e-03
7.419402562387170108e-03
9.340477161634651651e-03
1.175896364547232911e-02
1.480365585170196306e-02
2.346221062163447030e-03
2.953717500745847366e-03
3.718509143441416347e-03
4.681326744821708193e-03
5.893441766036189473e-03
7.419402562387170108e-03
9.340477161634651651e-03
1.175896364547232911e-02
1.480365585170196306e-02
2.346221062163447030e-03
2.953717500745847366e-03
3.718509143441416347e-03
4.681326744821708193e-03
5.893441766036189473e-03
7.419402562387170108e-03
9.340477161634651651e-03
1.175896364547232911e-02
1.480365585170196306e-02
2.346221062163447030e-03
2.953717500745847366e-03
3.718509143441416347e-03
4.681326744821708193e-03
5.893441766036189473e-03
7.419402562387170108e-03
9.340477161634651651e-03
1.175896364547232911e-02
1.480365585170196306e-02
2.346221062163447030e-03
2.953717500745847366e-03
3.718509143441416347e-03
4.681326744821708193e-03
5.893441766036189473e-03
7.419402562387170108e-03
9.340477161634651651e-03
1.175896364547232911e-02
1.480365585170196306e-02
2.346221062163447030e-03
2.953717500745847366e-03
3.718509143441416347e-03
4.681326744821708193e-03
5.893441766036189473e-03
7.419402562387170108e-03
9.340477161634651651e-03
1.175896364547232911e-02
1.480365585170196306e-02
2.346221062163447030e-03
2.953717500745847366e-03
3.718509143441416347e-03
4.681326744821708193e-03
5.893441766036189473e-03
7.419402562387170108e-03
9.340477161634651651e-03
1.175896364547232911e-02
1.480365585170196306e-02
2.346221062163447030e-03
2.953717500745847366e-03
3.718509143441416347e-03
4.681326744821708193e-03
5.893441766036189473e-03
7.419402562387170108e-03
9.340477161634651651e-03
1.175896364547232911e-02
1.480365585170196306e-02
9.340477161634651651e-03
1.175896364547232911e-02
1.480365585170196306e-02
1.863669699131775132e-02
2.346220951625927614e-02
2.953718169788727838e-02
3.718509463418445682e-02
4.681327646575154933e-02
9.340477161634651651e-03
1.175896364547232911e-02
1.480365585170196306e-02
1.863669699131775132e-02
2.346220951625927614e-02
2.953718169788727838e-02
3.718509463418445682e-02
4.681327646575154933e-02
9.340477161634651651e-03
1.175896364547232911e-02
1.480365585170196306e-02
1.863669699131775132e-02
2.346220951625927614e-02
2.953718169788727838e-02
3.718509463418445682e-02
4.681327646575154933e-02
9.340477161634651651e-03
1.175896364547232911e-02
1.480365585170196306e-02
1.863669699131775132e-02
2.346220951625927614e-02
2.953718169788727838e-02
3.718509463418445682e-02
4.681327646575154933e-02
9.340477161634651651e-03
1.175896364547232911e-02
1.480365585170196306e-02
1.863669699131775132e-02
2.346220951625927614e-02
2.953718169788727838e-02
3.718509463418445682e-02
4.681327646575154933e-02
9.340477161634651651e-03
1.175896364547232911e-02
1.480365585170196306e-02
1.863669699131775132e-02
2.346220951625927614e-02
2.953718169788727838e-02
3.718509463418445682e-02
4.681327646575154933e-02
9.340477161634651651e-03
1.175896364547232911e-02
1.480365585170196306e-02
1.863669699131775132e-02
2.346220951625927614e-02
2.953718169788727838e-02
3.718509463418445682e-02
4.681327646575154933e-02
9.340477161634651651e-03
1.175896364547232911e-02
1.480365585170196306e-02
1.863669699131775132e-02
2.346220951625927614e-02
2.953718169788727838e-02
3.718509463418445682e-02
4.681327646575154933e-02
9.340477161634651651e-03
1.175896364547232911e-02
1.480365585170196306e-02
1.863669699131775132e-02
2.346220951625927614e-02
2.953718169788727838e-02
3.718509463418445682e-02
4.681327646575154933e-02
9.340477161634651651e-03
1.175896364547232911e-02
1.480365585170196306e-02
1.863669699131775132e-02
2.346220951625927614e-02
2.953718169788727838e-02
3.718509463418445682e-02
4.681327646575154933e-02
