# bin_2_2
1.423585971668660779e-08
1.429092963375675056e-08
1.434792136093446354e-08
1.440689199643478527e-08
1.446790037112500476e-08
1.453100674281960167e-08
1.459627296672026391e-08
1.466376317395528083e-08
1.473354231351453918e-08
1.480567602750694132e-08
1.488023065588231772e-08
1.495727266503922342e-08
1.503687111557328756e-08
1.511909820176913034e-08
1.520402827654340026e-08
1.529173697336203250e-08
1.538229938247421120e-08
1.547579049169854454e-08
1.557228528879855708e-08
1.567185825909364145e-08
1.577458538322784519e-08
1.588054525132059371e-08
1.598981768960924438e-08
1.610248205129591723e-08
1.621861627119913572e-08
1.633829553887886557e-08
1.646159391643167819e-08
1.658857602266153041e-08
1.671930135162929927e-08
1.685383390937969038e-08
1.699224350476603346e-08
1.713459505971334208e-08
1.728093536835080611e-08
1.743129843208596361e-08
1.758571797016430888e-08
1.774423685924573536e-08
1.790689665537177090e-08
1.807372433146727072e-08
1.824474099966118591e-08
1.841994780782484610e-08
1.859932798595141791e-08
1.878299562933659778e-08
1.897106944832251882e-08
1.916332139270300057e-08
1.935954737303760519e-08
1.955975772012552762e-08
1.976401505503507799e-08
1.997234699853377261e-08
2.018459781912559293e-08
2.040067912773018162e-08
2.062059295249255817e-08
2.084422243544497313e-08
2.107149396166217959e-08
2.130236991498546029e-08
2.153675764750888857e-08
2.177462750976854988e-08
2.201593252080038963e-08
2.226062966309883035e-08
2.250870314444704432e-08
2.276013019423462240e-08
2.301489157015356307e-08
2.327298415278358858e-08
2.353436937908886697e-08
2.379894555701769633e-08
2.406652150713383825e-08
2.433720271802948166e-08
2.461022279367566975e-08
2.488495267033703586e-08
2.516116130490838677e-08
2.543834272205997480e-08
2.571591118543657701e-08
2.599341712948944428e-08
2.627037807834827225e-08
2.654636073176004541e-08
2.682090261602246644e-08
2.709365031736830502e-08
2.736426695080895711e-08
2.763299250830732785e-08
2.789918435756434725e-08
2.816252565306067146e-08
2.842306347395443951e-08
2.868046055243618567e-08
2.893425016282425324e-08
2.918394625694161239e-08
2.942873941752959631e-08
2.966821100245836999e-08
2.990107179418390511e-08
3.012613252020946376e-08
3.034305285282977521e-08
3.055124353129720228e-08
3.075012908836082153e-08
3.093947970130974358e-08
3.111869419023544460e-08
3.128672429675914339e-08
3.144357264870446686e-08
3.158878181289604925e-08
3.172210898077107768e-08
3.184280069690579889e-08
3.194969656263112069e-08
3.204228327020880830e-08
3.211978620699250887e-08
3.218153040919207345e-08
3.222606016133286937e-08
3.225333775557675771e-08
3.226357192180872052e-08
3.225611085111501387e-08
3.223034576547480386e-08
3.218655320242799229e-08
3.212383986463421443e-08
3.204111202654440269e-08
3.193843819941950639e-08
3.181499311496684731e-08
3.167044467194255591e-08
3.150548826785935304e-08
3.131913480491459172e-08
3.111208023817859729e-08
3.088368843035163274e-08
3.063422791031760219e-08
3.036336265559779849e-08
3.007125261957745550e-08
2.975777257967383754e-08
2.942370964310050659e-08
2.906916589473800837e-08
2.869477404721355422e-08
2.830079052153108534e-08
2.788761281096737297e-08
2.745596531601311651e-08
2.700646522460264418e-08
2.653990248649008433e-08
2.605730434650291519e-08
2.555954009182090350e-08
2.504749007775171509e-08
2.452223315887438092e-08
2.398490388502700207e-08
2.343674619508910995e-08
2.287898540458819342e-08
2.231304505388748549e-08
2.174012223623349599e-08
2.116162291866849538e-08
2.057891294147829903e-08
1.999348327497959234e-08
1.940674804980158875e-08
1.882002928438268133e-08
1.823475453841508853e-08
1.765228300776926319e-08
1.707392461935050773e-08
1.650102507025655689e-08
1.593473504286196981e-08
1.537625120591481338e-08
1.482668569844746314e-08
1.428704431731356028e-08
1.375827296077301501e-08
1.324112527535951162e-08
1.273638697463034908e-08
1.224456938324962057e-08
1.176618590394116057e-08
1.130145276411315475e-08
1.085067965843849987e-08
1.041382473469573032e-08
9.990875589645118152e-09
9.581658767458575537e-09
9.185889689356028388e-09
8.803267590346344407e-09
8.433355565446140603e-09
8.075708483397823733e-09
7.729846074964906582e-09
7.395265203515694168e-09
7.071479481718912980e-09
6.758026503314310262e-09
6.454498516012148223e-09
6.160560430604337045e-09
5.875926678283759969e-09
5.600404575723007995e-09
5.333869189081160969e-09
5.076269533020210603e-09
4.827626260932342661e-09
4.588018712208554333e-09
4.357620026495777570e-09
4.136601293160589832e-09
3.925155683319144830e-09
3.723441689408910794e-09
3.531537596627679404e-09
3.349442598633867758e-09
3.177047100575962769e-09
3.014123440509203234e-09
2.860325729515662993e-09
2.715196200095279130e-09
2.578183533733853675e-09
2.448671497403693930e-09
2.326023412711146795e-09
2.209630248514449408e-09
2.098954556693921344e-09
1.993564239336248932e-09
1.893152336350620072e-09
1.797527620535928087e-09
1.706592182367281921e-09
1.620303261110436954e-09
1.538629223623663745e-09
1.461503564122599213e-09
1.388792039203123261e-09
1.320279966435865668e-09
1.255683069189202916e-09
1.194680113698914431e-09
1.136957874693186216e-09
1.082250528853648795e-09
1.030358608699953896e-09
9.811466830296784107e-10
9.345206361824563717e-10
8.903908250147595053e-10
8.486482128046926090e-10
8.091544377495217312e-10
7.717543035067967139e-10
7.362961968201787170e-10
7.026462725906582084e-10
6.706962469297241631e-10
6.403528908860132312e-10
6.115297825634118411e-10
5.841396955168574955e-10
5.580951497735128516e-10
5.333112825226548922e-10
5.097103075079566146e-10
4.872210662775425993e-10
4.657771407604476064e-10
4.453166986219698854e-10
4.257813995319837774e-10
4.071175303621560036e-10
3.892744317043660268e-10
3.722048383378826322e-10
3.558647505137826241e-10
3.402130762569177995e-10
3.252122240349098121e-10
3.108272939756046370e-10
2.970257846352542927e-10
2.837776828416605328e-10
2.710551138330817274e-10
2.588326044998885638e-10
2.470865220982182550e-10
2.357949354100926568e-10
2.249377728499272076e-10
2.144964911282261583e-10
2.044539698169089803e-10
1.947944421735616975e-10
1.855033362883301579e-10
1.765671708080879128e-10
1.679734464413799057e-10
1.597105617159552362e-10
1.517677243900773494e-10
1.441348565877649806e-10
1.368025127384552406e-10
1.297618026989907458e-10
1.230043188650116532e-10
1.165220668810379470e-10
1.103074039738069824e-10
1.043529814960686423e-10
9.865169315647792913e-11
9.319663015027254973e-11
8.798104146214286410e-11
8.299829871255363015e-11
7.824186519746623932e-11
7.370526971717364242e-11
6.938208493421691608e-11
6.526591167569817021e-11
6.135036765680147713e-11
5.762907979776357921e-11
5.409568047307013053e-11
5.074380583392264829e-11
4.756709835403632211e-11
4.455921279529147825e-11
4.171382422396870983e-11
3.902463892298844517e-11
3.648540480333216619e-11
3.408992328692799985e-11
3.183206312485839314e-11
2.970577354649848447e-11
2.770509881868745283e-11
2.582419105707979872e-11
2.405732202950451530e-11
2.239889534149838827e-11
2.084345708031564563e-11
1.938570635922020274e-11
1.802050414573802760e-11
1.674288043655896340e-11
1.554803933167362419e-11
1.443136347632133056e-11
1.338841679608708733e-11
1.241494616937780720e-11
1.150688172490117749e-11
1.066033584394300411e-11
9.871601511881755726e-12
9.137149530948739073e-12
8.453624927690826708e-12
7.817843142208621766e-12
7.226785476431627860e-12
6.677593876216871780e-12
6.167565577310491563e-12
5.694147364275008848e-12
5.254929814388813613e-12
4.847641473079368381e-12
4.470143087703742440e-12
4.120421755123713958e-12
3.796585054676752008e-12
3.496855395318025129e-12
3.219564366818588567e-12
2.963147323927006615e-12
2.726138010478742166e-12
2.507163458048892627e-12
2.304938915733270744e-12
2.118263001566651826e-12
1.946012970350382846e-12
1.787140236322282349e-12
1.640666092742791567e-12
1.505677718219170774e-12
1.381324392573257149e-12
1.266814092266793744e-12
1.161409319620683736e-12
1.064423960609187387e-12
9.752202545679551897e-13
8.932054323932083137e-13
8.178287534513323916e-13
7.485787477766717110e-13
6.849806752461040656e-13
6.265941812304328662e-13
5.730111159678260113e-13
5.238534608184897559e-13
4.787713606138906438e-13
4.374412346212874816e-13
3.995639669191651982e-13
3.648634615571353735e-13
3.330842935643701340e-13
3.039905436201495682e-13
2.773645609836480338e-13
2.530054179105010710e-13
2.307276532230152739e-13
2.103601134219836327e-13
1.917448962957781340e-13
1.747363940301981014e-13
1.592006955456921967e-13
1.450141391114604149e-13
1.320629095882454433e-13
1.202426071441276056e-13
1.094574012868218252e-13
9.961939176350822683e-14
9.064798477013181447e-14
8.246968819848243390e-14
7.501632050192781991e-14
6.822565803571614047e-14
6.204060393445153901e-14
5.640872236534888009e-14
5.128213612844517627e-14
4.661652194205903985e-14
4.237120515046981338e-14
3.850909839625621407e-14
3.499638223965922836e-14
3.180228042812246259e-14
2.889814200631778058e-14
2.625812669753832441e-14
2.385883108819540436e-14
2.167868659060252276e-14
1.969774835554825808e-14
1.789808347149343764e-14
1.626347800520119041e-14
1.477856289822276062e-14
1.342977285126889616e-14
1.220481392904939154e-14
1.109205422258664738e-14
1.008147172516921914e-14
9.163563384167668452e-15
8.329820626841473529e-15
7.572685411134436051e-15
6.884910498659876781e-15
6.260430091217765989e-15
5.693151127923806075e-15
5.178122999047075817e-15
4.710320124000515960e-15
4.285598016199616463e-15
3.899923735844537714e-15
3.549708583596280895e-15
3.231844047796418561e-15
2.943222000238364345e-15
2.681222632584267828e-15
2.443494375893370572e-15
2.227721779770078515e-15
2.031912722692805711e-15
1.854258172254344980e-15
1.693166728834990155e-15
1.547061810376366926e-15
1.414582477959874699e-15
1.294490420163343887e-15
1.185660813968463465e-15
1.087069779967766721e-15
9.977866481952418517e-16
9.169646847978013017e-16
8.438332884591959398e-16
7.777116733102703578e-16
7.179700620062449562e-16
6.640010892804181837e-16
6.152744204549752607e-16
5.713696510948662798e-16
5.317919967152397363e-16
4.961817113061507209e-16
