# bin_3_2
1.506115830060350850e-08
1.512103684896149745e-08
1.518302015815870076e-08
1.524717202059322322e-08
1.531355818923394866e-08
1.538224607654289728e-08
1.545330493659472082e-08
1.552680655829903464e-08
1.560282379034926815e-08
1.568143041530868600e-08
1.576270116738250917e-08
1.584671116101599696e-08
1.593353840104058067e-08
1.602326433082451874e-08
1.611597285188505756e-08
1.621174943849860967e-08
1.631067929519574984e-08
1.641284781085647150e-08
1.651834066763588735e-08
1.662724333345354348e-08
1.673964308777603416e-08
1.685563017095313268e-08
1.697529644010344654e-08
1.709873361651250784e-08
1.722603233425873748e-08
1.735728079576249734e-08
1.749256638962903840e-08
1.763196726150550889e-08
1.777555672297392818e-08
1.792341310262694240e-08
1.807562104917535222e-08
1.823226064908785994e-08
1.839339399800670435e-08
1.855907052904480469e-08
1.872933973181853053e-08
1.890426088305176791e-08
1.908389240692505630e-08
1.926827812773405753e-08
1.945745604992958451e-08
1.965144470820370886e-08
1.985024514921501251e-08
2.005398965972650542e-08
2.026281518479803319e-08
2.047651159766010306e-08
2.069489304714249880e-08
2.091798827640640714e-08
2.114587907871369053e-08
2.137861275178651544e-08
2.161605169659943212e-08
2.185812628337279467e-08
2.210485862884148807e-08
2.235615012235105709e-08
2.261194600026177644e-08
2.287222793505302199e-08
2.313692126107878020e-08
2.340601527443844274e-08
2.367948081987077840e-08
2.395729256924653790e-08
2.423945239037932846e-08
2.452595425563006275e-08
2.481679513352880892e-08
2.511198791796073932e-08
2.541150855012169897e-08
2.571526942143873360e-08
2.602309165830820315e-08
2.633509339499058815e-08
2.665051662800015272e-08
2.696873951866696453e-08
2.728953911614906547e-08
2.761241452955711623e-08
2.793678360413356491e-08
2.826219888618719626e-08
2.858817812535033605e-08
2.891428601080767575e-08
2.924005580344849979e-08
2.956512764315712741e-08
2.988915525468476505e-08
3.021236957221478965e-08
3.053411090447610385e-08
3.085404406629889700e-08
3.117219679935827924e-08
3.148820713928294159e-08
3.180157951475964749e-08
3.211179597293124016e-08
3.241800932981373746e-08
3.271976190864762376e-08
3.301571482941310433e-08
3.330462521587649349e-08
3.358610018227200007e-08
3.385949066271015691e-08
3.412415565326086097e-08
3.437979824982535589e-08
3.462574134216182637e-08
3.486085059672096900e-08
3.508504563727254745e-08
3.529777676747818105e-08
3.549870506568407090e-08
3.568697030206352711e-08
3.586129516188142703e-08
3.602105116624630469e-08
3.616534057334935169e-08
3.629335968129711215e-08
3.640350671878836820e-08
3.649560679932718296e-08
3.656972794789436646e-08
3.662505944743922616e-08
3.666082845224859679e-08
3.667715710041426553e-08
3.667297621186089243e-08
3.664700748047974649e-08
3.659915111280553928e-08
3.652838943541943341e-08
3.643420063868463159e-08
3.631710455109660289e-08
3.617590118026267062e-08
3.601110877663861850e-08
3.582188232615174052e-08
3.560830586647853234e-08
3.536984086589060093e-08
3.510646074484878961e-08
3.481784282275317507e-08
3.450460043400483443e-08
3.416664807621198575e-08
3.380445019509715234e-08
3.341809270077502519e-08
3.300781305192088639e-08
3.257419229046179803e-08
3.211771235965364138e-08
3.163903927848617434e-08
3.113910035119576551e-08
3.061867759445392692e-08
3.007858170905318894e-08
2.951984350223416227e-08
2.894357003671175744e-08
2.835100332969082053e-08
2.774339033363400016e-08
2.712220670873519368e-08
2.648872832028028245e-08
2.584447478347728447e-08
2.519095774148958468e-08
2.452984947142172572e-08
2.386278051661534652e-08
2.319132249099585869e-08
2.251718809361603292e-08
2.184205323277817168e-08
2.116757346561772769e-08
2.049546793719560014e-08
1.982728109401356957e-08
1.916462546677824081e-08
1.850904306402980888e-08
1.786198347753740533e-08
1.722484550696406247e-08
1.659883849858233989e-08
1.598520724722640841e-08
1.538491403170481462e-08
1.479891549889585473e-08
1.422784921568227900e-08
1.367242606230165397e-08
1.313296668466673349e-08
1.260978361035587172e-08
1.210297675500307053e-08
1.161247621869261552e-08
1.113813326348257795e-08
1.067959781375928709e-08
1.023644946274532624e-08
9.808171103682822320e-09
9.394163335546183038e-09
8.993790908657535849e-09
8.606401053976942834e-09
8.231360223809563504e-09
7.868086483066978404e-09
7.516035016431945028e-09
7.174755452578896388e-09
6.843879521825835021e-09
6.523136174039044324e-09
6.212366425888824822e-09
5.911515483351366919e-09
5.620697959420616073e-09
5.340082034005261647e-09
5.069976110407354752e-09
4.810730886454144334e-09
4.562660772183792342e-09
4.326051761659699797e-09
4.101083047693981554e-09
3.887844742967609822e-09
3.686249476009664102e-09
3.496038920522226421e-09
3.316767342749910717e-09
3.147821542273731556e-09
2.988461018632027968e-09
2.837873252286231720e-09
2.695237291620334339e-09
2.559788750955542006e-09
2.430881250947784136e-09
2.308019058084357243e-09
2.190875031084245780e-09
2.079272992359797270e-09
1.973148098309002707e-09
1.872487576700704087e-09
1.777271556962889879e-09
1.687417576909814660e-09
1.602741971046586213e-09
1.522961168427556459e-09
1.447728776894582071e-09
1.376686185730888924e-09
1.309500598356210000e-09
1.245893863238370487e-09
1.185650930166051898e-09
1.128601146629219322e-09
1.074595975996442601e-09
1.023482515958645463e-09
9.751008924452727676e-10
9.292906327711017026e-10
8.859013114578490180e-10
8.448008960703521441e-10
8.058610367534357549e-10
7.689519112759169398e-10
7.339384459797826674e-10
7.006895531303870128e-10
6.690895833779539550e-10
6.390431910193199256e-10
6.104702605747279665e-10
5.832905189460024302e-10
5.574192449904302147e-10
5.327677260509773365e-10
5.092569711485350104e-10
4.868192390697737823e-10
4.653967898506356722e-10
4.449328676708476281e-10
4.253697210929317652e-10
4.066530632583664555e-10
3.887342843189433467e-10
3.715700857839681351e-10
3.551198860190655400e-10
3.393450093895856065e-10
3.242099230995964733e-10
3.096816227743741031e-10
2.957298334941370927e-10
2.823267430218610745e-10
2.694465788487983183e-10
2.570655357727815303e-10
2.451616414311587634e-10
2.337147265946087160e-10
2.227061776856250223e-10
2.121187547702939588e-10
2.019365574298363652e-10
1.921448826647547382e-10
1.827301066575679211e-10
1.736795764281027013e-10
1.649815045211938871e-10
1.566248693597803049e-10
1.485993283788266798e-10
1.408951408057789025e-10
1.335030828588952470e-10
1.264143693022542399e-10
1.196205849984791683e-10
1.131136254999434932e-10
1.068856448128360063e-10
1.009290051286954689e-10
9.523623156593409938e-11
8.979997209191966953e-11
8.461296564035518089e-11
7.966801626249011534e-11
7.495797164647099151e-11
7.047570718967558598e-11
6.621411250765236649e-11
6.216608364470345559e-11
5.832451926045225577e-11
5.468232119969387317e-11
5.123240145103689888e-11
4.796768892741068192e-11
4.488113859844620821e-11
4.196574204102541432e-11
3.921453931523527691e-11
3.662063621177434489e-11
3.417721987293669205e-11
3.187757363403588990e-11
2.971509093959841069e-11
2.768328844832943281e-11
2.577582209132650310e-11
2.398650140798027911e-11
2.230930214147875802e-11
2.073837525668913983e-11
1.926805536984898593e-11
1.789286856932822434e-11
1.660753887023014690e-11
1.540699278825504420e-11
1.428636143857222494e-11
1.324098149678378167e-11
1.226639490793322733e-11
1.135834742425573303e-11
1.051278656220678398e-11
9.725858205175203895e-12
8.993902199389782980e-12
8.313447429764460577e-12
7.681206145426349910e-12
7.094068078563897958e-12
6.549094261020706577e-12
6.043510788756688101e-12
5.574702253905741018e-12
5.140204995855499497e-12
4.737700538084749449e-12
4.365008960735852363e-12
4.020082502439425299e-12
3.700999089180879028e-12
3.405956113188023163e-12
3.133264240086395404e-12
2.881341464584685334e-12
2.648707301183043149e-12
2.433977197086985017e-12
2.235857130033532648e-12
2.053138543268439965e-12
1.884693571625238975e-12
1.729470724938569637e-12
1.586489875885286786e-12
1.454838253396763354e-12
1.333666528772190702e-12
1.222184552416991609e-12
1.119657497515692548e-12
1.025402231289346745e-12
9.387839805639197599e-13
8.592132791212406033e-13
7.861431504735857619e-13
7.190664564172523036e-13
6.575133884648494663e-13
6.010490312741495893e-13
5.492710042168039044e-13
5.018074823910569006e-13
4.583143242452597554e-13
4.184734104781868442e-13
3.819909502818694820e-13
3.485955107170794217e-13
3.180363644739357161e-13
2.900819641884648395e-13
2.645185510021501015e-13
2.411488819792185757e-13
2.197913416091269579e-13
2.002782245744597420e-13
1.824550884388925595e-13
1.661800920519394990e-13
1.513229306633562356e-13
1.377639876019833979e-13
1.253935055641907473e-13
1.141111851609756509e-13
1.038241933531988534e-13
9.444763689014513018e-14
8.590355912027554132e-14
7.812032280066479319e-14
7.103237771590746137e-14
6.457913647533458063e-14
5.870497510469419781e-14
5.335908651292019396e-14
4.849507864683886019e-14
4.407067014650202298e-14
4.004668372517109789e-14
3.638766025108456390e-14
3.306140334860745990e-14
3.003829576829049403e-14
2.729101671030009972e-14
2.479487486977113768e-14
2.252745767840586658e-14
2.046769837082574130e-14
1.859681217054159931e-14
1.689772371845165113e-14
1.535441870959693642e-14
1.395288017524502454e-14
1.267995640817743875e-14
1.152382186913977482e-14
1.047390948979316533e-14
9.520234778227650833e-15
8.654262122565851296e-15
7.867646950205862440e-15
7.153409828863808021e-15
6.504671309542980345e-15
5.915613836940724829e-15
5.380678592659886679e-15
4.894892814752799819e-15
4.453896013393077697e-15
4.053434396547609486e-15
3.689853733842363101e-15
3.359864523602832776e-15
3.060293295781493412e-15
2.788372508396207055e-15
2.541589065903669867e-15
2.317714941244078065e-15
2.114590678965718736e-15
1.930328341909662109e-15
1.763210974078973074e-15
1.611678396199092324e-15
1.474311440482253377e-15
1.349820121575577183e-15
1.237031103694140074e-15
1.134877322402172868e-15
1.042410154561490843e-15
9.587562502399759325e-16
8.830849240343726665e-16
8.146644959314457270e-16
7.528965764208552341e-16
6.971162365782174746e-16
6.468162278444584962e-16
