# bin_4_1
1.248322545829837673e-08
1.252848417769019135e-08
1.257529179890911634e-08
1.262369307013824969e-08
1.267373322039519599e-08
1.272545702769627989e-08
1.277890904456400371e-08
1.283413398866026106e-08
1.289117721577516940e-08
1.295008700090955599e-08
1.301091372377469327e-08
1.307370903312249220e-08
1.313852701587973280e-08
1.320542198248757924e-08
1.327444851352555377e-08
1.334566217807645538e-08
1.341912119887244679e-08
1.349488597276900029e-08
1.357301488526768826e-08
1.365356352256257133e-08
1.373658749782369613e-08
1.382214710653578086e-08
1.391030310331092853e-08
1.400111415894530974e-08
1.409463354181835289e-08
1.419090942691348298e-08
1.428998753296620324e-08
1.439191227048200948e-08
1.449672930735483054e-08
1.460448250058379386e-08
1.471520847779810678e-08
1.482893806743213748e-08
1.494569208377311827e-08
1.506547520363149710e-08
1.518828886572265237e-08
1.531414913489415777e-08
1.544307587150232170e-08
1.557507315811573848e-08
1.571012776063567647e-08
1.584821939972686942e-08
1.598934763812409937e-08
1.613352676702628994e-08
1.628072981819510008e-08
1.643086082183192547e-08
1.658393836216272559e-08
1.674011637449310204e-08
1.689913200043449849e-08
1.706059533125456424e-08
1.722443090102914764e-08
1.739061904762977534e-08
1.755912428201328864e-08
1.772977140868671714e-08
1.790238452472070511e-08
1.807686119258460946e-08
1.825310123347517608e-08
1.843096363995153290e-08
1.861034432272198120e-08
1.879112172806779335e-08
1.897318853623639648e-08
1.915645247741147749e-08
1.934080917502678170e-08
1.952620945236374176e-08
1.971260420670238522e-08
1.989993025321428286e-08
2.008816305718680074e-08
2.027721349848288169e-08
2.046686050078544184e-08
2.065695804152505318e-08
2.084737597963064639e-08
2.103700022034070720e-08
2.122536126755606807e-08
2.141206637181878181e-08
2.159642516424969746e-08
2.177783793262026563e-08
2.195579675073298336e-08
2.212981911508843335e-08
2.229943406264538159e-08
2.246424767598653958e-08
2.262395169486042654e-08
2.277857093561955744e-08
2.292818573698419797e-08
2.307200445767079191e-08
2.321009327048383233e-08
2.334237965129645764e-08
2.346838307566425718e-08
2.358766223930456946e-08
2.369954855118745878e-08
2.380341186250385857e-08
2.389875284868442806e-08
2.398392598757678064e-08
2.405857282058288081e-08
2.412239321989524434e-08
2.417493568917971404e-08
2.421582252480821653e-08
2.424516164509991023e-08
2.426187680836240845e-08
2.426592892145784847e-08
2.425742835634757903e-08
2.423607656607942812e-08
2.420198363244875555e-08
2.415391681374245349e-08
2.409155318573948378e-08
2.401435502633405234e-08
2.392221099428751898e-08
2.381392420993809498e-08
2.368948575546496035e-08
2.354951218582141206e-08
2.339427703035835552e-08
2.322324330837918280e-08
2.303684810225836120e-08
2.283539507491699619e-08
2.261782858525372158e-08
2.238435075991538648e-08
2.213530350052929813e-08
2.187017521028441552e-08
2.159038985605589792e-08
2.129581020196315763e-08
2.098702259642728635e-08
2.066472590101211874e-08
2.032893010291201537e-08
1.998058539460823054e-08
1.961971829046444804e-08
1.924726966873376581e-08
1.886400443025719556e-08
1.847097674804745882e-08
1.806919184232417120e-08
1.765930933229651643e-08
1.724228124962703514e-08
1.681919304609009865e-08
1.639087550298681289e-08
1.595860293011293280e-08
1.552361903444806058e-08
1.508696932292949275e-08
1.464965550214338695e-08
1.421285633580758510e-08
1.377763150437470119e-08
1.334516429296845441e-08
1.291640826738489291e-08
1.249256100101153811e-08
1.207439844684971067e-08
1.166284866082651590e-08
1.125861738519397218e-08
1.086253300172334586e-08
1.047520955213979643e-08
1.009703876364182061e-08
9.728441920000356756e-09
9.369704140597742066e-09
9.020936726810677128e-09
8.682265736639609461e-09
8.353558111576604083e-09
8.034652940449365896e-09
7.725370051860723955e-09
7.425421221359253212e-09
7.134476571121000728e-09
6.852113365896467149e-09
6.577963095319331559e-09
6.311595412239620073e-09
6.052576168713702610e-09
5.800476323929947454e-09
5.554959086763579231e-09
5.315667880504656868e-09
5.082381349319569910e-09
4.855006350073929932e-09
4.633533573269578821e-09
4.418165946728003756e-09
4.209197272564582024e-09
4.007143534079383143e-09
3.812403995277985935e-09
3.625241752457184185e-09
3.446047456225473911e-09
3.275107878414193375e-09
3.112463770856103257e-09
2.958167901217392400e-09
2.812105710684868571e-09
2.673978293912664734e-09
2.543383117025217189e-09
2.419826960690047726e-09
2.302793720584458620e-09
2.191785539050034271e-09
2.086376177671945173e-09
1.986210687918746455e-09
1.891011863995617864e-09
1.800530437080822213e-09
1.714498179131712216e-09
1.632612150457697720e-09
1.554558168391086737e-09
1.480017498927856521e-09
1.408665429541160813e-09
1.340226764087145392e-09
1.274554371440834203e-09
1.211638323010474754e-09
1.151563092985776265e-09
1.094483492403516335e-09
1.040560189578759298e-09
9.898680549620836283e-10
9.423224010239510075e-10
8.976878323395834583e-10
8.556286594450342889e-10
8.157950742885168265e-10
7.779256004082761510e-10
7.418808705851069037e-10
7.076104946140045758e-10
6.750887233791126022e-10
6.442667449420551355e-10
6.150468285303803660e-10
5.872893523732075905e-10
5.608589903902527634e-10
5.356583769130965875e-10
5.116188711491119336e-10
4.886935880945883854e-10
4.668474911302293783e-10
4.460485182356581321e-10
4.262622881030434520e-10
4.074431461495861892e-10
3.895284943231292345e-10
3.724461229285382723e-10
3.561305861078164832e-10
3.405260117086172646e-10
3.255838528175419444e-10
3.112628670239956828e-10
2.975358096012848170e-10
2.843822234972764290e-10
2.717813223169689332e-10
2.597079117941542020e-10
2.481329586288619041e-10
2.370259056992863043e-10
2.263565133212376371e-10
2.161004347752188719e-10
2.062406208540917440e-10
1.967628290124591226e-10
1.876528194814190631e-10
1.788957667269807830e-10
1.704757812296238160e-10
1.623779572659067100e-10
1.545898400332870056e-10
1.471010994849335314e-10
1.399021085087807826e-10
1.329834951034336596e-10
1.263360611553147609e-10
1.199511342791429079e-10
1.138208725904242153e-10
1.079380309386466424e-10
1.022957529807471603e-10
9.688734607117056220e-11
9.170629905086842996e-11
8.674642224281539227e-11
8.200173743102651326e-11
7.746637448899391221e-11
7.313450853629257390e-11
6.900036736552478548e-11
6.505825395773706096e-11
6.130247842883924514e-11
5.772734943332160626e-11
5.432717515780101189e-11
5.109623790230177181e-11
4.802880683286840672e-11
4.511915518329042033e-11
4.236155737144147667e-11
3.975028777085341526e-11
3.727963317799325500e-11
3.494391039041709293e-11
3.273748811153700688e-11
3.065480051040614626e-11
2.869035473895179723e-11
2.683874763412572265e-11
2.509468221939186240e-11
2.345298316178052402e-11
2.190860990891702702e-11
2.045666472831450877e-11
1.909240397603907252e-11
1.781124635860805017e-11
1.660877537472841616e-11
1.548074298163145954e-11
1.442307305563770480e-11
1.343186344437460684e-11
1.250338583974038852e-11
1.163408274068680823e-11
1.082056374807251916e-11
1.005960278829744499e-11
9.348133906870213910e-12
8.683245985798946175e-12
8.062177547634041389e-12
7.482310235765343274e-12
6.941163826250530345e-12
6.436390126198604371e-12
5.965766520793795822e-12
5.527190740534397391e-12
5.118675647122746417e-12
4.738343666456412419e-12
4.384421361067902762e-12
4.055234436477497342e-12
3.749202572437075476e-12
3.464834434707141011e-12
3.200723481156344724e-12
2.955544178268008173e-12
2.728047918338961597e-12
2.517059254139326645e-12
2.321472249293090044e-12
2.140246998639768306e-12
1.972406392631942428e-12
1.817032810178643618e-12
1.673265080167052139e-12
1.540295694015472822e-12
1.417368024031338907e-12
1.303773431971736056e-12
1.198848809061611745e-12
1.101973968844651664e-12
1.012569166746845348e-12
9.300927735771577775e-13
8.540392326186026600e-13
7.839369682453382966e-13
7.193463805718695089e-13
6.598579278530340743e-13
6.050902838211222672e-13
5.546885337184488091e-13
5.083229630712966447e-13
4.656861378433385189e-13
4.264927889424211104e-13
3.904780433443693379e-13
3.573960947540453870e-13
3.270189781463427843e-13
2.991353928404205988e-13
2.735495877343068297e-13
2.500803166630904754e-13
2.285598668029436742e-13
2.088331532047260518e-13
1.907568673631826012e-13
1.741986579733206300e-13
1.590363380773886304e-13
1.451574593358336311e-13
1.324576638839825317e-13
1.208406507307723332e-13
1.102176370714819294e-13
1.005066515276866000e-13
9.163205184074190132e-14
8.352410088868267048e-14
7.611857766076302617e-14
6.935639360322389135e-14
6.318356505370227787e-14
5.755016040645459982e-14
5.241023342652709808e-14
4.772183553589373131e-14
4.344647829205974916e-14
3.954882819892362344e-14
3.599642060208045219e-14
3.275986474415080912e-14
2.981143398460984302e-14
2.712590698148925775e-14
2.468024071204309092e-14
2.245334297505782664e-14
2.042615139681563965e-14
1.858101743320319456e-14
1.690160210853774176e-14
1.537319879255207077e-14
1.398238116184086649e-14
1.271724328655022068e-14
1.156612581760475799e-14
1.051880266149796479e-14
9.566086949909081967e-15
8.699664237594550768e-15
7.911496988950466144e-15
7.194573165671473569e-15
6.542935716447488525e-15
5.950316486074803128e-15
5.411465288693247584e-15
4.921908154613204812e-15
4.476842010736452164e-15
4.072461458936855754e-15
3.705128987204212761e-15
3.371318230611124278e-15
3.068335760160188120e-15
2.793021376650375429e-15
2.543212309976105543e-15
2.316277829607720611e-15
2.110427528535835023e-15
1.923447904331211326e-15
1.753928069850398285e-15
1.600006989288881426e-15
1.460415290298007623e-15
1.333809798681719464e-15
1.218935967168747819e-15
1.114864591316416859e-15
1.020525712871113324e-15
9.350140726433319227e-16
8.575436714924126736e-16
7.874639080593736425e-16
7.240209754062575493e-16
6.666199918661308118e-16
6.147173920254320611e-16
5.678177332133425990e-16
5.254694722514398225e-16
4.872611078529347432e-16
4.528176696366533840e-16
4.217974954194133108e-16
3.938891876342015351e-16
3.688085719396051762e-16
3.462956863183060993e-16
3.261614702168672210e-16
3.081394853023390355e-16
2.920291367486824563e-16
