# bin_1_1
1.039491642647337247e-08
1.043094543647621494e-08
1.046813927952383172e-08
1.050652451279378417e-08
1.054612785185332049e-08
1.058697591309608363e-08
1.062909487021304009e-08
1.067251026517309895e-08
1.071724756451082047e-08
1.076333347806926872e-08
1.081079491385174564e-08
1.085965890227845222e-08
1.090995438049525166e-08
1.096171227836233501e-08
1.101496340964998790e-08
1.106973706625822394e-08
1.112606177755678145e-08
1.118396433567151007e-08
1.124347221555955697e-08
1.130461719579858726e-08
1.136743658576925954e-08
1.143196880798222115e-08
1.149824616897755117e-08
1.156629504884565429e-08
1.163613886552535079e-08
1.170780087257967812e-08
1.178130565854487042e-08
1.185667446615602802e-08
1.193392468122067109e-08
1.201307068086823471e-08
1.209412402121487037e-08
1.217708110229970586e-08
1.226191395403397530e-08
1.234859672457200303e-08
1.243712854805873407e-08
1.252750731492207837e-08
1.261970759756678134e-08
1.271370326192921441e-08
1.280948800441043518e-08
1.290706204858403236e-08
1.300641616333497065e-08
1.310753604525811847e-08
1.321043319410737835e-08
1.331511338955341051e-08
1.342157429123416453e-08
1.352985109511175953e-08
1.363996566464911869e-08
1.375186080064214854e-08
1.386543167813731768e-08
1.398063874803548351e-08
1.409740747833148899e-08
1.421561071986657513e-08
1.433513663418914771e-08
1.445584633193142275e-08
1.457763804605490054e-08
1.470037212973686222e-08
1.482388742099015284e-08
1.494802541412098957e-08
1.507261040396719818e-08
1.519746581899072678e-08
1.532234351215864028e-08
1.544694071955745663e-08
1.557104678396782951e-08
1.569420944162276759e-08
1.581656595432348949e-08
1.593749385940568393e-08
1.605570182331091833e-08
1.617103762092916347e-08
1.628337795970836557e-08
1.639217373489488836e-08
1.649716432526164908e-08
1.659811529881996349e-08
1.669478578571345211e-08
1.678699186757921748e-08
1.687447503922234565e-08
1.695722473003119388e-08
1.703513288964490412e-08
1.710828151488282099e-08
1.717677039650181198e-08
1.724080920696515265e-08
1.730053476577178686e-08
1.735594854397964320e-08
1.740701374647479963e-08
1.745343084023451749e-08
1.749485916103588251e-08
1.753082424471745025e-08
1.755887112147887176e-08
1.757836263393823131e-08
1.758862114089368481e-08
1.758863701842698633e-08
1.757786987882522868e-08
1.755601845303837527e-08
1.752317497402009033e-08
1.747967258134033720e-08
1.742610158136821922e-08
1.736296169440758812e-08
1.729132320442538608e-08
1.721006830951444335e-08
1.711960973138014881e-08
1.702006088993966471e-08
1.691094927401709269e-08
1.679195533668145634e-08
1.666275568010572883e-08
1.652328263969309471e-08
1.637345683644069789e-08
1.621167225982449239e-08
1.603839528129214216e-08
1.585381176677325704e-08
1.565791405404428475e-08
1.545136993963526661e-08
1.523534547952066874e-08
1.500957754591437983e-08
1.477552366613477058e-08
1.453386206420576609e-08
1.428504987801748122e-08
1.402895939744946771e-08
1.376442497020424612e-08
1.349195536860586365e-08
1.321191016069823103e-08
1.292496877869910818e-08
1.263116823050969473e-08
1.233250353260948225e-08
1.203085525379377919e-08
1.172621637685699002e-08
1.141890725282289670e-08
1.111051253813240699e-08
1.080018681702206253e-08
1.048800641938040474e-08
1.017590827657213920e-08
9.863709427031028126e-09
9.553136121946205063e-09
9.245395209744289838e-09
8.940272501070133643e-09
8.639464390802755394e-09
8.342183874587278055e-09
8.049976055082851912e-09
7.762094326084720977e-09
7.479858450366949086e-09
7.203448557243551069e-09
6.934115392896036228e-09
6.671765728987665980e-09
6.416285218097757338e-09
6.167883797545929220e-09
5.926576331602286906e-09
5.692377472441416798e-09
5.465565716274695474e-09
5.246087357309059719e-09
5.033645244850928920e-09
4.827938254033838527e-09
4.628829208413541645e-09
4.436063103212850809e-09
4.249561109695654339e-09
4.069062233687558986e-09
3.894549845552181099e-09
3.725608066950952917e-09
3.562082444351015393e-09
3.403795963554518721e-09
3.250706904849314992e-09
3.102615641705298800e-09
2.959265960765533377e-09
2.820609321873956288e-09
2.686639332226232803e-09
2.557279829323170994e-09
2.432676195914540011e-09
2.312800483008505295e-09
2.197803766721462241e-09
2.087876024603158866e-09
1.983090313713413906e-09
1.883486616981735316e-09
1.789028890643361840e-09
1.699716033871504598e-09
1.615337972962490476e-09
1.535688056265781364e-09
1.460398832337927982e-09
1.389212476290113242e-09
1.321662141841792270e-09
1.257442959468086992e-09
1.196256498112867549e-09
1.137867718675502788e-09
1.082201698350039965e-09
1.029148562463503204e-09
9.787321459001647552e-10
9.309543385700223458e-10
8.857540933969912943e-10
8.430559454930622133e-10
8.027275272656890724e-10
7.646027349221299509e-10
7.285186079136273574e-10
6.942985187847228858e-10
6.618139565796139300e-10
6.309544017971218809e-10
6.016343806015993502e-10
5.737910652193252117e-10
5.473782917159283388e-10
5.223461162410429814e-10
4.986298892914559985e-10
4.761490586103580827e-10
4.548114450387702960e-10
4.345306855075927644e-10
4.152380094453876847e-10
3.968809481402415274e-10
3.794150235476594261e-10
3.627943841861646410e-10
3.469697630931518498e-10
3.318915454589793452e-10
3.175133434849326646e-10
3.037963747218225802e-10
2.907076059550466608e-10
2.782143217807557934e-10
2.662811716229960101e-10
2.548719086313350146e-10
2.439530266097207719e-10
2.334962653778396416e-10
2.234768207367170515e-10
2.138703821460729178e-10
2.046532933829158319e-10
1.958040274819592816e-10
1.873037652463432375e-10
1.791349497878859533e-10
1.712808543302366769e-10
1.637265163634298072e-10
1.564583330268795789e-10
1.494636771067797014e-10
1.427307333669533828e-10
1.362486639950839354e-10
1.300074256563592909e-10
1.239972578514431105e-10
1.182090407186408287e-10
1.126344792954547077e-10
1.072659916971162590e-10
1.020967708584279529e-10
9.712067654560732293e-11
9.233211213021728951e-11
8.772583086631698344e-11
8.329683209270445057e-11
7.904030373210437569e-11
7.495158257532764457e-11
7.102624640654266638e-11
6.726011216027413643e-11
6.364921841657444650e-11
6.018975280102832816e-11
5.687797009721807799e-11
5.371014478729853903e-11
5.068255594944372443e-11
4.779149077660121083e-11
4.503326689093426916e-11
4.240421513893321729e-11
3.990064964592701863e-11
3.751885137840495672e-11
3.525505870988919977e-11
3.310548691403799005e-11
3.106633932351355149e-11
2.913380181850742096e-11
2.730403943834726370e-11
2.557320510931794468e-11
2.393745850957395967e-11
2.239297778292014178e-11
2.093596526189671169e-11
1.956265389579566580e-11
1.826932054212417010e-11
1.705229762194403878e-11
1.590798455016696895e-11
1.483285718411847825e-11
1.382347513701178936e-11
1.287648890007393004e-11
1.198864684706893358e-11
1.115680279682730138e-11
1.037791997542462745e-11
9.649074184524978077e-12
8.967455704643844245e-12
8.330370910031709912e-12
7.735242404876102724e-12
7.179608772755944664e-12
6.661123084349970575e-12
6.177551266555214571e-12
5.726769417188067838e-12
5.306760805195424447e-12
4.915612795760132183e-12
4.551514015656181292e-12
4.212750974094889073e-12
3.897704544109831482e-12
3.604846479166492102e-12
3.332734269294254064e-12
3.080008551076962390e-12
2.845389176119788266e-12
2.627671610743878972e-12
2.425723178692647449e-12
2.238479755280802039e-12
2.064942633779933911e-12
1.904174841820947081e-12
1.755297716908112021e-12
1.617487793976146197e-12
1.489973688619780880e-12
1.372033178581262080e-12
1.262990723628998690e-12
1.162214736779117004e-12
1.069114953816965670e-12
9.831400457727393398e-13
9.037755104942633626e-13
8.305411983367569829e-13
7.629891945950162930e-13
7.007020628951214314e-13
6.432910559010905145e-13
5.903940528733164538e-13
5.416739279668148334e-13
4.968173184590507958e-13
4.555329066627524630e-13
4.175498648570269160e-13
3.826166989334349669e-13
3.505000398333916315e-13
3.209832199397002422e-13
2.938653424064317729e-13
2.689601413573146259e-13
2.460949980698040027e-13
2.251099795525565957e-13
2.058570114813315037e-13
1.881990183675469902e-13
1.720091580645348591e-13
1.571701590102320976e-13
1.435735835922216918e-13
1.311193080551578604e-13
1.197148590968090272e-13
1.092749503140393319e-13
9.972091509985438829e-14
9.098027229920932070e-14
8.298624934116033707e-14
7.567744986473380986e-14
6.899796696150677111e-14
6.289485107255711770e-14
5.732015427754514651e-14
5.222972884561047993e-14
4.758292983564208024e-14
4.334233371736654652e-14
3.947348776403166418e-14
3.594469410748410010e-14
3.272681894271250587e-14
2.979311659832353081e-14
2.711903667070403666e-14
2.468213653068616443e-14
2.246186006380289263e-14
2.043938536628600603e-14
1.859748408705291769e-14
1.692074518310454036e-14
1.539476419592310230e-14
1.400579037676174716e-14
1.274170988409544963e-14
1.159143668074067992e-14
1.054481331395627752e-14
9.592560942273398961e-15
8.726214230216305147e-15
7.938025070099601017e-15
7.220996255402705088e-15
6.569317112134980007e-15
5.976697859365360474e-15
5.437629505326871673e-15
4.947282292667254465e-15
4.501277955620160655e-15
4.095618075586692846e-15
3.726657043983505623e-15
3.391621145925416543e-15
3.087108598718806706e-15
2.810171120139874763e-15
2.558314509556403326e-15
2.329279471646614564e-15
2.121153353995057029e-15
1.932442110720349830e-15
1.760849533757002809e-15
1.604828774435010435e-15
1.462972049098416997e-15
1.334435407843045714e-15
1.217790611704761452e-15
1.111746145333806960e-15
1.015338467818825557e-15
9.281898540001576816e-16
8.490862042654395965e-16
7.771780227124036584e-16
7.120624767050669618e-16
6.531971011575488282e-16
5.996809552451908274e-16
5.512896369723979905e-16
5.075914688638158282e-16
4.678668224837638898e-16
4.321639625443149338e-16
3.998147465541789628e-16
3.705863866891062417e-16
3.443132903182463755e-16
3.204993033345649017e-16
2.992225773598124043e-16
2.799256827931739759e-16
2.627427531997774100e-16
2.472070501126259834e-16
2.333749146176586300e-16
2.209695386184274462e-16
2.098758715602891427e-16
2.000687888926149692e-16
1.912981444755787411e-16
1.835499716418757758e-16
1.767437095180640038e-16
1.707239765720179669e-16
1.654254063537106526e-16
