# bin_4_2
1.538839706947906802e-08
1.545021829158176750e-08
1.551421864083738673e-08
1.558046466016014492e-08
1.564902494829654450e-08
1.571996986326518012e-08
1.579337171532662334e-08
1.586930546688072834e-08
1.594784724551917921e-08
1.602907421343358979e-08
1.611306458269084285e-08
1.619989704551621182e-08
1.628965331442550639e-08
1.638241868316551814e-08
1.647828104559700509e-08
1.657732999907871878e-08
1.667965497591676585e-08
1.678534571038097154e-08
1.689449236260401855e-08
1.700718501805290330e-08
1.712351571924993329e-08
1.724357961796220095e-08
1.736747365679338841e-08
1.749529479210193078e-08
1.762713903679474818e-08
1.776310010701895055e-08
1.790327108207564493e-08
1.804773590378007716e-08
1.819657377919753642e-08
1.834986915881520358e-08
1.850771309085246659e-08
1.867019220961479951e-08
1.883737520045553732e-08
1.900931819081368999e-08
1.918607754459250985e-08
1.936771967701957604e-08
1.955431039244298441e-08
1.974590091282320873e-08
1.994253666613393021e-08
2.014424390013541434e-08
2.035103156858185545e-08
2.056304001158386021e-08
2.078041435556982432e-08
2.100295254267543492e-08
2.123047694927558618e-08
2.146302469775223722e-08
2.170068628209847928e-08
2.194351797336731184e-08
2.219139057789614130e-08
2.244424315610238559e-08
2.270210713567221996e-08
2.296489249124477098e-08
2.323255336879800968e-08
2.350508057291476188e-08
2.378240809296040863e-08
2.406453432888608952e-08
2.435143882880524967e-08
2.464310496099289342e-08
2.493954333499726261e-08
2.524075631745629115e-08
2.554674912056865474e-08
2.585754283854372688e-08
2.617312103136612737e-08
2.649340356578446211e-08
2.681821833948912675e-08
2.714769039284435488e-08
2.748106691545648470e-08
2.781773076645409547e-08
2.815746401369269882e-08
2.849976949679560628e-08
2.884406812374934497e-08
2.918991479430489255e-08
2.953682872878908655e-08
2.988437501934624100e-08
3.023208623249967481e-08
3.057960068957556218e-08
3.092656884275229175e-08
3.127321816883189234e-08
3.161888194737304447e-08
3.196321704703982196e-08
3.230624239929434487e-08
3.264758457695683149e-08
3.298673432092369491e-08
3.332315816926573457e-08
3.365599041990444443e-08
3.398475369222402461e-08
3.430808439541780223e-08
3.462471266188951949e-08
3.493421821084962558e-08
3.523592096138503514e-08
3.552914585735644910e-08
3.581356070957058180e-08
3.608844895161474453e-08
3.635263233998473449e-08
3.660598740689111891e-08
3.684791741450537002e-08
3.707803476105558971e-08
3.729542630114807972e-08
3.749875802216554141e-08
3.768734579326527375e-08
3.786023356747097473e-08
3.801655745541581709e-08
3.815465010825826270e-08
3.827427653249021808e-08
3.837544379558969503e-08
3.845727428182541715e-08
3.851892897406717597e-08
3.856046698112951793e-08
3.858075031788684569e-08
3.857842892708867199e-08
3.855333707058968707e-08
3.850438350116340641e-08
3.843097326777380591e-08
3.833355764719291937e-08
3.821085373707357184e-08
3.806330917885195046e-08
3.788999453878981794e-08
3.769091834919767394e-08
3.746545802984139960e-08
3.721350905671294927e-08
3.693466590949818136e-08
3.662946883706982835e-08
3.629775389187419901e-08
3.593991584079242433e-08
3.555597086999677932e-08
3.514609117198630282e-08
3.471079939215000091e-08
3.425052289457007732e-08
3.376587773621216906e-08
3.325775174780628909e-08
3.272689290913852574e-08
3.217408569853777295e-08
3.160034565936968017e-08
3.100677394888843227e-08
3.039461807413250141e-08
2.976514080404163828e-08
2.911984657691285914e-08
2.846005122229517559e-08
2.778732868987559368e-08
2.710325839494790264e-08
2.640959461328745487e-08
2.570806397913156477e-08
2.500034671478196094e-08
2.428827841294929568e-08
2.357367052494911960e-08
2.285832670448205683e-08
2.214412682831021049e-08
2.143278563395251024e-08
2.072609575453151677e-08
2.002578504935158165e-08
1.933349384364533837e-08
1.865081382323981426e-08
1.797914674196068591e-08
1.731992961218189845e-08
1.667431274545077519e-08
1.604343685038250941e-08
1.542811277387191925e-08
1.482921385116220314e-08
1.424720440780945097e-08
1.368252230525142636e-08
1.313536986271813627e-08
1.260575706092737353e-08
1.209359208958680158e-08
1.159855492404694995e-08
1.112022715583356067e-08
1.065806940351126011e-08
1.021144138179197264e-08
9.779639731239011699e-09
9.361924297403872549e-09
8.957562462451822924e-09
8.565862209413538201e-09
8.186163183446653875e-09
7.817898239923910217e-09
7.460587746263522486e-09
7.113865176788490707e-09
6.777495340056465146e-09
6.451368937374130508e-09
6.135588047338591568e-09
5.830328122079657758e-09
5.535955376740747991e-09
5.252910263137246389e-09
4.981616661201482754e-09
4.722494223734385536e-09
4.475856810837215499e-09
4.241943412144735426e-09
4.020784200580167049e-09
3.812211259691789856e-09
3.615816488226837759e-09
3.430957175104723794e-09
3.256819911791677902e-09
3.092482769574484427e-09
2.936989918632424634e-09
2.789434456173857432e-09
2.649031291332792756e-09
2.515164489003547393e-09
2.387417317613684090e-09
2.265561369040512556e-09
2.149519268761070067e-09
2.039299590985296407e-09
1.934927548802369964e-09
1.836374567600037637e-09
1.743502237962697659e-09
1.656051532527423350e-09
1.573676271394362661e-09
1.495995109638726320e-09
1.422632602368420421e-09
1.353255532538495581e-09
1.287589272840134509e-09
1.225406427186192356e-09
1.166514073082448095e-09
1.110732058887583343e-09
1.057893069905845733e-09
1.007845394371502225e-09
9.604573540894858158e-10
9.156149402892638071e-10
8.731920269150726155e-10
8.330402308913785556e-10
7.949880387819801852e-10
7.588634435310537346e-10
7.245219129617355121e-10
6.918591414534839518e-10
6.608030613620046978e-10
6.312834302693761157e-10
6.032157970425458111e-10
5.764983289430578022e-10
5.510335141233403925e-10
5.267384077191069837e-10
5.035488329369479257e-10
4.814063726151891570e-10
4.602510616297947412e-10
4.400235642015232325e-10
4.206682818459931710e-10
4.021357536819258272e-10
3.843807580809821255e-10
3.673608590263729187e-10
3.510369679402403024e-10
3.353722868439542221e-10
3.203331767607595007e-10
3.058887039405782315e-10
2.920101363987547017e-10
2.786710079706833161e-10
2.658469159402752027e-10
2.535155402469370436e-10
2.416561989517029455e-10
2.302497220423076138e-10
2.192785499567124181e-10
2.087264383132097270e-10
1.985783555033967766e-10
1.888204029492703382e-10
1.794396587526563691e-10
1.704240785288473585e-10
1.617623998690019476e-10
1.534440594560076493e-10
1.454591047488061873e-10
1.377981004765335490e-10
1.304520492694610763e-10
1.234123232424419268e-10
1.166706042605003544e-10
1.102188269153976050e-10
1.040491260978119408e-10
9.815378885013167650e-11
9.252521556559318342e-11
8.715588836902780282e-11
8.203834438010959813e-11
7.716515533304832930e-11
7.252890897247459981e-11
6.812219674938195675e-11
6.393760604004146312e-11
5.996771789106301633e-11
5.620511299615224854e-11
5.264237730193642109e-11
4.927211007249479850e-11
4.608693308605296219e-11
4.307950198205095447e-11
4.024252495301900900e-11
3.756877996684263255e-11
3.505113132122816371e-11
3.268254439496638536e-11
3.045609965843099926e-11
2.836501106096162170e-11
2.640264292655235986e-11
2.456252541325975785e-11
2.283836530338961032e-11
2.122405582322825663e-11
1.971368632582952330e-11
1.830155069679049490e-11
1.698215424662519390e-11
1.575021738788907742e-11
1.460067748130526591e-11
1.352868931692484899e-11
1.252962430413283238e-11
1.159906926442670655e-11
1.073282365092930954e-11
9.926895384355950916e-12
9.177495957818565783e-12
8.481034606610845723e-12
7.834112303134850683e-12
7.233515451526318531e-12
6.676209438144849046e-12
6.159331721203751469e-12
5.680184629828160319e-12
5.236228327066206735e-12
4.825073732651768711e-12
4.444475718287656336e-12
4.092326188611791744e-12
3.766647387829402885e-12
3.465585203922206964e-12
3.187402722336343412e-12
2.930473952129521952e-12
2.693277783450638231e-12
2.474392127267297956e-12
2.272488400134360333e-12
2.086326316963974636e-12
1.914749184397961258e-12
1.756678543343846151e-12
1.611109808365116858e-12
1.477107991613391879e-12
1.353803061913748360e-12
1.240385717657871661e-12
1.136103402314088977e-12
1.040256647070460229e-12
9.521957322260021191e-13
8.713176137962925924e-13
7.970630362338805948e-13
7.289138009648610930e-13
6.663901036378122059e-13
6.090479488856830479e-13
5.564769494074538575e-13
5.082972379517783288e-13
4.641576040338229381e-13
4.237336151594397089e-13
3.867254749845119438e-13
3.528562101416769813e-13
3.218699935321850453e-13
2.935306168940643068e-13
2.676200899230596278e-13
2.439376326561840842e-13
2.222978493585270822e-13
2.025299844776869075e-13
1.844771685394965381e-13
1.679952650281210147e-13
1.529519387813458113e-13
1.392257442642243152e-13
1.267056419290560216e-13
1.152889246560042315e-13
1.048816210687348220e-13
9.539742190014750081e-14
8.675700075298193181e-14
7.888773061117577703e-14
7.172251276384463498e-14
6.519973957991175049e-14
5.926311423981240170e-14
5.386121686316741751e-14
4.894716812833435421e-14
4.447758575836876441e-14
4.041316893104140734e-14
3.671820965083024059e-14
3.335987514387069723e-14
3.030789734057917121e-14
2.753488235289976456e-14
2.501594125864171618e-14
2.272773114946620743e-14
2.064938394407260128e-14
1.876191845060902001e-14
1.704757346196700772e-14
1.549073835722748686e-14
1.407680564489307785e-14
1.279262465991268014e-14
1.162642614387261420e-14
1.056713406546999411e-14
9.605230603979539763e-15
8.731478051296557577e-15
7.938094018407089109e-15
7.217465695262994491e-15
6.563113025767942398e-15
5.968871849087651558e-15
5.429219614980730855e-15
4.939298287452382311e-15
4.494398755531309702e-15
4.090455915275589894e-15
3.723807861563473058e-15
3.390940408081429299e-15
3.088778012777647124e-15
2.814527971501937889e-15
2.565709351387501959e-15
2.339930931551825845e-15
2.135095221448829035e-15
1.949295150879998822e-15
1.780797701742845470e-15
1.628026738362664114e-15
1.489549445014870834e-15
1.364062883583513465e-15
1.250382152750201853e-15
1.147452228168992832e-15
1.054303068115954855e-15
9.700152844220286270e-16
8.937771431202395420e-16
8.249195344669394574e-16
7.627095141314527158e-16
7.065810519516501072e-16
