# bin_3_1
1.231325949915473803e-08
1.235754719797536805e-08
1.240334631991774302e-08
1.245069928028273584e-08
1.249964990037719303e-08
1.255024298535278161e-08
1.260252414587183780e-08
1.265653945284573792e-08
1.271233513499338535e-08
1.276995888412578333e-08
1.282945934696586871e-08
1.289088616533048938e-08
1.295429182177328310e-08
1.301972999058250083e-08
1.308725362884262471e-08
1.315691504282477746e-08
1.322876560159509731e-08
1.330286030378236462e-08
1.337925655513069374e-08
1.345801293664529520e-08
1.353918587148753530e-08
1.362282944941286722e-08
1.370899358408295736e-08
1.379772615035013572e-08
1.388907603921422300e-08
1.398309299129162456e-08
1.407982800682205542e-08
1.417932677848690407e-08
1.428163155431600935e-08
1.438678029847908567e-08
1.449479757088445518e-08
1.460569677701608807e-08
1.471949333449835764e-08
1.483621225541431431e-08
1.495587415763151255e-08
1.507848207204590194e-08
1.520402362759945944e-08
1.533248655015503350e-08
1.546387127027522403e-08
1.559818271982850738e-08
1.573540875189956937e-08
1.587548616168098817e-08
1.601836463075163569e-08
1.616418146497828291e-08
1.631292299064361831e-08
1.646420579148969502e-08
1.661785880883886653e-08
1.677386663395576317e-08
1.693221416250722922e-08
1.709281881428206877e-08
1.725549065013029722e-08
1.742010774028494924e-08
1.758658689202774535e-08
1.775478142769582899e-08
1.792459706641328644e-08
1.809592396365603735e-08
1.826864240765582937e-08
1.844269484421990469e-08
1.861796413335279100e-08
1.879437441649770999e-08
1.897188694167950828e-08
1.915043204710816897e-08
1.932996288312389237e-08
1.951043370095270191e-08
1.969175972399058670e-08
1.987367477506423219e-08
2.005619058072942699e-08
2.023889399293502994e-08
2.042080836421666283e-08
2.060161247334272040e-08
2.078088603290054902e-08
2.095795454686394591e-08
2.113230354043933751e-08
2.130343745975507023e-08
2.147090309017474674e-08
2.163423814415302025e-08
2.179308558987695323e-08
2.194711312984273684e-08
2.209647266649329725e-08
2.224096504343299331e-08
2.237999478276106061e-08
2.251367648916220028e-08
2.264186053210811932e-08
2.276410010972125324e-08
2.287999615935642685e-08
2.298886594860069267e-08
2.309021420575397993e-08
2.318330968430046699e-08
2.326671708005283067e-08
2.334018149699201644e-08
2.340334498313534438e-08
2.345578205575342091e-08
2.349723251180289613e-08
2.352765686620146846e-08
2.354602292700802295e-08
2.355243264685483548e-08
2.354686896970151264e-08
2.352913426661412020e-08
2.349915413454823260e-08
2.345580344399181608e-08
2.339885101723453845e-08
2.332775310208089646e-08
2.324236765290773457e-08
2.314146743411015773e-08
2.302518626524919042e-08
2.289409855913402334e-08
2.274824978743306169e-08
2.258721167368158652e-08
2.241150409262004829e-08
2.222112831924468166e-08
2.201514702384370232e-08
2.179388558031166186e-08
2.155738656135560067e-08
2.130532323087993108e-08
2.103903672077639548e-08
2.075815832453900323e-08
2.046350880283067101e-08
2.015541092787175589e-08
1.983413457445714974e-08
1.950030105834771162e-08
1.915413084054443904e-08
1.879630393408311120e-08
1.842773469165278257e-08
1.804921890247860070e-08
1.766177719015029198e-08
1.726601377336275106e-08
1.686278008169378621e-08
1.645313953411693032e-08
1.603789715171225449e-08
1.561820255861731501e-08
1.519527834591660633e-08
1.477012803232327723e-08
1.434370436111682617e-08
1.391714250398707399e-08
1.349148549873171284e-08
1.306787994848972262e-08
1.264728544246322643e-08
1.223087990746657085e-08
1.181945636276165369e-08
1.141396491738780224e-08
1.101516272583914235e-08
1.062390449649402545e-08
1.024086399407689399e-08
9.866505849145142340e-09
9.501330341091318171e-09
9.145698946056279574e-09
8.799819990421430400e-09
8.463906283331119977e-09
8.137920029793312677e-09
7.821793787737347795e-09
7.515411600227992790e-09
7.218555505653434296e-09
6.930976873593708403e-09
6.652313739295937641e-09
6.382260288114366616e-09
6.120407226353518849e-09
5.866378386199134270e-09
5.619719808550808403e-09
5.380117599512296263e-09
5.147161768341668787e-09
4.920565149511984327e-09
4.700109206234992949e-09
4.485658652062250583e-09
4.277260706450432574e-09
4.074995116766156282e-09
3.879159679311320332e-09
3.690204495564166751e-09
3.508420680247426987e-09
3.334037997909710436e-09
3.167372275875760407e-09
3.008619663691698009e-09
2.857784669143668250e-09
2.714842650448719966e-09
2.579643271341590881e-09
2.451847533778328523e-09
2.331031187636937817e-09
2.216699070268835147e-09
2.108347421870614515e-09
2.005499647308414717e-09
1.907764596048220574e-09
1.814829265015818548e-09
1.726460096132086377e-09
1.642459510061335258e-09
1.562614194451879125e-09
1.486682464429040649e-09
1.414414111942500272e-09
1.345554074175354931e-09
1.279841821968547830e-09
1.217048244717914443e-09
1.157044560797829157e-09
1.099814187084224738e-09
1.045407473629014343e-09
9.939170267158363570e-10
9.454362546242742584e-10
8.999739728339545371e-10
8.573968810656941248e-10
8.174405390639439607e-10
7.797562694005557902e-10
7.439945666360859099e-10
7.098985805770243222e-10
6.773373674482494801e-10
6.462757281274690293e-10
6.167147962412265833e-10
5.886455354425814280e-10
5.620197465550581826e-10
5.367509403702547091e-10
5.127488700167682374e-10
4.899430452361180694e-10
4.682684721544716098e-10
4.476599650653005659e-10
4.280500051194946736e-10
4.093700944859539985e-10
3.915555621456492385e-10
3.745467656022354384e-10
3.582887530200051128e-10
3.427349651393290668e-10
3.278535476918139235e-10
3.136199906116222620e-10
3.000055564362667131e-10
2.869738876009779607e-10
2.744894916130302184e-10
2.625179139936790602e-10
2.510271134197793156e-10
2.399893228054189635e-10
2.293823670600648575e-10
2.191879116915578732e-10
2.093873875798453480e-10
1.999630999997308622e-10
1.908990383900932927e-10
1.821785483562964424e-10
1.737855027959982329e-10
1.657059781376036989e-10
1.579279631635739689e-10
1.504411203375123597e-10
1.432359347797990413e-10
1.363028179727200441e-10
1.296323297459688628e-10
1.232161682589822624e-10
1.170470412215842283e-10
1.111179722859997055e-10
1.054222165794216749e-10
9.995344913960943241e-11
9.470575831236058490e-11
8.967343651193623122e-11
8.485089424294553936e-11
8.023277582429975866e-11
7.581388270154322500e-11
7.158903858230275763e-11
6.755310294058726451e-11
6.370097796535715200e-11
6.002756782442211661e-11
5.652776439042790429e-11
5.319643897361951763e-11
5.002842573723465625e-11
4.701851640678289982e-11
4.416146957984703787e-11
4.145202729283639646e-11
3.888491855065197003e-11
3.645485817370498229e-11
3.415655908251586633e-11
3.198474950459981640e-11
2.993419429101499754e-11
2.799970930249391446e-11
2.617617022239401479e-11
2.445852893236770274e-11
2.284182947980635145e-11
2.132122333864397726e-11
1.989198217994778070e-11
1.854950631173437697e-11
1.728933572104914576e-11
1.610715780511766683e-11
1.499881015127237793e-11
1.396028481316540735e-11
1.298773229396833120e-11
1.207746355801042649e-11
1.122595015007709373e-11
1.042982181560426497e-11
9.685863795958016935e-12
8.991014851460101865e-12
8.342363795320109140e-12
7.737144775072776766e-12
7.172732920136272858e-12
6.646638827866667284e-12
6.156504284610851103e-12
5.700096677546519556e-12
5.275303521722097261e-12
4.880127776186440799e-12
4.512683113699055542e-12
4.171188725937034673e-12
3.853964774211753622e-12
3.559427670569150686e-12
3.286085065876817593e-12
3.032531334500822195e-12
2.797443583087845163e-12
2.579577567071625708e-12
2.377763940700083918e-12
2.190904554367903481e-12
2.017968734291936516e-12
1.857989796274634721e-12
1.710061724268766151e-12
1.573335840722260123e-12
1.447017721720269187e-12
1.330364466446586896e-12
1.222681705554127415e-12
1.123320840933396282e-12
1.031676375624486052e-12
9.471834432911677789e-13
8.693152435385503973e-13
7.975808100480292480e-13
7.315229216803664491e-13
6.707160550968168643e-13
6.147643939423448467e-13
5.632999816922837620e-13
5.159809173572241563e-13
4.724899713306293521e-13
4.325320306565773641e-13
3.958333450632513601e-13
3.621401453475405631e-13
3.312172030870061135e-13
3.028466162933895334e-13
2.768266488486617524e-13
2.529706253833429697e-13
2.311058969474907040e-13
2.110728806034242833e-13
1.927241687017187530e-13
1.759236897732902123e-13
1.605459134887487879e-13
1.464750884240581484e-13
1.336048066595699974e-13
1.218365593072273282e-13
1.110794888321806488e-13
1.012499935805071575e-13
9.227098480980658264e-14
8.407138784809812220e-14
7.658570681272459933e-14
6.975363775572314406e-14
6.351971108508074256e-14
5.783322234271866891e-14
5.264735076411883736e-14
4.791901202729403241e-14
4.360893009876544214e-14
3.968112690902854158e-14
3.610263927732436386e-14
3.284323743774263948e-14
2.987557831864640512e-14
2.717389791372948156e-14
2.471478432530662279e-14
2.247682439623082245e-14
2.044041207950886229e-14
1.858784514616095889e-14
1.690271942885546416e-14
1.536987079092695068e-14
1.397567799196843466e-14
1.270775229321688271e-14
1.155506171637025311e-14
1.050683924378876196e-14
9.553644039941085926e-15
8.687018294036971240e-15
7.899248416633841582e-15
7.182933499119889492e-15
6.531638272273565055e-15
5.939851915009825383e-15
5.401823999547166184e-15
4.912765541837430961e-15
4.468543675495844006e-15
4.064771898845391263e-15
3.698004937425759548e-15
3.364869845275380510e-15
3.062189993992256392e-15
2.787468989312437213e-15
2.537834652941509290e-15
2.311359540407957678e-15
2.105583128490279989e-15
1.918948673352966103e-15
1.749409399105188243e-15
1.595676855555383026e-15
1.456108562564352878e-15
1.329509121589877312e-15
1.214715834825004723e-15
1.110561168286475224e-15
1.016183143856863342e-15
9.306618263463381458e-16
8.531486541178268233e-16
7.829276461548489914e-16
7.194008314873536160e-16
6.619193223315725163e-16
6.099223154649254653e-16
5.629169726916161253e-16
5.204540141084373658e-16
4.821237527570386386e-16
4.475529203270718011e-16
4.164011459550591687e-16
3.883582858792915085e-16
3.631416359568990476e-16
3.404933587958021256e-16
3.201988343830432942e-16
3.020479270996355639e-16
2.858182002513853744e-16
2.713432973568364237e-16
2.584842089959782618e-16
