# bin_4_3
1.668983600369590905e-08
1.675946457285559233e-08
1.683156734102734525e-08
1.690622188953035736e-08
1.698350845623838911e-08
1.706350951081455994e-08
1.714630958711885190e-08
1.723199493982965813e-08
1.732065320490094125e-08
1.741237477778158567e-08
1.750725239845561765e-08
1.760538124330780221e-08
1.770686088966137525e-08
1.781179356850430541e-08
1.792028215563020229e-08
1.803243031297886296e-08
1.814834226828949161e-08
1.826812771237148318e-08
1.839190049380652476e-08
1.851977730194932048e-08
1.865187414456918468e-08
1.878830625510020548e-08
1.892918635344490216e-08
1.907462673598072432e-08
1.922474254550129048e-08
1.937965173014273811e-08
1.953947561266369498e-08
1.970433198322122252e-08
1.987433691627947993e-08
2.004960389250740000e-08
2.023023401977824742e-08
2.041631862986511576e-08
2.060795388483362544e-08
2.080524856311629427e-08
2.100830856143217886e-08
2.121722260807941267e-08
2.143206480045918822e-08
2.165291182051559168e-08
2.187985663434974894e-08
2.211299815191102159e-08
2.235241742404630381e-08
2.259814580256573732e-08
2.285023113688141133e-08
2.310891189949648064e-08
2.337427363589397993e-08
2.364603063624688100e-08
2.392411432987413875e-08
2.420861153410428161e-08
2.449961224205674405e-08
2.479714257492373792e-08
2.510111380053590463e-08
2.541150863529436906e-08
2.572835571676267256e-08
2.605161040094700484e-08
2.638128543032990869e-08
2.671737876980478943e-08
2.705987339345536167e-08
2.740881989272743264e-08
2.776420246734579101e-08
2.812604836813906288e-08
2.849442092096978333e-08
2.886934729215243677e-08
2.925087944216429388e-08
2.963906420685876213e-08
3.003390561743507389e-08
3.043521876111544823e-08
3.084309625456292551e-08
3.125719367491630092e-08
3.167658731750944371e-08
3.210101348693038094e-08
3.253010216757953298e-08
3.296321648484533645e-08
3.339987460239948985e-08
3.383960322017179501e-08
3.428195804071782209e-08
3.472647432330820271e-08
3.517277543233067642e-08
3.562050592995133462e-08
3.606977685402003547e-08
3.652030524490144496e-08
3.697141394983841135e-08
3.742313152728462287e-08
3.787519028722263980e-08
3.832700412640834258e-08
3.877801746126555606e-08
3.922736165582960974e-08
3.967435277290460226e-08
4.011798820941557376e-08
4.055655129450558318e-08
4.098952533531297661e-08
4.141624493832596982e-08
4.183594482902259180e-08
4.224802020329341499e-08
4.265202951584381564e-08
4.304646888731644861e-08
4.343100202212560659e-08
4.380512020540161788e-08
4.416810767132889932e-08
4.451932344946300876e-08
4.485699816321075714e-08
4.518029267827253675e-08
4.548800270400461555e-08
4.577931040162981268e-08
4.605220313317481756e-08
4.630609663505787202e-08
4.654082367564837653e-08
4.675560701212413418e-08
4.694913029035009699e-08
4.712108287323785226e-08
4.727055865136388120e-08
4.739560974881432944e-08
4.749563644747623689e-08
4.756969217884298272e-08
4.761639810686848151e-08
4.763615673713894624e-08
4.762746641492492239e-08
4.759012816964965391e-08
4.752335730758509188e-08
4.742631609416903229e-08
4.729853298328199053e-08
4.713909925548728340e-08
4.694760742733880415e-08
4.672391774116723451e-08
4.646774501670607486e-08
4.617910524747806933e-08
4.585756333053412907e-08
4.550301912813096178e-08
4.511565038824711298e-08
4.469540476986759123e-08
4.424267365631686786e-08
4.375802153121062868e-08
4.324185038298509628e-08
4.269461701766962988e-08
4.211709334228997030e-08
4.151007303957143963e-08
4.087459581340419772e-08
4.021163793403531087e-08
3.952257101056395818e-08
3.880851632574085147e-08
3.807094426727294088e-08
3.731130705451808217e-08
3.653134584326975736e-08
3.573280707777138332e-08
3.491740354467979898e-08
3.408708324791947235e-08
3.324383810084139433e-08
3.238966968547987315e-08
3.152675373850805429e-08
3.065715186765344785e-08
2.978302253816041085e-08
2.890657893342098044e-08
2.802998440611277392e-08
2.715540484401904558e-08
2.628491148319658358e-08
2.542063124219578141e-08
2.456452949011752682e-08
2.371853732014506258e-08
2.288439777229048781e-08
2.206386159302694069e-08
2.125838985442895681e-08
2.046937693986941621e-08
1.969801561601058412e-08
1.894528028029358021e-08
1.821203590927672908e-08
1.749885400666837921e-08
1.680617294015703688e-08
1.613425962430543253e-08
1.548314856758291567e-08
1.485272257325787281e-08
1.424271290577434770e-08
1.365268900424304944e-08
1.308211280611151527e-08
1.253033682077437823e-08
1.199666280145792721e-08
1.148033762340993857e-08
1.098060700291302702e-08
1.049674875073377019e-08
1.002810228677311074e-08
9.574082931930584658e-09
9.134202045857914575e-09
8.708081805549550321e-09
8.295454111607312678e-09
7.896174697182903546e-09
7.510215192582272605e-09
7.137660136553064089e-09
6.778689678981746983e-09
6.433578665834844623e-09
6.102702114090210556e-09
5.786360928291057334e-09
5.484776257089820245e-09
5.198088577350743228e-09
4.926261681200437534e-09
4.669082547883862051e-09
4.426156796775015276e-09
4.196909016774666366e-09
3.980598446683025191e-09
3.776356114665740593e-09
3.583240054879089833e-09
3.400301512251352610e-09
3.226651739741616606e-09
3.061523056123200071e-09
2.904312079627321669e-09
2.754597716760445315e-09
2.612125545380081283e-09
2.476760587310525613e-09
2.348432638451348011e-09
2.227079904539288127e-09
2.112586081261775467e-09
2.004722886000160633e-09
1.903138336607016129e-09
1.807394278524797348e-09
1.717017973414918984e-09
1.631555370320104165e-09
1.550624394349450988e-09
1.473945044969697081e-09
1.401324060223906591e-09
1.332616193745308461e-09
1.267677387475202474e-09
1.206325663281650082e-09
1.148338809036070157e-09
1.093477589660403739e-09
1.041519312043423315e-09
9.922780711140581142e-10
9.456013915706767175e-10
9.013555489176299351e-10
8.594036521175850307e-10
8.196012355129838773e-10
7.818082028876839584e-10
7.459004432348891096e-10
7.117682040770968894e-10
6.793083471071398064e-10
6.484192633995994408e-10
6.190033669670185706e-10
5.909728570067407632e-10
5.642477574446516693e-10
5.387520595787200168e-10
5.144125640258813352e-10
4.911625171352420776e-10
4.689414946792838545e-10
4.476920492919109210e-10
4.273600791244940024e-10
4.078959488919937503e-10
3.892542711873777766e-10
3.713926559217616175e-10
3.542712332877870849e-10
3.378536106550143207e-10
3.221062357793752771e-10
3.069976771165351657e-10
2.924989614622844507e-10
2.785833682807374112e-10
2.652260604215145916e-10
2.524039829325505110e-10
2.400957407405788605e-10
2.282814335262650809e-10
2.169425152574760314e-10
2.060616789455699166e-10
1.956227278885959776e-10
1.856104571530519280e-10
1.760105478133289115e-10
1.668094688022201469e-10
1.579943853335568920e-10
1.495530704262021916e-10
1.414738274118742905e-10
1.337454207059780212e-10
1.263570142691669096e-10
1.192981168576084149e-10
1.125585308834157771e-10
1.061283086649899512e-10
9.999771533107438373e-11
9.415719711057298568e-11
8.859735550826423050e-11
8.330892665987232974e-11
7.828276589763404102e-11
7.350983641634007015e-11
6.898120057934985494e-11
6.468801497697776338e-11
6.062153107819143638e-11
5.677309936472078620e-11
5.313417440212422009e-11
4.969632064901552017e-11
4.645121914266150520e-11
4.339067792829395060e-11
4.050664402843779641e-11
3.779121492871574913e-11
3.523664818724878132e-11
3.283537065244260744e-11
3.057998914580657027e-11
2.846330256003457926e-11
2.647831103432498665e-11
2.461822420965968321e-11
2.287646789831242489e-11
2.124668949559936635e-11
1.972276340905711376e-11
1.829879452715806778e-11
1.696911995231755799e-11
1.572830973938047951e-11
1.457116623588742053e-11
1.349272258482955257e-11
1.248824013907388498e-11
1.155320495390349289e-11
1.068332359652507869e-11
9.874518251582901801e-12
9.122921213035021833e-12
8.424868723842130004e-12
7.776894667511257112e-12
7.175723815117626198e-12
6.618264836148172894e-12
6.101602867041847813e-12
5.622992085795118202e-12
5.179848335196294154e-12
4.769741862751967873e-12
4.390390238485721381e-12
4.039651346250620938e-12
3.715516485716434513e-12
3.416104114466901711e-12
3.139652421854972112e-12
2.884513740497909670e-12
2.649148334935648947e-12
2.432118120573264261e-12
2.232080660445617679e-12
2.047783370336456190e-12
1.878058058398194579e-12
1.721815884365544549e-12
1.578042754823305481e-12
1.445795095546196804e-12
1.324195836166775666e-12
1.212430500673960349e-12
1.109743303608627284e-12
1.015433554840255105e-12
9.288510821759485661e-13
8.493930044805843305e-13
7.765005683568038543e-13
7.096558805977991594e-13
6.483791138074606417e-13
5.922259800271884469e-13
5.407854040082592908e-13
4.936773497221494645e-13
4.505510221174635486e-13
4.110823194527891647e-13
3.749721825475391809e-13
3.419452024130834310e-13
3.117477120476686228e-13
2.841461787800887971e-13
2.589256588081204709e-13
2.358887132516643657e-13
2.148528804951103085e-13
1.956504265375101217e-13
1.781269811224813980e-13
1.621404347632017100e-13
1.475602821059103866e-13
1.342662871793600458e-13
1.221478762304615793e-13
1.111038631068172758e-13
1.010415985896256464e-13
9.187654449263218685e-14
8.353056014413574076e-14
7.593248584750826939e-14
6.901728242272944527e-14
6.272531213673067291e-14
5.700149964167274946e-14
5.179570482507938488e-14
4.706238737087758685e-14
4.275910080340025242e-14
3.884753703905464950e-14
3.529294958497416184e-14
3.206293455294942600e-14
2.912850004149426969e-14
2.646291179614076740e-14
2.404164259815256530e-14
2.184274337530893430e-14
1.984554456455466139e-14
1.803197596015466795e-14
1.638481061911630261e-14
1.488914946271949252e-14
1.353074637023006801e-14
1.229730625662754008e-14
1.117713036505419729e-14
1.015993068838707062e-14
9.236284598936106127e-15
8.397500192916650343e-15
7.635919559793206937e-15
6.944431611644450395e-15
6.316558849194369138e-15
5.746485635986368817e-15
5.228995331458182977e-15
4.759225628825570534e-15
4.332792312048933992e-15
3.945735446247545783e-15
3.594457105988935126e-15
3.275687738468730854e-15
2.986456318536510267e-15
2.724062665048551477e-15
2.486053105768867295e-15
2.270197910777194512e-15
2.074470862655266172e-15
1.897060002896151062e-15
1.736299705464627522e-15
1.590635177030366085e-15
1.458706177308690669e-15
1.339295225262913694e-15
