# bin_2_1
1.187518429420473753e-08
1.191705160141194768e-08
1.196034431108772560e-08
1.200510181802206524e-08
1.205136468336624687e-08
1.209917431921435907e-08
1.214857311956103613e-08
1.219960509168573791e-08
1.225231447171635108e-08
1.230674561248011289e-08
1.236294296089473176e-08
1.242095050304584441e-08
1.248081408673859710e-08
1.254258193997930092e-08
1.260630372036285044e-08
1.267202967925103340e-08
1.273980893526925968e-08
1.280968987568884149e-08
1.288172023961242978e-08
1.295594659525816384e-08
1.303241624693338339e-08
1.311117827579864709e-08
1.319228213882777576e-08
1.327577611445332915e-08
1.336170635580427243e-08
1.345011559554020126e-08
1.354104476745714439e-08
1.363452508214467467e-08
1.373058211509960120e-08
1.382924478021572529e-08
1.393054652381707441e-08
1.403451523840494425e-08
1.414116067334342380e-08
1.425047980382522160e-08
1.436246866627220883e-08
1.447713089415847358e-08
1.459446777784079927e-08
1.471446655054195643e-08
1.483710885851715442e-08
1.496235515447698119e-08
1.509014705325408835e-08
1.522055645659682114e-08
1.535366017980899498e-08
1.548918943606591984e-08
1.562689874006394773e-08
1.576675710456447377e-08
1.590878381904039832e-08
1.605296167358786587e-08
1.619909546754765382e-08
1.634705562738967253e-08
1.649679884595737147e-08
1.664816928387731411e-08
1.680105228542025133e-08
1.695536791877690571e-08
1.711098577075751323e-08
1.726783498305222716e-08
1.742583095782563967e-08
1.758489360040116685e-08
1.774496970048260994e-08
1.790600207852617359e-08
1.806793855217215262e-08
1.823074226765385836e-08
1.839434572928283738e-08
1.855861973879364625e-08
1.872335132541159999e-08
1.888862290255539103e-08
1.905365768186852671e-08
1.921781965658630322e-08
1.938086746865612721e-08
1.954229423999824411e-08
1.970151632882953365e-08
1.985808970524326829e-08
2.001154368174030488e-08
2.016146433963608466e-08
2.030741574947432388e-08
2.044907804590382070e-08
2.058615961295873168e-08
2.071892917940853876e-08
2.084683177220948823e-08
2.096962477714916008e-08
2.108741999533142608e-08
2.119997097139470337e-08
2.130691247490981245e-08
2.140786474956856038e-08
2.150214683502849172e-08
2.158945318819553163e-08
2.166867501140762067e-08
2.173880486606377319e-08
2.179965356971428941e-08
2.185081539479053790e-08
2.189191509030370895e-08
2.192291179925461648e-08
2.194343639923333939e-08
2.195271680522131341e-08
2.195098777925234013e-08
2.193806636163552760e-08
2.191398334240379269e-08
2.187830215395654578e-08
2.183021275563974232e-08
2.176951864662220662e-08
2.169578565093720210e-08
2.160869163494104157e-08
2.150719536917232327e-08
2.139161294007194216e-08
2.126250995363193005e-08
2.111965247659579800e-08
2.096286125151881953e-08
2.079279745992127252e-08
2.060902092341184292e-08
2.041091271417388561e-08
2.019895929937862822e-08
1.997281247041872530e-08
1.973259809263808727e-08
1.947941704646926891e-08
1.921278992982954133e-08
1.893382009606027761e-08
1.864236647997741347e-08
1.833912207881431022e-08
1.802422669376416422e-08
1.769826349578472764e-08
1.736155605743277878e-08
1.701525193009594061e-08
1.665986418801632478e-08
1.629636306454402213e-08
1.592535483844105103e-08
1.554754657993182647e-08
1.516390794273255883e-08
1.477527660033868624e-08
1.438261278425835537e-08
1.398704011702341935e-08
1.358948436495881179e-08
1.319082613136395048e-08
1.279206525023640966e-08
1.239418697161205645e-08
1.199820780964675008e-08
1.160505591315142725e-08
1.121577252767798566e-08
1.083110804382514640e-08
1.045192875824709610e-08
1.007898066408703315e-08
9.713046119494419103e-09
9.354753555480518315e-09
9.004566467318927154e-09
8.662974595798524404e-09
8.330330859729066320e-09
8.006880550739090150e-09
7.692851399390740528e-09
7.388247198034442610e-09
7.093083793673412117e-09
6.807290440848533730e-09
6.530705603132699580e-09
6.263156404854812972e-09
6.004349862104928210e-09
5.754086637430302478e-09
5.511990818788814065e-09
5.277789311081312683e-09
5.051040362598889312e-09
4.831502879105968844e-09
4.618744739244094788e-09
4.412494380527482324e-09
4.212469488010442066e-09
4.018445011492942942e-09
3.830348115245707478e-09
3.648125184172570252e-09
3.471857202890485436e-09
3.301746254363456874e-09
3.138082782778863596e-09
2.981067409908025960e-09
2.830825072621749360e-09
2.687530852386299420e-09
2.551278926270342597e-09
2.421989184177560184e-09
2.299569004535504755e-09
2.183805758065631378e-09
2.074352887974694001e-09
1.970796987525534579e-09
1.872683775409194827e-09
1.779574270854146787e-09
1.691077939736098615e-09
1.606894488742843217e-09
1.526814506652427414e-09
1.450705882444574203e-09
1.378476685670744006e-09
1.310022333824689829e-09
1.245211621899289264e-09
1.183884310947872901e-09
1.125850872056306217e-09
1.070879852584332761e-09
1.018734403620107988e-09
9.692287470368305825e-10
9.222401992093354551e-10
8.776909469756386580e-10
8.355411656530808181e-10
7.957679165868144323e-10
7.583103205113013461e-10
7.230325788105285994e-10
6.897333088518191459e-10
6.581775204893945968e-10
6.281512200847858094e-10
5.995178556177612004e-10
5.722282599014900284e-10
5.462848063620321855e-10
5.216897833613565077e-10
4.984136009897944448e-10
4.763821336858760085e-10
4.554880386952501779e-10
4.356253625798494448e-10
4.167132584989495632e-10
3.986879181652108663e-10
3.814966478145221230e-10
3.650918173364698133e-10
3.494294865755039603e-10
3.344708179903887591e-10
3.201794043424992166e-10
3.065168659973674771e-10
2.934442451114036103e-10
2.809274237811678103e-10
2.689356130243726424e-10
2.574369371216622683e-10
2.463997331028828291e-10
2.357987124073770253e-10
2.256130502161718139e-10
2.158228528475312227e-10
2.064082236844382706e-10
1.973499244481733354e-10
1.886306633730195017e-10
1.802339907561553409e-10
1.721457788048671058e-10
1.643540669533460652e-10
1.568467978736058780e-10
1.496124073105274932e-10
1.426407071022449641e-10
1.359224812522375205e-10
1.294492973135825199e-10
1.232134658584437588e-10
1.172078151507648728e-10
1.114256019711023460e-10
1.058606325370319940e-10
1.005071494925696139e-10
9.535972789101428089e-11
9.041324787236965236e-11
8.566283696894669067e-11
8.110383066081820019e-11
7.673169951965053333e-11
7.254201700661105707e-11
6.853045371413210449e-11
6.469273095065436417e-11
6.102458439073839127e-11
5.752174143884353806e-11
5.417990079917453338e-11
5.099472845033043670e-11
4.796185449150658320e-11
4.507686086877708061e-11
4.233527197886017519e-11
3.973255451506487761e-11
3.726412864023148760e-11
3.492538420244945665e-11
3.271168564875792192e-11
3.061837534193394292e-11
2.864078590746851887e-11
2.677425683654293310e-11
2.501415465527746911e-11
2.335588683067250448e-11
2.179491102578291702e-11
2.032674961343128074e-11
1.894700416136155262e-11
1.765136912203182680e-11
1.643564314145033937e-11
1.529573708996511611e-11
1.422768383739027418e-11
1.322764531670300951e-11
1.229191581917032872e-11
1.141692591641281306e-11
1.059924569640026026e-11
9.835587118750902154e-12
9.122804757454858822e-12
8.457894161515522190e-12
7.837989760327455026e-12
7.260363209670189488e-12
6.722420821741395908e-12
6.221700290152241744e-12
5.755867330078541873e-12
5.322710837007903998e-12
4.920139167203953997e-12
4.546175716201822538e-12
4.198954453321263990e-12
3.876715688497683215e-12
3.577801572954128357e-12
3.300651726155580063e-12
3.043798765508435802e-12
2.805863674579078990e-12
2.585551395584468718e-12
2.381646533554031091e-12
2.193009192231206631e-12
2.018571203722843716e-12
1.857332334887662106e-12
1.708356610831830620e-12
1.570768696398933259e-12
1.443750540489989010e-12
1.326538101555737541e-12
1.218418118044798939e-12
1.118725181596069533e-12
1.026838961186670136e-12
9.421815225781415881e-13
8.642146186487760451e-13
7.924373098114340679e-13
7.263835981119354514e-13
6.656201799451838233e-13
6.097443655943325017e-13
5.583821863370321631e-13
5.111865154100296466e-13
4.678352961437942146e-13
4.280298977850113467e-13
3.914937924918933767e-13
3.579704042332410436e-13
3.272220035756428766e-13
2.990287015471799898e-13
2.731870310932297586e-13
2.495088108022911940e-13
2.278200922107177393e-13
2.079601742405476571e-13
1.897806803894675243e-13
1.731447019865904061e-13
1.579259921631486826e-13
1.440082078831901258e-13
1.312841915336986639e-13
1.196552916987385202e-13
1.090309969700193672e-13
9.932762706216924058e-14
9.046813649271479645e-14
8.238179437549391952e-14
7.500350583534825350e-14
6.827336093283350767e-14
6.213622749960179720e-14
5.654139132451899924e-14
5.144223834132402788e-14
4.679622111919534804e-14
4.256397378238883312e-14
3.870936378251614843e-14
3.519949001904979926e-14
3.200426173469731683e-14
2.909616690371677436e-14
2.645004540314057672e-14
2.404324635852903337e-14
2.185430398162130581e-14
1.986387353916678305e-14
1.805425766945298932e-14
1.640924346156437759e-14
1.491426299123371589e-14
1.355566423044533002e-14
1.232095485760717334e-14
1.119889830773225378e-14
1.017936006644827742e-14
9.253225724305153037e-15
8.411673374983365937e-15
7.646972916160645487e-15
6.952280627420802825e-15
6.321203344580085036e-15
5.747718098941805998e-15
5.226636810636908789e-15
4.753408228449601558e-15
4.323358681384111234e-15
3.932659400869042699e-15
3.577881588480753471e-15
3.255479220919838578e-15
2.962746536120033494e-15
2.696845442629935708e-15
2.455311755779573778e-15
2.236066552916847015e-15
2.036860661966928040e-15
1.856135675229213212e-15
1.691930485056811962e-15
1.543006522377153093e-15
1.407748105543853521e-15
1.285074882518879515e-15
1.173757321952462152e-15
1.072748325545990584e-15
9.812301422174713852e-16
8.982053098014532867e-16
8.229499072932151101e-16
7.548294033024058341e-16
6.931089726269135431e-16
6.372193411976094289e-16
5.866433382022802593e-16
5.409551858613964658e-16
4.996548325120199341e-16
4.623491343313062438e-16
4.286789939339864035e-16
3.983173425689895022e-16
3.709655550630751513e-16
3.463516495972896102e-16
3.242275917436717032e-16
3.043670792433842643e-16
2.865801004413526844e-16
2.706848955356184096e-16
2.564878113271644531e-16
2.438297291116983551e-16
2.326124104308158800e-16
2.226580014046281445e-16
2.138736733455351790e-16
