# bin_4_4
1.726162136651076347e-08
1.733473592651329549e-08
1.741046026305569968e-08
1.748887809514001065e-08
1.757007491451712585e-08
1.765413704524068264e-08
1.774115196798981626e-08
1.783120875817877034e-08
1.792439860783244772e-08
1.802081725938355855e-08
1.812056415386114655e-08
1.822374159018413416e-08
1.833045591635500260e-08
1.844081522861153233e-08
1.855492959874973018e-08
1.867291186132007624e-08
1.879487939652213085e-08
1.892095359433075513e-08
1.905125545199005679e-08
1.918590488808066652e-08
1.932502377377578416e-08
1.946874093474038693e-08
1.961718776299027168e-08
1.977049544040396800e-08
1.992879155798143417e-08
2.009220049714355500e-08
2.026084611947333128e-08
2.043485305142864447e-08
2.061434955098394449e-08
2.079946460440660192e-08
2.099032210556354049e-08
2.118704219026308160e-08
2.138973673183806803e-08
2.159850246290826406e-08
2.181343505469243884e-08
2.203464879669098869e-08
2.226226466803272951e-08
2.249638863204902667e-08
2.273710968262946913e-08
2.298451178984292376e-08
2.323870312507404483e-08
2.349980933620722313e-08
2.376791377070287451e-08
2.404303134818174934e-08
2.432529697906796612e-08
2.461498412714094960e-08
2.491194441512877323e-08
2.521590366083471822e-08
2.552690863480861204e-08
2.584506009052164023e-08
2.617044656786950467e-08
2.650301949387844367e-08
2.684272174317672017e-08
2.718957657188912514e-08
2.754361342060280674e-08
2.790481074976893781e-08
2.827319266201367392e-08
2.864876115517222118e-08
2.903153217019212768e-08
2.942153830629110602e-08
2.981879409195329229e-08
3.022337159966612811e-08
3.063534064905963420e-08
3.105475100417383345e-08
3.148169290109470404e-08
3.191618052808759832e-08
3.235809431153644275e-08
3.280738222298029168e-08
3.326400417153071041e-08
3.372691219527662333e-08
3.419570513146899543e-08
3.467005612560851099e-08
3.514932421425521384e-08
3.563295320740117916e-08
3.612046576450820258e-08
3.661139791604560537e-08
3.710528051849755064e-08
3.760170792258870045e-08
3.810035618495366548e-08
3.860118285801488936e-08
3.910421340990924902e-08
3.960856595661359086e-08
4.011420786277465841e-08
4.062094764720006404e-08
4.112815436621846557e-08
4.163521403019549106e-08
4.214126800954797312e-08
4.264545442758636917e-08
4.314699697434416434e-08
4.364394515418617758e-08
4.413564132421749129e-08
4.462144979635231956e-08
4.510054311426288961e-08
4.557215342837719719e-08
4.603593725062607657e-08
4.649030597030439434e-08
4.693471727950683255e-08
4.736873402044096975e-08
4.779147244820808541e-08
4.820241218273259096e-08
4.859960484482731110e-08
4.898203591195592762e-08
4.934842167679148584e-08
4.969789122427515475e-08
5.002838375495685545e-08
5.033906058346209308e-08
5.062968678019770326e-08
5.089961234126275309e-08
5.114728977157919025e-08
5.137218598987000022e-08
5.157358211539442338e-08
5.174926491295552355e-08
5.189835787046184273e-08
5.202009623172225688e-08
5.211273673071024355e-08
5.217660446227245037e-08
5.221027832062641366e-08
5.221312299347177340e-08
5.218457837593068368e-08
5.212333371082192961e-08
5.202909452640172670e-08
5.190054506689459233e-08
5.173738172708291853e-08
5.153910128712803404e-08
5.130550801090153072e-08
5.103640532368789810e-08
5.073122487136816219e-08
5.038979976047625380e-08
5.001215310328243028e-08
4.959808991585526467e-08
4.914797588659111279e-08
4.866224422787843941e-08
4.814119723056913857e-08
4.758521543770402864e-08
4.699500681598173208e-08
4.637128079614269364e-08
4.571503345314746290e-08
4.502717661068255802e-08
4.430906695741315683e-08
4.356179650326971217e-08
4.278683221930998284e-08
4.198561305204651709e-08
4.115992104658958872e-08
4.031153369548754034e-08
3.944220891893053670e-08
3.855396257882919266e-08
3.764887714577278104e-08
3.672904943409068399e-08
3.579678584448597922e-08
3.485428564124051286e-08
3.390385956763252715e-08
3.294790565143511749e-08
3.198877646201311275e-08
3.102884884456701991e-08
3.007043695053285329e-08
2.911590226928977932e-08
2.816750299344147838e-08
2.722742621480104355e-08
2.629774217679203725e-08
2.538046933304062313e-08
2.447740911388909152e-08
2.359025701232056473e-08
2.272053396759053994e-08
2.186954049401340015e-08
2.103846691391504845e-08
2.022820454328273333e-08
1.943952322230889990e-08
1.867298825724436665e-08
1.792890305702081884e-08
1.720740909158472390e-08
1.650845918450577103e-08
1.583180540978797187e-08
1.517706268859241436e-08
1.454369204895359304e-08
1.393106573481796451e-08
1.333846837093047162e-08
1.276513248652120743e-08
1.221028083152720653e-08
1.167315566199381334e-08
1.115303701200686662e-08
1.064928746402419521e-08
1.016137085298729898e-08
9.688859608425760832e-09
9.231450803611445585e-09
8.788951655090607257e-09
8.361278178143552821e-09
7.948453232889898887e-09
7.550595189563911456e-09
7.167882658456420308e-09
6.800548890406289063e-09
6.448860958213479029e-09
6.113050081978962245e-09
5.793270536011496096e-09
5.489535330658331676e-09
5.201692133187374880e-09
4.929415309341595373e-09
4.672200746806814712e-09
4.429373597346369324e-09
4.200117340159767359e-09
3.983515770800190834e-09
3.778605588491227157e-09
3.584437514423363994e-09
3.400134477044473771e-09
3.224940776090750621e-09
3.058253667569433036e-09
2.899634669333074221e-09
2.748800643977534182e-09
2.605586951146235915e-09
2.469891544851706156e-09
2.341613417588898461e-09
2.220597969600376036e-09
2.106595612833021459e-09
1.999245654872941623e-09
1.898093305984129187e-09
1.802638079086518414e-09
1.712396130697965414e-09
1.626955315213979062e-09
1.546003175184616182e-09
1.469322843601597827e-09
1.396760681346312313e-09
1.328176762123113828e-09
1.263400894739267870e-09
1.202214220614808514e-09
1.144362180573742563e-09
1.089590924897126280e-09
1.037680820263780257e-09
9.884591228544217526e-10
9.417887100223466502e-10
8.975424483954929915e-10
8.555840980660242454e-10
8.157664786578404175e-10
7.779451167342530592e-10
7.419921872225863838e-10
7.077994839604899383e-10
6.752689154717547635e-10
6.443037412636342439e-10
6.148079199410467431e-10
5.866917374518519913e-10
5.598747913915058580e-10
5.342838144141788778e-10
5.098494743985347362e-10
4.865058521735637070e-10
4.641918979535200740e-10
4.428516896922053258e-10
4.224333054964689410e-10
4.028882780709734847e-10
3.841715922625600168e-10
3.662416642040743988e-10
3.490599766781187048e-10
3.325907169848237228e-10
3.168007105288586907e-10
3.016592458677356420e-10
2.871377880616961894e-10
2.732098430123115227e-10
2.598508010916148831e-10
2.470377345581361420e-10
2.347492508804112977e-10
2.229653670607433372e-10
2.116673778664246803e-10
2.008377293014040413e-10
1.904598984734105735e-10
1.805182822674354448e-10
1.709980966926569956e-10
1.618852858526263764e-10
1.531664374132035776e-10
1.448287045780263227e-10
1.368597357953376892e-10
1.292476135229339460e-10
1.219808007372726439e-10
1.150480932866454928e-10
1.084385774588844436e-10
1.021415924229555906e-10
9.614669916912692454e-11
9.044365637278267278e-11
8.502240137933417607e-11
7.987303479123470161e-11
7.498580839561158857e-11
7.035111690656710629e-11
6.595949404717161867e-11
6.180161187488299586e-11
5.786828278913488600e-11
5.415046328207564333e-11
5.063925834925342982e-11
4.732592832290563111e-11
4.420189608158134285e-11
4.125875533968728275e-11
3.848827989607350934e-11
3.588243251061770492e-11
3.343337256944276196e-11
3.113346359018332034e-11
2.897528152516948698e-11
2.695162262400245585e-11
2.505551001102732704e-11
2.328019858822858102e-11
2.161917878924857750e-11
2.006617930979445139e-11
1.861516928462315118e-11
1.726035949905007141e-11
1.599620198877525398e-11
1.481738830409493335e-11
1.371884699840238682e-11
1.269574058334934432e-11
1.174346181016466310e-11
1.085762929065415806e-11
1.003408206698177803e-11
9.268873862600683060e-12
8.558266566188603206e-12
7.898723520674139945e-12
7.286902393833344453e-12
6.719647905213666034e-12
6.193984398760188279e-12
5.707108505405265275e-12
5.256381843485616757e-12
4.839323851735201392e-12
4.453604718017265020e-12
4.097038808939705793e-12
3.767576265371261693e-12
3.463297399256502064e-12
3.182405415818510227e-12
2.923219579339062635e-12
2.684168614364199608e-12
2.463784374287039308e-12
2.260695889963078402e-12
2.073623884534508659e-12
1.901375748801312392e-12
1.742840832647991123e-12
1.596985887296652401e-12
1.462850505092916961e-12
1.339542513502910046e-12
1.226233723574456850e-12
1.122154543338932047e-12
1.026590469274509692e-12
9.388783773618205757e-13
8.584029758959678279e-13
7.845937603376847939e-13
7.169222157951978690e-13
6.548991763498616172e-13
5.980722833455981646e-13
5.460238147536803466e-13
4.983676605608305436e-13
4.547473512819608591e-13
4.148342912577391104e-13
3.783255251322340461e-13
3.449418345032888176e-13
3.144259305520685574e-13
2.865411447908374295e-13
2.610686535441554459e-13
2.378070720834300258e-13
2.165709487934463313e-13
1.971895192019418364e-13
1.795059178863693196e-13
1.633757346878496818e-13
1.486661812405691146e-13
1.352557139040513635e-13
1.230329686950736009e-13
1.118962528610393820e-13
1.017515212238133877e-13
9.251297238149675288e-14
8.410205014254886909e-14
7.644673026315499910e-14
6.948048008424114312e-14
6.314266881242316652e-14
5.737825534616632306e-14
5.213600004643766659e-14
4.736957233586750707e-14
4.303697898289578536e-14
3.909907325582012103e-14
3.552071395388839221e-14
3.226961088472056734e-14
2.931603760530116602e-14
2.663341981523326580e-14
2.419672414273481047e-14
2.198391249680902357e-14
1.997416514112001228e-14
1.814920814212219762e-14
1.649176067534329675e-14
1.498680105596573643e-14
1.362002644176956136e-14
1.237892587052926978e-14
1.125192885162263404e-14
1.022847812906697205e-14
9.299238148174139186e-15
8.455469449419672320e-15
7.689308358940427082e-15
6.993660079672591285e-15
6.362160965504895285e-15
5.788836995053537779e-15
5.268367871512095331e-15
4.795920230953844061e-15
4.367102689839165277e-15
3.977925161664136412e-15
3.624762131429716286e-15
3.304319417086322254e-15
3.013603968029019171e-15
2.749896443776941596e-15
2.510726087220680515e-15
2.293848137080441103e-15
2.097291599002713676e-15
1.919134930537562940e-15
1.757690849990379462e-15
