# bin_3_3
1.621319366106611225e-08
1.627994028909920215e-08
1.634905016398674565e-08
1.642059670792158853e-08
1.649465584639262245e-08
1.657130557967993248e-08
1.665062580549537556e-08
1.673269797228535464e-08
1.681760474767387318e-08
1.690543139222418134e-08
1.699626534306252869e-08
1.709019629871267292e-08
1.718731815678891777e-08
1.728772726468070119e-08
1.739152041478862994e-08
1.749879498627946011e-08
1.760964873573090272e-08
1.772418465470188044e-08
1.784250965707874340e-08
1.796473325551373208e-08
1.809096405960383719e-08
1.822130968620995551e-08
1.835587499978439926e-08
1.849476420990954974e-08
1.863808411815376220e-08
1.878594406149276121e-08
1.893845642700285828e-08
1.909572980129318865e-08
1.925787082676960740e-08
1.942498328332575926e-08
1.959715832140418762e-08
1.977447707641974141e-08
1.995702517442381970e-08
2.014490043489588212e-08
2.033819750755733876e-08
2.053699371242385262e-08
2.074135151066799760e-08
2.095133559148893146e-08
2.116702647430278432e-08
2.138851028105371416e-08
2.161585520964396969e-08
2.184907952605791959e-08
2.208821743455163079e-08
2.233349334710277986e-08
2.258497876593351932e-08
2.284237388009286829e-08
2.310559544144653506e-08
2.337471540726844048e-08
2.364980848413306469e-08
2.393088502164270833e-08
2.421784096588762192e-08
2.451064328398971480e-08
2.480930401139686632e-08
2.511376260084003452e-08
2.542401530564667546e-08
2.574004333637475767e-08
2.606181321813461348e-08
2.638935846127750406e-08
2.672264661621114220e-08
2.706168801844519215e-08
2.740652898320038255e-08
2.775718006026031224e-08
2.811367637338456934e-08
2.847604829022869429e-08
2.884428357820650184e-08
2.921818163665107820e-08
2.959781932773863004e-08
2.998283753526845745e-08
3.037229924165863380e-08
3.076592704206785715e-08
3.116333783477050827e-08
3.156388301663207065e-08
3.196706954539187853e-08
3.237241388329630337e-08
3.277946272104071415e-08
3.318774357060046921e-08
3.359687340914300170e-08
3.400649207828955288e-08
3.441670663652933365e-08
3.482723294366343793e-08
3.523739559499568983e-08
3.564722533480197209e-08
3.605645959949873152e-08
3.646452052864214478e-08
3.687086311125413712e-08
3.727463277966497895e-08
3.767516208187050906e-08
3.807146905917921866e-08
3.846186321324244689e-08
3.884585405816387546e-08
3.922280659157455777e-08
3.959199015544566491e-08
3.995283761469379321e-08
4.030494800676238603e-08
4.064686612171947849e-08
4.097830418816936419e-08
4.129880607007949833e-08
4.160771325434213887e-08
4.190444508087501894e-08
4.218730090756449140e-08
4.245550943736106051e-08
4.270793953774504535e-08
4.294384743152854980e-08
4.316130386955742520e-08
4.335980559645498519e-08
4.353926823596236511e-08
4.369900271131444007e-08
4.383778943780651578e-08
4.395540948989147773e-08
4.405105576757335178e-08
4.412289147041441062e-08
4.417042086989004465e-08
4.419281102710119638e-08
4.418880628489559826e-08
4.415892436068842100e-08
4.410179976317459327e-08
4.401736263874659850e-08
4.390496892413947293e-08
4.376392478884378515e-08
4.359390423732802634e-08
4.339415103029632686e-08
4.316440923879862208e-08
4.290469181383100618e-08
4.261487025232930811e-08
4.229511298320343807e-08
4.194514133373637907e-08
4.156500872419445365e-08
4.115504349122102552e-08
4.071534423072362356e-08
4.024644768575865040e-08
3.974905717885038717e-08
3.922371103630668910e-08
3.867099519166904826e-08
3.809180051425616553e-08
3.748703167646903623e-08
3.685782798869506451e-08
3.620525500933499543e-08
3.553075740061204194e-08
3.483551745270216837e-08
3.412104836234307293e-08
3.338882804140557790e-08
3.264060434002438349e-08
3.187811070839920834e-08
3.110302714334798742e-08
3.031724607697725419e-08
2.952268040298869927e-08
2.872122908630022292e-08
2.791493983897249163e-08
2.710572254007183225e-08
2.629556007854681910e-08
2.548646550726845113e-08
2.468037953428281169e-08
2.387922202280460144e-08
2.308479568085999748e-08
2.229893507897229874e-08
2.152329248118679191e-08
2.075946718574275881e-08
2.000885703950733532e-08
1.927285607449641902e-08
1.855256485592304185e-08
1.784901469961674036e-08
1.716303737619776363e-08
1.649525248751739380e-08
1.584618276667523615e-08
1.521607910175426393e-08
1.460508064186296226e-08
1.401317745799596022e-08
1.344016815766904598e-08
1.288574187651110718e-08
1.234947827950190082e-08
1.183084650383738771e-08
1.132925699298527276e-08
1.084406296245321776e-08
1.037461598180482101e-08
9.920254471579191396e-09
9.480357618345922366e-09
9.054366463858851717e-09
8.641803756380386553e-09
8.242279287277503901e-09
7.855498782482630778e-09
7.481270234071113879e-09
7.119490471933574815e-09
6.770156946876484919e-09
6.433347974074963192e-09
6.109218393150083050e-09
5.797975063483078255e-09
5.499870310095246010e-09
5.215159871220338783e-09
4.943996748144866413e-09
4.686418090314564385e-09
4.442325551557368230e-09
4.211453946309950997e-09
3.993376951551666728e-09
3.787519412932025459e-09
3.593181274225889007e-09
3.409571549384107705e-09
3.235855746902319780e-09
3.071209404004460342e-09
2.914873567327551770e-09
2.766200298639549193e-09
2.624683942165293167e-09
2.489968905389420314e-09
2.361835880467953892e-09
2.240161787971807068e-09
2.124866492157151176e-09
2.015862975843224011e-09
1.913015928974045759e-09
1.816107758197475835e-09
1.724821496024019392e-09
1.638761314541278720e-09
1.557502321556985568e-09
1.480641185574246537e-09
1.407835262723675748e-09
1.338825521221145145e-09
1.273433789495712384e-09
1.211530952039394926e-09
1.152995639556830196e-09
1.097679146578952229e-09
1.045391639000963011e-09
9.959179133026364746e-10
9.490463942112279827e-10
9.045962391042933256e-10
8.624237957859106648e-10
8.224115704693291691e-10
7.844488662123696986e-10
7.484169177111272594e-10
7.141907517691309045e-10
6.816516137329823057e-10
6.506960675199713913e-10
6.212331315660213541e-10
5.931768291977207867e-10
5.664421668711231681e-10
5.409482324541381222e-10
5.166221742848180823e-10
4.933978023952312213e-10
4.712122373349018419e-10
4.500051233636042870e-10
4.297211912316863744e-10
4.103102914323691636e-10
3.917254982154942754e-10
3.739226815742693935e-10
3.568610078984324147e-10
3.405030981966812467e-10
3.248142590237451472e-10
3.097621188342128559e-10
2.953169095214131572e-10
2.814511111478339998e-10
2.681391566162744444e-10
2.553574179654780629e-10
2.430840291048718402e-10
2.312986865068916745e-10
2.199825133872088500e-10
2.091179417105036251e-10
1.986885895232032605e-10
1.886791452665702023e-10
1.790752604383856341e-10
1.698634402433156334e-10
1.610309463126506213e-10
1.525657079137875403e-10
1.444562410534019073e-10
1.366915724273676695e-10
1.292611682796518033e-10
1.221548729183695793e-10
1.153628544702858172e-10
1.088755578006073486e-10
1.026836620843435183e-10
9.677804254167102484e-11
9.114973896688847822e-11
8.578992989304414462e-11
8.068991216824218631e-11
7.584108518520365126e-11
7.123493926943989042e-11
6.686304853213318907e-11
6.271706702768141597e-11
5.878872734761159529e-11
5.506984258002963356e-11
5.155231210032203103e-11
4.822812945456972263e-11
4.508939084637085338e-11
4.212830389052526078e-11
3.933719724377587874e-11
3.670853269113067668e-11
3.423491712565336449e-11
3.190911421367292266e-11
2.972405378666809351e-11
2.767284104951399913e-11
2.574876676139387221e-11
2.394531717818484648e-11
2.225618156011441907e-11
2.067525841969773874e-11
1.919666002272934633e-11
1.781471596844055180e-11
1.652397620174848479e-11
1.531921245832932215e-11
1.419541803790970986e-11
1.314780653248873983e-11
1.217180957891934993e-11
1.126307384304267978e-11
1.041745719497982341e-11
9.631024160853882582e-12
8.900040742114158185e-12
8.220968766254863555e-12
7.590459877886808113e-12
7.005349049355697076e-12
6.462648072472765958e-12
5.959538722785643902e-12
5.493365823826002570e-12
5.061630069400927277e-12
4.661980986063377973e-12
4.292209988054361600e-12
3.950243602947662956e-12
3.634136883684689123e-12
3.342066959339075883e-12
3.072326762173376997e-12
2.823319384614654860e-12
2.593551300889524841e-12
2.381627427613529196e-12
2.186245559527848135e-12
2.006190759250474271e-12
1.840330039648481397e-12
1.687607281741476511e-12
1.547038495648531551e-12
1.417707459801976326e-12
1.298761727616762237e-12
1.189408940785641638e-12
1.088913305434849799e-12
9.965921536675396337e-13
9.118125274695056860e-13
8.339881081563139379e-13
7.625751883275321206e-13
6.970699882068107583e-13
6.370059993688101422e-13
5.819511681151902024e-13
5.315054993423627883e-13
4.852988821827435025e-13
4.429890878419688466e-13
4.042599118941273962e-13
3.688196911831861734e-13
3.363990676038388513e-13
3.067496360002268592e-13
2.796428356470358401e-13
2.548683090779734845e-13
2.322325411348634601e-13
2.115575452248200222e-13
1.926799995856281715e-13
1.754489329661084995e-13
1.597256694267255173e-13
1.453826483145268051e-13
1.323024884886661184e-13
1.203774799555810598e-13
1.095083845862579286e-13
9.960395002963800443e-14
9.058074806433069340e-14
8.236243529772290778e-14
7.487943616240417596e-14
6.806734307872090861e-14
6.186760024263423583e-14
5.622674349427088189e-14
5.109576911276221634e-14
4.642937565526541413e-14
4.218639502568340544e-14
3.832951631885621277e-14
3.482383576744838113e-14
3.163794124777463727e-14
2.874339001691489540e-14
2.611354593668808191e-14
2.372468735489587809e-14
2.155490915328821679e-14
1.958411496568855895e-14
1.779441701583132675e-14
1.616887435242733249e-14
1.469282594536882097e-14
1.335216860070016182e-14
1.213484403498447112e-14
1.102919895833807243e-14
1.002528923325578218e-14
9.113556669503284593e-15
8.285652602506355036e-15
7.533915361166868068e-15
6.851253311878170181e-15
6.231458019718812160e-15
5.668736164342057455e-15
5.157807256144415296e-15
4.693941480289943889e-15
4.272906897901863507e-15
3.890737091144018235e-15
3.543861140910748350e-15
3.229056993714607759e-15
2.943396937725976920e-15
2.684219988193465990e-15
2.449108022320312507e-15
2.235862811424579351e-15
2.042486624354819853e-15
1.867163713367810376e-15
1.708243642982952145e-15
1.564254783995975758e-15
1.433841089019767794e-15
1.315730198509396780e-15
1.208816991905810183e-15
1.112115054480308215e-15
