# k_h
1.000000000000000048e-04
1.066872325634295773e-04
1.138216559204330736e-04
1.214331747593791559e-04
1.295536935646947145e-04
1.382172503478787341e-04
1.474601593214190415e-04
1.573211631136461051e-04
1.678415951625481862e-04
1.790655529692377354e-04
1.910400829372818393e-04
2.038153775726666130e-04
2.174449858709829003e-04
2.319860377736923207e-04
2.474994836343047335e-04
2.640503496982179684e-04
2.817080106670868771e-04
3.005464804902062761e-04
3.206447226017888181e-04
3.420869809045341023e-04
3.649631328868352116e-04
3.893690663537567771e-04
4.154070813508868717e-04
4.431863189657757568e-04
4.728232188043199682e-04
5.044420070596583247e-04
5.381752172193700985e-04
5.741642455935715757e-04
6.125599439924746172e-04
6.535232520376654071e-04
6.972258717575120909e-04
7.438509872943368899e-04
7.935940327400760634e-04
8.466635113189044208e-04
9.032818693504984092e-04
9.636864286572603515e-04
1.028130381323781074e-03
1.096883850978177784e-03
1.170235025043790764e-03
1.248491362707177237e-03
1.331980883665737341e-03
1.421053543056890935e-03
1.516082698331960811e-03
1.617466674223337446e-03
1.725630432364623620e-03
1.841027352562159443e-03
1.964141133184343305e-03
2.095487818634361298e-03
2.235617962404778340e-03
2.385118934780593950e-03
2.544617384863764008e-03
2.714781867239066029e-03
2.896325644291158560e-03
3.090009675919158216e-03
3.296645809180352021e-03
3.517100181232793096e-03
3.752296849840636682e-03
4.003221666659721734e-03
4.270926409538858964e-03
4.556533191157659778e-03
4.861239162480226160e-03
5.186321530739800012e-03
5.533142912987591353e-03
5.903157047645993076e-03
6.297914888006570129e-03
6.719071103214417987e-03
7.168391013988566034e-03
7.647757992149968771e-03
8.159181354973309153e-03
8.704804787452367215e-03
9.286915327781858701e-03
9.907952953719418795e-03
1.057052081000982649e-02
1.127739611974090152e-02
1.203154182536717194e-02
1.283611900819577392e-02
1.369450013839241392e-02
1.461028321104589946e-02
1.558730682754424536e-02
1.662966628547747974e-02
1.774173074450960050e-02
1.892816154017244387e-02
2.019393172234540748e-02
2.154434690031884619e-02
2.298506748181519677e-02
2.452213239918540205e-02
2.616198442223104451e-02
2.791149716375384768e-02
2.977800389102914710e-02
3.176932826396937359e-02
3.389381712882037073e-02
3.616037550484811625e-02
3.857850391066672963e-02
4.115833818666482513e-02
4.391069198044994515e-02
4.684710207339385507e-02
4.997987673826893851e-02
5.332214733067242030e-02
5.688792333048909439e-02
6.069215106410440902e-02
6.475077635350906524e-02
6.908081135489438362e-02
7.370040586690031204e-02
7.862892340741142738e-02
8.388702237778593307e-02
8.949674265472469525e-02
9.548159797274020921e-02
1.018666744844562988e-01
1.086787359118636664e-01
1.159463357292854352e-01
1.236999368482775974e-01
1.319720393061374342e-01
1.407973164932396770e-01
1.502127604902105951e-01
1.602578371241384081e-01
1.709746513937517309e-01
1.824081239569649016e-01
1.946061794205562190e-01
2.076199472212138242e-01
2.215039759399661523e-01
2.363164619483147655e-01
2.521194933444673714e-01
2.689793102021522664e-01
2.869665822228787966e-01
3.061567049554480557e-01
3.266301158243518077e-01
3.484726312917258984e-01
3.717758065661060929e-01
3.966373193657476426e-01
4.231613793450880734e-01
4.514591649005105789e-01
4.816492891863252135e-01
5.138582972943201987e-01
5.482211966808707704e-01
5.848820230649371954e-01
6.239944441689813104e-01
6.657224038334415006e-01
7.102408092046375021e-01
7.577362638765356984e-01
8.084078500594020777e-01
8.624679630538961694e-01
9.201432015283840249e-01
9.816753173311735248e-01
1.047322228818895473e+00
1.117359101948507849e+00
1.192079503664454032e+00
1.271796632415471695e+00
1.356844630958961018e+00
1.447579986955596087e+00
1.544383027224978555e+00
1.647659511925648523e+00
1.757842335341583295e+00
1.875393340404298614e+00
2.000805254556206503e+00
2.134603755069696795e+00
2.277349672478910403e+00
2.429641341360074147e+00
2.592117108314055063e+00
2.765458007663464279e+00
2.950390616079903161e+00
3.147690098106771917e+00
3.358183455343212831e+00
3.582752992908631917e+00
3.822340017717669625e+00
4.077948784067481292e+00
4.350650703075626069e+00
4.641588833612781961e+00
4.951982673554641501e+00
5.283133271435983325e+00
5.636428679932826924e+00
6.013349774031784278e+00
6.415476458273762894e+00
6.844494289090597761e+00
7.302201539992748458e+00
7.790516739222391962e+00
8.311486711467111377e+00
8.867295157341471779e+00
9.460271806598614219e+00
1.009290218343843293e+01
1.076783802484441210e+01
1.148790839561917032e+01
1.225613154670798899e+01
1.307572756651619628e+01
1.395013187824961776e+01
1.488300963985328096e+01
1.587827110690792765e+01
1.694008802287872228e+01
1.807291110541828161e+01
1.928148870201951226e+01
2.057088669321493413e+01
2.194650972674982725e+01
2.341412387173330245e+01
2.497988078772556264e+01
2.665034351006826085e+01
2.843251395953935656e+01
3.033386229164336356e+01
3.236235820855605283e+01
3.452650436497230402e+01
3.683537200788070010e+01
3.929863899965207708e+01
4.192663038382148954e+01
4.473036166359720767e+01
4.772158497450504200e+01
5.091283834470491598e+01
5.431749824945833183e+01
5.794983568003633678e+01
6.182507596208571954e+01
6.595946257418731307e+01
7.037032523411158991e+01
7.507615253815846756e+01
8.009666945806017679e+01
8.545292002028222100e+01
9.116735551427986195e+01
9.726392859944849079e+01
1.037681937052218046e+02
1.107074141451599587e+02
1.181106763940060489e+02
1.260090120067128225e+02
1.344355276904817345e+02
1.434255440750181663e+02
1.530167437626786580e+02
1.632493292790762496e+02
1.741661915862068213e+02
1.858130898644449758e+02
1.982388433169749931e+02
2.114955358006336610e+02
2.256387341408937175e+02
2.407277210460735830e+02
2.568257435970687652e+02
2.740002783541623899e+02
2.923233141921493257e+02
3.118716540493035723e+02
3.327272368549946577e+02
3.549774809853616944e+02
3.787156506866572272e+02
4.040412470021790909e+02
4.310604248413961841e+02
4.598864379394474327e+02
4.906401135721309856e+02
5.234503590161748434e+02
5.584547018776929690e+02
5.957998665536622411e+02
6.356423892427093278e+02
6.781492740831088213e+02
7.234986931682564091e+02
7.718807333737906902e+02
8.234981931268026756e+02
8.785674324568332167e+02
9.373192798917727941e+02
1.000000000000000000e+03
