# f_z
4.930075315312388851e-01
5.051072992269984852e-01
5.170321472356299575e-01
5.287747026117238791e-01
5.403283539879192299e-01
5.516872427150091296e-01
5.628462380632581752e-01
5.738009198600735328e-01
5.845475822065543392e-01
5.950831472729096738e-01
6.054051880973043698e-01
6.155118812012563279e-01
6.254019602861897731e-01
6.350747152422828723e-01
6.445299250554910042e-01
6.537678529485873025e-01
6.627891867106098234e-01
6.715950398216909978e-01
6.801868946327990217e-01
6.885665614211368135e-01
6.967361827173492728e-01
7.046981651970601890e-01
7.124551997903108003e-01
7.200101581443926202e-01
7.273661468406881214e-01
7.345264522289657316e-01
7.414944911894281177e-01
7.482738146071339358e-01
7.548681045401257617e-01
7.612810947319462729e-01
7.675166127077369671e-01
7.735785353034396739e-01
7.794708160962244836e-01
7.851973737060030656e-01
7.907621851990115358e-01
7.961691966944917098e-01
8.014223758455661928e-01
8.065256415747905638e-01
8.114828992614554481e-01
8.162980290767091196e-01
8.209748338231487308e-01
8.255171263286286143e-01
8.299285975972487961e-01
8.342129114233614029e-01
8.383736748357509816e-01
8.424144397025896680e-01
8.463386488246302797e-01
8.501497107510977980e-01
8.538509455269766013e-01
8.574455794975196499e-01
8.609368151021309368e-01
8.643277217916714994e-01
8.676213143155490082e-01
8.708205519836499375e-01
8.739282985891809741e-01
8.769473160934729838e-01
8.798803420658339869e-01
8.827299891223859829e-01
8.854988408553312595e-01
8.881893807925433926e-01
8.908040102619648737e-01
8.933450707033411264e-01
8.958148560117046300e-01
8.982155630027646165e-01
9.005493396933624828e-01
9.028182395326391774e-01
9.050242778241996966e-01
9.071694133061168897e-01
9.092555228571840287e-01
9.112844370778035996e-01
9.132579240497183948e-01
9.151776860803771951e-01
9.170453926024789704e-01
9.188626309151802785e-01
9.206309727109937002e-01
9.223519104019450854e-01
9.240269020585025750e-01
9.256573464371268267e-01
9.272446129444584795e-01
9.287900264683648377e-01
9.302948336490834969e-01
9.317602888907557945e-01
9.331875584135970181e-01
9.345778155354993455e-01
9.359321712335015864e-01
9.372516999134702376e-01
9.385374613453623116e-01
9.397904311853750858e-01
9.410116235927210582e-01
9.422019378736605777e-01
9.433623050041797242e-01
9.444936219891633122e-01
9.455967532292348654e-01
9.466724832678397039e-01
9.477216456329204952e-01
9.487449939756614770e-01
9.497432869638385844e-01
9.507172525447032951e-01
9.516675843116887412e-01
9.525949472793677764e-01
9.535000238894512092e-01
9.543834380743639878e-01
9.552458075013157135e-01
9.560877216845131699e-01
9.569097509967677828e-01
9.577124667891050436e-01
9.584964008331897656e-01
9.592620825541526841e-01
9.600100054170220831e-01
9.607406814712978749e-01
9.614545720358224079e-01
9.621521313585644775e-01
9.628338240595477604e-01
9.635000631147723205e-01
9.641512760313829533e-01
9.647878616957249465e-01
9.654102317912378606e-01
9.660187471769293710e-01
9.666137834983452581e-01
9.671957080465398704e-01
9.677648499315115727e-01
9.683215525213593189e-01
9.688661548958301672e-01
9.693989624163714680e-01
9.699202665676086577e-01
9.704304129650360711e-01
9.709296297007153909e-01
9.714182414580512237e-01
9.718965015162802645e-01
9.723646742192649794e-01
9.728230230488231767e-01
9.732717927730216712e-01
9.737112171660716742e-01
9.741415445756420599e-01
9.745630059729126771e-01
9.749758066677421953e-01
9.753801483969577468e-01
9.757762880886935442e-01
9.761643797361103658e-01
9.765446262576411574e-01
9.769172478047215558e-01
9.772824045983216079e-01
9.776402928084847455e-01
9.779910665697459926e-01
9.783349239858217805e-01
9.786720006473692557e-01
9.790024904834240260e-01
9.793265099939770790e-01
9.796442567294115777e-01
9.799558430542089082e-01
