# fsigma_8
3.968158751324946665e-01
4.025339653097077530e-01
4.079459652328182862e-01
4.130540777399080987e-01
4.178613342100674921e-01
4.223714898625781089e-01
4.265889925526173965e-01
4.305189055346064220e-01
4.341668468597414954e-01
4.375389154558677052e-01
4.406416407074019714e-01
4.434819342670869857e-01
4.460669970099419013e-01
4.484043116145087771e-01
4.505015562796612083e-01
4.523665780339369280e-01
4.540073332501459724e-01
4.554318653888697610e-01
4.566482396177988234e-01
4.576645410798961255e-01
4.584888127293098581e-01
4.591290496726230796e-01
4.595931616790496776e-01
4.598889448065608399e-01
4.600240713092351164e-01
4.600060868203995068e-01
4.598423525507289722e-01
4.595400706485015530e-01
4.591062595101647048e-01
4.585477429769205249e-01
4.578711498175798145e-01
4.570828949151569676e-01
4.561891967136303405e-01
4.551960615950343403e-01
4.541092790231457954e-01
4.529344234432344241e-01
4.516768605427829431e-01
4.503417532363956921e-01
4.489340415231093950e-01
4.474584801460426142e-01
4.459195965800127337e-01
4.443217507658122623e-01
4.426690883781755348e-01
4.409655715357056471e-01
4.392149891481446633e-01
4.374209451502689139e-01
4.355868670396445541e-01
4.337160231814350952e-01
4.318115225613648467e-01
4.298763067278251193e-01
4.279131886219383896e-01
4.259248145343839664e-01
4.239137029008193669e-01
4.218822416060028502e-01
4.198326899514540078e-01
4.177671790056525780e-01
4.156877347361448982e-01
4.135962588516149396e-01
4.114945563864144118e-01
4.093843235147447968e-01
4.072671606226138663e-01
4.051445732523079601e-01
4.030179869616362653e-01
4.008887356582623296e-01
3.987580734910293745e-01
3.966271780112001211e-01
3.944971622434262915e-01
3.923690548182519611e-01
3.902438355325435482e-01
3.881224107599124951e-01
3.860056326947020611e-01
3.838942976799650242e-01
3.817891470380146979e-01
3.796908677824619716e-01
3.776001114280196358e-01
3.755174729971030856e-01
3.734435089387827533e-01
3.713787363381083062e-01
3.693236308892981490e-01
3.672786433345399115e-01
3.652441671145422730e-01
3.632205870624659605e-01
3.612082401246882735e-01
3.592074468295248235e-01
3.572184974494019838e-01
3.552416487370640419e-01
3.532771516191319239e-01
3.513252069056106430e-01
3.493860194236823036e-01
3.474597552497543096e-01
3.455465735937717775e-01
3.436466145363082370e-01
3.417599964384490097e-01
3.398868206346026266e-01
3.380271779387142850e-01
3.361811406193609963e-01
3.343487795318222378e-01
3.325301353425147433e-01
3.307252493861312370e-01
3.289341469628960790e-01
3.271568464033840495e-01
3.253933568152893585e-01
3.236436749746687824e-01
3.219077905821473573e-01
3.201856825340219648e-01
3.184773313718984866e-01
3.167827013726073337e-01
3.151017553552039052e-01
3.134344474150787541e-01
3.117807322816926185e-01
3.101405507787162730e-01
3.085138437527988331e-01
3.069005484763183689e-01
3.053005948644375578e-01
3.037139120004388460e-01
3.021404249977919787e-01
3.005800537930360394e-01
2.990327191221493486e-01
2.974983347343583828e-01
2.959768164157227099e-01
2.944680713468800226e-01
2.929720115945815273e-01
2.914885431037118613e-01
2.900175718477265852e-01
2.885589982417332555e-01
2.871127342655438452e-01
2.856786719227714655e-01
2.842567172001975173e-01
2.828467669363938231e-01
2.814487203819919237e-01
2.800624783691912367e-01
2.786879357293976511e-01
2.773249869738974027e-01
2.759735359392311294e-01
2.746334762327773960e-01
2.733047033400952119e-01
2.719871108393350223e-01
2.706806026740506965e-01
2.693850678355922956e-01
2.681004056415568493e-01
2.668265145905087676e-01
2.655632888677472714e-01
2.643106285062140626e-01
2.630684291708664246e-01
2.618365892836102549e-01
2.606150068326123503e-01
2.594035825278689367e-01
2.582022130168344920e-01
2.570108023151425614e-01
2.558292479812476206e-01
