# h
6.999999999998728129e+01
7.060146914535025076e+01
7.122184927953162514e+01
7.186112165056222523e+01
7.251925340287135668e+01
7.319619827786571875e+01
7.389189732869157012e+01
7.460627964423487413e+01
7.533926307765376862e+01
7.609075497501440566e+01
7.686065289990833094e+01
7.764884535025963430e+01
7.845521246387578174e+01
7.927962670965105474e+01
8.012195356168882654e+01
8.098205215396488654e+01
8.185977591350101079e+01
8.275497317035562617e+01
8.366748774305888503e+01
8.459715949842451721e+01
8.554382488495419068e+01
8.650731743931368101e+01
8.748746826560076784e+01
8.848410648734241590e+01
8.949705967235532000e+01
9.052615423077457990e+01
9.157121578670903261e+01
9.263206952410922668e+01
9.370854050754637399e+01
9.480045397869071166e+01
9.590763562935288178e+01
9.702991185200954760e+01
9.816710996877912976e+01
9.931905843984263527e+01
1.004855870523256129e+02
1.016665270906636920e+02
1.028617114894746720e+02
1.040709749699518341e+02
1.052941541607766567e+02
1.065310877045299947e+02
1.077816163505533922e+02
1.090455830351833271e+02
1.103228329502497473e+02
1.116132136006928164e+02
1.129165748521177193e+02
1.142327689690686157e+02
1.155616506447632617e+02
1.169030770229941254e+02
1.182569077128598281e+02
1.196230047969553993e+02
1.210012328336110414e+02
1.223914588537330985e+02
1.237935523527651327e+02
1.252073852782536960e+02
1.266328320134690699e+02
1.280697693575007747e+02
1.295180765022175251e+02
1.309776350064514929e+02
1.324483287677417138e+02
1.339300439919427674e+02
1.354226691609833608e+02
1.369260949990350014e+02
1.384402144373301553e+02
1.399649225778477160e+02
1.415001166560676609e+02
1.430456960029754896e+02
1.446015620064841016e+02
1.461676180724229255e+02
1.477437695852307229e+02
1.493299238684766124e+02
1.509259901453194175e+02
1.525318794990058109e+02
1.541475048334969813e+02
1.557727808343028642e+02
1.574076239295968662e+02
1.590519522516715085e+02
1.607056855987935364e+02
1.623687453975041990e+02
1.640410546654096891e+02
1.657225379744966176e+02
1.674131214150050653e+02
1.691127325598856714e+02
1.708213004298634132e+02
1.725387554591254968e+02
1.742650294616501299e+02
1.760000555981858099e+02
1.777437683438921283e+02
1.794961034566459261e+02
1.812569979460184300e+02
1.830263900429238504e+02
1.848042191699406658e+02
1.865904259123014413e+02
1.883849519895502169e+02
1.901877402278609850e+02
1.919987345330122821e+02
1.938178798640107061e+02
1.956451222073548877e+02
1.974804085519329817e+02
1.993236868645420543e+02
2.011749060660217197e+02
2.030340160079903455e+02
2.049009674501734537e+02
2.067757120383132872e+02
2.086582022826480056e+02
2.105483915369495378e+02
2.124462339781076707e+02
2.143516845862483251e+02
2.162646991253760973e+02
2.181852341245262892e+02
2.201132468594172167e+02
2.220486953345888992e+02
2.239915382660179830e+02
2.259417350641958819e+02
2.278992458176598177e+02
2.298640312769643970e+02
2.318360528390830382e+02
2.338152725322270840e+02
2.358016530010740723e+02
2.377951574923909277e+02
2.397957498410450796e+02
2.418033944563900661e+02
2.438180563090180613e+02
2.458397009178666224e+02
2.478682943376739161e+02
2.499038031467672170e+02
2.519461944351817522e+02
2.539954357930950835e+02
2.560514952995725366e+02
2.581143415116119968e+02
2.601839434534812199e+02
2.622602706063397022e+02
2.643432928981339955e+02
2.664329806937647618e+02
2.685293047855105897e+02
2.706322363837073226e+02
2.727417471076712445e+02
2.748578089768632822e+02
2.769803944022822861e+02
2.791094761780868225e+02
2.812450274734327991e+02
2.833870218245262436e+02
2.855354331268803776e+02
2.876902356277752233e+02
2.898514039189106484e+02
2.920189129292497796e+02
2.941927379180453954e+02
2.963728544680452046e+02
2.985592384788713503e+02
3.007518661605665784e+02
3.029507140273071855e+02
