# sigma_8
8.199322606226657761e-01
8.118028952253059094e-01
8.037221901658102574e-01
7.956942441013495904e-01
7.877228808771776780e-01
7.798116375656045651e-01
7.719637944515076455e-01
7.641823585190801182e-01
7.564700700806629152e-01
7.488294518927977039e-01
7.412627732945945569e-01
7.337720814215880072e-01
7.263591912596124578e-01
7.190257358691990452e-01
7.117731193662536482e-01
7.046025696109320391e-01
6.975151366302489997e-01
6.905116854331094789e-01
6.835929458460412445e-01
6.767594647487558124e-01
6.700116634964460305e-01
6.633498221143637741e-01
6.567741030739635555e-01
6.502845344461922750e-01
6.438810494215559954e-01
6.375634765921565084e-01
6.313315569344668532e-01
6.251849219766187904e-01
6.191231483389608714e-01
6.131457180768308257e-01
6.072520662075034936e-01
6.014415475174342829e-01
5.957134809935420439e-01
5.900671094142011519e-01
5.845016514366712101e-01
5.790162781432748318e-01
5.736101222708428482e-01
5.682822830469819175e-01
5.630318439000693287e-01
5.578578487960099697e-01
5.527593260550528464e-01
5.477352858708662842e-01
5.427847331262898312e-01
5.379066413413635672e-01
5.330999923457011569e-01
5.283637479070210086e-01
5.236968789890600329e-01
5.190983330135239271e-01
5.145670710326109010e-01
5.101020607853218314e-01
5.057022578485717013e-01
5.013666205388860320e-01
4.970941235917892276e-01
4.928837395234225704e-01
4.887344543098438021e-01
4.846452519854113627e-01
4.806151299601575388e-01
4.766431096094105868e-01
4.727281910290949130e-01
4.688694136002701796e-01
4.650658163100339637e-01
4.613164524797490618e-01
4.576203775635104831e-01
4.539766784002050581e-01
4.503844474786969920e-01
4.468427812215530759e-01
4.433507958117560155e-01
4.399076203924001116e-01
4.365124053902503798e-01
4.331643032469020271e-01
4.298624831897945309e-01
4.266061336616223665e-01
4.233944499294720054e-01
4.202266413384229682e-01
4.171019404817819520e-01
4.140195890694865488e-01
4.109788330051810656e-01
4.079789417817237251e-01
4.050191952758470659e-01
4.020988856181053617e-01
3.992173219520796512e-01
3.963738216434076755e-01
3.935677171565478139e-01
3.907983537386199857e-01
3.880650885713177178e-01
3.853672928749062310e-01
3.827043418886133530e-01
3.800756364256150377e-01
3.774805782082142902e-01
3.749185889296753338e-01
3.723890934402612762e-01
3.698915314594453108e-01
3.674253507877741076e-01
3.649900184662509539e-01
3.625850046065264287e-01
3.602097905832583047e-01
3.578638726934590952e-01
3.555467467754799271e-01
3.532579349815953007e-01
3.509969482832964172e-01
3.487633284110157050e-01
3.465566121864567806e-01
3.443763489877876283e-01
3.422221030280065412e-01
3.400934396392801817e-01
3.379899286193134289e-01
3.359111683487028821e-01
3.338567360992997224e-01
3.318262437390777642e-01
3.298192998172300161e-01
3.278355158954717186e-01
3.258745182855797839e-01
3.239359419471394275e-01
3.220194258170858137e-01
3.201246118718860112e-01
3.182511520006257033e-01
3.163987116600160965e-01
3.145669558474072369e-01
3.127555513970435297e-01
3.109641882560640336e-01
3.091925415836107582e-01
3.074403077347725444e-01
3.057071878013548627e-01
3.039928793979428945e-01
3.022970910344678352e-01
3.006195439290093030e-01
2.989599513477249615e-01
2.973180412664959138e-01
2.956935459040821446e-01
2.940862008819263851e-01
2.924957470633849366e-01
2.909219302414212116e-01
2.893644956496227993e-01
2.878232076477449386e-01
2.862978186249854340e-01
2.847880950631149211e-01
2.832938095943146051e-01
2.818147300737689487e-01
2.803506371047179702e-01
2.789013112272669126e-01
2.774665352651026762e-01
2.760461045882042219e-01
2.746398021398872569e-01
2.732474352005472840e-01
2.718688005775292127e-01
2.705037022891809140e-01
2.691519456917833009e-01
2.678133464153823473e-01
2.664877173184356796e-01
2.651748769473344369e-01
