# bin_1_3
-1.053289632766443800e-11
-1.059506960979132538e-11
-1.065960449656466369e-11
-1.072658700866503571e-11
-1.079610600069183666e-11
-1.086825323328868508e-11
-1.094312344192414510e-11
-1.102081439990702890e-11
-1.110142697773390438e-11
-1.118506521806412872e-11
-1.127183640435957838e-11
-1.136185110874208973e-11
-1.145522324392119386e-11
-1.155207013898409747e-11
-1.165251258676461854e-11
-1.175667487259740768e-11
-1.186468483296421676e-11
-1.197667390550852965e-11
-1.209277713849577163e-11
-1.221313322065373369e-11
-1.233788453213639624e-11
-1.246717711131260661e-11
-1.260116068408482529e-11
-1.273998867127888456e-11
-1.288381812433364751e-11
-1.303280975409499876e-11
-1.318712785267452185e-11
-1.334694024648727960e-11
-1.351241824777787349e-11
-1.368373652283248228e-11
-1.386107304821295724e-11
-1.404460890940627670e-11
-1.423452823590252938e-11
-1.443101796631975172e-11
-1.463426770045082988e-11
-1.484446942366307391e-11
-1.506181732213265495e-11
-1.528650744376512432e-11
-1.551873746150829074e-11
-1.575870624888894807e-11
-1.600661362904195088e-11
-1.626265985727904359e-11
-1.652704526838857926e-11
-1.679996974387548993e-11
-1.708163217078069087e-11
-1.737222990371168393e-11
-1.767195804989492852e-11
-1.798100888760483717e-11
-1.829957189126389274e-11
-1.862783342369646368e-11
-1.896597173881124445e-11
-1.931415945668005320e-11
-1.967256250249713000e-11
-2.004133821134281076e-11
-2.042063476371400056e-11
-2.081058996786154690e-11
-2.121132970956673039e-11
-2.162296787192949616e-11
-2.204560244371126921e-11
-2.247931483953303408e-11
-2.292417076393504213e-11
-2.338021710426862703e-11
-2.384747993802851999e-11
-2.432596283536902229e-11
-2.481564491059604579e-11
-2.531647888960032926e-11
-2.582838931365216079e-11
-2.635127183449042543e-11
-2.688498817980802274e-11
-2.742936483904037320e-11
-2.798419203972353590e-11
-2.854922136067176947e-11
-2.912416036639455613e-11
-2.970867421939106890e-11
-3.030238260403179489e-11
-3.090485573459969799e-11
-3.151561590568295438e-11
-3.213413138888506760e-11
-3.275981630011136478e-11
-3.339202766065369178e-11
-3.403006134173718550e-11
-3.467315285310839365e-11
-3.532047513406960504e-11
-3.597113718466998140e-11
-3.662418110931527365e-11
-3.727857780718649267e-11
-3.793322178809268058e-11
-3.858693674949873189e-11
-3.923848368219752745e-11
-3.988656834470063066e-11
-4.052983768742689466e-11
-4.116687695304711389e-11
-4.179621638232192301e-11
-4.241634146692149830e-11
-4.302570143276957334e-11
-4.362270951346565112e-11
-4.420575224073768752e-11
-4.477322307730004465e-11
-4.532354095840099685e-11
-4.585514490743866969e-11
-4.636651868033706449e-11
-4.685622653750412639e-11
-4.732294339726662432e-11
-4.776548038538018567e-11
-4.818279670198313073e-11
-4.857403144037633438e-11
-4.893854416512494820e-11
-4.927593860778341874e-11
-4.958609986727423491e-11
-4.986920107715653398e-11
-5.012574213964489271e-11
-5.035660124499284516e-11
-5.056301005940526518e-11
-5.074658342569395970e-11
-5.090928906669039492e-11
-5.105340953661173241e-11
-5.118154392822047573e-11
-5.129651234742851322e-11
-5.140132134739519543e-11
-5.149910500766140843e-11
-5.159305494641840549e-11
-5.168634132048398647e-11
-5.178202569110630670e-11
-5.188298018453620826e-11
-5.199176669263830744e-11
-5.211013901412154115e-11
-5.223948264686017970e-11
-5.238037419584603517e-11
-5.253246569046868554e-11
-5.269463785057534419e-11
-5.286497922158589597e-11
-5.304103411160110890e-11
-5.321960825722780388e-11
-5.339696027408036424e-11
-5.356917111726911292e-11
-5.373219508282981983e-11
-5.388194710343099834e-11
-5.401437633470537617e-11
-5.412578142726931350e-11
-5.421285189530217741e-11
-5.427261337416100383e-11
-5.430256736245639632e-11
-5.430071201218288399e-11
-5.426565313801372975e-11
-5.419666179496573643e-11
-5.409361751011666613e-11
-5.395690040672206494e-11
-5.378721905958090159e-11
-5.358533607722516362e-11
-5.335166595690773590e-11
-5.308577732976161237e-11
-5.278585279339865573e-11
-5.244859415664644948e-11
-5.206972595285330075e-11
-5.164456977239541606e-11
-5.116808422130021280e-11
-5.063487473966311346e-11
-5.003951868750376883e-11
-4.937706096002150615e-11
-4.864361511129994217e-11
-4.783712755145313414e-11
-4.695837094876091264e-11
-4.601087906243914184e-11
-4.499967579141928065e-11
-4.393077170213749286e-11
-4.281078011585206980e-11
-4.164639380381001853e-11
-4.044426753911373555e-11
-3.921124555084735890e-11
-3.795462593038286761e-11
-3.668229982586498698e-11
-3.540319177006120843e-11
-3.412661648955620928e-11
-3.286243860426730429e-11
-3.162158931216430439e-11
-3.041417084331392852e-11
-2.924845897365769485e-11
-2.813077796551573921e-11
-2.706548139152332683e-11
-2.605515853878234864e-11
-2.510094939935707836e-11
-2.420390289940322670e-11
-2.336451820314179803e-11
-2.258243978527278988e-11
-2.185497564899150099e-11
-2.117657125634278016e-11
-2.053664102129672836e-11
-1.991527951404795952e-11
-1.929630732528825373e-11
-1.866614893553327043e-11
-1.800983893115394034e-11
-1.731897338341276044e-11
-1.659161157473861569e-11
-1.583050703299014109e-11
-1.504188969248396803e-11
-1.423674722250996937e-11
-1.342986104148191830e-11
-1.263890748155977134e-11
-1.188208249105488867e-11
-1.117586410781857653e-11
-1.053247119163540883e-11
-9.957469104787404594e-12
-9.448739568799913502e-12
-8.997024853920118318e-12
-8.588164839094836933e-12
-8.205370935345550276e-12
-7.831662094068430174e-12
-7.453543755415544512e-12
-7.065151066758186700e-12
-6.669124969591340831e-12
-6.273990671596443790e-12
-5.891299992635996475e-12
-5.532850339992033854e-12
-5.206621638353909713e-12
-4.913528200418130245e-12
-4.648116891974057981e-12
-4.401488141368197644e-12
-4.164881455888695095e-12
-3.933187574423792305e-12
-3.705943528516080105e-12
-3.486200266109001916e-12
-3.278034102648164066e-12
-3.084235202133979617e-12
-2.905258917911001028e-12
-2.739239612885409748e-12
-2.583571926886086874e-12
-2.436209398180315575e-12
-2.295984518004266447e-12
-2.162495476563092202e-12
-2.036102649953611740e-12
-1.917491515192967472e-12
-1.806916018103389586e-12
-1.703786353146248574e-12
-1.606842076020968102e-12
-1.515160394819622689e-12
-1.428606864988484131e-12
-1.347439349227299399e-12
-1.271484620741776387e-12
-1.200178817427310499e-12
-1.133140924495954066e-12
-1.070210548239886334e-12
-1.011180047575120203e-12
-9.557489964709291050e-13
-9.036794752235599417e-13
-8.548256783813909851e-13
-8.089825673352118895e-13
-7.659200319587539859e-13
-7.254732436915948005e-13
-6.874922965984430320e-13
-6.518103046515030532e-13
-6.182730971266753765e-13
-5.867435345990268062e-13
-5.570903396966710079e-13
-5.291890041867234949e-13
-5.029230681081045086e-13
-4.781836058563080220e-13
-4.548681854230546195e-13
-4.328798744286853218e-13
-4.121278379806688737e-13
-3.925266956371365889e-13
-3.739962597139698537e-13
-3.564619081612272783e-13
-3.398541064315911440e-13
-3.241079473480843484e-13
-3.091628977808891637e-13
-2.949625775846261008e-13
-2.814547455876320556e-13
-2.685910689827547915e-13
-2.563268018978869536e-13
-2.446206747000398010e-13
-2.334348440260071231e-13
-2.227347464353017449e-13
-2.124888462911820448e-13
-2.026683999062466396e-13
-1.932473646391371294e-13
-1.842023897788703723e-13
-1.755125822242648033e-13
-1.671591913497416384e-13
-1.591254424541044098e-13
-1.513964257548874022e-13
-1.439590521643313321e-13
-1.368018297188446913e-13
-1.299145297744120632e-13
-1.232880624446388424e-13
-1.169143824852636937e-13
-1.107864351042233485e-13
-1.048979944043511118e-13
-9.924335758709950194e-14
-9.381725359523026957e-14
-8.861476901506526822e-14
-8.363122918678420585e-14
-7.886207914263197357e-14
-7.430274069339397620e-14
-6.994858487925137442e-14
-6.579492712664661316e-14
-6.183697527566630753e-14
-5.806978292608709703e-14
-5.448822460325207049e-14
-5.108701398037860699e-14
-4.786073428579384671e-14
-4.480383904735080047e-14
-4.191064654841979819e-14
-3.917536401863873067e-14
-3.659212500517064340e-14
-3.415502292699380378e-14
-3.185813608666240734e-14
-2.969554525598274752e-14
-2.766136369935021174e-14
-2.574976721874072086e-14
-2.395501437764342115e-14
-2.227146412882809275e-14
-2.069358851595229370e-14
-1.921599039694458237e-14
-1.783342226875445388e-14
-1.654079585593099555e-14
-1.533319129837311869e-14
-1.420586401516311999e-14
-1.315424848251080364e-14
-1.217396132605487671e-14
-1.126080121635703409e-14
-1.041074979983247024e-14
-9.619973932571718979e-15
-8.884824491807321216e-15
-8.201831013029846723e-15
-7.567695603932897095e-15
-6.979286980396675953e-15
-6.433635736614867035e-15
-5.927931546215386741e-15
-5.459520085320888105e-15
-5.025898294810194734e-15
-4.624708329524255016e-15
-4.253729995119931114e-15
-3.910872943593419834e-15
-3.594171102351002303e-15
-3.301777876548195703e-15
-3.031961340367354599e-15
-2.783100035866683804e-15
-2.553678446305654331e-15
-2.342280899132672388e-15
-2.147584966420873361e-15
-1.968355436780798997e-15
-1.803438917247466861e-15
-1.651759061788939924e-15
-1.512312704852013659e-15
-1.384166506792643617e-15
-1.266453296831615014e-15
-1.158368037072479283e-15
-1.059163675028308241e-15
-9.681472104030202341e-16
-8.846758366414698287e-16
-8.081534227832009688e-16
-7.380274953595643204e-16
-6.737865979101038078e-16
-6.149576549836721234e-16
-5.611034885378098757e-16
-5.118203258840668938e-16
-4.667354651206637650e-16
-4.255050509167454044e-16
-3.878120141518151442e-16
-3.533640820534857867e-16
-3.218919904245587536e-16
-2.931477302255296680e-16
-2.669027549890710275e-16
-2.429464767460376373e-16
-2.210851798507489607e-16
-2.011408732017979916e-16
-1.829501926532676469e-16
-1.663638655826244379e-16
-1.512460877070643340e-16
-1.374729107433075278e-16
-1.249307901252023048e-16
-1.135157003849851042e-16
-1.031318056687293647e-16
-9.369011947593909462e-17
-8.510805520393948567e-17
-7.730935953128356102e-17
-7.022372848307311512e-17
-6.378659504622694719e-17
-5.793906696007365036e-17
-5.262755599848046458e-17
-4.780328105547410759e-17
-4.342187263071475156e-17
-3.944285154253738572e-17
-3.582939849142560558e-17
-3.254801783086695557e-17
-2.956838583994279826e-17
-2.686271567174397283e-17
-2.440598244793429688e-17
-2.217534486643829964e-17
-2.015017309872914564e-17
-1.831160178185264796e-17
-1.664264588243089802e-17
-1.512773737610116053e-17
-1.375267381283757911e-17
-1.250451159330441690e-17
-1.137143222524424544e-17
-1.034267891232819215e-17
-9.408502008814766650e-18
-8.560085568080436925e-18
-7.789449735762469972e-18
