# bin_4_4
-3.420147365993274416e-11
-3.436976605597420758e-11
-3.454403902495249420e-11
-3.472448455629993324e-11
-3.491129959779867797e-11
-3.510468359244228609e-11
-3.530483242393878272e-11
-3.551193786345745411e-11
-3.572619307678184016e-11
-3.594779721689574316e-11
-3.617696353812730036e-11
-3.641391789916869964e-11
-3.665888559121454278e-11
-3.691208208218014658e-11
-3.717371191815189675e-11
-3.744397748745015219e-11
-3.772309826593262636e-11
-3.801130323139008499e-11
-3.830881838964033611e-11
-3.861585785633678811e-11
-3.893262952512522740e-11
-3.925934662161968967e-11
-3.959621325740317038e-11
-3.994343194465136482e-11
-4.030120737473390855e-11
-4.066974866194682952e-11
-4.104922622805375514e-11
-4.143979871244994512e-11
-4.184165616297168062e-11
-4.225497728417817736e-11
-4.267988224385540815e-11
-4.311648655031609105e-11
-4.356493260451533999e-11
-4.402532183446956234e-11
-4.449772385467486712e-11
-4.498220962378964192e-11
-4.547880667996549197e-11
-4.598752830540115888e-11
-4.650838847655112261e-11
-4.704132039064019890e-11
-4.758624785144916660e-11
-4.814310422667515618e-11
-4.871171415616363437e-11
-4.929190423701311984e-11
-4.988347664791665061e-11
-5.048614489860051945e-11
-5.109961256729522949e-11
-5.172352339579400798e-11
-5.235745648204225397e-11
-5.300096153911115482e-11
-5.365350465590781016e-11
-5.431451089797894642e-11
-5.498332998025111148e-11
-5.565925709281049428e-11
-5.634150740573065601e-11
-5.702923924558621052e-11
-5.772152730382202839e-11
-5.841738532993354981e-11
-5.911573860867217517e-11
-5.981545384860409813e-11
-6.051530788927622107e-11
-6.121401836673234107e-11
-6.191022073250674800e-11
-6.260249138621325730e-11
-6.328933678761474139e-11
-6.396920922830832640e-11
-6.464051102495072719e-11
-6.530160076415546264e-11
-6.595080607786668804e-11
-6.658643779980484182e-11
-6.720679814503153450e-11
-6.781020859764155995e-11
-6.839501960586101255e-11
-6.895964686611075920e-11
-6.950259080178386857e-11
-7.002247610863615222e-11
-7.051808238851225513e-11
-7.098837925856609345e-11
-7.143256947989190427e-11
-7.185011792489833960e-11
-7.224080480525325610e-11
-7.260476006197592064e-11
-7.294250741318024627e-11
-7.325499731585832384e-11
-7.354365664776698853e-11
-7.381039555725830839e-11
-7.405767565288390851e-11
-7.428846161391363027e-11
-7.450635742489137088e-11
-7.471550942144094863e-11
-7.492061839090820563e-11
-7.512680406142566329e-11
-7.533961796817711549e-11
-7.556481331628456748e-11
-7.580836304028233836e-11
-7.607627736260786945e-11
-7.637447723164714498e-11
-7.670873839041355310e-11
-7.708446835069542268e-11
-7.750658711305572439e-11
-7.797937696628527576e-11
-7.850672488129101160e-11
-7.909092830583628060e-11
-7.973237360564908047e-11
-8.043092627788525721e-11
-8.118518521118489611e-11
-8.199108430625789447e-11
-8.284544976703790641e-11
-8.374249192131216029e-11
-8.467611561708900091e-11
-8.564111041215242927e-11
-8.663079533353681584e-11
-8.763936809840246959e-11
-8.866247666636450236e-11
-8.969656176541823812e-11
-9.073943988060188245e-11
-9.179045335007838065e-11
-9.285043363942475870e-11
-9.392134182381424829e-11
-9.500599232410809502e-11
-9.610757592052128267e-11
-9.722924086617283126e-11
-9.837420832193942261e-11
-9.954487306934269436e-11
-1.007431460368341841e-10
-1.019700604543065208e-10
-1.032260621978916557e-10
-1.045107919907728531e-10
-1.058226321870697617e-10
-1.071590863316612304e-10
-1.085156273200692594e-10
-1.098876323816534682e-10
-1.112686202440021496e-10
-1.126512580051056132e-10
-1.140278366973220814e-10
-1.153898314235799349e-10
-1.167290360141399608e-10
-1.180365058785361522e-10
-1.193028971843891854e-10
-1.205185980478279896e-10
-1.216737785710737090e-10
-1.227588671208714017e-10
-1.237651387470024359e-10
-1.246848436302734862e-10
-1.255114532067179087e-10
-1.262391411658265875e-10
-1.268626963185012363e-10
-1.273775505212031934e-10
-1.277800796425181993e-10
-1.280675120275229245e-10
-1.282376162099715088e-10
-1.282881017042515306e-10
-1.282157394157517035e-10
-1.280163566232647242e-10
-1.276840877454030356e-10
-1.272107635092415436e-10
-1.265866844448739388e-10
-1.258016744170392017e-10
-1.248462977048099316e-10
-1.237133026853162277e-10
-1.223985826315083835e-10
-1.209010184204162494e-10
-1.192219925974720291e-10
-1.173649967267321523e-10
-1.153370710812305013e-10
-1.131443049941400135e-10
-1.107856292544778533e-10
-1.082666651432807735e-10
-1.055972986338990898e-10
-1.027877649998194649e-10
-9.985448888087126691e-11
-9.681823607261805446e-11
-9.370302966627028665e-11
-9.053592444308459838e-11
-8.734567264325694851e-11
-8.416124513681162608e-11
-8.101286191502599521e-11
-7.792928482392658379e-11
-7.493698442623484027e-11
-7.206106172430768143e-11
-6.931986389230361600e-11
-6.672322700563869486e-11
-6.427539973835535725e-11
-6.197273734953474849e-11
-5.981101955250425081e-11
-5.778551224095579530e-11
-5.588863049021687816e-11
-5.410906817562549429e-11
-5.243690548557784994e-11
-5.085310303736327529e-11
-4.932180473178842373e-11
-4.780614744178581698e-11
-4.625093998466810559e-11
-4.462587041051414352e-11
-4.290395481684725570e-11
-4.107249092849378729e-11
-3.913371470215520652e-11
-3.710407105358858338e-11
-3.501466283062391352e-11
-3.290905597922966652e-11
-3.083920484529783211e-11
-2.885958097522959660e-11
-2.702059390835215362e-11
-2.536116551876366252e-11
-2.390350302889165033e-11
-2.264854149030840823e-11
-2.157296368344063690e-11
-2.063212966962225637e-11
-1.976845583604295445e-11
-1.892339469869123477e-11
-1.804807266646412110e-11
-1.711405854274724631e-11
-1.612042294034843255e-11
-1.509527590162560855e-11
-1.408621180124753765e-11
-1.314340571330698454e-11
-1.230266216934953252e-11
-1.157521941898631384e-11
-1.094542159781397342e-11
-1.037807180014848443e-11
-9.834292934696670538e-12
-9.287038552055536500e-12
-8.730826304812270790e-12
-8.180945647835034991e-12
-7.660443474098365870e-12
-7.186243091216951883e-12
-6.760496980420249993e-12
-6.371658931557849243e-12
-6.004767605102452600e-12
-5.650355655259941027e-12
-5.309246095771198244e-12
-4.987507267265046272e-12
-4.689597782195734680e-12
-4.413916972740310697e-12
-4.155934188245737287e-12
-3.912133984268374672e-12
-3.682273291464168270e-12
-3.467093341915477418e-12
-3.266208365282335422e-12
-3.078175472717656350e-12
-2.901710279894228078e-12
-2.736323525429417620e-12
-2.581495828112533091e-12
-2.436484427996189001e-12
-2.300647350271703771e-12
-2.173385151785455942e-12
-2.054175598817989118e-12
-1.942456020402748575e-12
-1.837720760540888963e-12
-1.739557705073207543e-12
-1.647503405224352934e-12
-1.561142634544845419e-12
-1.480111704401946050e-12
-1.404039183183687027e-12
-1.332582368666830904e-12
-1.265426562024806575e-12
-1.202278591089768165e-12
-1.142866661303453000e-12
-1.086935746177176702e-12
-1.034245247929018682e-12
-9.845689941858045677e-13
-9.376961528911920621e-13
-8.934303076063766148e-13
-8.515884541798418056e-13
-8.119997647790813428e-13
-7.745050144252825125e-13
-7.389568094260072055e-13
-7.052186720745116206e-13
-6.731640022243188767e-13
-6.426749620392535972e-13
-6.136417901669449212e-13
-5.859632724149864016e-13
-5.595464785800563295e-13
-5.343061585468833330e-13
-5.101640387579934083e-13
-4.870481333415688519e-13
-4.648926994535691471e-13
-4.436381249422953109e-13
-4.232306166411534737e-13
-4.036218125702220874e-13
-3.847682700176096537e-13
-3.666309266037262027e-13
-3.491747747201797989e-13
-3.323686887223025628e-13
-3.161851855320977786e-13
-3.006001356896639649e-13
-2.855921295959818511e-13
-2.711419797113272098e-13
-2.572327085726795924e-13
-2.438494568663558873e-13
-2.309793532874510440e-13
-2.186109319710622831e-13
-2.067334256820217259e-13
-1.953366161851681031e-13
-1.844107485659483877e-13
-1.739465213313182935e-13
-1.639348630015501088e-13
-1.543665084700090578e-13
-1.452318991263749069e-13
-1.365211703233883777e-13
-1.282242167820615616e-13
-1.203306987312193728e-13
-1.128298912059539730e-13
-1.057106476835238560e-13
-9.896141707546697095e-14
-9.257031208485362534e-14
-8.652519233140828485e-14
-8.081371198328302679e-14
-7.542336722406894931e-14
-7.034154463461510243e-14
-6.555558255707293526e-14
-6.105283864378794218e-14
-5.682075510588404176e-14
-5.284690833291069143e-14
-4.911904595909394398e-14
-4.562512719313917299e-14
-4.235336356852994444e-14
-3.929226251838197563e-14
-3.643065857645750382e-14
-3.375772776985538917e-14
-3.126300133705373383e-14
-2.893637890721418312e-14
-2.676814694708048877e-14
-2.474899229342506232e-14
-2.287000361182909294e-14
-2.112266625483707776e-14
-1.949885300469965498e-14
-1.799082126938886601e-14
-1.659121431788848843e-14
-1.529305663012391178e-14
-1.408974504016036589e-14
-1.297503523514920868e-14
-1.194302587802806890e-14
-1.098814360445634038e-14
-1.010513021790213027e-14
-9.289032734224640148e-15
-8.535194755232517233e-15
-7.839245545063262449e-15
-7.197085550059968790e-15
-6.604871346872185573e-15
-6.059000295922523911e-15
-5.556096132560496958e-15
-5.092997961271846614e-15
-4.666753245153853672e-15
-4.274608818352424231e-15
-3.914000651639847742e-15
-3.582543448894563102e-15
-3.278018984653494969e-15
-2.998363293905207665e-15
-2.741656267295977638e-15
-2.506112983969907271e-15
-2.290075402006205781e-15
-2.092005246513786918e-15
-1.910477799307266368e-15
-1.744174636161481182e-15
-1.591875928848709660e-15
-1.452453651320958332e-15
-1.324865328370337638e-15
-1.208146360179931662e-15
-1.101407451364025455e-15
-1.003826855281782060e-15
-9.146489903265787184e-16
-8.331783927673304214e-16
-7.587740178659884356e-16
-6.908464573256893710e-16
-6.288528133241693719e-16
-5.722909285480126652e-16
-5.206975519017012727e-16
-4.736460648119826292e-16
-4.307451182380795520e-16
-3.916375969844741016e-16
-3.559993609577668061e-16
-3.235369006135234972e-16
-2.939840244114806868e-16
-2.670965644482844571e-16
-2.426485861371952243e-16
-2.204297812934988300e-16
-2.002440636442610436e-16
-1.819088951975502540e-16
-1.652560025291814954e-16
-1.501314070500331026e-16
-1.363948086339726179e-16
-1.239187337422809282e-16
-1.125873808733569058e-16
-1.022955704877024592e-16
-9.294776119492344043e-17
-8.445718180130001453e-17
-7.674508090923718491e-17
-6.974001302812478489e-17
-6.337721915764343075e-17
-5.759801771860763142e-17
-5.234916805579381659e-17
-4.758225992010968429e-17
-4.325317118677010763e-17
-3.932158690924077995e-17
-3.575067444080763064e-17
-3.250701221335706606e-17
-2.956035454877474605e-17
-2.688343001381012004e-17
-2.445157679047864585e-17
