# bin_3_3
-2.035823738843274672e-11
-2.048162552407901242e-11
-2.060975275752876678e-11
-2.074279604345383255e-11
-2.088093853853884762e-11
-2.102436979011326054e-11
-2.117328592451472187e-11
-2.132788983254530710e-11
-2.148839135378045638e-11
-2.165500748232518555e-11
-2.182796256982560529e-11
-2.200748850771892424e-11
-2.219382491783777271e-11
-2.238721937434593727e-11
-2.258792759738324532e-11
-2.279621362940774734e-11
-2.301235004924257177e-11
-2.323661818061819028e-11
-2.346930825926557688e-11
-2.371071962560515931e-11
-2.396116094759321481e-11
-2.422095034979923331e-11
-2.449041561714285457e-11
-2.476989437804558540e-11
-2.505973421020055573e-11
-2.536029285595156411e-11
-2.567193832019744470e-11
-2.599504900729440723e-11
-2.633001386173007480e-11
-2.667723241826305941e-11
-2.703711495618944812e-11
-2.741008247625553949e-11
-2.779656683004439128e-11
-2.819701066130210960e-11
-2.861186744761405153e-11
-2.904160139708792455e-11
-2.948668744829480471e-11
-2.994761109870535701e-11
-3.042486834815878405e-11
-3.091896543527353924e-11
-3.143041876963753852e-11
-3.195975454633793654e-11
-3.250750854387613379e-11
-3.307422570851826239e-11
-3.366045972016830514e-11
-3.426677258079645893e-11
-3.489373401501634490e-11
-3.554192101894606610e-11
-3.621191806711356306e-11
-3.690431693085912693e-11
-3.761971115975012461e-11
-3.835869900896978737e-11
-3.912188233524561076e-11
-3.990986457217927974e-11
-4.072325018697034620e-11
-4.156264335319922342e-11
-4.242864618326827806e-11
-4.332185854534097035e-11
-4.424287360606082842e-11
-4.519227704861470076e-11
-4.617064804601325264e-11
-4.717855575747293104e-11
-4.821655689623366786e-11
-4.928519357896551717e-11
-5.038499085188535328e-11
-5.151645420462780600e-11
-5.268006721395216456e-11
-5.387629029128854719e-11
-5.510555420587126013e-11
-5.636825779224386739e-11
-5.766476622080576648e-11
-5.899540794586810053e-11
-6.036046761050404087e-11
-6.176018747401277383e-11
-6.319476275434112947e-11
-6.466433574078909495e-11
-6.616899696758859373e-11
-6.770877627041320926e-11
-6.928364073131766890e-11
-7.089348858514884237e-11
-7.253814256331500151e-11
-7.421735047074141538e-11
-7.593078148458827311e-11
-7.767802288933102718e-11
-7.945857407538529278e-11
-8.127183736679586039e-11
-8.311710714409794860e-11
-8.499357257030456133e-11
-8.690032520548963463e-11
-8.883636689363770808e-11
-9.080060209262944052e-11
-9.279182942064875423e-11
-9.480874640505145653e-11
-9.684995922357726731e-11
-9.891398820811119661e-11
-1.009992562461352787e-10
-1.031040905430887726e-10
-1.052267746596785873e-10
-1.073655706207096642e-10
-1.095186810081180101e-10
-1.116842763076289049e-10
-1.138605502087500547e-10
-1.160457522795296932e-10
-1.182382120324796850e-10
-1.204363302732641698e-10
-1.226386091148674124e-10
-1.248436982805738551e-10
-1.270504073807357772e-10
-1.292578114798402722e-10
-1.314651188256060730e-10
-1.336717520731698045e-10
-1.358776352063918882e-10
-1.380828376830250353e-10
-1.402877859710875715e-10
-1.424931362412713865e-10
-1.446996942555034440e-10
-1.469086402311690670e-10
-1.491211141293757859e-10
-1.513383126343771411e-10
-1.535614228079262431e-10
-1.557914780127638356e-10
-1.580293225529352706e-10
-1.602754460765520592e-10
-1.625300259164080826e-10
-1.647922773987374736e-10
-1.670597353206123086e-10
-1.693303266369508813e-10
-1.716003560761248431e-10
-1.738646291522527097e-10
-1.761167515760695426e-10
-1.783489861251586365e-10
-1.805532262734736401e-10
-1.827196749335444032e-10
-1.848373065977852443e-10
-1.868948181183410236e-10
-1.888804100829320835e-10
-1.907818177062282161e-10
-1.925862999658864130e-10
-1.942815478597352052e-10
-1.958553932355225212e-10
-1.972957785339597797e-10
-1.985910589913175052e-10
-1.997299044691933492e-10
-2.007016039263306331e-10
-2.014962587230088987e-10
-2.021047894629798105e-10
-2.025189369937629702e-10
-2.027310475280277173e-10
-2.027337126169939458e-10
-2.025191992109538799e-10
-2.020789160434959059e-10
-2.014027738476058104e-10
-2.004792920317555352e-10
-1.992965425469009634e-10
-1.978433843456050044e-10
-1.961096118599632507e-10
-1.940860220197943963e-10
-1.917648328473704786e-10
-1.891404052084798876e-10
-1.862101561295193284e-10
-1.829760979341694068e-10
-1.794468098088101698e-10
-1.756378972847120204e-10
-1.715697394405700102e-10
-1.672668845237586071e-10
-1.627577903814428035e-10
-1.580738445658220663e-10
-1.532489967807268759e-10
-1.483198107399847042e-10
-1.433252351311733775e-10
-1.383054458125472310e-10
-1.333033736337113098e-10
-1.283594172241906348e-10
-1.235123279311031137e-10
-1.188047414242910082e-10
-1.142719681585282422e-10
-1.099406754092250472e-10
-1.058292712221066125e-10
-1.019480784169580392e-10
-9.830181269032556889e-11
-9.488753620985844277e-11
-9.170139800678749177e-11
-8.873142461423460402e-11
-8.595983480965681789e-11
-8.335719783172434248e-11
-8.088455076055528459e-11
-7.848229729686074757e-11
-7.605973279246454726e-11
-7.355631103431023587e-11
-7.092818229964158049e-11
-6.813725030256521881e-11
-6.517513277855700626e-11
-6.205728262917144699e-11
-5.881933185773723804e-11
-5.551512698948512303e-11
-5.221519555688256492e-11
-4.899988293580933926e-11
-4.594975054013962591e-11
-4.313412491817779518e-11
-4.060085914292076279e-11
-3.836823694678605835e-11
-3.642100794821741018e-11
-3.471209325301681214e-11
-3.317216835663038885e-11
-3.172520527720973099e-11
-3.030076547075972815e-11
-2.884355394064770099e-11
-2.732523678714059624e-11
-2.575582206228508328e-11
-2.417874295347736765e-11
-2.265116630786780775e-11
-2.122585558382520617e-11
-1.993821730866305235e-11
-1.879535060663225037e-11
-1.777353042569796145e-11
-1.683117469194841895e-11
-1.592677827396190361e-11
-1.503479048959827961e-11
-1.415446929642886982e-11
-1.330316223509063665e-11
-1.250241264589669843e-11
-1.176393329896972779e-11
-1.108481130119312790e-11
-1.045259432060135972e-11
-9.853955920542096103e-12
-9.283504300845374782e-12
-8.743587575851987266e-12
-8.237538960293205984e-12
-7.764307724151902746e-12
-7.320011157722476091e-12
-6.901563880160684263e-12
-6.508404802697591437e-12
-6.140497136298171901e-12
-5.795818855014933096e-12
-5.471689710197466750e-12
-5.166756962499928866e-12
-4.881044803107396781e-12
-4.613669113222571711e-12
-4.362750379787529513e-12
-4.127051854080830653e-12
-3.905954888663173387e-12
-3.698710040512328975e-12
-3.504234957914218060e-12
-3.321599382134400821e-12
-3.150205076048925347e-12
-2.989299677346935570e-12
-2.838110572010254872e-12
-2.696049000758519206e-12
-2.562518485370795710e-12
-2.436912156968457047e-12
-2.318690417815597037e-12
-2.207356777258941954e-12
-2.102440068319575190e-12
-2.003499675807354036e-12
-1.910122672527496436e-12
-1.821918980896396841e-12
-1.738523608816199017e-12
-1.659595891992613560e-12
-1.584817931443796668e-12
-1.513892642725564918e-12
-1.446542574198299909e-12
-1.382510745252115118e-12
-1.321559583742506258e-12
-1.263469362178060440e-12
-1.208036618647900585e-12
-1.155072985083236494e-12
-1.104405479448889092e-12
-1.055875872462781982e-12
-1.009339683794088926e-12
-9.646655781106228297e-13
-9.217347222623480729e-13
-8.804400900267464530e-13
-8.406855387052312070e-13
-8.023850545026523959e-13
-7.654625379955763071e-13
-7.298515769011212233e-13
-6.954941369922155753e-13
-6.623391089661732259e-13
-6.303416593791455629e-13
-5.994630187660763826e-13
-5.696704471075406353e-13
-5.409360793462906469e-13
-5.132353191582221807e-13
-4.865462894298209109e-13
-4.608496674087912712e-13
-4.361287972981047440e-13
-4.123689463047619984e-13
-3.895558047864877907e-13
-3.676750066113149548e-13
-3.467119503979033679e-13
-3.266517473448669872e-13
-3.074790044847848097e-13
-2.891772369071554104e-13
-2.717287297267715589e-13
-2.551145788293085243e-13
-2.393147343361179409e-13
-2.243080700152122039e-13
-2.100723761692276620e-13
-1.965844604500882990e-13
-1.838202995622805362e-13
-1.717551382117592936e-13
-1.603636136412734964e-13
-1.496199441911826316e-13
-1.394981183269159088e-13
-1.299720462850278378e-13
-1.210156698918405640e-13
-1.126030685737625029e-13
-1.047086185552830525e-13
-9.730713121569516686e-14
-9.037393444883698634e-14
-8.388492721763157235e-14
-7.781662067637094893e-14
-7.214621571536358707e-14
-6.685168441361594124e-14
-6.191180412087430559e-14
-5.730617565251755478e-14
-5.301522643089066230e-14
-4.902021064185294802e-14
-4.530321696416359043e-14
-4.184716516935090358e-14
-3.863580159136904611e-14
-3.565369164135791621e-14
-3.288619796374564625e-14
-3.031944780040109678e-14
-2.794030281135725997e-14
-2.573633168421844665e-14
-2.369578740169770805e-14
-2.180759210801363270e-14
-2.006132023444109669e-14
-1.844717310175856717e-14
-1.695594796703831966e-14
-1.557900248131888518e-14
-1.430821997269945166e-14
-1.313598633811649180e-14
-1.205517046168234816e-14
-1.105910365370374565e-14
-1.014156079036644928e-14
-9.296740043827118122e-15
-8.519235525215577522e-15
-7.804008903379514607e-15
-7.146364823713275120e-15
-6.541928289931907595e-15
-5.986624002830847386e-15
-5.476661040477895036e-15
-5.008519501157206561e-15
-4.578934985432909044e-15
-4.184882430547592363e-15
-3.823560421736287660e-15
-3.492375384015321143e-15
-3.188926051835426352e-15
-2.910989955921338265e-15
-2.656511414796129935e-15
-2.423590380778411589e-15
-2.210472181344515797e-15
-2.015538139853000453e-15
-1.837295633060860869e-15
-1.674368866017225918e-15
-1.525490169475744177e-15
-1.389491665490151150e-15
-1.265297344459529459e-15
-1.151916305890248528e-15
-1.048436319025815163e-15
-9.540174910499948953e-16
-8.678874967088695860e-16
-7.893381223766679736e-16
-7.177212090717413915e-16
-6.524445411276991253e-16
-5.929693477627630284e-16
-5.388063365192630188e-16
-4.895077830893356431e-16
-4.446612854396601642e-16
-4.038863047104900360e-16
-3.668299991671008725e-16
-3.331639553118634897e-16
-3.025841215708525338e-16
-2.748111111250417896e-16
-2.495888939361926513e-16
-2.266836422341595965e-16
-2.058826178967036310e-16
-1.869925455924233900e-16
-1.698378581640720152e-16
-1.542591471128782664e-16
-1.401115477523759704e-16
-1.272635373741900471e-16
-1.155956900523286019e-16
-1.049997223615033452e-16
-9.537703550393598206e-17
-8.663835897727102489e-17
-7.870249884778078403e-17
-7.149587126068433908e-17
-6.495150126809836854e-17
-5.900875928467369868e-17
-5.361241457383237918e-17
-4.871223122291659867e-17
-4.426253052636583433e-17
-4.022174573586807411e-17
-3.655209304221219371e-17
-3.321927969330686127e-17
-3.019220949613327755e-17
-2.744267394134539982e-17
