# bin_3_1
-4.853856781242260004e-10
-4.879031192301408144e-10
-4.905132316670425353e-10
-4.932191981791407925e-10
-4.960242972244633197e-10
-4.989319037201013289e-10
-5.019454731013655298e-10
-5.050685331275917760e-10
-5.083047016705805220e-10
-5.116576875017550252e-10
-5.151313099420683049e-10
-5.187295110349427559e-10
-5.224563339628649040e-10
-5.263159191084228808e-10
-5.303124851916691299e-10
-5.344503470998506520e-10
-5.387339383183637706e-10
-5.431678063641800006e-10
-5.477565994302618070e-10
-5.525050260618171700e-10
-5.574178644915451326e-10
-5.624999926473026578e-10
-5.677564389664356267e-10
-5.731923698987249413e-10
-5.788130434834351832e-10
-5.846237757683298732e-10
-5.906299585461607806e-10
-5.968371051426432705e-10
-6.032508383018851383e-10
-6.098768609166109747e-10
-6.167209230396434713e-10
-6.237888623004126123e-10
-6.310866689417393413e-10
-6.386204768801510917e-10
-6.463964658735047238e-10
-6.544208358730085876e-10
-6.626999000693651596e-10
-6.712401686342455882e-10
-6.800482668103633206e-10
-6.891308107519520174e-10
-6.984944884910272224e-10
-7.081462536419206484e-10
-7.180932665928983093e-10
-7.283426817216185939e-10
-7.389016310558801543e-10
-7.497776744927089002e-10
-7.609786500199318229e-10
-7.725121642242427044e-10
-7.843863239729412058e-10
-7.966096805950455298e-10
-8.091903371329317568e-10
-8.221372162194671072e-10
-8.354597255894370582e-10
-8.491667450006302614e-10
-8.632683483571722050e-10
-8.777745715513746005e-10
-8.926956523030514480e-10
-9.080427290138059719e-10
-9.238267449634138843e-10
-9.400594985937243071e-10
-9.567527746347655197e-10
-9.739189785141086742e-10
-9.915720264063881357e-10
-1.009724935085227795e-09
-1.028390672012070196e-09
-1.047582023061919381e-09
-1.067311570945277884e-09
-1.087592015106460364e-09
-1.108435799997607644e-09
-1.129855436856077590e-09
-1.151862789795591275e-09
-1.174471019963138736e-09
-1.197692737250279830e-09
-1.221538934488151818e-09
-1.246018213309676285e-09
-1.271138544573251781e-09
-1.296901766317254771e-09
-1.323319914148139906e-09
-1.350389921063700483e-09
-1.378090394694831510e-09
-1.406427140975337914e-09
-1.435398300430603242e-09
-1.464993360350603812e-09
-1.495205030425006885e-09
-1.526023415558741771e-09
-1.557435898752741179e-09
-1.589440604439175215e-09
-1.621985413237874767e-09
-1.655054215612912965e-09
-1.688635861146936415e-09
-1.722704169737302143e-09
-1.757232052017281727e-09
-1.792205253738193686e-09
-1.827569793015070047e-09
-1.863276082934391493e-09
-1.899291569893723140e-09
-1.935561103070422286e-09
-1.972040996391334471e-09
-2.008660722077766724e-09
-2.045353130336482038e-09
-2.082065971174246640e-09
-2.118739118042089003e-09
-2.155304296665748603e-09
-2.191685890957003715e-09
-2.227834734213910668e-09
-2.263689764374386092e-09
-2.299172365567537016e-09
-2.334202679236419248e-09
-2.368707254701229451e-09
-2.402594181548354392e-09
-2.435767976864529137e-09
-2.468134313676566985e-09
-2.499602785256872906e-09
-2.530086309203528260e-09
-2.559489435924243934e-09
-2.587706608666216287e-09
-2.614629672372612568e-09
-2.640138220389386873e-09
-2.664107082400537731e-09
-2.686401589063994677e-09
-2.706888016548358748e-09
-2.725429684652017431e-09
-2.741898944141169769e-09
-2.756150191569385021e-09
-2.768039212632565872e-09
-2.777408160478694280e-09
-2.784110907899002123e-09
-2.788004962898335874e-09
-2.788954318518126387e-09
-2.786830967943121068e-09
-2.781516282193557356e-09
-2.772895260286253076e-09
-2.760866251991690695e-09
-2.745343471313562299e-09
-2.726257751177544293e-09
-2.703557106872327810e-09
-2.677208798663397035e-09
-2.647201315619328617e-09
-2.613549399410116569e-09
-2.576300298293416359e-09
-2.535539733652197982e-09
-2.491389788513200453e-09
-2.444007430979080801e-09
-2.393589788262240666e-09
-2.340373857387123889e-09
-2.284637105868476684e-09
-2.226690287612022360e-09
-2.166874665035723431e-09
-2.105559825096994229e-09
-2.043137276116176424e-09
-1.980006063431512755e-09
-1.916553372984933232e-09
-1.853148418742537351e-09
-1.790155144616515069e-09
-1.727927023326839783e-09
-1.666790103993292391e-09
-1.607047764741809446e-09
-1.548979424642539671e-09
-1.492824513794521127e-09
-1.438777704656123733e-09
-1.386989972557194386e-09
-1.337527294105629241e-09
-1.290354783719430848e-09
-1.245348444035238000e-09
-1.202287293214093108e-09
-1.160810356728591871e-09
-1.120437174044926965e-09
-1.080823565576854517e-09
-1.041720980562383988e-09
-1.002804272700067950e-09
-9.638495562148312780e-10
-9.248272791836812840e-10
-8.857031105092404583e-10
-8.465581217660511023e-10
-8.076227265127247316e-10
-7.691786621020679257e-10
-7.315467905751097205e-10
-6.950272703634959031e-10
-6.598616211644328124e-10
-6.261849402649310462e-10
-5.940375507837906392e-10
-5.633682577042877953e-10
-5.340871214447263148e-10
-5.061211930708313368e-10
-4.794353531420990311e-10
-4.540207069393350657e-10
-4.298975977728281373e-10
-4.071249863036145319e-10
-3.857515650671359215e-10
-3.657484818814442803e-10
-3.469995271664466097e-10
-3.293309483447180526e-10
-3.125273091115517386e-10
-2.963667126264856016e-10
-2.806979644560288705e-10
-2.654922830029356497e-10
-2.508326963123819216e-10
-2.368716753454276215e-10
-2.237582107063653253e-10
-2.115549369412352628e-10
-2.002148532246108684e-10
-1.896176784241123837e-10
-1.796308078611703540e-10
-1.701532390438338426e-10
-1.611387337993234807e-10
-1.525895887995413364e-10
-1.445171738187063010e-10
-1.369131669888788360e-10
-1.297586841651582052e-10
-1.230285403533806287e-10
-1.166961738396723865e-10
-1.107355928750525001e-10
-1.051201193233990483e-10
-9.982623888587293403e-11
-9.483807316152736911e-11
-9.014344974235649028e-11
-8.572447369914630747e-11
-8.156034047355557874e-11
-7.763411028759003429e-11
-7.393414789643996041e-11
-7.044642395846669611e-11
-6.715699169498115510e-11
-6.405332186513525103e-11
-6.112391840145051756e-11
-5.835720991467281510e-11
-5.574160196146844097e-11
-5.326779808329688344e-11
-5.092687302370329019e-11
-4.870915660005718863e-11
-4.660638654449697834e-11
-4.461101241011959628e-11
-4.271542895552911601e-11
-4.091273339330289881e-11
-3.919663774263358546e-11
-3.756104775173261026e-11
-3.600028465006764748e-11
-3.450917073661847960e-11
-3.308284562723952773e-11
-3.171680643577124422e-11
-3.040692791947554945e-11
-2.914940371058595283e-11
-2.794074918258140394e-11
-2.677777895628847180e-11
-2.565758852075442592e-11
-2.457754791177715888e-11
-2.353528518838537207e-11
-2.252867366974878249e-11
-2.155581989863428126e-11
-2.061505264643463286e-11
-1.970491138850778133e-11
-1.882412132667303370e-11
-1.797156960470495657e-11
-1.714629746435054026e-11
-1.634749289623750184e-11
-1.557447564306840540e-11
-1.482667333009466050e-11
-1.410359447664462069e-11
-1.340481828579868178e-11
-1.272998971843515761e-11
-1.207880517194792603e-11
-1.145099526852101261e-11
-1.084630509878246088e-11
-1.026448401896069114e-11
-9.705282365821921566e-12
-9.168441632734990331e-12
-8.653685617170397394e-12
-8.160712716369148443e-12
-7.689190805056546535e-12
-7.238756460641236026e-12
-6.809011480614237918e-12
-6.399522056837569203e-12
-6.009822310845354487e-12
-5.639415946429113702e-12
-5.287777540905192090e-12
-4.954354617961407513e-12
-4.638570769793962047e-12
-4.339830664131913526e-12
-4.057524764813510864e-12
-3.791032511976139500e-12
-3.539726108462162350e-12
-3.302974691532785680e-12
-3.080147882963349286e-12
-2.870619439048271089e-12
-2.673770120296621045e-12
-2.488990309392025215e-12
-2.315682648040575937e-12
-2.153263732003873739e-12
-2.001165609820075307e-12
-1.858837218485985187e-12
-1.725745415411035953e-12
-1.601375887157319466e-12
-1.485234049816595155e-12
-1.376845640511441938e-12
-1.275756754373494690e-12
-1.181533675669160859e-12
-1.093762656721300992e-12
-1.012049638451682914e-12
-9.360199779264340132e-13
-8.653180061714968567e-13
-7.996064886930525885e-13
-7.385661717263781650e-13
-6.818951658861209756e-13
-6.293081479169882821e-13
-5.805357496657013355e-13
-5.353239977202455727e-13
-4.934336288828447856e-13
-4.546394453930608509e-13
-4.187297785540370834e-13
-3.855058436082001334e-13
-3.547810380158220065e-13
-3.263803390212803769e-13
-3.001397473607914776e-13
-2.759057083272405798e-13
-2.535345748539293617e-13
-2.328921105828232772e-13
-2.138529703597679049e-13
-1.963001644312732380e-13
-1.801245483723199643e-13
-1.652243364849156294e-13
-1.515046374285875771e-13
-1.388770294837336050e-13
-1.272591812767410335e-13
-1.165744959335298233e-13
-1.067517729822204405e-13
-9.772488428603758492e-14
-8.943245887266434098e-14
-8.181757642980747495e-14
-7.482747175735900327e-14
-6.841325238850699424e-14
-6.252963399574285458e-14
-5.713469216472865268e-14
-5.218962909495413341e-14
-4.765855538313731278e-14
-4.350828495627396553e-14
-3.970814004953145525e-14
-3.622976647691677666e-14
-3.304697133548795032e-14
-3.013556467699376004e-14
-2.747320354619590856e-14
-2.503930042809695941e-14
-2.281489751051464938e-14
-2.078255486257555981e-14
-1.892624706166874528e-14
-1.723127576286895793e-14
-1.568414886849378219e-14
-1.427246851707639238e-14
-1.298486684573283649e-14
-1.181090454743227694e-14
-1.074096293802266528e-14
-9.766180957998680681e-15
-8.878365255947045670e-15
-8.069994513351027469e-15
-7.334152581716968971e-15
-6.664513235802677120e-15
-6.055296096246044767e-15
-5.501211926667832362e-15
-4.997423933330311938e-15
-4.539506919522169636e-15
-4.123390637503037527e-15
-3.745335542733781147e-15
-3.401914378310507736e-15
-3.089987062113183713e-15
-2.806679498041481792e-15
-2.549373512209569426e-15
-2.315685246434587371e-15
-2.103445669728718508e-15
-1.910684604243573976e-15
-1.735612437531869162e-15
-1.576604004535848334e-15
-1.432183634993369100e-15
-1.301011635249914403e-15
-1.181872110264222875e-15
-1.073659643728949091e-15
-9.753730481934209182e-16
-8.860998546606529122e-16
-8.050148021594908159e-16
-7.313660893854933332e-16
-6.644709912374353654e-16
-6.037126201735166851e-16
-5.485252787403294756e-16
-4.983991096489114741e-16
-4.528710079527801438e-16
-4.115177129300622121e-16
-3.739567607843567638e-16
-3.398412196821761685e-16
-3.088567545821519611e-16
-2.807161566934332158e-16
-2.551596585107142310e-16
-2.319512344687584131e-16
-2.108762333928560685e-16
-1.917392773218458645e-16
-1.743624693363855164e-16
-1.585838403627402624e-16
-1.442559637365477159e-16
-1.312447774696852502e-16
-1.194291692652969860e-16
-1.086988065101867030e-16
-9.895487740975683436e-17
-9.010912251537516688e-17
-8.208058180815259332e-17
