# bin_3_4
-3.118868395070306697e-11
-3.133819637451414309e-11
-3.149295873072151177e-11
-3.165313490636133440e-11
-3.181889268733897673e-11
-3.199040127216885542e-11
-3.216782521447711669e-11
-3.235132383013583610e-11
-3.254105662946652646e-11
-3.273718783728583831e-11
-3.293989441349273935e-11
-3.314936452334259886e-11
-3.336578439806893367e-11
-3.358932908564697618e-11
-3.382016129972749437e-11
-3.405844007087099395e-11
-3.430433981772987155e-11
-3.455804276298324353e-11
-3.481972649527498551e-11
-3.508955503040445171e-11
-3.536768436414063227e-11
-3.565427387585623565e-11
-3.594947194053823298e-11
-3.625342333788385051e-11
-3.656627291842988769e-11
-3.688816772512793776e-11
-3.721921411568118320e-11
-3.755950442471120873e-11
-3.790915977588605126e-11
-3.826828753472953110e-11
-3.863693434012512221e-11
-3.901513951665413155e-11
-3.940296635391007870e-11
-3.980043464088288449e-11
-4.020752960751026177e-11
-4.062423475995799560e-11
-4.105048736598528633e-11
-4.148620732741038902e-11
-4.193131189120291042e-11
-4.238563461366499993e-11
-4.284899618169226506e-11
-4.332122312598495850e-11
-4.380203018889212338e-11
-4.429113013305783957e-11
-4.478820749316279367e-11
-4.529285455863733051e-11
-4.580464948971467958e-11
-4.632310664988525756e-11
-4.684767169948767331e-11
-4.737775653640600505e-11
-4.791268532754105119e-11
-4.845173667012650366e-11
-4.899410945203672145e-11
-4.953894338286702327e-11
-5.008529355175115162e-11
-5.063215327028434063e-11
-5.117842735953836479e-11
-5.172295454234319423e-11
-5.226447999044635823e-11
-5.280168489191310230e-11
-5.333315528821544925e-11
-5.385741250877430972e-11
-5.437289036392990081e-11
-5.487795807129035370e-11
-5.537090945327628638e-11
-5.584997857362144320e-11
-5.631334376052090070e-11
-5.675913365100333332e-11
-5.718543984635986998e-11
-5.759033091078443060e-11
-5.797186047116216953e-11
-5.832809501046725916e-11
-5.865712373513057841e-11
-5.895709488071649006e-11
-5.922623527627592365e-11
-5.946288985974688241e-11
-5.966555218065109236e-11
-5.983289910827301936e-11
-5.996383377509982342e-11
-6.005751451016375600e-11
-6.011340790132735914e-11
-6.013132339156347976e-11
-6.011145789997040690e-11
-6.005442971553890773e-11
-5.996132866913484130e-11
-5.983372393733409524e-11
-5.967373184354095360e-11
-5.948396747059710621e-11
-5.926768046085540421e-11
-5.902865911153761223e-11
-5.877124322655918107e-11
-5.850019124265230050e-11
-5.822069556009749992e-11
-5.793815584791882247e-11
-5.765819920014300407e-11
-5.738649982294404237e-11
-5.712865251135580198e-11
-5.689011891067491212e-11
-5.667600780014081547e-11
-5.649095790470091654e-11
-5.633898696180561974e-11
-5.622373560067342072e-11
-5.614730571371037661e-11
-5.610993099732260333e-11
-5.611133639411487796e-11
-5.615002617407228566e-11
-5.622189110055826643e-11
-5.632374389794397020e-11
-5.644984200840994090e-11
-5.659416819415758853e-11
-5.675163837072178731e-11
-5.691577414066937755e-11
-5.708102899421224735e-11
-5.724334035005446317e-11
-5.739950389047571778e-11
-5.754774134439208469e-11
-5.768785517975452770e-11
-5.782118203841372254e-11
-5.795027742520071273e-11
-5.807861112726437471e-11
-5.821011482341867240e-11
-5.834880152261677916e-11
-5.849879225507576509e-11
-5.866349294967942487e-11
-5.884594143684484629e-11
-5.904842766114206561e-11
-5.927265516900966588e-11
-5.951973528543909192e-11
-5.978980177427469888e-11
-6.008211335170567981e-11
-6.039450361587658120e-11
-6.072416124450239077e-11
-6.106692078435458485e-11
-6.141795022685676336e-11
-6.177202601323840874e-11
-6.212349167488870668e-11
-6.246680413806069186e-11
-6.279616133662465878e-11
-6.310553085609713465e-11
-6.338874812220787184e-11
-6.363965215310842254e-11
-6.385237927878314504e-11
-6.402224080049280910e-11
-6.414541838289403197e-11
-6.421947878445873217e-11
-6.424280842846225904e-11
-6.421446526864055509e-11
-6.413430779939896395e-11
-6.400319572511464298e-11
-6.382286509207388615e-11
-6.359563195567266168e-11
-6.332374036969012000e-11
-6.300849019620778882e-11
-6.265014675423784067e-11
-6.224720425485130281e-11
-6.179574827496621940e-11
-6.129014175159790150e-11
-6.072395880917295053e-11
-6.009107937892916900e-11
-5.938699013394165566e-11
-5.860962039598233757e-11
-5.775909461928908634e-11
-5.683717111959164969e-11
-5.584675059172879290e-11
-5.479301328964366973e-11
-5.367912555133611960e-11
-5.250047767994929781e-11
-5.125731940441635243e-11
-4.995247532960961840e-11
-4.858787965792841566e-11
-4.716991111741595895e-11
-4.570778188664467669e-11
-4.421271775959142594e-11
-4.269777381077518373e-11
-4.117671176556333572e-11
-3.966295198972113047e-11
-3.817066604646691521e-11
-3.671243014512451083e-11
-3.529927089468053014e-11
-3.394180672469054688e-11
-3.264708113021656214e-11
-3.141776030309851779e-11
-3.025384086013665043e-11
-2.915108038984997129e-11
-2.810600675719458498e-11
-2.711576426197410983e-11
-2.617682927217019214e-11
-2.528584953341619263e-11
-2.444187390079308947e-11
-2.364076852712194971e-11
-2.287211268574093692e-11
-2.212429859664479726e-11
-2.137589305193050127e-11
-2.061255588202840504e-11
-1.981886464022443898e-11
-1.898609426152720730e-11
-1.811262961665398463e-11
-1.720337041008623312e-11
-1.627001443493823598e-11
-1.532939429635407183e-11
-1.440122359096320888e-11
-1.350590142002361242e-11
-1.266285739153912791e-11
-1.188818271312339155e-11
-1.119314495300243473e-11
-1.058220678650137668e-11
-1.005068015383358170e-11
-9.584486268527814112e-12
-9.162579739939139714e-12
-8.761485440239921731e-12
-8.359672202289555681e-12
-7.942275845635715104e-12
-7.504062629424456756e-12
-7.051184144554868970e-12
-6.599099022625454727e-12
-6.167267687335844747e-12
-5.772314154741824616e-12
-5.422748444341250165e-12
-5.116645744702731302e-12
-4.843301090557860536e-12
-4.588259475325816043e-12
-4.338989269358562244e-12
-4.089538123049871308e-12
-3.842087194423248718e-12
-3.603604690558738203e-12
-3.381404427676576567e-12
-3.178966045158280316e-12
-2.994471780553487147e-12
-2.823086421731800308e-12
-2.660017179616418858e-12
-2.503531494556797346e-12
-2.354585770375580093e-12
-2.215036423390599532e-12
-2.085324338375721255e-12
-1.964468484370116527e-12
-1.850935801471085170e-12
-1.743934063932023866e-12
-1.643308201791055410e-12
-1.549002970362938642e-12
-1.460715879789812260e-12
-1.377957110215754942e-12
-1.300337257134129576e-12
-1.227509597018923728e-12
-1.159191121197329832e-12
-1.095145387521495787e-12
-1.035079335713935596e-12
-9.787268378443876440e-13
-9.258376042212943643e-13
-8.761895450804226405e-13
-8.295866046194018018e-13
-7.858134948432180921e-13
-7.446849676268422636e-13
-7.060335875438283774e-13
-6.696881383062084560e-13
-6.354944139671782637e-13
-6.033093095913876879e-13
-5.729978573732509462e-13
-5.444355764177555821e-13
-5.175064477467831886e-13
-4.921015906279132093e-13
-4.681188221635029222e-13
-4.454625646200030399e-13
-4.240434822487207452e-13
-4.037783505744554570e-13
-3.845896106440205269e-13
-3.664049953019318282e-13
-3.491573852352495640e-13
-3.327843982060936854e-13
-3.172281228842787684e-13
-3.024346625689780685e-13
-2.883537243607388361e-13
-2.749387126727421627e-13
-2.621465718415474901e-13
-2.499376107303061780e-13
-2.382752593430179485e-13
-2.271257267521993326e-13
-2.164579506567965995e-13
-2.062435090772323410e-13
-1.964564649353779556e-13
-1.870732477731157534e-13
-1.780724560944145886e-13
-1.694346472243629908e-13
-1.611421827060507115e-13
-1.531790904304247841e-13
-1.455309587787600561e-13
-1.381848560056165958e-13
-1.311291085385955294e-13
-1.243530960971849809e-13
-1.178471907399780966e-13
-1.116026754061829689e-13
-1.056117191819260327e-13
-9.986720659432032708e-14
-9.436248513036819017e-14
-8.909127198331913882e-14
-8.404755354021391475e-14
-7.922557410383205170e-14
-7.461978023775172450e-14
-7.022467575954858877e-14
-6.603477174242938832e-14
-6.204453699694747784e-14
-5.824840730709790289e-14
-5.464080008397749577e-14
-5.121606599944963692e-14
-4.796847438843941998e-14
-4.489219799339983472e-14
-4.198132294285435734e-14
-3.922987872819169908e-14
-3.663186141843664192e-14
-3.418125535728393340e-14
-3.187204764024182503e-14
-2.969824619776229431e-14
-2.765390335756033262e-14
-2.573314036965220288e-14
-2.393016709611403038e-14
-2.223929693656200736e-14
-2.065496121093760265e-14
-1.917172320264355264e-14
-1.778429410298780532e-14
-1.648754537497281458e-14
-1.527651511156475617e-14
-1.414641373176291832e-14
-1.309262772353506196e-14
-1.211072480884219084e-14
-1.119645807406053772e-14
-1.034576642030768725e-14
-9.554772486389213237e-15
-8.819778237515848051e-15
-8.137262685863616842e-15
-7.503881417929340810e-15
-6.916464059655928493e-15
-6.372010306251186961e-15
-5.867683949616006969e-15
-5.400805679249592397e-15
-4.968845990729091481e-15
-4.569419246704618118e-15
-4.200279243242491884e-15
-3.859314972484330346e-15
-3.544545421527376329e-15
-3.254113052370144207e-15
-2.986276953093954516e-15
-2.739405904018821141e-15
-2.511971808833941843e-15
-2.302544411211663267e-15
-2.109787874338474163e-15
-1.932456654388676639e-15
-1.769390632128242029e-15
-1.619510478030982151e-15
-1.481812797622979670e-15
-1.355364077787529204e-15
-1.239295610366962556e-15
-1.132799831323823002e-15
-1.035126655385983853e-15
-9.455799799007789269e-16
-8.635149594350676145e-16
-7.883350087071839021e-16
-7.194882719093911779e-16
-6.564644918679338786e-16
-5.987925076029263855e-16
-5.460358990430917467e-16
-4.977929705074689021e-16
-4.536914293913969879e-16
-4.133895849187429623e-16
-3.765729095243105555e-16
-3.429509645860462805e-16
-3.122572514640467783e-16
-2.842467308247443450e-16
-2.586923646733813000e-16
-2.353849652441191053e-16
-2.141319036421607352e-16
-1.947561807474199769e-16
-1.770958786556048901e-16
-1.610036045630904673e-16
-1.463455600153589368e-16
-1.330003610297397808e-16
-1.208570457446253773e-16
-1.098134783649728738e-16
-9.977502553652462675e-17
-9.065370991841534098e-17
-8.236771295002618963e-17
-7.484150773727048830e-17
-6.800577559887406428e-17
-6.179721241822639245e-17
-5.615827310740538171e-17
-5.103665336908789735e-17
-4.638482912010516326e-17
-4.215960994049423740e-17
-3.832175855715131932e-17
-3.483568267879997443e-17
-3.166912352695548552e-17
-2.879290137393750857e-17
-2.618063864110901787e-17
-2.380842664594778214e-17
-2.165449123718699132e-17
-1.969890129342202170e-17
-1.792331563330201018e-17
-1.631086253180206055e-17
-1.484624768438397336e-17
-1.351568535758546455e-17
-1.230684701783118237e-17
-1.120863840271956163e-17
