# bin_4_1
-5.151999753455155459e-10
-5.179048324780445691e-10
-5.207096910744735135e-10
-5.236179791858886286e-10
-5.266332228818703117e-10
-5.297590553032116018e-10
-5.329992385101248242e-10
-5.363576535809510766e-10
-5.398382959546894942e-10
-5.434452700412506098e-10
-5.471827615684559930e-10
-5.510550456234612374e-10
-5.550665019418776753e-10
-5.592216309303622752e-10
-5.635250822898702553e-10
-5.679816322469295927e-10
-5.725961700697692383e-10
-5.773736772444952168e-10
-5.823192456179606399e-10
-5.874381007809290199e-10
-5.927356013060292714e-10
-5.982171932222595580e-10
-6.038884044360254650e-10
-6.097548625677773055e-10
-6.158223581180181265e-10
-6.220968344914389334e-10
-6.285843552369476208e-10
-6.352910745781854678e-10
-6.422232497300615837e-10
-6.493872553107814155e-10
-6.567895856539165444e-10
-6.644368444123058974e-10
-6.723357223441153298e-10
-6.804930037039143150e-10
-6.889156549641573496e-10
-6.976108109218533185e-10
-7.065856780591695079e-10
-7.158474921109951674e-10
-7.254036422225411236e-10
-7.352617753019314181e-10
-7.454296926515294635e-10
-7.559151788255111106e-10
-7.667261077833027199e-10
-7.778707103110117233e-10
-7.893575335125316987e-10
-8.011950256725581709e-10
-8.133916608886790843e-10
-8.259566013324195955e-10
-8.388991441169667925e-10
-8.522283823097162446e-10
-8.659542412569583886e-10
-8.800867759065412650e-10
-8.946358190165617804e-10
-9.096125247626976024e-10
-9.250277349673242992e-10
-9.408924332082393554e-10
-9.572189249534894929e-10
-9.740189504106304362e-10
-9.913052136209094354e-10
-1.009090724230539327e-09
-1.027388719651525136e-09
-1.046212798063286165e-09
-1.065577866014709547e-09
-1.085499031189633627e-09
-1.105990965473612683e-09
-1.127067760111757753e-09
-1.148743716530152416e-09
-1.171032683398196493e-09
-1.193948620488519068e-09
-1.217505279711347396e-09
-1.241715967447751143e-09
-1.266593950773909855e-09
-1.292153386257917766e-09
-1.318407304347431723e-09
-1.345366255730122386e-09
-1.373039018494026730e-09
-1.401431300175451201e-09
-1.430546832361025272e-09
-1.460399944954036785e-09
-1.490962565270159193e-09
-1.522233091179596092e-09
-1.554215664652119328e-09
-1.586899773812761833e-09
-1.620276987846706326e-09
-1.654337432324938996e-09
-1.689066796826121073e-09
-1.724459292951397589e-09
-1.760491224413004063e-09
-1.797113748147097816e-09
-1.834318270457194384e-09
-1.872083832640751681e-09
-1.910381904356644853e-09
-1.949181829650750044e-09
-1.988464134803568894e-09
-2.028157296256569035e-09
-2.068217526210294437e-09
-2.108600837507129879e-09
-2.149242696555792341e-09
-2.190093964598614346e-09
-2.231071064216383597e-09
-2.272108250217369608e-09
-2.313143963790973708e-09
-2.354107778402166113e-09
-2.394922782949402859e-09
-2.435519532830980211e-09
-2.475836543927302481e-09
-2.515796469071352171e-09
-2.555308935643260158e-09
-2.594287095522554526e-09
-2.632639355957731469e-09
-2.670256748012283787e-09
-2.707030871037732672e-09
-2.742856871599179689e-09
-2.777635846846978021e-09
-2.811262728290541960e-09
-2.843623059789021104e-09
-2.874593595216445957e-09
-2.904046415522599860e-09
-2.931832922721243453e-09
-2.957812043647456771e-09
-2.981825305232886811e-09
-3.003723430344465120e-09
-3.023349499731934911e-09
-3.040557692096687311e-09
-3.055177439748196255e-09
-3.067043121779353624e-09
-3.075980399299515007e-09
-3.081828528400835879e-09
-3.084432863467509891e-09
-3.083648214343553401e-09
-3.079335273965770270e-09
-3.071367411792643650e-09
-3.059624503195362326e-09
-3.044003378741304487e-09
-3.024419649010975790e-09
-3.000808929713928365e-09
-2.973126759899776409e-09
-2.941354918521340600e-09
-2.905502167080182610e-09
-2.865612281142354020e-09
-2.821768025604128525e-09
-2.774097192751861834e-09
-2.722765254228637282e-09
-2.667980979193053823e-09
-2.609997805170403680e-09
-2.549112323743498604e-09
-2.485662096372996776e-09
-2.420018839861114189e-09
-2.352586941385056505e-09
-2.283796752493856603e-09
-2.214089038301713847e-09
-2.143896312864020963e-09
-2.073635368715490809e-09
-2.003717571039062425e-09
-1.934544679566975482e-09
-1.866490524706854631e-09
-1.799903087407978132e-09
-1.735106469935656319e-09
-1.672377339398127162e-09
-1.611948343928297738e-09
-1.553998708114534078e-09
-1.498617636927341841e-09
-1.445781277616331475e-09
-1.395367303143454326e-09
-1.347145137875870608e-09
-1.300728836148426952e-09
-1.255597284816216691e-09
-1.211375203194886194e-09
-1.167789570254616020e-09
-1.124476764245591006e-09
-1.081179568260330946e-09
-1.037852937694234617e-09
-9.944389223054994790e-10
-9.510027462852720469e-10
-9.077745850633400245e-10
-8.650405534475310214e-10
-8.231348381210452614e-10
-7.823764926367543375e-10
-7.430302185603123222e-10
-7.052506409895162315e-10
-6.690980445484891212e-10
-6.345370591774643131e-10
-6.014930850292222740e-10
-5.699100826417443825e-10
-5.397710346478568545e-10
-5.110831443577235228e-10
-4.838800266093318862e-10
-4.582307185746149112e-10
-4.341865791495414316e-10
-4.117074324982497442e-10
-3.906526157260751602e-10
-3.708160600764611563e-10
-3.519457514962822530e-10
-3.337851137723763376e-10
-3.161602847556808840e-10
-2.990376463815703325e-10
-2.825118467655838148e-10
-2.667580273088889347e-10
-2.519497941903939359e-10
-2.381649946694641099e-10
-2.253577907916625772e-10
-2.133972995110811211e-10
-2.021346279176635665e-10
-1.914529009704247610e-10
-1.812951438752482114e-10
-1.716596199955800044e-10
-1.625571370153457259e-10
-1.539788428982210402e-10
-1.459052140204996099e-10
-1.383094872071132361e-10
-1.311625706015053331e-10
-1.244355915545341859e-10
-1.180989661630181141e-10
-1.121266421083780618e-10
-1.065007660952337015e-10
-1.012073052979133696e-10
-9.622544944907286805e-11
-9.153129747931246706e-11
-8.710544854786758791e-11
-8.293488545490889611e-11
-7.900416050782731889e-11
-7.529800039465934420e-11
-7.180241167905040352e-11
-6.850426064099682236e-11
-6.539023341588436757e-11
-6.244710674419891149e-11
-5.966436685739166934e-11
-5.703201231568451810e-11
-5.453921586336764376e-11
-5.217664695806683909e-11
-4.993570234116063156e-11
-4.780772493099443431e-11
-4.578489185733293741e-11
-4.386010964941610217e-11
-4.202648118124059096e-11
-4.027755453326583325e-11
-3.860744734160688704e-11
-3.701063413983288011e-11
-3.548200031286777452e-11
-3.401685938201476600e-11
-3.261087434139604214e-11
-3.126007230346860441e-11
-2.996082067818771048e-11
-2.870980325849886535e-11
-2.750401287911961723e-11
-2.634073227334000349e-11
-2.521752291949516981e-11
-2.413221061062059655e-11
-2.308287135874442124e-11
-2.206782088686878574e-11
-2.108558650180678220e-11
-2.013488016493306294e-11
-1.921459047329751557e-11
-1.832377416053051685e-11
-1.746163905195928528e-11
-1.662751790805815464e-11
-1.582083862731191355e-11
-1.504111266825314076e-11
-1.428792930714996513e-11
-1.356093929536930780e-11
-1.285983564995702394e-11
-1.218433167040861668e-11
-1.153414921951817840e-11
-1.090901464881164927e-11
-1.030864733753036272e-11
-9.732749427396713592e-12
-9.180996955914599483e-12
-8.653033742724819366e-12
-8.148470097581572255e-12
-7.666878519877564200e-12
-7.207792332879035543e-12
-6.770709214708375018e-12
-6.355092728850122352e-12
-5.960373500032114215e-12
-5.585951310742054995e-12
-5.231198357230687467e-12
-4.895464566555381424e-12
-4.578082737739861155e-12
-4.278372029128070729e-12
-3.995642175401863335e-12
-3.729198174155775407e-12
-3.478344241442856478e-12
-3.242387930023197950e-12
-3.020643417675610015e-12
-2.812434521315109643e-12
-2.617097762559035318e-12
-2.433984366436415401e-12
-2.262462031479435785e-12
-2.101916611654552810e-12
-1.951753349331834312e-12
-1.811397978720453194e-12
-1.680297813365626506e-12
-1.557922475113772781e-12
-1.443763994253097047e-12
-1.337336679873035022e-12
-1.238176920860375556e-12
-1.145842917898947029e-12
-1.059914418754256669e-12
-9.799922535323459970e-13
-9.056977591222126022e-13
-8.366722961607627832e-13
-7.725765786856972590e-13
-7.130898031403611350e-13
-6.579089832065455785e-13
-6.067483401609335676e-13
-5.593385545044385704e-13
-5.154260565215384962e-13
-4.747724382641267701e-13
-4.371537369346445150e-13
-4.023596525128805566e-13
-3.701928767214757989e-13
-3.404684710799943491e-13
-3.130132241857779006e-13
-2.876650560273056002e-13
-2.642724671120542561e-13
-2.426939625043691678e-13
-2.227974524653703527e-13
-2.044596811300026564e-13
-1.875656794459233587e-13
-1.720082421629477822e-13
-1.576874511894238486e-13
-1.445102491731843083e-13
-1.323900415824996794e-13
-1.212463185793097193e-13
-1.110042915823525039e-13
-1.015945406827539535e-13
-9.295266959493775639e-14
-8.501897305565052915e-14
-7.773811869948344733e-14
-7.105884847249794032e-14
-6.493369932551290448e-14
-5.931874000181924536e-14
-5.417332541764135824e-14
-4.945986607764384631e-14
-4.514360842606627825e-14
-4.119242748389091831e-14
-3.757663798533858021e-14
-3.426883850942756900e-14
-3.124370339969407680e-14
-2.847789713720003492e-14
-2.594992899448470362e-14
-2.364002560953169202e-14
-2.153001380383680317e-14
-1.960321248064964790e-14
-1.784433086197180441e-14
-1.623929628803446559e-14
-1.477520507661010991e-14
-1.344020733918339921e-14
-1.222338408582104751e-14
-1.111466432391889280e-14
-1.010477048586534198e-14
-9.185153602580329225e-15
-8.347963409064946845e-15
-7.586012561564439676e-15
-6.892751384823992886e-15
-6.262175899371218175e-15
-5.688794578756534189e-15
-5.167579011039364108e-15
-4.693919630706248656e-15
-4.263566118476337136e-15
-3.872622970665103284e-15
-3.517522501968096291e-15
-3.194999420707869104e-15
-2.902073458045677185e-15
-2.636032748385873697e-15
-2.394409721641353542e-15
-2.174961492237877961e-15
-1.975650902736795436e-15
-1.794628151343227851e-15
-1.630213652728044750e-15
-1.480882153517248682e-15
-1.345249056684760069e-15
-1.222057543995015100e-15
-1.110164827294094679e-15
-1.008535749692592335e-15
-9.162270375939914371e-16
-8.323849329349877915e-16
-7.562325563855857610e-16
-6.870631343537873268e-16
-6.242394123710508933e-16
-5.671759686295631408e-16
-5.153453958431953992e-16
-4.682693858058630535e-16
-4.255102104947665562e-16
-3.866725521706365341e-16
-3.513978416909896591e-16
-3.193616096456860163e-16
-2.902665378186556428e-16
-2.638438600694669523e-16
-2.398492168635249684e-16
-2.180602692842750678e-16
-1.982746256578922168e-16
-1.803080413491239699e-16
-1.639928258391440950e-16
-1.491764965816396194e-16
-1.357207148198398567e-16
-1.235009052303968557e-16
-1.124043841920024993e-16
-1.023295817846876829e-16
-9.318478487728145117e-17
