# bin_1_2
-1.612927557141664670e-11
-1.622610469108825535e-11
-1.632663687145172294e-11
-1.643100904822508784e-11
-1.653936284162256108e-11
-1.665184468428931071e-11
-1.676860595497857600e-11
-1.688980310624277607e-11
-1.701559779136277216e-11
-1.714615700302566028e-11
-1.728165320152250206e-11
-1.742226443600550300e-11
-1.756817448161986587e-11
-1.771957296494284195e-11
-1.787665548283495429e-11
-1.803962372709680426e-11
-1.820868560082553748e-11
-1.838405533685815718e-11
-1.856595359463883619e-11
-1.875460757557644271e-11
-1.895025111466534942e-11
-1.915312476753337808e-11
-1.936347590070701148e-11
-1.958155875944426205e-11
-1.980763450791886360e-11
-2.004197129550169168e-11
-2.028484425732562122e-11
-2.053653554494202594e-11
-2.079733430924395767e-11
-2.106753667755014796e-11
-2.134744570715868741e-11
-2.163737131111404744e-11
-2.193763016628307720e-11
-2.224854558625836638e-11
-2.257044739553952138e-11
-2.290367172344790107e-11
-2.324856083175924429e-11
-2.360546284406488489e-11
-2.397473149671734669e-11
-2.435672579623268078e-11
-2.475180969154026187e-11
-2.516035169109950399e-11
-2.558272441292594065e-11
-2.601930403809260415e-11
-2.647046961300077807e-11
-2.693660239278935303e-11
-2.741808523315419746e-11
-2.791530175124994040e-11
-2.842863536643734667e-11
-2.895846848655838678e-11
-2.950518147403391256e-11
-3.006915139207032410e-11
-3.065075096857014111e-11
-3.125034733592386480e-11
-3.186830057108710709e-11
-3.250496215634129026e-11
-3.316067320971354249e-11
-3.383576255925434267e-11
-3.453054873205656975e-11
-3.524535020946519387e-11
-3.598045329372128689e-11
-3.673611069231743189e-11
-3.751256150098335327e-11
-3.831001778359822854e-11
-3.912866614198167840e-11
-3.996866268731557204e-11
-4.083013546107490972e-11
-4.171317112364724133e-11
-4.261780357332974792e-11
-4.354404223036778380e-11
-4.449185651012681864e-11
-4.546116701830800681e-11
-4.645184442953280701e-11
-4.746370077872704142e-11
-4.849648863034696525e-11
-4.954990373600379756e-11
-5.062357104801721611e-11
-5.171703477707709751e-11
-5.282976372086998271e-11
-5.396114231940507934e-11
-5.511046395716787754e-11
-5.627693304810221861e-11
-5.745966582866040152e-11
-5.865768344729828564e-11
-5.986990990640063194e-11
-6.109516361945610308e-11
-6.233215052177294812e-11
-6.357946279434132385e-11
-6.483558550729358127e-11
-6.609889523336622212e-11
-6.736765408716993308e-11
-6.863999605627761350e-11
-6.991393484285368530e-11
-7.118738032849934974e-11
-7.245814847621079139e-11
-7.372396874752237780e-11
-7.498248920157266245e-11
-7.623127709302286909e-11
-7.746783749314045027e-11
-7.868964163165962874e-11
-7.989414985732636244e-11
-8.107883415524592142e-11
-8.224117398190538303e-11
-8.337871307136094977e-11
-8.448913610735350576e-11
-8.557026567910355960e-11
-8.662007553225293736e-11
-8.763677106587044494e-11
-8.861884793130466056e-11
-8.956512024993901450e-11
-9.047474713636175055e-11
-9.134725931305273343e-11
-9.218258866199482179e-11
-9.298115844490098720e-11
-9.374374120478657639e-11
-9.447151252604875945e-11
-9.516618338283033466e-11
-9.582952371114606479e-11
-9.646392114388854957e-11
-9.707193680365334721e-11
-9.765637813194401087e-11
-9.821998512191649183e-11
-9.876493455697094536e-11
-9.929307559189114069e-11
-9.980538897529726854e-11
-1.003020384198453223e-10
-1.007823823844450676e-10
-1.012447810177435456e-10
-1.016869790675395369e-10
-1.021055873137258399e-10
-1.024967831242425077e-10
-1.028554675198242412e-10
-1.031738400863097547e-10
-1.034427620163474914e-10
-1.036519071449087255e-10
-1.037905512477702549e-10
-1.038481262351623811e-10
-1.038151852732909254e-10
-1.036840366327459687e-10
-1.034492815748650194e-10
-1.031082126819657167e-10
-1.026608477116256671e-10
-1.021097713436298132e-10
-1.014596707133769823e-10
-1.007165161370189990e-10
-9.988646309106530620e-11
-9.897460058485536494e-11
-9.798383620706176213e-11
-9.691411790098683317e-11
-9.576224902062232357e-11
-9.452214412377316485e-11
-9.318543271359151475e-11
-9.174269604013537540e-11
-9.018560584697339369e-11
-8.850898425330622152e-11
-8.671172607225217616e-11
-8.479693664767560435e-11
-8.277189724103513645e-11
-8.064760017856416202e-11
-7.843771402680117014e-11
-7.615738248797028307e-11
-7.382164780521051218e-11
-7.144483537058256926e-11
-6.904127763036173128e-11
-6.662653106866387593e-11
-6.421764560199301110e-11
-6.183242918483728949e-11
-5.949024806678947772e-11
-5.720992674420644648e-11
-5.500700854413433895e-11
-5.289353511292925910e-11
-5.087857269305396700e-11
-4.896710641788179347e-11
-4.716089158902173597e-11
-4.545887766506321151e-11
-4.385694406107029651e-11
-4.234937937265656085e-11
-4.092370840289807998e-11
-3.956914312379414611e-11
-3.826804919495326672e-11
-3.700112930850921088e-11
-3.575086528889588023e-11
-3.449857441252727698e-11
-3.322902572716795333e-11
-3.192658288994677795e-11
-3.058325224380165885e-11
-2.919735430345443654e-11
-2.777665443819629354e-11
-2.633875247451267515e-11
-2.490694866049196761e-11
-2.350717686482763759e-11
-2.216465654061779015e-11
-2.090036150473775014e-11
-1.972827975098986689e-11
-1.865449925426870685e-11
-1.767671711987293240e-11
-1.678531435865845710e-11
-1.596500071213833298e-11
-1.519773988561721673e-11
-1.446575138138557444e-11
-1.375486562270872690e-11
-1.305737875132266698e-11
-1.237240319917589819e-11
-1.170372394497773575e-11
-1.105684612600494959e-11
-1.043716325667519465e-11
-9.848451339241691858e-12
-9.292394663469126114e-12
-8.769412793765600602e-12
-8.278954679813579919e-12
-7.820185577343963176e-12
-7.391496894167066023e-12
-6.990222231703544939e-12
-6.612457316329714507e-12
-6.253532334632590572e-12
-5.910257724698915749e-12
-5.581732557989761108e-12
-5.269398674908352777e-12
-4.975489604918720469e-12
-4.701057497700922911e-12
-4.445022722449733443e-12
-4.204587920145136806e-12
-3.977200627243845363e-12
-3.761572089368485579e-12
-3.557892016456647460e-12
-3.366428048619814726e-12
-3.186874606776573327e-12
-3.018066704482846357e-12
-2.858867314151827963e-12
-2.708672611332330261e-12
-2.567195238244740315e-12
-2.434144472809665446e-12
-2.308992694110035995e-12
-2.191144305317478011e-12
-2.080101801215684305e-12
-1.975444195474754890e-12
-1.876835788130703709e-12
-1.783908485158949573e-12
-1.696293600411661591e-12
-1.613660250778612585e-12
-1.535695658434234149e-12
-1.462099730543429476e-12
-1.392578294528708287e-12
-1.326871764015239571e-12
-1.264746441270681619e-12
-1.205967205090362618e-12
-1.150312262755936332e-12
-1.097576675785583438e-12
-1.047568011934126684e-12
-1.000106868927182124e-12
-9.550253470299659675e-13
-9.121659783824867646e-13
-8.713811974185036593e-13
-8.325329498275112078e-13
-7.954926548359331219e-13
-7.601408582270299425e-13
-7.263666328362495234e-13
-6.940672170949286234e-13
-6.631476977423753500e-13
-6.335205055566156496e-13
-6.051053036300874158e-13
-5.778286994667429825e-13
-5.516237775997092980e-13
-5.264297636083178899e-13
-5.021916289331315625e-13
-4.788598739552815591e-13
-4.563902078367413860e-13
-4.347432521825797422e-13
-4.138842079225326971e-13
-3.937822378061305312e-13
-3.744100798385391334e-13
-3.557436908153112840e-13
-3.377619762723268149e-13
-3.204465104054159882e-13
-3.037809256791903803e-13
-2.877504763869824958e-13
-2.723416807503202958e-13
-2.575421258324888220e-13
-2.433403318954417421e-13
-2.297253287614864520e-13
-2.166863094800163935e-13
-2.042123282348607341e-13
-1.922922102988360609e-13
-1.809145285687534920e-13
-1.700674708908225428e-13
-1.597387225625724304e-13
-1.499153401359211755e-13
-1.405837563273952724e-13
-1.317298553112975815e-13
-1.233390343604736305e-13
-1.153962622637138752e-13
-1.078861105978371781e-13
-1.007928236483764865e-13
-9.410041098895601637e-14
-8.779275065400414362e-14
-8.185369507900816531e-14
-7.626714946279596769e-14
-7.101714108876410613e-14
-6.608787974234656991e-14
-6.146382276662400548e-14
-5.712974248794141940e-14
-5.307078103172724677e-14
-4.927249277843592585e-14
-4.572087135844307958e-14
-4.240237596139314975e-14
-3.930395123819079069e-14
-3.641304100729344304e-14
-3.371759773241929349e-14
-3.120608366911745413e-14
-2.886746954582920144e-14
-2.669123287284486742e-14
-2.466735347571457362e-14
-2.278630496968761838e-14
-2.103904269683625115e-14
-1.941698743721833175e-14
-1.791201369789135258e-14
-1.651643884606846322e-14
-1.522301255286223898e-14
-1.402490233878284673e-14
-1.291567662209617449e-14
-1.188928438046526522e-14
-1.094003350649903428e-14
-1.006257064647247714e-14
-9.251863927414218581e-15
-8.503188565337179159e-15
-7.812115728103046299e-15
-7.174502062400031750e-15
-6.586477408560736849e-15
-6.044430318258801192e-15
-5.544992078806421719e-15
-5.085019831694200253e-15
-4.661580776759512605e-15
-4.271938895881331135e-15
-3.913543877007762410e-15
-3.584020935859916011e-15
-3.281161813318325967e-15
-3.002916119239918122e-15
-2.747381924118133710e-15
-2.512795851225366522e-15
-2.297523490823750716e-15
-2.100050098471731345e-15
-1.918971773281689939e-15
-1.752987775205449671e-15
-1.600893868260270378e-15
-1.461575927031684560e-15
-1.334003862684333007e-15
-1.217226106561106202e-15
-1.110364275048523999e-15
-1.012607825541345046e-15
-9.232091024873228389e-16
-8.414790219711457727e-16
-7.667829308517426573e-16
-6.985365105057558292e-16
-6.362019432830834942e-16
-5.792844974611815321e-16
-5.273290481681616424e-16
-4.799168812181590948e-16
-4.366630234921608896e-16
-3.972140733794110990e-16
-3.612458271085470189e-16
-3.284612741165900071e-16
-2.985886909175997268e-16
-2.713793623125912026e-16
-2.466054278044906091e-16
-2.240579917562195893e-16
-2.035454933537351224e-16
-1.848918174878842314e-16
-1.679349452501809956e-16
-1.525256322151966185e-16
-1.385263557589382232e-16
-1.258104482481461279e-16
-1.142615805427564369e-16
-1.037732405920588240e-16
-9.424821820787297231e-17
-8.559805364159955971e-17
-7.774236533320205228e-17
-7.060813811958246570e-17
-6.412906482028473040e-17
-5.824493958884365873e-17
-5.290110006819658116e-17
-4.804791175600121308e-17
-4.364030042720048069e-17
-3.963733161090938763e-17
-3.600183054957419508e-17
-3.270037300496172383e-17
-2.970322415739347064e-17
-2.698274961144169003e-17
-2.451403825835930259e-17
-2.227375352743703800e-17
-2.024093823025027569e-17
-1.839616877178437564e-17
-1.672176210468201154e-17
-1.520169904290250258e-17
-1.382148252085027479e-17
-1.256806952756696970e-17
-1.142973964730042395e-17
-1.039594301255800703e-17
-9.457164433590168810e-18
-8.604783270424283620e-18
-7.830926552288750537e-18
