# bin_2_4
-2.863219301935418286e-11
-2.876636839739883547e-11
-2.890520480911742504e-11
-2.904884403793180883e-11
-2.919743096852872138e-11
-2.935111111288528882e-11
-2.951002461738054913e-11
-2.967430564471688963e-11
-2.984408769605450499e-11
-3.001950803013680418e-11
-3.020071553138781991e-11
-3.038786918327557991e-11
-3.058112510072354976e-11
-3.078062739104126197e-11
-3.098650696451077315e-11
-3.119888999948427728e-11
-3.141791668035391357e-11
-3.164373372380530183e-11
-3.187648213984481098e-11
-3.211628835770610437e-11
-3.236326960488903067e-11
-3.261754505011360411e-11
-3.287922169165847836e-11
-3.314840162961575882e-11
-3.342518558224510529e-11
-3.370967484262936561e-11
-3.400192913537231517e-11
-3.430199280813651093e-11
-3.460993684267868705e-11
-3.492581697524405279e-11
-3.524962745951998700e-11
-3.558135346644591368e-11
-3.592100184473038005e-11
-3.626853483088280947e-11
-3.662387862992084340e-11
-3.698695560040849155e-11
-3.735764056410805392e-11
-3.773578912860292269e-11
-3.812125199312588889e-11
-3.851379522262896493e-11
-3.891316987809492192e-11
-3.931913033132853358e-11
-3.973131851754167990e-11
-4.014937177120237667e-11
-4.057289712028863739e-11
-4.100140811004228524e-11
-4.143440158200300611e-11
-4.187130883690626503e-11
-4.231149069142099794e-11
-4.275427181966710922e-11
-4.319888766057465047e-11
-4.364452571259208884e-11
-4.409029203599779548e-11
-4.453523127124299391e-11
-4.497830166107842636e-11
-4.541839737046466535e-11
-4.585432225157228387e-11
-4.628481174661007285e-11
-4.670850587709836062e-11
-4.712397825368629355e-11
-4.752970542794726070e-11
-4.792409685443251752e-11
-4.830547252299691308e-11
-4.867208548375724591e-11
-4.902211122475449752e-11
-4.935366307123673384e-11
-4.966479615992540235e-11
-4.995351335619258424e-11
-5.021777782927090927e-11
-5.045552681145329357e-11
-5.066467959959843888e-11
-5.084316508569760508e-11
-5.098893170944632856e-11
-5.109998337140389455e-11
-5.117439874696265480e-11
-5.121037027164682768e-11
-5.120623420120297346e-11
-5.116050481897821957e-11
-5.107191699495443679e-11
-5.093945478770613412e-11
-5.076240375383296191e-11
-5.054038532256450504e-11
-5.027340128960162902e-11
-4.996186786584358341e-11
-4.960666547154284277e-11
-4.920914689842582927e-11
-4.877120426602732761e-11
-4.829522126213374740e-11
-4.778420727431961977e-11
-4.724170297834468041e-11
-4.667179337272072737e-11
-4.607897831636824253e-11
-4.546818909781710009e-11
-4.484456610168073366e-11
-4.421347968455320720e-11
-4.358035412643792722e-11
-4.295054254716655979e-11
-4.232927742321341557e-11
-4.172145667291770278e-11
-4.113152848490355121e-11
-4.056333349219249604e-11
-4.002034498072144425e-11
-3.950457841046743343e-11
-3.901623775239537215e-11
-3.855500147487891300e-11
-3.811939036189079744e-11
-3.770538675730321569e-11
-3.730991077306534990e-11
-3.692741327216396839e-11
-3.655207371172395786e-11
-3.617903702544940504e-11
-3.580214386467694688e-11
-3.541619534830777085e-11
-3.501746214892773738e-11
-3.460313079955756809e-11
-3.417183112206464585e-11
-3.372379596619680045e-11
-3.326077500659680891e-11
-3.278580186395594145e-11
-3.230282421155433292e-11
-3.181629272123463941e-11
-3.133084506001824118e-11
-3.085118411712042589e-11
-3.038139966175598252e-11
-2.992528440339334570e-11
-2.948596344655047032e-11
-2.906601441622526664e-11
-2.866754481560187115e-11
-2.829184418507468093e-11
-2.793937003094014225e-11
-2.760954770893663266e-11
-2.730093150936790458e-11
-2.701105753616326887e-11
-2.673686066689512040e-11
-2.647488828178400093e-11
-2.622150408089444787e-11
-2.597310431960575786e-11
-2.572606301430919714e-11
-2.547660963726164619e-11
-2.522094017085425667e-11
-2.495538589941177362e-11
-2.467654877578018440e-11
-2.438230669448840293e-11
-2.407127882913301896e-11
-2.374347229413688053e-11
-2.339967641372704798e-11
-2.304129508950286151e-11
-2.267053587452080806e-11
-2.229054360918612031e-11
-2.190526355576600739e-11
-2.151917141032046783e-11
-2.113663508285916687e-11
-2.076107762464186519e-11
-2.039479003071187458e-11
-2.003827371570915313e-11
-1.968970054896086598e-11
-1.934548121814866774e-11
-1.900108416881308528e-11
-1.865202191035272013e-11
-1.829499098087545938e-11
-1.792858817885490056e-11
-1.755308212005385876e-11
-1.716985636714737657e-11
-1.678090825406271861e-11
-1.638952428541939829e-11
-1.599664046527176455e-11
-1.559634002889648858e-11
-1.518575264460753235e-11
-1.476325200077529691e-11
-1.432607489286067498e-11
-1.387448172272140928e-11
-1.341063515587047690e-11
-1.293811197290033209e-11
-1.246161053186752784e-11
-1.198607467004111232e-11
-1.151606434599429609e-11
-1.105639861943940237e-11
-1.061075552408032718e-11
-1.018214267709521052e-11
-9.773287883806506736e-12
-9.385461464984799984e-12
-9.018051204060927921e-12
-8.669039545074259539e-12
-8.335519406091537831e-12
-8.015361206744305017e-12
-7.707058035484677993e-12
-7.409647261922556515e-12
-7.123770363511411117e-12
-6.851766837149070430e-12
-6.595654334383329008e-12
-6.355406232010351369e-12
-6.129429859965200319e-12
-5.912528279046327909e-12
-5.699573536880508909e-12
-5.484083143649662538e-12
-5.261262519816849914e-12
-5.028746357091516597e-12
-4.786918921170745623e-12
-4.538727588766810759e-12
-4.288657841078084434e-12
-4.041410614780572686e-12
-3.801218742200954169e-12
-3.572045930395341265e-12
-3.357400341291003487e-12
-3.160489996797566619e-12
-2.983774444913830458e-12
-2.827803917325952603e-12
-2.690488236250000415e-12
-2.567413542487907056e-12
-2.453006011640425236e-12
-2.341745933915559703e-12
-2.229340934485276044e-12
-2.113290676004476519e-12
-1.993688416932442518e-12
-1.873146605917735331e-12
-1.755985671346938780e-12
-1.646572263004823334e-12
-1.547778045607671129e-12
-1.460143833825689841e-12
-1.381942701840298351e-12
-1.310044948755835914e-12
-1.241143505767754011e-12
-1.173064817329765226e-12
-1.105576021300184646e-12
-1.039919561694542598e-12
-9.778918359661953377e-13
-9.207381323564276837e-13
-8.684650595063804642e-13
-8.200881303298053145e-13
-7.743217190278572167e-13
-7.304678700979904677e-13
-6.885519049891923869e-13
-6.490094552976571939e-13
-6.120698772351599173e-13
-5.775980222503704136e-13
-5.452126807491491963e-13
-5.146361245469755351e-13
-4.857701445361074815e-13
-4.586035633362110594e-13
-4.330896462466638561e-13
-4.091154611492599358e-13
-3.865628505145610186e-13
-3.653231877922727631e-13
-3.453221814181162642e-13
-3.265041213350711622e-13
-3.087932410216634390e-13
-2.921136986899734749e-13
-2.763964499409451750e-13
-2.615843528197130721e-13
-2.476252036481015510e-13
-2.344609987296452718e-13
-2.220428583598374594e-13
-2.103265163113073280e-13
-1.992666190816020967e-13
-1.888226959337614238e-13
-1.789573966226366701e-13
-1.696353471217991474e-13
-1.608238314489587535e-13
-1.524923916704394482e-13
-1.446126113119295792e-13
-1.371579250503199169e-13
-1.301033491287278297e-13
-1.234253580219457573e-13
-1.171018855201615104e-13
-1.111122703022778178e-13
-1.054371780129185566e-13
-1.000584533294345611e-13
-9.495901098460413757e-14
-9.012281558112263090e-14
-8.553474803139250488e-14
-8.118048979909180763e-14
-7.704655538976754539e-14
-7.312026771494253469e-14
-6.938974778984513508e-14
-6.584384992605987923e-14
-6.247205713638840844e-14
-5.926449665513267725e-14
-5.621193761008892444e-14
-5.330576389389420193e-14
-5.053796130310526839e-14
-4.790106776836594561e-14
-4.538813453691376884e-14
-4.299269794410373511e-14
-4.070874496849852120e-14
-3.853069922954664130e-14
-3.645341052036376896e-14
-3.447210775566035900e-14
-3.258235297867121830e-14
-3.078002214408200333e-14
-2.906128784722039943e-14
-2.742261909554972644e-14
-2.586074953107417187e-14
-2.437262643027591204e-14
-2.295538254729665633e-14
-2.160630394643411535e-14
-2.032282534771501054e-14
-1.910251718743578707e-14
-1.794305325262039532e-14
-1.684219380838622582e-14
-1.579776440554547577e-14
-1.480765380876134641e-14
-1.386981518975498799e-14
-1.298225071008092663e-14
-1.214300378479863104e-14
-1.135014852817760856e-14
-1.060178532217720315e-14
-9.896043280676519196e-15
-9.231084127470212371e-15
-8.605105415332111184e-15
-8.016340163819429015e-15
-7.463057466956045192e-15
-6.943565147043105002e-15
-6.456212482402574881e-15
-5.999392272979681698e-15
-5.571542422821519753e-15
-5.171146973862127483e-15
-4.796737451880598236e-15
-4.446895327401082555e-15
-4.120254033332852829e-15
-3.815499562560385976e-15
-3.531370753871006622e-15
-3.266658914938122848e-15
-3.020207802097416497e-15
-2.790913547933805633e-15
-2.577723906326063440e-15
-2.379637050902174353e-15
-2.195699918794189599e-15
-2.025007154606354724e-15
-1.866700541533343299e-15
-1.719968094321381587e-15
-1.584042916160019830e-15
-1.458201596842171275e-15
-1.341762212918595363e-15
-1.234082252023624961e-15
-1.134556826390058526e-15
-1.042617293283609915e-15
-9.577299144024904219e-16
-8.793943249387756055e-16
-8.071418328711011753e-16
-7.405337106953154595e-16
-6.791594473200760886e-16
-6.226349490356706124e-16
-5.706011016961435802e-16
-5.227229198938746496e-16
-4.786883856445353406e-16
-4.382070015872882013e-16
-4.010087606978321338e-16
-3.668431996766949001e-16
-3.354775170123742927e-16
-3.066949683692776846e-16
-2.802940630612186463e-16
-2.560876062438969511e-16
-2.339016381580824749e-16
-2.135748914361783664e-16
-1.949582930475796163e-16
-1.779140935862846822e-16
-1.623150621536398411e-16
-1.480442737465627903e-16
-1.349928748120766189e-16
-1.230617405381942430e-16
-1.121576416889880410e-16
-1.021959370929044160e-16
-9.309871223115691520e-17
-8.479325504995809168e-17
-7.721337669298803117e-17
-7.029860573844004268e-17
-6.399222236420381946e-17
-5.824217434218548296e-17
-5.300060655801673104e-17
-4.822348677643141546e-17
-4.387044838195093970e-17
-3.990466249566052912e-17
-3.629267086447677312e-17
-3.300415613122997473e-17
-3.001149569759441495e-17
-2.728939006125958914e-17
-2.481451612948946672e-17
-2.256526718305486833e-17
-2.052157920084464871e-17
-1.866496557956771984e-17
-1.697844361906785940e-17
-1.544648138549321345e-17
-1.405496795772713017e-17
-1.279104682503183541e-17
-1.164301089286878599e-17
-1.060018941821715191e-17
-9.652871398251412089e-18
-8.792271745358877197e-18
-8.010469531443834789e-18
-7.300378385274438394e-18
-6.655675510469181431e-18
-6.070659498072142696e-18
-5.540091750993595033e-18
-5.059064788450128399e-18
-4.622894558205144954e-18
-4.227126175589103063e-18
-3.867741787428462325e-18
-3.541191132396028568e-18
-3.244428740122621446e-18
-2.974783565803344436e-18
