# bin_2_2
-3.115275227827391969e-11
-3.134357157704631196e-11
-3.154174938165289191e-11
-3.174756282239523218e-11
-3.196129893503717568e-11
-3.218325497069444884e-11
-3.241373871762428902e-11
-3.265306882156880479e-11
-3.290157511060483556e-11
-3.315959893910796478e-11
-3.342749352539965202e-11
-3.370562428723170790e-11
-3.399436920148984176e-11
-3.429411915590837663e-11
-3.460527829945840549e-11
-3.492826440541315612e-11
-3.526350922993486443e-11
-3.561145887921154804e-11
-3.597257415688406932e-11
-3.634733093844396506e-11
-3.673622052567898831e-11
-3.713975000495708495e-11
-3.755844261447545710e-11
-3.799283808812543741e-11
-3.844349296939001858e-11
-3.891098096072145345e-11
-3.939589320764983284e-11
-3.989883862397177903e-11
-4.042044416762305119e-11
-4.096135511576329362e-11
-4.152223531541427514e-11
-4.210376740554636127e-11
-4.270665302251980528e-11
-4.333161297418657640e-11
-4.397938741833438213e-11
-4.465073595092587574e-11
-4.534643773217272370e-11
-4.606729150114713729e-11
-4.681411560042594827e-11
-4.758774786526423307e-11
-4.838904553104549265e-11
-4.921888511462141103e-11
-5.007816219342652048e-11
-5.096779103089135465e-11
-5.188870401978469604e-11
-5.284185118103957051e-11
-5.382819974421763214e-11
-5.484873344156355328e-11
-5.590445163351806915e-11
-5.699636859727974649e-11
-5.812551255987417759e-11
-5.929292446150118012e-11
-6.049965691657426009e-11
-6.174677278445292536e-11
-6.303534337724522082e-11
-6.436644658602916856e-11
-6.574116481423279041e-11
-6.716058258560138104e-11
-6.862578839513911032e-11
-7.013788618807593698e-11
-7.169795883359237951e-11
-7.330706608860371252e-11
-7.496626675209237835e-11
-7.667660309703901089e-11
-7.843910202527803328e-11
-8.025476838884228393e-11
-8.212458602946874316e-11
-8.404950121266140115e-11
-8.603040860844464402e-11
-8.806818110161872732e-11
-9.016365058150783070e-11
-9.231759702718821164e-11
-9.453074590799781842e-11
-9.680375641748547514e-11
-9.913721896209640991e-11
-1.015316558379843696e-10
-1.039875016469517666e-10
-1.065050878819010690e-10
-1.090846452985234981e-10
-1.117262891687254789e-10
-1.144300068852077747e-10
-1.171956576810302450e-10
-1.200229708006335544e-10
-1.229115345630985092e-10
-1.258607905010273515e-10
-1.288700175599721878e-10
-1.319383157999455894e-10
-1.350645974235895314e-10
-1.382475910677962137e-10
-1.414858330616190483e-10
-1.447776529039243149e-10
-1.481211472626367958e-10
-1.515141820461455105e-10
-1.549544098075817289e-10
-1.584392758073395475e-10
-1.619660169994639922e-10
-1.655316583780294595e-10
-1.691329947640790601e-10
-1.727665973076341648e-10
-1.764288454327508375e-10
-1.801159554262748029e-10
-1.838240002680739081e-10
-1.875488454096230059e-10
-1.912862312548939689e-10
-1.950319198350610850e-10
-1.987816070188426455e-10
-2.025308560220016865e-10
-2.062752699158240141e-10
-2.100105806223112190e-10
-2.137326001660106478e-10
-2.174372754973886248e-10
-2.211207082111093424e-10
-2.247791335968363336e-10
-2.284092732673259329e-10
-2.320075705171906082e-10
-2.355704718186676455e-10
-2.390952589740074683e-10
-2.425779537009570436e-10
-2.460158962028349258e-10
-2.494058445213247130e-10
-2.527444583768274264e-10
-2.560284890908161016e-10
-2.592529228415930229e-10
-2.624127061052676508e-10
-2.655011269004837604e-10
-2.685100120650992362e-10
-2.714299627265050586e-10
-2.742497682284177366e-10
-2.769575926997611409e-10
-2.795394811560500549e-10
-2.819809187154511737e-10
-2.842656748161131571e-10
-2.863741222145469247e-10
-2.882848914433586992e-10
-2.899750079151751909e-10
-2.914207875952936421e-10
-2.925986509804892711e-10
-2.934862387601313673e-10
-2.940632882582353974e-10
-2.943123625670945514e-10
-2.942194759497552151e-10
-2.937741686154860034e-10
-2.929695361612923752e-10
-2.918018040002634029e-10
-2.902695874539786118e-10
-2.883727910923910311e-10
-2.861113030795130374e-10
-2.834839363828998735e-10
-2.804877776128011778e-10
-2.771183217010258258e-10
-2.733700609162080627e-10
-2.692373970813954080e-10
-2.647162516836251027e-10
-2.598069058883577234e-10
-2.545165327047497184e-10
-2.488601443095401227e-10
-2.428608092968073161e-10
-2.365498174568488709e-10
-2.299662955589775309e-10
-2.231561024376985307e-10
-2.161704972666048198e-10
-2.090634034960244439e-10
-2.018897632982201813e-10
-1.947056952899588533e-10
-1.875697375622721972e-10
-1.805414030581099484e-10
-1.736766465912704378e-10
-1.670302897841508542e-10
-1.606501478702264938e-10
-1.545701238900436660e-10
-1.488115873273056162e-10
-1.433871529596959218e-10
-1.382970982090493190e-10
-1.335327461056755789e-10
-1.290767070710004023e-10
-1.248997443636410928e-10
-1.209668155389423937e-10
-1.172067663233709147e-10
-1.135600695073845884e-10
-1.099427263513970070e-10
-1.062753354944250022e-10
-1.025027033645663983e-10
-9.857844991732616127e-11
-9.448122780583074205e-11
-9.020646684445582077e-11
-8.577899717939383509e-11
-8.124924888037880405e-11
-7.669307702113624309e-11
-7.220571771196540839e-11
-6.788887269809153563e-11
-6.383651871826693275e-11
-6.012024455005941050e-11
-5.677822608788149087e-11
-5.380739625149394046e-11
-5.116703443061341491e-11
-4.878535092352903786e-11
-4.657412555728035810e-11
-4.444476322465848708e-11
-4.232685350005889818e-11
-4.018072752341772907e-11
-3.800440331290919732e-11
-3.583176571746261844e-11
-3.371854266274855096e-11
-3.172076448150275517e-11
-2.987536848757479370e-11
-2.819188783271512175e-11
-2.665243701306322495e-11
-2.522150232542284282e-11
-2.386390729730862803e-11
-2.255684019401580624e-11
-2.129676709297289216e-11
-2.009312851096804169e-11
-1.895784494336566248e-11
-1.789674945311386986e-11
-1.690457026992224871e-11
-1.597190846979196572e-11
-1.508995213099330517e-11
-1.425509872719746324e-11
-1.346775222617611221e-11
-1.272883493559270813e-11
-1.203637464197968000e-11
-1.138564005650488449e-11
-1.077242630824429294e-11
-1.019405538107407775e-11
-9.650069682984802838e-12
-9.139248265712808743e-12
-8.659767659472129833e-12
-8.208890832079110479e-12
-7.784485848338640971e-12
-7.385349792000548458e-12
-7.010137411642917269e-12
-6.657378390412881318e-12
-6.325524950155203721e-12
-6.013203174966265410e-12
-5.719290215199545207e-12
-5.442512822169424310e-12
-5.181779893451185344e-12
-4.936091034959476728e-12
-4.704426897434885664e-12
-4.485856007498156524e-12
-4.279506547676956788e-12
-4.084555897948026799e-12
-3.900219881335655852e-12
-3.725769044174482837e-12
-3.560534503120462674e-12
-3.403882363712789740e-12
-3.255218853584909575e-12
-3.113987135787310935e-12
-2.979665312200574437e-12
-2.851767258161262507e-12
-2.729840810239042829e-12
-2.613465906034248466e-12
-2.502252138202974059e-12
-2.395838350065843531e-12
-2.293892126906446585e-12
-2.196108465486139723e-12
-2.102208030030199867e-12
-2.011935330000947923e-12
-1.925057823907350790e-12
-1.841365148075542783e-12
-1.760668622279149341e-12
-1.682799818749819615e-12
-1.607609226585711303e-12
-1.534965033535395051e-12
-1.464751537521496470e-12
-1.396868619364442214e-12
-1.331230483699166328e-12
-1.267764311144794124e-12
-1.206408940013491788e-12
-1.147112416900367331e-12
-1.089830919695524528e-12
-1.034527702867693336e-12
-9.811718446078892915e-13
-9.297372976684610767e-13
-8.802006597511908804e-13
-8.325400546887815504e-13
-7.867344535644389602e-13
-7.427629379868941767e-13
-7.006043777671158111e-13
-6.602360343690653979e-13
-6.216326977767072326e-13
-5.847662312852479579e-13
-5.496054896167778440e-13
-5.161164711126881482e-13
-4.842621877083967544e-13
-4.540026551638317859e-13
-4.252949711457263313e-13
-3.980936656400216976e-13
-3.723511008327040551e-13
-3.480178674635231588e-13
-3.250431646780818698e-13
-3.033750840794690320e-13
-2.829609862868735971e-13
-2.637478399725157802e-13
-2.456825987838526543e-13
-2.287125961229749626e-13
-2.127858155645504626e-13
-1.978511193004533564e-13
-1.838584132235361072e-13
-1.707588088465091779e-13
-1.585048092385012954e-13
-1.470504423133027583e-13
-1.363513530004030103e-13
-1.263648492538370195e-13
-1.170499318321825305e-13
-1.083673045707960624e-13
-1.002793677128043484e-13
-9.275021224305960221e-14
-8.574561162685343925e-14
-7.923300276889642240e-14
-7.318145735157526829e-14
-6.756163470989446504e-14
-6.234572156032955554e-14
-5.750737841263515786e-14
-5.302168470457553890e-14
-4.886510889635363044e-14
-4.501547864708471581e-14
-4.145194417108918151e-14
-3.815492222988766537e-14
-3.510603270458439192e-14
-3.228802401081410572e-14
-2.968469996091657330e-14
-2.728085685729512720e-14
-2.506223484370490192e-14
-2.301547686312719884e-14
-2.112809395514195454e-14
-1.938842962559791342e-14
-1.778561750448193782e-14
-1.630953383880520457e-14
-1.495074821767958117e-14
-1.370047521654375799e-14
-1.255053032022280270e-14
-1.149329196506617743e-14
-1.052166860322319247e-14
-9.629068350441831127e-15
-8.809370798124486807e-15
-8.056900034140437852e-15
-7.366396858327696649e-15
-6.732990935390109474e-15
-6.152173962388212508e-15
-5.619773957496725323e-15
-5.131930708473044170e-15
-4.685073585248087651e-15
-4.275901545882587481e-15
-3.901364140551330940e-15
-3.558643668849145723e-15
-3.245139293377923934e-15
-2.958452092557141337e-15
-2.696370309831841296e-15
-2.456855702457952762e-15
-2.238031624653908089e-15
-2.038171306863736255e-15
-1.855685958589213309e-15
-1.689113732600250679e-15
-1.537110506731805625e-15
-1.398440651767550323e-15
-1.271969031700514534e-15
-1.156654811172612836e-15
-1.051546598081676962e-15
-9.557753725870681233e-16
-8.685478252316663398e-16
-7.891390719405913285e-16
-7.168838458817930816e-16
-6.511690244651851096e-16
-5.914282122322481393e-16
-5.371380548067816780e-16
-4.878148393309591272e-16
-4.430131486258163324e-16
-4.023240250096289968e-16
-3.653731251042687140e-16
-3.318184549300193288e-16
-3.013483168755920531e-16
-2.736791250215132246e-16
-2.485531626411327758e-16
-2.257363838763477651e-16
-2.050162944908958727e-16
-1.861999752637025217e-16
-1.691122822245256639e-16
-1.535942093764779836e-16
-1.395014003405461678e-16
-1.267027952531935678e-16
-1.150794029432332314e-16
-1.045231876270922720e-16
-9.493605955785073728e-17
-8.622933933901387249e-17
-7.832321720019564018e-17
-7.114451410473588069e-17
-6.462700025342355006e-17
-5.870971412615247023e-17
-5.333757149719236356e-17
-4.846009266679215042e-17
-4.403137855641547108e-17
-4.000978798649809170e-17
-3.635756006790956796e-17
-3.304054573218508596e-17
-3.002788204504369250e-17
-2.729165647391063635e-17
-2.480660383798289348e-17
-2.254980850472692511e-17
-2.050040560502472116e-17
