# bin_4_3
-3.018174776652203631e-11
-3.036738234809509710e-11
-3.056019024216809947e-11
-3.076044286825440368e-11
-3.096842145911209466e-11
-3.118441738337442561e-11
-3.140873247285777409e-11
-3.164167935164262738e-11
-3.188358176850845574e-11
-3.213477495629786403e-11
-3.239560599444748152e-11
-3.266643415569177825e-11
-3.294763126596896825e-11
-3.323958210211130825e-11
-3.354268476784374158e-11
-3.385735105750623827e-11
-3.418400686340781221e-11
-3.452309258538458045e-11
-3.487506350444534963e-11
-3.524039018722136974e-11
-3.561955892980043154e-11
-3.601307211220689791e-11
-3.642144863229311624e-11
-3.684522432781754121e-11
-3.728495232537638122e-11
-3.774120350743750115e-11
-3.821456687072963184e-11
-3.870564993117214701e-11
-3.921507914605439944e-11
-3.974350024837864136e-11
-4.029157869582171112e-11
-4.085999994603619892e-11
-4.144946988842162725e-11
-4.206071510050403464e-11
-4.269448321303733568e-11
-4.335154314144652421e-11
-4.403268542606936726e-11
-4.473872241416187937e-11
-4.547048855771940944e-11
-4.622884051333412990e-11
-4.701465743993430374e-11
-4.782884096624940993e-11
-4.867231533724142940e-11
-4.954602732970377501e-11
-5.045094614871552040e-11
-5.138806339730381428e-11
-5.235839289979994535e-11
-5.336297067203542381e-11
-5.440285550429667146e-11
-5.547912916623044201e-11
-5.659289122356928722e-11
-5.774526243242300456e-11
-5.893738406179519421e-11
-6.017041626957995020e-11
-6.144553795847827448e-11
-6.276394576514155699e-11
-6.412685251225938997e-11
-6.553548712460461316e-11
-6.699109029784062444e-11
-6.849491411014536107e-11
-7.004822342821243763e-11
-7.165229262634610773e-11
-7.330840330566047045e-11
-7.501784240348039952e-11
-7.678190001944687748e-11
-7.860186718076240002e-11
-8.047903359664061344e-11
-8.241468627694550412e-11
-8.441010242048902157e-11
-8.646654639116316135e-11
-8.858526776233737112e-11
-9.076749849156344343e-11
-9.301444547168812268e-11
-9.532729150694922094e-11
-9.770719032887439483e-11
-1.001552603928992850e-10
-1.026725856118294832e-10
-1.052602050985157139e-10
-1.079191087555022357e-10
-1.106502276360883418e-10
-1.134544251418832742e-10
-1.163324976419618591e-10
-1.192851692661862354e-10
-1.223130865297276016e-10
-1.254168109023321670e-10
-1.285968080715149787e-10
-1.318534344888901026e-10
-1.351869359290110650e-10
-1.385974483650791798e-10
-1.420849993090211697e-10
-1.456494977148746074e-10
-1.492907229102990540e-10
-1.530083245211710503e-10
-1.568018289938037515e-10
-1.606706425577049131e-10
-1.646140346507813256e-10
-1.686311321518249408e-10
-1.727209627967726247e-10
-1.768824668539313260e-10
-1.811144514454914565e-10
-1.854156141116277709e-10
-1.897845929358837037e-10
-1.942199942494322673e-10
-1.987204120496184728e-10
-2.032844095937732759e-10
-2.079105362153204207e-10
-2.125973546128963525e-10
-2.173434381197995115e-10
-2.221474847345656438e-10
-2.270081519969213042e-10
-2.319241342424941301e-10
-2.368944871972470147e-10
-2.419182044491997082e-10
-2.469944532226799129e-10
-2.521223914929988129e-10
-2.573010599764249880e-10
-2.625296762184434757e-10
-2.678070957412292708e-10
-2.731319606256699142e-10
-2.785025999355376302e-10
-2.839168838426234323e-10
-2.893721614458849416e-10
-2.948651422640086889e-10
-3.003920803444237331e-10
-3.059474738980970772e-10
-3.115226905894912612e-10
-3.171107075192241448e-10
-3.227019498348069998e-10
-3.282843921761842796e-10
-3.338446512375928295e-10
-3.393673567278715172e-10
-3.448371577563683705e-10
-3.502359303533904148e-10
-3.555431949236905305e-10
-3.607382922104672236e-10
-3.657995020079314759e-10
-3.707038414097047392e-10
-3.754268892040343055e-10
-3.799446576534923055e-10
-3.842327296013555936e-10
-3.882660731156378288e-10
-3.920198150714326911e-10
-3.954688309478109354e-10
-3.985881376182231260e-10
-4.013532219837627299e-10
-4.037399920177614177e-10
-4.057249625565145314e-10
-4.072851267910673940e-10
-4.083976699010824002e-10
-4.090395018776340867e-10
-4.091868892593588283e-10
-4.088148886214666740e-10
-4.078977597861562931e-10
-4.064100801261320053e-10
-4.043283999650853219e-10
-4.016316290667127015e-10
-3.983014426211476571e-10
-3.943229953254475350e-10
-3.896860437539319057e-10
-3.843862369435471681e-10
-3.784271092789859037e-10
-3.718225499933095568e-10
-3.645976209592260992e-10
-3.567865141017948176e-10
-3.484322007743514133e-10
-3.395863301722612946e-10
-3.303083206132402546e-10
-3.206648869992521685e-10
-3.107299601760104881e-10
-3.005841110677222710e-10
-2.903127441999258166e-10
-2.800071516067646521e-10
-2.697576791672583678e-10
-2.596538934561054459e-10
-2.497910733725726588e-10
-2.402543841418178105e-10
-2.311122568104453277e-10
-2.224168943425038743e-10
-2.142036703935305623e-10
-2.064931608741580003e-10
-1.992890346259205277e-10
-1.925879003038300630e-10
-1.863695279644662700e-10
-1.805996505198138357e-10
-1.752208342734601140e-10
-1.701561163288383281e-10
-1.652886050675051447e-10
-1.604247642000907612e-10
-1.554279103321303046e-10
-1.501925739423834582e-10
-1.446117466388264351e-10
-1.386431052611305809e-10
-1.322979006768961132e-10
-1.256309116774578190e-10
-1.187398417999545577e-10
-1.117647964201443554e-10
-1.048763570598454716e-10
-9.825667471824856225e-11
-9.207540455854069660e-11
-8.646630173487346348e-11
-8.150582927013442857e-11
-7.719748243593082237e-11
-7.346829853115842291e-11
-7.018252238714220671e-11
-6.717236857406749003e-11
-6.426612711855737544e-11
-6.131355824558681383e-11
-5.821811542351312398e-11
-5.496946941485310962e-11
-5.164135583695471673e-11
-4.835456463304375039e-11
-4.523825111973198523e-11
-4.239736861219017030e-11
-3.987872736966073186e-11
-3.765426182420448589e-11
-3.564203836580758440e-11
-3.374386167765924201e-11
-3.188405753528381910e-11
-3.003890295398263762e-11
-2.823231821090914507e-11
-2.651060924579892601e-11
-2.491034408640467857e-11
-2.343967287257466895e-11
-2.208142412531237720e-11
-2.080713539487917151e-11
-1.959827393038937260e-11
-1.845227761379936750e-11
-1.737304424140386000e-11
-1.636033063313363948e-11
-1.540988633492004729e-11
-1.451750690001681890e-11
-1.368134861938974653e-11
-1.289947867086151596e-11
-1.216647538883257649e-11
-1.147695973550964537e-11
-1.082884990048259505e-11
-1.022247105295471455e-11
-9.655607986682377545e-12
-9.123855520160095253e-12
-8.624644733156500252e-12
-8.156855074014380802e-12
-7.718852731052819341e-12
-7.308215061619626293e-12
-6.922909579998937381e-12
-6.561708068633433988e-12
-6.222994663006113556e-12
-5.905057875876274941e-12
-5.606650195748929667e-12
-5.326500790770924197e-12
-5.063286184999779296e-12
-4.815845544058827937e-12
-4.583111001215081082e-12
-4.364061573914104501e-12
-4.157745917021986981e-12
-3.963276775440641503e-12
-3.779816457210331768e-12
-3.606580043082416770e-12
-3.442833747652551820e-12
-3.287891956115567961e-12
-3.141114037030918759e-12
-3.001901660756914074e-12
-2.869700258571575413e-12
-2.743996823094498790e-12
-2.624316597337263124e-12
-2.510220101192625855e-12
-2.401300334668249833e-12
-2.297182932215063288e-12
-2.197524830442980978e-12
-2.102012125336697509e-12
-2.010359141531916842e-12
-1.922307262448080028e-12
-1.837623296642901505e-12
-1.756097491590064941e-12
-1.677541881611037897e-12
-1.601789920041360543e-12
-1.528696326134409788e-12
-1.458134495921299567e-12
-1.389993370567019288e-12
-1.324175959380046597e-12
-1.260598735152408288e-12
-1.199191663482744299e-12
-1.139896013260363705e-12
-1.082660924718964864e-12
-1.027442157206296463e-12
-9.742015297153429817e-13
-9.229070798797784291e-13
-8.735317310736895670e-13
-8.260501158630286583e-13
-7.804374913613510114e-13
-7.366691255285074534e-13
-6.947198499999483079e-13
-6.545635724674129130e-13
-6.161720224544726789e-13
-5.795144406776042847e-13
-5.445575726442752089e-13
-5.112655414146104893e-13
-4.795999065829754795e-13
-4.495196424866742563e-13
-4.209813629485469352e-13
-3.939396378081242010e-13
-3.683471253855642083e-13
-3.441547766682704535e-13
-3.213122363739655553e-13
-2.997682663654688729e-13
-2.794710928762237794e-13
-2.603686536419354371e-13
-2.424088217112860434e-13
-2.255397542524008279e-13
-2.097102184261195335e-13
-1.948697968831666067e-13
-1.809690352079466766e-13
-1.679595459029044923e-13
-1.557941831883909358e-13
-1.444272370399162436e-13
-1.338145285625728148e-13
-1.239134777246446214e-13
-1.146831347470308812e-13
-1.060841928085372580e-13
-9.807901320647114395e-14
-9.063162631822340807e-14
-8.370773549483968660e-14
-7.727471982578060306e-14
-7.130160219423066735e-14
-6.575898810439539847e-14
-6.061900604050807102e-14
-5.585525249595369351e-14
-5.144274698111869994e-14
-4.735790280062145057e-14
-4.357849578571824286e-14
-4.008361567051128157e-14
-3.685360474947205472e-14
-3.386998520925812329e-14
-3.111538682982796828e-14
-2.857349918789432307e-14
-2.622903226287990371e-14
-2.406767546058179820e-14
-2.207606001487303365e-14
-2.024171762924970406e-14
-1.855302343055221255e-14
-1.699913518504736995e-14
-1.556994041095040685e-14
-1.425600932234289127e-14
-1.304855254168153958e-14
-1.193938921211303205e-14
-1.092091994052121064e-14
-9.986094978018483579e-15
-9.128379547258048392e-15
-8.341719467034467036e-15
-7.620507414648699061e-15
-6.959549341111991127e-15
-6.354034785372766316e-15
-5.799511395295515961e-15
-5.291861737322856600e-15
-4.827281035650749140e-15
-4.402257164640664772e-15
-4.013550327654827609e-15
-3.658173684404298952e-15
-3.333374803615625917e-15
-3.036618124638898497e-15
-2.765568058292867575e-15
-2.518073958056678226e-15
-2.292155658550693453e-15
-2.085989095874075993e-15
-1.897895085968331526e-15
-1.726331621671818810e-15
-1.569885224364513601e-15
-1.427262571956641852e-15
-1.297286385669648525e-15
-1.178888813359241822e-15
-1.071095174291918916e-15
-9.730102168339952749e-16
-8.838100892699333336e-16
-8.027317142031144239e-16
-7.290638670747851892e-16
-6.621462614529609973e-16
-6.013703809359047539e-16
-5.461769694872399044e-16
-4.960543069439691800e-16
-4.505364760751835559e-16
-4.092001872917844425e-16
-3.716610145977482116e-16
-3.375699219157985992e-16
-3.066098786860218903e-16
-2.784930506235686200e-16
-2.529580930401262783e-16
-2.297678737781465300e-16
-2.087068039146208761e-16
-1.895793976166356743e-16
-1.722080195314958075e-16
-1.564315226072793459e-16
-1.421034220806782561e-16
-1.290908970834051734e-16
-1.172731615864119303e-16
-1.065404505300958737e-16
-9.679302751337677670e-17
-8.794023476040668490e-17
-7.989970778852249144e-17
-7.259666974625309747e-17
-6.596326072313437856e-17
-5.993788619956004112e-17
