# bin_1_4
-2.710657526275392899e-11
-2.723371310318099782e-11
-2.736527020373018541e-11
-2.750138128714263539e-11
-2.764218405626915660e-11
-2.778781684105220640e-11
-2.793841288503505625e-11
-2.809409974288820146e-11
-2.825500436838188339e-11
-2.842125733084405534e-11
-2.859300032890555348e-11
-2.877038477399448560e-11
-2.895355944117608530e-11
-2.914266176952202058e-11
-2.933781667511554638e-11
-2.953914458203318424e-11
-2.974677929302167110e-11
-2.996086096634427482e-11
-3.018152459236757930e-11
-3.040889145420645870e-11
-3.064307413579337592e-11
-3.088418703656073137e-11
-3.113233322028745383e-11
-3.138761142922635110e-11
-3.165011931920154030e-11
-3.191995510573613690e-11
-3.219717775576717134e-11
-3.248183195654661741e-11
-3.277398793271035183e-11
-3.307370172882461063e-11
-3.338097133539518163e-11
-3.369578627923057205e-11
-3.401815703873021025e-11
-3.434805242841131125e-11
-3.468540734058676078e-11
-3.503015321168946313e-11
-3.538217698409631018e-11
-3.574134801350335537e-11
-3.610753141593615970e-11
-3.648051246126928554e-11
-3.686006291968914426e-11
-3.724595843841988387e-11
-3.763786863752492838e-11
-3.803545936905205321e-11
-3.843836886436686594e-11
-3.884614735270873955e-11
-3.925833014487260069e-11
-3.967439150975502073e-11
-4.009373987938423364e-11
-4.051575065719777720e-11
-4.093971595238299955e-11
-4.136488359530586129e-11
-4.179042574648716472e-11
-4.221545764562696489e-11
-4.263901431166392250e-11
-4.306007161982100566e-11
-4.347752173763434183e-11
-4.389019385184462267e-11
-4.429682879569070859e-11
-4.469610668499117249e-11
-4.508661798971156192e-11
-4.546689223870073871e-11
-4.583537698974255369e-11
-4.619045930377299157e-11
-4.653045566713024117e-11
-4.685362672945925059e-11
-4.715818133139183589e-11
-4.744228226501256289e-11
-4.770405862322534883e-11
-4.794161907640840072e-11
-4.815305968315569006e-11
-4.833649057730926096e-11
-4.849004579227238760e-11
-4.861191757504994117e-11
-4.870037440908369696e-11
-4.875379792820261123e-11
-4.877071124095099167e-11
-4.874981165985884180e-11
-4.869001166836499347e-11
-4.859046613228557463e-11
-4.845062210087726886e-11
-4.827025169023968721e-11
-4.804949464701717593e-11
-4.778889080832270036e-11
-4.748942701608375902e-11
-4.715254401229814171e-11
-4.678019987009070130e-11
-4.637482352936190645e-11
-4.593944237974413016e-11
-4.547759140718943372e-11
-4.499332509856867511e-11
-4.449109481439729015e-11
-4.397576449178797766e-11
-4.345239735399104811e-11
-4.292627397280658125e-11
-4.240272515989403800e-11
-4.188701061078515887e-11
-4.138427770770425776e-11
-4.089936184441198842e-11
-4.043667454055086323e-11
-4.000002695076390312e-11
-3.959285675958148378e-11
-3.921730370108350869e-11
-3.887379279512424456e-11
-3.856215108396472725e-11
-3.828114918027275724e-11
-3.802716235205944248e-11
-3.779747707632816100e-11
-3.758706855262878531e-11
-3.739058313278075749e-11
-3.720362182289180500e-11
-3.702061028333624490e-11
-3.683687688524250563e-11
-3.664910792337478916e-11
-3.645487950807793241e-11
-3.625314863183323734e-11
-3.604436603182163729e-11
-3.583036646955078587e-11
-3.561419505227014248e-11
-3.539969143760662089e-11
-3.519111502181825296e-11
-3.499285273936698809e-11
-3.480926129142521049e-11
-3.464406298208413613e-11
-3.450063404103849942e-11
-3.438165342795198362e-11
-3.428927270129619415e-11
-3.422517089673302611e-11
-3.419026340232482717e-11
-3.418472005473939695e-11
-3.420762999125525267e-11
-3.425745707726509804e-11
-3.433156149435746423e-11
-3.442677429456130039e-11
-3.453954412851073428e-11
-3.466602102433423061e-11
-3.480245150486292561e-11
-3.494495393742232086e-11
-3.508950441696691869e-11
-3.523201962448152835e-11
-3.536840101681396218e-11
-3.549467219918346359e-11
-3.560776621766433543e-11
-3.570508384360085582e-11
-3.578498443453057689e-11
-3.584629630684704116e-11
-3.588819917945787345e-11
-3.591037445964266082e-11
-3.591315231778737768e-11
-3.589738736652269289e-11
-3.586426781156662903e-11
-3.581488774919400558e-11
-3.574952390271393350e-11
-3.566737387732970404e-11
-3.556614257666188342e-11
-3.544186910507687170e-11
-3.528929882762292512e-11
-3.510257647480043828e-11
-3.487609928618927657e-11
-3.460542612518452518e-11
-3.428785047144021473e-11
-3.392241373325077843e-11
-3.350955860317468652e-11
-3.305069630592261602e-11
-3.254806203516719529e-11
-3.200279946854768811e-11
-3.141333676873863946e-11
-3.077915211542961420e-11
-3.010035828258401090e-11
-2.937745933818894162e-11
-2.861307783251410611e-11
-2.781172583086968886e-11
-2.697947859893383817e-11
-2.612351396610597583e-11
-2.525152213783161566e-11
-2.437130300415850985e-11
-2.349073169758701094e-11
-2.261759230378401008e-11
-2.175958231075582201e-11
-2.092444319519855569e-11
-2.011905712362247454e-11
-1.934862590223548285e-11
-1.861665368163796038e-11
-1.792482313616566775e-11
-1.727391013685622521e-11
-1.666400756392107045e-11
-1.609452050527786937e-11
-1.556428982326094608e-11
-1.507192601598447985e-11
-1.461427773113500322e-11
-1.418468416261148084e-11
-1.377483266478942480e-11
-1.336916629069777397e-11
-1.295680780681483607e-11
-1.252460326370227313e-11
-1.206408759465861768e-11
-1.157142102004652157e-11
-1.104631142158793412e-11
-1.049267542563932485e-11
-9.918405085891715657e-12
-9.334871800695490486e-12
-8.756113875914204771e-12
-8.197579283987062778e-12
-7.674261658702772678e-12
-7.198732645531185294e-12
-6.779012607719461216e-12
-6.416669260120574517e-12
-6.106163013827857555e-12
-5.835663369800476082e-12
-5.589562974637526836e-12
-5.351349027845159262e-12
-5.106922274707568544e-12
-4.847523090681454668e-12
-4.572107760400768191e-12
-4.287316181412438773e-12
-4.005141696384205537e-12
-3.738903984891639451e-12
-3.498915870484575164e-12
-3.289071775253380259e-12
-3.106049725901659503e-12
-2.941412208831122535e-12
-2.785056131822352274e-12
-2.629458821192837126e-12
-2.472596604441036422e-12
-2.317526049829848244e-12
-2.169895771072330627e-12
-2.034251853669743569e-12
-1.911514873848009419e-12
-1.799293517411933892e-12
-1.693731549134664450e-12
-1.592402206035899991e-12
-1.495075603310082180e-12
-1.403064191398176762e-12
-1.317382546747074320e-12
-1.237985762118437534e-12
-1.163845456937325026e-12
-1.094047110297737761e-12
-1.028217459655554059e-12
-9.663968993848729027e-13
-9.086157586417604230e-13
-8.546429496786732173e-13
-8.041351649824036312e-13
-7.567638460344195036e-13
-7.123561853641961580e-13
-6.708211039749887587e-13
-6.319790406000824469e-13
-5.956247714330080441e-13
-5.615791230236295560e-13
-5.297093570180314469e-13
-4.998904108883019270e-13
-4.719706851431018713e-13
-4.458271273784460083e-13
-4.213498204699917901e-13
-3.984225370706962240e-13
-3.769415397896985257e-13
-3.568100459682834251e-13
-3.379356292878192158e-13
-3.202330439550484306e-13
-3.036232759558141600e-13
-2.880322191405917711e-13
-2.733898878908506094e-13
-2.596305224040746695e-13
-2.466924647195370131e-13
-2.345181530189536567e-13
-2.230538520540141336e-13
-2.122493165795452103e-13
-2.020576893381278520e-13
-1.924353080215814901e-13
-1.833416133904345608e-13
-1.747388585189683016e-13
-1.665917832348670785e-13
-1.588675795423472457e-13
-1.515357808883694919e-13
-1.445682458497444736e-13
-1.379390387423989921e-13
-1.316242013248234800e-13
-1.256016503315433784e-13
-1.198510834095696172e-13
-1.143539468171260024e-13
-1.090933973398886911e-13
-1.040541905270715056e-13
-9.922252267715105017e-14
-9.458589793862188613e-14
-9.013305492485390755e-14
-8.585391863212881809e-14
-8.173956182076690590e-14
-7.778206467651776438e-14
-7.397436446664075659e-14
-7.031018586496803801e-14
-6.678398488345717590e-14
-6.339095836765079550e-14
-6.012695006261802280e-14
-5.698828311796117814e-14
-5.397166444513672721e-14
-5.107407286108461978e-14
-4.829274374543512857e-14
-4.562513644446834358e-14
-4.306883937811973155e-14
-4.062151689584494616e-14
-3.828083464649596980e-14
-3.604444631045959004e-14
-3.390999951070190249e-14
-3.187510660327327696e-14
-2.993733012562946688e-14
-2.809414879125739635e-14
-2.634294613062627286e-14
-2.468102366742799375e-14
-2.310561414517146879e-14
-2.161389498000065135e-14
-2.020299201250518654e-14
-1.886998504592188937e-14
-1.761192136765390536e-14
-1.642583282245147204e-14
-1.530875104621996070e-14
-1.425771876422462576e-14
-1.326979982114697183e-14
-1.234208939283180896e-14
-1.147172670578195023e-14
-1.065590622268213725e-14
-9.891885380878730243e-15
-9.176990956510307214e-15
-8.508623508018521783e-15
-7.884263353944914548e-15
-7.301476286393631208e-15
-6.757916634174558614e-15
-6.251328723250127430e-15
-5.779546246894514639e-15
-5.340492476746532206e-15
-4.932181698114875758e-15
-4.552719916753395974e-15
-4.200305003361644686e-15
-3.873225061273911883e-15
-3.569855532575529888e-15
-3.288655919060737657e-15
-3.028166938880753712e-15
-2.787008683867310658e-15
-2.563878915230660128e-15
-2.357550753572644231e-15
-2.166869463137930262e-15
-1.990748909354094944e-15
-1.828167903595793931e-15
-1.678166673051433119e-15
-1.539844001212460733e-15
-1.412355491686575308e-15
-1.294911465355886221e-15
-1.186774241097541566e-15
-1.087255392537215383e-15
-9.957128380556858924e-16
-9.115474556462909178e-16
-8.342003105864412381e-16
-7.631506735593857278e-16
-6.979140179955185414e-16
-6.380399769217441643e-16
-5.831106329635486776e-16
-5.327385322984076043e-16
-4.865644268058703968e-16
-4.442553192219130606e-16
-4.055032388606121442e-16
-3.700220791766047520e-16
-3.375484049212614498e-16
-3.078371188701723733e-16
-2.806632893148044484e-16
-2.558195216143938055e-16
-2.331137357515756642e-16
-2.123695868971101323e-16
-1.934248704677810876e-16
-1.761289210433428594e-16
-1.603428169909789406e-16
-1.459383920179315918e-16
-1.327975950162688485e-16
-1.208120782210321848e-16
-1.098828907000437659e-16
-9.992011867983981587e-17
-9.084233819877658769e-17
-8.257539661939731344e-17
-7.505138704086402385e-17
-6.820760681478207104e-17
-6.198573966753059053e-17
-5.633136657348264058e-17
-5.119400525506227278e-17
-4.652703733680403505e-17
-4.228766124953781493e-17
-3.843684763590557555e-17
-3.493904380686312794e-17
-3.176189424500566516e-17
-2.887595585890045831e-17
-2.625445975058611211e-17
-2.387312113746145661e-17
-2.170993428037171432e-17
-1.974500561619573283e-17
-1.796036277979384779e-17
-1.633971507036116943e-17
-1.486821343954835732e-17
-1.353224532613493751e-17
-1.231926086450834721e-17
-1.121770196633177923e-17
-1.021709979809683153e-17
-9.308030037812791090e-18
-8.482077326426879481e-18
-7.731672598134312582e-18
