# bin_2_3
-1.202939970791821413e-11
-1.210022055831803961e-11
-1.217372812775659009e-11
-1.225001999455847467e-11
-1.232919692663542680e-11
-1.241136296013422975e-11
-1.249662547398945676e-11
-1.258509525786922872e-11
-1.267688657554867294e-11
-1.277211724519323966e-11
-1.287090871239692453e-11
-1.297338609909046936e-11
-1.307967825686249883e-11
-1.318991784625825292e-11
-1.330424138337204548e-11
-1.342278926534837340e-11
-1.354570582860832305e-11
-1.367313939619244977e-11
-1.380524227973690910e-11
-1.394217080296134720e-11
-1.408408534809150627e-11
-1.423115030682635059e-11
-1.438353410102337847e-11
-1.454140917688680126e-11
-1.470495191887508598e-11
-1.487434266550336207e-11
-1.504976560340949902e-11
-1.523140869432982965e-11
-1.541946359711054894e-11
-1.561412549694467437e-11
-1.581559303031852071e-11
-1.602406803250108228e-11
-1.623975543339956074e-11
-1.646286296011179233e-11
-1.669360093258086434e-11
-1.693218191198526803e-11
-1.717882044783849785e-11
-1.743373264834394825e-11
-1.769713586452183126e-11
-1.796924816346924459e-11
-1.825028799418200238e-11
-1.854047355407522655e-11
-1.884002233754318471e-11
-1.914915048183145983e-11
-1.946807209420668252e-11
-1.979699856687019322e-11
-2.013613768156741838e-11
-2.048569286213045682e-11
-2.084586309956231883e-11
-2.121684249408842301e-11
-2.159881462328801884e-11
-2.199195510186137360e-11
-2.239643023703448417e-11
-2.281239479618187913e-11
-2.323999122672539467e-11
-2.367934817455049381e-11
-2.413057863908670364e-11
-2.459377974278734220e-11
-2.506902827263117371e-11
-2.555637966277516398e-11
-2.605586867327672325e-11
-2.656750579984259956e-11
-2.709127482999766885e-11
-2.762713065523646890e-11
-2.817499679336925596e-11
-2.873476294174836803e-11
-2.930628274164692477e-11
-2.988937279540926342e-11
-3.048380691875908442e-11
-3.108931444545363065e-11
-3.170557874638008475e-11
-3.233223415883659461e-11
-3.296885944192063234e-11
-3.361497957461648261e-11
-3.427006176705597964e-11
-3.493351041692683566e-11
-3.560466890384064054e-11
-3.628281225860077466e-11
-3.696714717183125974e-11
-3.765680864223162395e-11
-3.835085491806055275e-11
-3.904826801914205034e-11
-3.974795119457727367e-11
-4.044872739282871443e-11
-4.114933519059481960e-11
-4.184842223260155637e-11
-4.254453765297275448e-11
-4.323613849598182914e-11
-4.392160181297397491e-11
-4.459923600144022304e-11
-4.526727507011584153e-11
-4.592387265939305530e-11
-4.656711004714625062e-11
-4.719500852856529951e-11
-4.780553828785961930e-11
-4.839661336005889149e-11
-4.896610040804024500e-11
-4.951187250977185028e-11
-5.003183616671343873e-11
-5.052390455143202799e-11
-5.098602641611858049e-11
-5.141624033834409261e-11
-5.181271120790897873e-11
-5.217375927812151347e-11
-5.249786316574745296e-11
-5.278369931761975216e-11
-5.303019897162429467e-11
-5.323657103419443139e-11
-5.340238192673587284e-11
-5.352748344932498953e-11
-5.361208753089125646e-11
-5.365695930346884451e-11
-5.366320682238051054e-11
-5.363242078757629796e-11
-5.356661341857667239e-11
-5.346815943185238713e-11
-5.333991028287339670e-11
-5.318495724595504280e-11
-5.300663991802773133e-11
-5.280851653127879083e-11
-5.259424978400325134e-11
-5.236755266417624402e-11
-5.213202941020912170e-11
-5.189112754035817058e-11
-5.164804779414787950e-11
-5.140524312860285601e-11
-5.116465905546876938e-11
-5.092741333236454176e-11
-5.069371455412617913e-11
-5.046291894265933370e-11
-5.023351624849110913e-11
-5.000332820004803193e-11
-4.976946044124739203e-11
-4.952853392321210266e-11
-4.927695168888875237e-11
-4.901102736347114752e-11
-4.872714216504494429e-11
-4.842187841154412409e-11
-4.809223807018204044e-11
-4.773578788292058444e-11
-4.735062751338885558e-11
-4.693548000871901665e-11
-4.648976876946077758e-11
-4.601377299223233930e-11
-4.550875372323474817e-11
-4.497691824208193553e-11
-4.442129177665197041e-11
-4.384546674354178526e-11
-4.325318180549282249e-11
-4.264773155328646628e-11
-4.203130885397640614e-11
-4.140432461712026301e-11
-4.076525977844947865e-11
-4.011140432282769425e-11
-3.943967518038575910e-11
-3.874659534691812159e-11
-3.802811878286008407e-11
-3.727984980891099380e-11
-3.649747021830145839e-11
-3.567736117307352142e-11
-3.481769640980958386e-11
-3.391996571368091509e-11
-3.298912648547988197e-11
-3.203144942964691051e-11
-3.105382490661043310e-11
-3.006342756085424488e-11
-2.906685853752903772e-11
-2.806994886388447630e-11
-2.707803706056367270e-11
-2.609612613571832646e-11
-2.512856230805450827e-11
-2.418064335520092613e-11
-2.325569859293640824e-11
-2.235626794795636633e-11
-2.148770086999995160e-11
-2.065274738318926388e-11
-1.985282634739418664e-11
-1.908782979157557880e-11
-1.835631457422414455e-11
-1.765669210804039949e-11
-1.698696575953267397e-11
-1.634749764818493170e-11
-1.573919003731910930e-11
-1.516356382010296541e-11
-1.462045583570453229e-11
-1.410718955510023080e-11
-1.361664613452363001e-11
-1.313630983441655552e-11
-1.265553224903009598e-11
-1.216606841995775698e-11
-1.166173673948901524e-11
-1.114168076420510063e-11
-1.060910484198041578e-11
-1.006964114346702138e-11
-9.530442503172376751e-12
-8.999966987931378272e-12
-8.487103846289934864e-12
-8.000438680619768378e-12
-7.547064679299993630e-12
-7.131285379140545609e-12
-6.753719836433633258e-12
-6.411534957743321194e-12
-6.099187391476942306e-12
-5.809949946284049293e-12
-5.537220407874018620e-12
-5.274992233794063645e-12
-5.017979112886898669e-12
-4.762429538178536569e-12
-4.507730472837256408e-12
-4.256435459388775193e-12
-4.012711825793818755e-12
-3.781174553226994677e-12
-3.565659819161034116e-12
-3.367880488871184609e-12
-3.186557685933714914e-12
-3.018391756234334489e-12
-2.859518734405146546e-12
-2.706897286283360860e-12
-2.559272939651903031e-12
-2.417010697399734336e-12
-2.281403026759487563e-12
-2.153626921278419735e-12
-2.034113284343144742e-12
-1.922336616526868833e-12
-1.817222458104573678e-12
-1.717881403865155041e-12
-1.623863466729541169e-12
-1.534915309653681819e-12
-1.450720472332728825e-12
-1.371082623935261386e-12
-1.295975501600040868e-12
-1.225377358321375833e-12
-1.159064654524632279e-12
-1.096544927535692993e-12
-1.037401304782430283e-12
-9.815042991402516413e-13
-9.288814562884780437e-13
-8.793825744548797037e-13
-8.327074437766517670e-13
-7.886552591705233999e-13
-7.471239556514012511e-13
-7.079894081073156792e-13
-6.710830824385757067e-13
-6.362606789100846164e-13
-6.034207755974765456e-13
-5.724428285009349578e-13
-5.432017309434884234e-13
-5.155985795938404579e-13
-4.895383369800557964e-13
-4.649231862670984287e-13
-4.416638223409093722e-13
-4.196783889336846072e-13
-3.988886052446858940e-13
-3.792206905690670290e-13
-3.606055516042776415e-13
-3.429780737181320464e-13
-3.262769886901045684e-13
-3.104445400792181477e-13
-2.954264837794849136e-13
-2.811718748255179773e-13
-2.676329536536993547e-13
-2.547652259819355372e-13
-2.425270988345755411e-13
-2.308796553979113002e-13
-2.197865369894495614e-13
-2.092138923840214824e-13
-1.991304356710963761e-13
-1.895071735166132838e-13
-1.803171864146074419e-13
-1.715355689696602863e-13
-1.631394023656157681e-13
-1.551077155661422437e-13
-1.474212687912481026e-13
-1.400623732852251246e-13
-1.330148375594962139e-13
-1.262639318418088600e-13
-1.197962428236979994e-13
-1.135994838083940116e-13
-1.076623916987247470e-13
-1.019746700612449882e-13
-9.652695579314156018e-14
-9.131067860391082091e-14
-8.631787862328330080e-14
-8.154114180135792781e-14
-7.697354849679691004e-14
-7.260864797981401794e-14
-6.844036484715582708e-14
-6.446284535637125513e-14
-6.067042388113390351e-14
-5.705759572219137598e-14
-5.361897955204146978e-14
-5.034926993950150006e-14
-4.724317281877659896e-14
-4.429539853610556071e-14
-4.150066615193548743e-14
-3.885369493678298772e-14
-3.634919688514432964e-14
-3.398187370321393711e-14
-3.174643197378583880e-14
-2.963760173629426586e-14
-2.765014333788799243e-14
-2.577885202971115860e-14
-2.401857269652836162e-14
-2.236422201445802415e-14
-2.081080624245596866e-14
-1.935343228001814832e-14
-1.798731612346869840e-14
-1.670779694479953506e-14
-1.551034833301919510e-14
-1.439058414147205988e-14
-1.334426293095771568e-14
-1.236729075100993336e-14
-1.145572645247975460e-14
-1.060578732583013924e-14
-9.813849842660626614e-15
-9.076449261979090624e-15
-8.390278303528697738e-15
-7.752185071721713728e-15
-7.159171366055744859e-15
-6.608389472415776260e-15
-6.097139014396472981e-15
-5.622863690893265215e-15
-5.183146371430100381e-15
-4.775702887165368114e-15
-4.398376197565841276e-15
-4.049130983628690160e-15
-3.726049101285932451e-15
-3.427326034795057826e-15
-3.151267019144221376e-15
-2.896282235848000418e-15
-2.660881445402528994e-15
-2.443668088691134288e-15
-2.243333498791102878e-15
-2.058652502940256149e-15
-1.888479460660341235e-15
-1.731744259718891620e-15
-1.587448733547100065e-15
-1.454663204449566653e-15
-1.332522366146105416e-15
-1.220221081889228130e-15
-1.117010553910687890e-15
-1.022194638386958228e-15
-9.351261828531242844e-16
-8.552039213273975659e-16
-7.818697724127053068e-16
-7.146061687211584460e-16
-6.529334605872914722e-16
-5.964074662575204326e-16
-5.446170444541281745e-16
-4.971818118424452824e-16
-4.537501400655346214e-16
-4.139972149419123068e-16
-3.776232557290742381e-16
-3.443519852001459945e-16
-3.139289988323318724e-16
-2.861197723919799889e-16
-2.607081190238379700e-16
-2.374948103484074804e-16
-2.162962072528846147e-16
-1.969430297419304146e-16
-1.792795138073638106e-16
-1.631624927991581854e-16
-1.484604068524037954e-16
-1.350525020362927575e-16
-1.228281308600272843e-16
-1.116859725962479151e-16
-1.015332527623509548e-16
-9.228523670273327537e-17
-8.386464451626117234e-17
-7.620070419173124983e-17
-6.922839911663037573e-17
-6.288801694415487194e-17
-5.712454001969015342e-17
-5.188707390347539164e-17
-4.712865174903553847e-17
-4.280613736708233470e-17
-3.887996825984543251e-17
-3.531396256944959081e-17
-3.207523880704724916e-17
-2.913392256860097218e-17
-2.646284959155879930e-17
-2.403737199874524534e-17
-2.183499070332075141e-17
-1.983528157681526294e-17
-1.801968314819160126e-17
-1.637147820502816735e-17
-1.487521224300909444e-17
-1.351709253748940051e-17
-1.228446072664006126e-17
-1.116595367094866583e-17
-1.015109920891714618e-17
-9.230562170089024660e-18
-8.395696582868006255e-18
-7.638571920995953328e-18
-6.951928832919599681e-18
-6.329093886879002812e-18
-5.763972812067683225e-18
-5.251050133589974587e-18
-4.785360753298689159e-18
-4.362425391106162053e-18
