# bin_1_1
-2.758394129383147034e-10
-2.770723029427483458e-10
-2.783482845740140682e-10
-2.796686422784786315e-10
-2.810346700920207724e-10
-2.824476774685815459e-10
-2.839089914136855331e-10
-2.854199631421980273e-10
-2.869819839896452323e-10
-2.885964800522497949e-10
-2.902649006657732207e-10
-2.919887049376449154e-10
-2.937693327390941615e-10
-2.956082088695182757e-10
-2.975067592747319996e-10
-2.994664279382507415e-10
-3.014886964082017230e-10
-3.035750538320265023e-10
-3.057269781166839462e-10
-3.079459124617312090e-10
-3.102332968041374938e-10
-3.125905733980295311e-10
-3.150191594100040654e-10
-3.175204136387792730e-10
-3.200956445402265440e-10
-3.227461600556144062e-10
-3.254732714007763960e-10
-3.282782660283240570e-10
-3.311623803775503321e-10
-3.341267957368446366e-10
-3.371726317097909244e-10
-3.403009543740412746e-10
-3.435127907799247725e-10
-3.468090906074436440e-10
-3.501907014597118474e-10
-3.536584656804723592e-10
-3.572132296637604548e-10
-3.608557441520479527e-10
-3.645866048780028048e-10
-3.684063458250044821e-10
-3.723155875221506066e-10
-3.763149412287210678e-10
-3.804048216737593503e-10
-3.845855100739496555e-10
-3.888574611349878529e-10
-3.932213042272329671e-10
-3.976773715182880343e-10
-4.022258267259246302e-10
-4.068673910555885139e-10
-4.116027210796497053e-10
-4.164321029937647214e-10
-4.213565399482522261e-10
-4.263769497188181898e-10
-4.314939783972068924e-10
-4.367094116830437052e-10
-4.420244780570723627e-10
-4.474406589887894867e-10
-4.529604841346751371e-10
-4.585858039483731742e-10
-4.643194741527545639e-10
-4.701644496720944690e-10
-4.761236282311301413e-10
-4.822013210373401538e-10
-4.884022244364401683e-10
-4.947308254097143045e-10
-5.011909998759135108e-10
-5.077865830565305153e-10
-5.145213998319055560e-10
-5.213992924476898017e-10
-5.284240599142506453e-10
-5.355996023799140842e-10
-5.429294170956023030e-10
-5.504182522095801636e-10
-5.580709748631887911e-10
-5.658906746330671317e-10
-5.738785556446065091e-10
-5.820348084346435412e-10
-5.903539135100938616e-10
-5.988471218743751867e-10
-6.074880269881372145e-10
-6.162611276971697770e-10
-6.251698843471323239e-10
-6.342043418875204234e-10
-6.433540916435358890e-10
-6.526095699331969256e-10
-6.619610680729331127e-10
-6.713966770281035039e-10
-6.809178836362972724e-10
-6.904753987201648148e-10
-7.000599142469508939e-10
-7.096683448456447483e-10
-7.192835755272973698e-10
-7.288901625561884173e-10
-7.384830319270402509e-10
-7.480311748230588426e-10
-7.574940251634358737e-10
-7.668570608449970598e-10
-7.760881812522073256e-10
-7.851596585951804931e-10
-7.940414763894889300e-10
-8.026888421362688420e-10
-8.110832018545631715e-10
-8.191985175194172243e-10
-8.270165065185965328e-10
-8.345095270238936167e-10
-8.416699785348905272e-10
-8.484837806373331862e-10
-8.549311972774412379e-10
-8.609865087535128553e-10
-8.666299433473335622e-10
-8.718321683382620054e-10
-8.765640756656106048e-10
-8.808041344441062076e-10
-8.845396337592861104e-10
-8.877610928424784161e-10
-8.904562324570972048e-10
-8.926076771916219245e-10
-8.941911087249232881e-10
-8.951786555625439345e-10
-8.955345380714648679e-10
-8.952356306878560744e-10
-8.942408959356210558e-10
-8.925364128872639341e-10
-8.900933564956874371e-10
-8.868929353934990920e-10
-8.828987341379426314e-10
-8.780749717316204741e-10
-8.723978336524034396e-10
-8.658450846386345565e-10
-8.584031112463882527e-10
-8.500661476426063453e-10
-8.408281728827980504e-10
-8.306834131939122224e-10
-8.196354135509549509e-10
-8.076923198100586774e-10
-7.948674778898058120e-10
-7.811812020533754251e-10
-7.666579942423913561e-10
-7.513310174127123484e-10
-7.352393836987220466e-10
-7.184358554303789653e-10
-7.009843108471210023e-10
-6.829623667065702558e-10
-6.644530435769830301e-10
-6.455508517562372764e-10
-6.263574951552907562e-10
-6.069810683771968699e-10
-5.875311381140741618e-10
-5.681176794333540903e-10
-5.488475925209283930e-10
-5.298169617196336743e-10
-5.111027589239907557e-10
-4.927628118786970209e-10
-4.748433045120716184e-10
-4.573882807379922920e-10
-4.404364154786966953e-10
-4.240235605260933189e-10
-4.081812299165016799e-10
-3.929354268140175567e-10
-3.783045753987593064e-10
-3.642996106721507769e-10
-3.509093744043208625e-10
-3.380963355776971091e-10
-3.258027978476130927e-10
-3.139467067011238551e-10
-3.024101192610759502e-10
-2.910533240886817995e-10
-2.797837214861043303e-10
-2.685408270850001265e-10
-2.572628822841155459e-10
-2.459302205226901511e-10
-2.345771867881702548e-10
-2.232576715274601893e-10
-2.120628306335138572e-10
-2.011169154933186351e-10
-1.905514784786132074e-10
-1.804863101440123169e-10
-1.710066476509394393e-10
-1.621505366377505941e-10
-1.539030944179688275e-10
-1.462030523291715365e-10
-1.389574551904480628e-10
-1.320676959154050955e-10
-1.254561367420144500e-10
-1.190770549119993859e-10
-1.129132231025891694e-10
-1.069730098180204583e-10
-1.012876228103842745e-10
-9.589422703111659120e-11
-9.081470201960566151e-11
-8.604928263846597506e-11
-8.158000434908099126e-11
-7.737124749662344843e-11
-7.337574292613786467e-11
-6.955299350774646331e-11
-6.588442010195573784e-11
-6.237495766220396191e-11
-5.904577722436240538e-11
-5.591787861505843130e-11
-5.299506476309733920e-11
-5.026073452693140800e-11
-4.768796829365715224e-11
-4.525318080373476540e-11
-4.294221268113662130e-11
-4.075158051628126615e-11
-3.868359498348497397e-11
-3.673716793999476813e-11
-3.490425248999041611e-11
-3.317524648311860849e-11
-3.154258142037008421e-11
-3.000157090702982541e-11
-2.854828766911290912e-11
-2.717727144490336563e-11
-2.588249133837810016e-11
-2.465942329700651600e-11
-2.350476347481437600e-11
-2.241437633362962511e-11
-2.138334972150505730e-11
-2.040779730033333642e-11
-1.948488315073717289e-11
-1.861131789558763353e-11
-1.778372607724305730e-11
-1.699912289854265036e-11
-1.625491122717034679e-11
-1.554838963950074830e-11
-1.487684201572931493e-11
-1.423812810679837223e-11
-1.363024269866593078e-11
-1.305107985909027476e-11
-1.249881130892633952e-11
-1.197174116314242682e-11
-1.146817654330236961e-11
-1.098655741415755374e-11
-1.052545047514768528e-11
-1.008351523826619493e-11
-9.659533165926733362e-12
-9.252406733162853636e-12
-8.861122432951693587e-12
-8.484740321008903465e-12
-8.122388829890364700e-12
-7.773264916272584929e-12
-7.436640939088243970e-12
-7.111865023590208802e-12
-6.798356382008645240e-12
-6.495599294879726471e-12
-6.203131537051256662e-12
-5.920536015445701086e-12
-5.647440402439447962e-12
-5.383519938505687673e-12
-5.128496441851049359e-12
-4.882127567941982602e-12
-4.644196417124680261e-12
-4.414510359488576829e-12
-4.192902323192971209e-12
-3.979228053077043099e-12
-3.773357639364637401e-12
-3.575167439077821307e-12
-3.384539326784222977e-12
-3.201361239194645799e-12
-3.025524327629516179e-12
-2.856918522290463542e-12
-2.695428385921005344e-12
-2.540931904376998791e-12
-2.393300749727453216e-12
-2.252399618772368972e-12
-2.118085161350838071e-12
-1.990204723227449330e-12
-1.868596311864043741e-12
-1.753089563010473538e-12
-1.643506111396311558e-12
-1.539660468325909784e-12
-1.441361586372858511e-12
-1.348413962663534144e-12
-1.260618559508422668e-12
-1.177773764938207035e-12
-1.099676594060600128e-12
-1.026124253130499060e-12
-9.569153492368459815e-13
-8.918506036967280404e-13
-8.307336262841000649e-13
-7.733717208817332434e-13
-7.195766107842676813e-13
-6.691650594733258857e-13
-6.219592301617225008e-13
-5.777869748515679072e-13
-5.364821077677590478e-13
-4.978845261611900066e-13
-4.618403148462146631e-13
-4.282018364724774785e-13
-3.968277464644721889e-13
-3.675829975447243274e-13
-3.403388628009265716e-13
-3.149728943706125748e-13
-2.913687695077209636e-13
-2.694161033059730213e-13
-2.490102597572250094e-13
-2.300521693573925584e-13
-2.124481658734645984e-13
-1.961097967342128836e-13
-1.809536198652924013e-13
-1.669010235411630739e-13
-1.538780154371834894e-13
-1.418149736708856695e-13
-1.306464381513695096e-13
-1.203109173830389220e-13
-1.107506773343610481e-13
-1.019115489783991047e-13
-9.374277047014055734e-14
-8.619681441676773129e-14
-7.922920767507518345e-14
-7.279837017972781423e-14
-6.686546238084366113e-14
-6.139422479971702046e-14
-5.635082758209717121e-14
-5.170373132749566193e-14
-4.742354832764993126e-14
-4.348290697036771029e-14
-3.985632604424363508e-14
-3.652009640448586721e-14
-3.345216772707880214e-14
-3.063204309042557558e-14
-2.804068228656846284e-14
-2.566040979653471077e-14
-2.347482797225647671e-14
-2.146873537719601235e-14
-1.962804871264888778e-14
-1.793972870747260677e-14
-1.639170972922298455e-14
-1.497283254780748212e-14
-1.367278095538630233e-14
-1.248202174629188331e-14
-1.139174867399016103e-14
-1.039383022245757967e-14
-9.480760278607985320e-15
-8.645610778955530354e-15
-7.881986561181564482e-15
-7.183984546107479069e-15
-6.546170903333639674e-15
-5.963511513453117394e-15
-5.431376135345305935e-15
-4.945511501984760525e-15
-4.502012140335965181e-15
-4.097297411593831348e-15
-3.728089037624560325e-15
-3.391397167734537383e-15
-3.084466832272948461e-15
-2.804770805672688387e-15
-2.549998937235020651e-15
-2.318023589408701707e-15
-2.106881097296981746e-15
-1.914777880613815739e-15
-1.740031542870331653e-15
-1.581109184083956295e-15
-1.436606188316890695e-15
-1.305244126119265170e-15
-1.185852588926085842e-15
-1.077352418188610688e-15
-9.787643219528578731e-16
-8.891964739661723198e-16
-8.078309149438573482e-16
-7.339177180737035493e-16
-6.667767916082515615e-16
-6.057909639719840316e-16
-5.503938264128115795e-16
-5.000731492460607674e-16
-4.543639191555062922e-16
-4.128426560178664217e-16
-3.751252106864658410e-16
-3.408627288355780299e-16
-3.097385085975025891e-16
-2.814654473692114447e-16
-2.557816165223369139e-16
-2.324514061630272014e-16
-2.112579846791503740e-16
-1.920078101163947877e-16
-1.745212163691358465e-16
-1.586397053655645323e-16
-1.442131341858769169e-16
-1.311128702088748375e-16
-1.192137299302754318e-16
-1.084071816639371069e-16
-9.859394298704882010e-17
-8.968147964744578688e-17
-8.158787327937136356e-17
-7.423995790683648068e-17
-6.756847817942054018e-17
-6.151218470859493067e-17
-5.601551757755503770e-17
-5.102798873266844748e-17
-4.650393243645045460e-17
-4.240053828097326801e-17
-3.867873748013777038e-17
-3.530303291117570586e-17
-3.224093172669485203e-17
-2.946299887953804628e-17
-2.694226267401342128e-17
-2.465482636299434436e-17
-2.257979733057539842e-17
-2.069867511847496464e-17
-1.899546965996823944e-17
