# bin_3_2
-6.420611279148410667e-11
-6.460591657886333683e-11
-6.502124230785813367e-11
-6.545268312200954936e-11
-6.590085408217760387e-11
-6.636639291589558850e-11
-6.684996079371958969e-11
-6.735224311935842827e-11
-6.787395033977325084e-11
-6.841581879054263534e-11
-6.897861155047769553e-11
-6.956311931068902594e-11
-7.017016128590252995e-11
-7.080058613382736001e-11
-7.145527289106630679e-11
-7.213513194088252946e-11
-7.284110599335242371e-11
-7.357417109225939079e-11
-7.433533762051446251e-11
-7.512565135202623248e-11
-7.594619450207652435e-11
-7.679808680607916009e-11
-7.768248662749924886e-11
-7.860059205387776090e-11
-7.955364197527000884e-11
-8.054291721718420333e-11
-8.156974163331887572e-11
-8.263548326645096182e-11
-8.374155547609394665e-11
-8.488941808961977562e-11
-8.608057854040178503e-11
-8.731659298992435181e-11
-8.859906745329618487e-11
-8.992965892713302345e-11
-9.131007654083889701e-11
-9.274208261651886273e-11
-9.422749377182983571e-11
-9.576818192053315267e-11
-9.736607529715566350e-11
-9.902315933235663894e-11
-1.007414775430753359e-10
-1.025231324595852290e-10
-1.043702864214012767e-10
-1.062851621307155921e-10
-1.082700430058538896e-10
-1.103272736360186088e-10
-1.124592603989817324e-10
-1.146684717270639503e-10
-1.169574381340953705e-10
-1.193287524689745654e-10
-1.217850699114681105e-10
-1.243291075833967667e-10
-1.269636442485308130e-10
-1.296915195338967193e-10
-1.325156326359905420e-10
-1.354389409315313937e-10
-1.384644583802467922e-10
-1.415952532700366013e-10
-1.448344500465953964e-10
-1.481852416046827992e-10
-1.516508516057700516e-10
-1.552345323312548634e-10
-1.589395876887769043e-10
-1.627693570001302883e-10
-1.667272155335303614e-10
-1.708165664595727397e-10
-1.750408401765257880e-10
-1.794034753000101283e-10
-1.839079023504751899e-10
-1.885575707609488287e-10
-1.933559258772616278e-10
-1.983063957592352001e-10
-2.034123853989937210e-10
-2.086772615682405743e-10
-2.141043471302865539e-10
-2.196969165210620622e-10
-2.254581692934915515e-10
-2.313912073905490035e-10
-2.374990311548701021e-10
-2.437845144039238400e-10
-2.502503817710246863e-10
-2.568992017634066517e-10
-2.637333766386998203e-10
-2.707551230765962652e-10
-2.779664568540326985e-10
-2.853691632971956356e-10
-2.929647660180661032e-10
-3.007545033261557551e-10
-3.087393190261395142e-10
-3.169198337916327099e-10
-3.252963146868847145e-10
-3.338686320456210707e-10
-3.426362450515659121e-10
-3.515982061333897152e-10
-3.607531466387269633e-10
-3.700992521024194886e-10
-3.796342353299010903e-10
-3.893552894368213649e-10
-3.992590607821067394e-10
-4.093416620502647624e-10
-4.195986830330612455e-10
-4.300251895247435237e-10
-4.406156110517960909e-10
-4.513638040879225052e-10
-4.622632037157106669e-10
-4.733066610387901663e-10
-4.844862962905086549e-10
-4.957936996362727013e-10
-5.072200146626314886e-10
-5.187557807483639429e-10
-5.303909837170749328e-10
-5.421151010892572539e-10
-5.539169029783784948e-10
-5.657851718130168016e-10
-5.777071477817095141e-10
-5.896691200971225848e-10
-6.016580198685883371e-10
-6.136564329259876847e-10
-6.256493516993560300e-10
-6.376189185080087080e-10
-6.495467826225469977e-10
-6.614136358855579069e-10
-6.731957810897535167e-10
-6.848701184739463276e-10
-6.964098598071246153e-10
-7.077854575141445535e-10
-7.189649845963802638e-10
-7.299123049435919131e-10
-7.405906632220767980e-10
-7.509584325652636784e-10
-7.609725547497218410e-10
-7.705868152400026306e-10
-7.797498909647943569e-10
-7.884075766824917996e-10
-7.965025116849994818e-10
-8.039754601855341187e-10
-8.107661235426998616e-10
-8.168144232535810786e-10
-8.220617611793684077e-10
-8.264516821632615695e-10
-8.299310047531967853e-10
-8.324499887164840182e-10
-8.339628240879604315e-10
-8.344275053636256329e-10
-8.338054845310545462e-10
-8.320610398487867309e-10
-8.291605221259784572e-10
-8.250717718526196170e-10
-8.197642733485043231e-10
-8.132099512795125553e-10
-8.053847574061886309e-10
-7.962705283300630312e-10
-7.858575195877151179e-10
-7.741483596900346353e-10
-7.611616580092982846e-10
-7.469336951034166468e-10
-7.315194908121861810e-10
-7.149935480208343376e-10
-6.974501734335479731e-10
-6.790023993205609505e-10
-6.597808416981238249e-10
-6.399301449623451943e-10
-6.196064383486390170e-10
-5.989763818880302744e-10
-5.782174928776520402e-10
-5.575144563224173309e-10
-5.370497383780958958e-10
-5.170050426296623683e-10
-4.975465366445389465e-10
-4.788124484408397973e-10
-4.609109652344787905e-10
-4.439257117832493067e-10
-4.279086392290812293e-10
-4.128830176036168574e-10
-3.988425526468249071e-10
-3.857439510689606681e-10
-3.735192020782637562e-10
-3.620082591109084109e-10
-3.510612656197926558e-10
-3.404420158974764334e-10
-3.299033171385514486e-10
-3.192399172052527180e-10
-3.082570294133024356e-10
-2.968230113410086992e-10
-2.848311395645283875e-10
-2.722694626499223149e-10
-2.592024671606709448e-10
-2.457842210855826689e-10
-2.322478863575060459e-10
-2.188721132594195446e-10
-2.059489380297176699e-10
-1.937451709443755554e-10
-1.824668025502097244e-10
-1.722271511258382364e-10
-1.630368196819610353e-10
-1.548007810586806091e-10
-1.473412585660618148e-10
-1.404313208337112158e-10
-1.338418201884713098e-10
-1.273823582846249208e-10
-1.209377641117701175e-10
-1.144894719909548988e-10
-1.081033624777756015e-10
-1.018898131403031558e-10
-9.595728273619606246e-11
-9.038296490073236950e-11
-8.519398843953425127e-11
-8.036825010098927957e-11
-7.585793826519424236e-11
-7.161160177640940281e-11
-6.759719444114140497e-11
-6.380079134358126745e-11
-6.021728626747577577e-11
-5.683764887688685877e-11
-5.364029479660790415e-11
-5.060637212498775283e-11
-4.772611837623985213e-11
-4.500400219131206038e-11
-4.244993348487691197e-11
-4.006629302865783654e-11
-3.784098898366082185e-11
-3.575081355734353382e-11
-3.377691498311518359e-11
-3.191065377630153285e-11
-3.015449910697676106e-11
-2.850880356843128959e-11
-2.696871839382572206e-11
-2.552334375442477561e-11
-2.416376369307749523e-11
-2.288559890223170453e-11
-2.168557014892780120e-11
-2.055969355587372920e-11
-1.950267685199863926e-11
-1.850966467469130692e-11
-1.757678425229002265e-11
-1.670009456017268250e-11
-1.587617856631137512e-11
-1.510160095434596164e-11
-1.437299762535593050e-11
-1.368730814027847131e-11
-1.304166324367776795e-11
-1.243339146836685304e-11
-1.185988507105627976e-11
-1.131872869854040167e-11
-1.080771427394686240e-11
-1.032472384988271752e-11
-9.867786771537010040e-12
-9.435056553668170811e-12
-9.024791930101913763e-12
-8.635372684423481168e-12
-8.265293322016836649e-12
-7.913150335246708166e-12
-7.577633067127065427e-12
-7.257522939344576857e-12
-6.951692996508735543e-12
-6.659105871749834029e-12
-6.378808811987752331e-12
-6.109927007347150156e-12
-5.851660210913881428e-12
-5.603280167502277843e-12
-5.364129153941472401e-12
-5.133616162265611322e-12
-4.911212813591444664e-12
-4.696449651702498902e-12
-4.488911541041721804e-12
-4.288235651349246917e-12
-4.094108078930626874e-12
-3.906260663827875639e-12
-3.724467236084076215e-12
-3.548536623361207596e-12
-3.378308677422098342e-12
-3.213650579713421010e-12
-3.054453891883577011e-12
-2.900631662180352532e-12
-2.752111660650079852e-12
-2.608832035480912171e-12
-2.470738061347008094e-12
-2.337780155951115623e-12
-2.209912658449148455e-12
-2.087089311573646321e-12
-1.969259913803724273e-12
-1.856367826500055742e-12
-1.748349320720630913e-12
-1.645133500805820410e-12
-1.546641148308660832e-12
-1.452783928462253149e-12
-1.363463850785069253e-12
-1.278573892223086890e-12
-1.197998978010563581e-12
-1.121616869279320498e-12
-1.049299072931649068e-12
-9.809115415370892973e-13
-9.163157046519743210e-13
-8.553695103753896670e-13
-7.979285837503639354e-13
-7.438474502442753087e-13
-6.929804689950280324e-13
-6.451826596788324699e-13
-6.003103597237118603e-13
-5.582219028317175263e-13
-5.187783317415782139e-13
-4.818439621394339299e-13
-4.472868243008248707e-13
-4.149789429243133117e-13
-3.847965933734652433e-13
-3.566204912606362279e-13
-3.303359078285375240e-13
-3.058327471399212931e-13
-2.830055752678697418e-13
-2.617536338141540238e-13
-2.419808359078134075e-13
-2.235957111551116598e-13
-2.065112969462569467e-13
-1.906450090655522805e-13
-1.759184860034187632e-13
-1.622574996234316838e-13
-1.495918772872700028e-13
-1.378554193588743366e-13
-1.269857707851212389e-13
-1.169242670745393190e-13
-1.076157374725404340e-13
-9.900829583811403229e-14
-9.105315185598319414e-14
-8.370445516842446514e-14
-7.691916643531715181e-14
-7.065695845484605668e-14
-6.488011956649490731e-14
-5.955343521244636584e-14
-5.464404989402525049e-14
-5.012131852990946359e-14
-4.595665279644980142e-14
-4.212337966211295626e-14
-3.859662244122273122e-14
-3.535319981018820199e-14
-3.237153250699317975e-14
-2.963155941963195768e-14
-2.711465572244459029e-14
-2.480354530490438746e-14
-2.268221124188792440e-14
-2.073580997376141541e-14
-1.895058865476542708e-14
-1.731380702779410682e-14
-1.581366779028678728e-14
-1.443925369700734396e-14
-1.318046709759258102e-14
-1.202797305267216922e-14
-1.097314784954969061e-14
-1.000803016956304148e-14
-9.125274112115600427e-15
-8.318105422699584395e-15
-7.580282276883078597e-15
-6.906057495708753367e-15
-6.290141153141127255e-15
-5.727664555280248001e-15
-5.214148571676050161e-15
-4.745472137476993845e-15
-4.317843956730409829e-15
-3.927779472095661251e-15
-3.572083059049679479e-15
-3.247827148788919323e-15
-2.952334270501442603e-15
-2.683158341562927022e-15
-2.438060767382416220e-15
-2.214988051860300151e-15
-2.012052797036484576e-15
-1.827518420962768893e-15
-1.659782727743243904e-15
-1.507368140698533390e-15
-1.368912513264267903e-15
-1.243162183015630324e-15
-1.128965109620482149e-15
-1.025266201364579568e-15
-9.311022273384671974e-16
-8.455962063041633546e-16
-7.679512219929677998e-16
-6.974436513518485321e-16
-6.334165149932522636e-16
-5.752733795353354472e-16
-5.224727883339963498e-16
-4.745231916759870432e-16
-4.309783366295053106e-16
-3.914330839866594738e-16
-3.555196147062262532e-16
-3.229039877505583981e-16
-2.932834118603887005e-16
-2.663837147294039199e-16
-2.419552228524716939e-16
-2.197714716567404307e-16
-1.996259751082142001e-16
-1.813315290606697203e-16
-1.647176659905108055e-16
-1.496295312210550795e-16
-1.359265492394703704e-16
-1.234811239551598264e-16
-1.121775380389527585e-16
-1.019108675209201647e-16
-9.258595387686201548e-17
-8.411647247642658618e-17
-7.642406206850123285e-17
-6.943750285415951636e-17
