# bin_4_2
-8.278306314365365372e-11
-8.330041395005176415e-11
-8.383787995499763521e-11
-8.439623224397622060e-11
-8.497627059489077608e-11
-8.557882447628671581e-11
-8.620475408112399504e-11
-8.685495138309041000e-11
-8.753034122182466639e-11
-8.823188243256345402e-11
-8.896056899393351665e-11
-8.971743119975537912e-11
-9.050353688342317827e-11
-9.131999265964820400e-11
-9.216794519295295728e-11
-9.304858250913231666e-11
-9.396313532906299237e-11
-9.491287843956022870e-11
-9.589913207368169738e-11
-9.692326334900266398e-11
-9.798668771469888302e-11
-9.909087044060366170e-11
-1.002373281476634909e-10
-1.014276303342704008e-10
-1.026634008939677396e-10
-1.039463196990303686e-10
-1.052781241579641613e-10
-1.066606108573135226e-10
-1.080956371797297279e-10
-1.095851229595085417e-10
-1.111310521325664286e-10
-1.127354743784255801e-10
-1.144005067775992597e-10
-1.161283354900852607e-10
-1.179212174695642125e-10
-1.197814820854088683e-10
-1.217115327906844649e-10
-1.237138486919117444e-10
-1.257909861547831993e-10
-1.279455802607047005e-10
-1.301803462735983007e-10
-1.324980811717090776e-10
-1.349016650438347747e-10
-1.373940622056791918e-10
-1.399783221139072601e-10
-1.426575804110818557e-10
-1.454350601689166744e-10
-1.483140727439526472e-10
-1.512980183537829928e-10
-1.543903869131022920e-10
-1.575947586137442481e-10
-1.609148040497427881e-10
-1.643542843591779756e-10
-1.679170508627276816e-10
-1.716070441184858830e-10
-1.754282928657879799e-10
-1.793849127529112937e-10
-1.834811042702725669e-10
-1.877211547224871085e-10
-1.921094510261128730e-10
-1.966504416567763173e-10
-2.013486345202760368e-10
-2.062086203804614993e-10
-2.112350564128409078e-10
-2.164326664059286204e-10
-2.218062320375316696e-10
-2.273605914010835834e-10
-2.331006188467379892e-10
-2.390312075785781288e-10
-2.451572953665556330e-10
-2.514838398739529134e-10
-2.580158043698844471e-10
-2.647581502386398525e-10
-2.717158200098999662e-10
-2.788937298556100670e-10
-2.862967619810680728e-10
-2.939297344701761824e-10
-3.017973746818588119e-10
-3.099043117613499068e-10
-3.182550467069446287e-10
-3.268539249179038994e-10
-3.357051258465370720e-10
-3.448126481926276170e-10
-3.541802857786096413e-10
-3.638116065996805777e-10
-3.737099152198051829e-10
-3.838782131443257940e-10
-3.943191670347161812e-10
-4.050350919052819408e-10
-4.160279127481629374e-10
-4.272991262060203304e-10
-4.388497482384226868e-10
-4.506802901281908557e-10
-4.627907546328593119e-10
-4.751806091496623991e-10
-4.878487472810119767e-10
-5.007934486334674857e-10
-5.140123164358907692e-10
-5.275022337315570125e-10
-5.412593664113659751e-10
-5.552791628861200634e-10
-5.695563399159401251e-10
-5.840847451729154443e-10
-5.988574059121776163e-10
-6.138666773941166490e-10
-6.291040430442264185e-10
-6.445599286029063112e-10
-6.602239128265921305e-10
-6.760848061039781040e-10
-6.921304388415675318e-10
-7.083477047685712549e-10
-7.247226108377435024e-10
-7.412399847198324291e-10
-7.578843633460812944e-10
-7.746380727168924131e-10
-7.914819676987775678e-10
-8.083973554708461194e-10
-8.253596769153642445e-10
-8.423471756423785591e-10
-8.593340324703091711e-10
-8.762937559643264944e-10
-8.931981500695759259e-10
-9.100132654363251693e-10
-9.267059310202582814e-10
-9.432380980558653667e-10
-9.595683536865991483e-10
-9.756523671189353520e-10
-9.914401320847815559e-10
-1.006880981760324058e-09
-1.021917895857416912e-09
-1.036491895701536085e-09
-1.050540029044495450e-09
-1.063993111219722028e-09
-1.076778390242836179e-09
-1.088819078461081555e-09
-1.100035810239139576e-09
-1.110347375124807893e-09
-1.119672145734800733e-09
-1.127929585434068986e-09
-1.135040742032133194e-09
-1.140929682922991928e-09
-1.145523701720156134e-09
-1.148754024115296864e-09
-1.150555878203986840e-09
-1.150868330266412523e-09
-1.149633922744537273e-09
-1.146798232039921052e-09
-1.142309515682947371e-09
-1.136119329402731463e-09
-1.128183654418962047e-09
-1.118465048105132537e-09
-1.106935004839576060e-09
-1.093577038080069864e-09
-1.078391217094372270e-09
-1.061398424891281780e-09
-1.042642485432122498e-09
-1.022191787236561498e-09
-1.000140411935890480e-09
-9.766089344387760624e-10
-9.517434791993247940e-10
-9.257147997426934569e-10
-8.987144615243735209e-10
-8.709519690462321783e-10
-8.426533569696130277e-10
-8.140610810379251728e-10
-7.854292803872178692e-10
-7.570121668931242022e-10
-7.290648897757868330e-10
-7.018245102606860657e-10
-6.754948582001292776e-10
-6.502421296851861193e-10
-6.262008184497240502e-10
-6.034641802848457560e-10
-5.820860933580958865e-10
-5.620788516684334618e-10
-5.434028266894055342e-10
-5.259814851006659937e-10
-5.096185186021198423e-10
-4.941243564929833628e-10
-4.791920080301733233e-10
-4.644926039207617268e-10
-4.497420124992090193e-10
-4.346623123126346880e-10
-4.190519920323990905e-10
-4.027285802875826743e-10
-3.856343140339200786e-10
-3.678089060744201176e-10
-3.494174763623622715e-10
-3.307449108078200793e-10
-3.121465484340727978e-10
-2.940093628198907033e-10
-2.767043594437660884e-10
-2.605380714943495430e-10
-2.457086102653646937e-10
-2.322865030347364521e-10
-2.202031541910609867e-10
-2.092721106902322104e-10
-1.992253915448853521e-10
-1.897695301775162757e-10
-1.806378269892043901e-10
-1.716411470701918433e-10
-1.627041039869108572e-10
-1.538604383365900340e-10
-1.452122394123304991e-10
-1.368776697317963370e-10
-1.289562414935396466e-10
-1.215026776815573864e-10
-1.145214006644563010e-10
-1.079860577760909639e-10
-1.018568699688815174e-10
-9.610304219940253132e-11
-9.070064377681032526e-11
-8.562577451502335076e-11
-8.084447115784758505e-11
-7.630970163172594531e-11
-7.198732078495299610e-11
-6.786616282630033893e-11
-6.396184563611378508e-11
-6.029899657746277627e-11
-5.688743644786016308e-11
-5.371060702754908487e-11
-5.073121926269552277e-11
-4.791693837035921491e-11
-4.525246867461981012e-11
-4.274187330732097312e-11
-4.038874676975192685e-11
-3.818856239148147107e-11
-3.612580399530077735e-11
-3.418616707563057522e-11
-3.236213831639540667e-11
-3.064929215617583929e-11
-2.904285733337936684e-11
-2.753561309423126201e-11
-2.612028144418598848e-11
-2.479093133250140656e-11
-2.354204487246179196e-11
-2.236897090835568405e-11
-2.126674831676654213e-11
-2.023047767431479993e-11
-1.925577636215791002e-11
-1.833857206884833722e-11
-1.747504867669073090e-11
-1.666143793370188446e-11
-1.589428710979422160e-11
-1.517044949281073294e-11
-1.448686848914894939e-11
-1.384071222876981988e-11
-1.322933748054308633e-11
-1.265023796416980226e-11
-1.210108218662565598e-11
-1.157970809780132794e-11
-1.108409871301370911e-11
-1.061236805600382515e-11
-1.016275948744552635e-11
-9.733645071352443504e-12
-9.323523926790308928e-12
-8.931015941704591894e-12
-8.554852036724487893e-12
-8.193868953520395365e-12
-7.847005385981618974e-12
-7.513300122612431591e-12
-7.191887084209474613e-12
-6.881989361215659803e-12
-6.582913823012695402e-12
-6.294044770112440618e-12
-6.014841159931145079e-12
-5.744832290483235741e-12
-5.483613551197521981e-12
-5.230841184123936478e-12
-4.986222890048891408e-12
-4.749512208331653211e-12
-4.520503370259519093e-12
-4.299027482265868739e-12
-4.084948489617818458e-12
-3.878154015613426121e-12
-3.678549067227860829e-12
-3.486051061018884930e-12
-3.300587107992791922e-12
-3.122092232076275433e-12
-2.950503169910095374e-12
-2.785753481552878673e-12
-2.627769556107385425e-12
-2.476469488843587243e-12
-2.331762848355999718e-12
-2.193548889218758773e-12
-2.061715111847477513e-12
-1.936135963450190972e-12
-1.816673325015127221e-12
-1.703177770605921617e-12
-1.595489682891200771e-12
-1.493440367129669257e-12
-1.396852813395692471e-12
-1.305542948102701115e-12
-1.219321061992392121e-12
-1.137993415575395147e-12
-1.061363917988552653e-12
-9.892354127655850672e-13
-9.214108177688130156e-13
-8.576940799125882806e-13
-7.978911845686178419e-13
-7.418111994020941559e-13
-6.892671236298863937e-13
-6.400765639478583617e-13
-5.940621760731298617e-13
-5.510520835238360482e-13
-5.108802084171008792e-13
-4.733865034299298195e-13
-4.384171186649561160e-13
-4.058244744788148115e-13
-3.754673073860735262e-13
-3.472106957453430959e-13
-3.209260252971631247e-13
-2.964908848035319502e-13
-2.737889147829697867e-13
-2.527096043314447548e-13
-2.331481685320138507e-13
-2.150054421818752112e-13
-1.981877741660337596e-13
-1.826068644163578833e-13
-1.681795646118282740e-13
-1.548276200335374503e-13
-1.424773885260014509e-13
-1.310595804848328762e-13
-1.205090389745739261e-13
-1.107645579351127821e-13
-1.017687451074195399e-13
-9.346789163863874086e-14
-8.581181344109240604e-14
-7.875366362799461814e-14
-7.224972718706249814e-14
-6.625920492145300394e-14
-6.074401262843807462e-14
-5.566861292300761250e-14
-5.099987405665559995e-14
-4.670693924399164187e-14
-4.276111009360467106e-14
-3.913573292315354018e-14
-3.580607551294846767e-14
-3.274919944709931097e-14
-2.994383804275083983e-14
-2.737027883402172621e-14
-2.501025255987213277e-14
-2.284683494761095568e-14
-2.086435878986409022e-14
-1.904832889264880346e-14
-1.738534157946494239e-14
-1.586301149975264350e-14
-1.446990192480380552e-14
-1.319545754713491606e-14
-1.202994179966562047e-14
-1.096438061883516639e-14
-9.990508576936452526e-15
-9.100715948861589342e-15
-8.287997727071492128e-15
-7.545908404504870539e-15
-6.868516863903975202e-15
-6.250365282705965565e-15
-5.686435086609596780e-15
-5.172120237578549715e-15
-4.703197286707303336e-15
-4.275800026025137147e-15
-3.886394142657878749e-15
-3.531745386538027012e-15
-3.208889401182737651e-15
-2.915105433723725790e-15
-2.647894367496345723e-15
-2.404954050188249251e-15
-2.184163122372634271e-15
-1.983565533804935307e-15
-1.801358715931185201e-15
-1.635883186153407027e-15
-1.485616209244036134e-15
-1.349165125198016789e-15
-1.225260304977255029e-15
-1.112747309895045289e-15
-1.010577620360555365e-15
-9.177991475776471844e-16
-8.335474963729660237e-16
-7.570379402950561132e-16
-6.875580891263202998e-16
-6.244612079549431580e-16
-5.671601536002190806e-16
-5.151218750948513871e-16
-4.678624230073626275e-16
-4.249428226066111426e-16
-3.859652740742813923e-16
-3.505678488238753819e-16
-3.184221676436765279e-16
-2.892291952240973529e-16
-2.627177015206323680e-16
-2.386409148409190508e-16
-2.167746941297375861e-16
-1.969155509598495046e-16
-1.788787630124481714e-16
-1.624967428777161393e-16
-1.476174692195347023e-16
-1.341030189397171760e-16
-1.218282362210771758e-16
-1.106794985135275519e-16
-1.005535632381157280e-16
