# bin_2_1
-4.153487428516702541e-10
-4.174301046260134236e-10
-4.195872729447898992e-10
-4.218227646103420551e-10
-4.241391594805245023e-10
-4.265391023059332858e-10
-4.290253134762539352e-10
-4.316005985118205217e-10
-4.342678316372046634e-10
-4.370299533366862979e-10
-4.398899657685827420e-10
-4.428509236129124746e-10
-4.459159600665806373e-10
-4.490882890542727010e-10
-4.523712039918739404e-10
-4.557680649448339625e-10
-4.592822653524515244e-10
-4.629172396687818374e-10
-4.666764708635333157e-10
-4.705635326147229670e-10
-4.745821046017992835e-10
-4.787359506493960220e-10
-4.830288697180309493e-10
-4.874646785205345895e-10
-4.920472388822676279e-10
-4.967804854019618058e-10
-5.016684293516146025e-10
-5.067151112435850039e-10
-5.119245738927347259e-10
-5.173009007555947891e-10
-5.228482825953476196e-10
-5.285709917641021716e-10
-5.344732937873026728e-10
-5.405594405866371418e-10
-5.468337388675753441e-10
-5.533006037951707495e-10
-5.599645033653390187e-10
-5.668298450154286019e-10
-5.739010611208362648e-10
-5.811827893913344213e-10
-5.886797630733089613e-10
-5.963966040217042444e-10
-6.043379392174037282e-10
-6.125086570290918194e-10
-6.209138218736214079e-10
-6.295583016154331969e-10
-6.384471858354559082e-10
-6.475860400765301023e-10
-6.569800455013746768e-10
-6.666346841626643878e-10
-6.765561257605421088e-10
-6.867499881825697210e-10
-6.972226012010489810e-10
-7.079806796369899262e-10
-7.190305811216584062e-10
-7.303796609702773266e-10
-7.420352804264536044e-10
-7.540049903934066653e-10
-7.662970576024817879e-10
-7.789197671186340478e-10
-7.918816418825621839e-10
-8.051927039600620631e-10
-8.188627645556530668e-10
-8.329015622323487246e-10
-8.473183943079058514e-10
-8.621227329196067415e-10
-8.773240274026258778e-10
-8.929314542118551835e-10
-9.089546289442333985e-10
-9.254023954622920618e-10
-9.422846829140987128e-10
-9.596117340499836176e-10
-9.773925409666674752e-10
-9.956343458914453325e-10
-1.014343052554318403e-09
-1.033523039618297156e-09
-1.053174552015942547e-09
-1.073311901276378846e-09
-1.093913012857710459e-09
-1.114971319950310241e-09
-1.136490821974392652e-09
-1.158463463977610116e-09
-1.180880714230725898e-09
-1.203735970123444980e-09
-1.227015423892387952e-09
-1.250721449927515244e-09
-1.274818092136380792e-09
-1.299276396134470200e-09
-1.324091221258777794e-09
-1.349242984565446813e-09
-1.374708507450706986e-09
-1.400475985203316351e-09
-1.426512445141827667e-09
-1.452766480794557823e-09
-1.479216029059001695e-09
-1.505819140882411640e-09
-1.532540576242550950e-09
-1.559327678430169640e-09
-1.586118394197531081e-09
-1.612872263702609905e-09
-1.639542359713125982e-09
-1.666079045901832924e-09
-1.692415223694595216e-09
-1.718509973744665001e-09
-1.744322570102909026e-09
-1.769797694091899615e-09
-1.794874900857563719e-09
-1.819501710979638210e-09
-1.843612951896277552e-09
-1.867139063607937848e-09
-1.890010632383559280e-09
-1.912161605906204234e-09
-1.933528001307872456e-09
-1.954048173990492781e-09
-1.973651509279503362e-09
-1.992262068590989874e-09
-2.009800284174444958e-09
-2.026181182858428911e-09
-2.041309008003603924e-09
-2.055089270152815868e-09
-2.067422884031231100e-09
-2.078224381247642262e-09
-2.087391698757768166e-09
-2.094826146532426101e-09
-2.100415791211214652e-09
-2.104051242174036752e-09
-2.105632392158022394e-09
-2.105057635592349081e-09
-2.102236404408031899e-09
-2.097084077101110738e-09
-2.089519782930765316e-09
-2.079469508206284221e-09
-2.066871980461244232e-09
-2.051678619073819254e-09
-2.033854025938397531e-09
-2.013375696591776205e-09
-1.990236075982571800e-09
-1.964441813379528583e-09
-1.936022699032164492e-09
-1.905034208135134052e-09
-1.871562451995366487e-09
-1.835717284553703746e-09
-1.797637706818779523e-09
-1.757492300978417566e-09
-1.715480760302093007e-09
-1.671830299568840892e-09
-1.626790703130833061e-09
-1.580631668402067739e-09
-1.533641156915411533e-09
-1.486119268638729429e-09
-1.438365136839620325e-09
-1.390659347678332357e-09
-1.343262290855286181e-09
-1.296424975565700022e-09
-1.250386356566477273e-09
-1.205363099820653613e-09
-1.161552160186259455e-09
-1.119133418704406420e-09
-1.078252274420055168e-09
-1.039023695311773694e-09
-1.001527497254241561e-09
-9.657798015519116873e-10
-9.317199761084548563e-10
-8.992219894318199732e-10
-8.680888401087898121e-10
-8.380204489653597042e-10
-8.086324788541725751e-10
-7.796553990724290839e-10
-7.509001194177112527e-10
-7.221319737664313181e-10
-6.932059698662144603e-10
-6.641293476900353363e-10
-6.349231551269472103e-10
-6.057051411118137010e-10
-5.767056192580903313e-10
-5.481951911095407890e-10
-5.204626221972324863e-10
-4.937624275501235958e-10
-4.682807566159149175e-10
-4.441057000576390867e-10
-4.212302981252685484e-10
-3.995659488926415762e-10
-3.789871067804213054e-10
-3.593820341728942175e-10
-3.406745189014702805e-10
-3.228190399500933935e-10
-3.058060539654505902e-10
-2.896707118949501209e-10
-2.744555474969969918e-10
-2.601577323700119169e-10
-2.467178317194800914e-10
-2.340375806681682964e-10
-2.219868182690606688e-10
-2.104243960625753991e-10
-1.992520287081896648e-10
-1.884520735185256186e-10
-1.780804344158887817e-10
-1.682369333351559152e-10
-1.590137080251473992e-10
-1.504388243432158146e-10
-1.424637812808282542e-10
-1.349941699199940125e-10
-1.279361394145658628e-10
-1.212257653454195173e-10
-1.148411587813219236e-10
-1.087926614907434304e-10
-1.030911905933599096e-10
-9.772799352103541288e-11
-9.268450620494033002e-11
-8.793897769569846377e-11
-8.347147156142512368e-11
-7.926414796004242954e-11
-7.529870892907842505e-11
-7.155867100225434973e-11
-6.803300321520067002e-11
-6.471324098532821225e-11
-6.158704859481979413e-11
-5.863964625809329496e-11
-5.585918063173691054e-11
-5.323733308117356664e-11
-5.076400745061139556e-11
-4.842904636035236714e-11
-4.622362145953972348e-11
-4.413988198582024888e-11
-4.216984563024249502e-11
-4.030534094791750307e-11
-3.853981232813262110e-11
-3.686697906114560964e-11
-3.528002574019017779e-11
-3.377319453515337544e-11
-3.234126149827514376e-11
-3.097894942693784129e-11
-2.968145540406008800e-11
-2.844438098592701446e-11
-2.726350319194811823e-11
-2.613490482484898582e-11
-2.505500331261463970e-11
-2.402045745716933165e-11
-2.302817770844968390e-11
-2.207533298878720846e-11
-2.115932245008585811e-11
-2.027777172077138054e-11
-1.942851903267194018e-11
-1.860960275628099823e-11
-1.781925474871246828e-11
-1.705588826029580413e-11
-1.631808725759769030e-11
-1.560459806378577882e-11
-1.491432207355984119e-11
-1.424630635271242017e-11
-1.359972453392171676e-11
-1.297385883992264556e-11
-1.236809415621270643e-11
-1.178191329113730552e-11
-1.121488639844942008e-11
-1.066665238169628813e-11
-1.013689837729874828e-11
-9.625352812267667649e-12
-9.131782497874882453e-12
-8.655982892817031845e-12
-8.197765516884193309e-12
-7.756943430513005123e-12
-7.333324546028979215e-12
-6.926710180622000663e-12
-6.536888995563895661e-12
-6.163631406166404135e-12
-5.806684552485141622e-12
-5.465769468350235828e-12
-5.140581490616989763e-12
-4.830788656984884229e-12
-4.536032103932813269e-12
-4.255929544158924047e-12
-3.990077165073284847e-12
-3.738051161240828831e-12
-3.499409735487697953e-12
-3.273695884902990660e-12
-3.060441629283630293e-12
-2.859171720066481579e-12
-2.669406052423033525e-12
-2.490662446937526565e-12
-2.322459611076540467e-12
-2.164319717395621650e-12
-2.015770932472037716e-12
-1.876349289945931641e-12
-1.745600374694096420e-12
-1.623080966104515388e-12
-1.508360023318661763e-12
-1.401019556303608784e-12
-1.300655461935974135e-12
-1.206878073078000916e-12
-1.119312622413807601e-12
-1.037599719455054525e-12
-9.613956204006484223e-13
-8.903721092105152338e-13
-8.242162439475341517e-13
-7.626300847560124976e-13
-7.053303927136185339e-13
-6.520483515008280318e-13
-6.025291779074637052e-13
-5.565316678134529298e-13
-5.138278169068051093e-13
-4.742023299513614477e-13
-4.374520025510616753e-13
-4.033852381981673345e-13
-3.718216063870240469e-13
-3.425913127324900140e-13
-3.155347026197593625e-13
-2.905018525565520657e-13
-2.673520926936156003e-13
-2.459534947210859310e-13
-2.261824341414319612e-13
-2.079231843434283296e-13
-1.910674894865505536e-13
-1.755141645705252183e-13
-1.611687251172933223e-13
-1.479430029588140588e-13
-1.357547560566274692e-13
-1.245273034311345351e-13
-1.141891792374116085e-13
-1.046738032895404779e-13
-9.591917968670384649e-14
-8.786762480213400805e-14
-8.046551014230069767e-14
-7.366301704927151197e-14
-6.741390253398864748e-14
-6.167527283030418744e-14
-5.640736466749617988e-14
-5.157333623884082281e-14
-4.713906778505312329e-14
-4.307297473312037935e-14
-3.934583232873013134e-14
-3.593061032409862016e-14
-3.280231833150232605e-14
-2.993785996680693256e-14
-2.731589398617647628e-14
-2.491670289484309936e-14
-2.272208429288479042e-14
-2.071521584542407402e-14
-1.888057666359557854e-14
-1.720386761332085008e-14
-1.567192745446804141e-14
-1.427265508933550970e-14
-1.299493795982361471e-14
-1.182860261907887797e-14
-1.076428638423571397e-14
-9.793416887886484119e-15
-8.908132126138440937e-15
-8.101216230396431216e-15
-7.366032373175957823e-15
-6.696438786328364286e-15
-6.086779180333808883e-15
-5.531854431135079472e-15
-5.026885456794197818e-15
-4.567497476149225808e-15
-4.149682636937508976e-15
-3.769785102413022328e-15
-3.424461290709851160e-15
-3.110644552260456435e-15
-2.825518359699090298e-15
-2.566502760933137342e-15
-2.331235653598526267e-15
-2.117550622400045161e-15
-1.923474727536892669e-15
-1.747211060200434225e-15
-1.587123236115728824e-15
-1.441725775974667459e-15
-1.309668946139168427e-15
-1.189727007243121501e-15
-1.080787047789034982e-15
-9.818387501634744855e-16
-8.919649419407284824e-16
-8.103322503621806202e-16
-7.361855537477365109e-16
-6.688369970936411677e-16
-6.076643138340672401e-16
-5.521008223986543372e-16
-5.016315708329386479e-16
-4.557920766126730600e-16
-4.141553344753160499e-16
-3.763368315908746820e-16
-3.419879215032295680e-16
-3.107887474954042898e-16
-2.824508088187853052e-16
-2.567120761296049905e-16
-2.333358423640946195e-16
-2.121052020008091744e-16
-1.928243318730923416e-16
-1.753154197090652319e-16
-1.594168523271104679e-16
-1.449815494972777625e-16
-1.318755172998338952e-16
-1.199766487381059162e-16
-1.091736911014504490e-16
-9.936566848293438602e-17
-9.046027145471408398e-17
-8.237354548789460451e-17
-7.503015321192383663e-17
-6.836342894868524588e-17
-6.231205794713704288e-17
-5.682158006361343855e-17
