# bin_2_2
1.363743407380333495e-08
1.369041998287592571e-08
1.374522188514211029e-08
1.380185827159652816e-08
1.386034379259237935e-08
1.392073221868960336e-08
1.398312814545635036e-08
1.404765861389512699e-08
1.411447118752412734e-08
1.418367847306767745e-08
1.425533383748071802e-08
1.432943041222903191e-08
1.440591828628398111e-08
1.448475956755704312e-08
1.456598295392778762e-08
1.464976033937669578e-08
1.473632911092693290e-08
1.482590476740376606e-08
1.491851818381073345e-08
1.501404946447396138e-08
1.511235919097330416e-08
1.521351141680101055e-08
1.531781936195194234e-08
1.542562196144384497e-08
1.553692330703559376e-08
1.565147899047124941e-08
1.576916596233441395e-08
1.589033225959661152e-08
1.601538732556944398e-08
1.614420809983515680e-08
1.627642276611477326e-08
1.641218857476985201e-08
1.655206366513898962e-08
1.669599920463271352e-08
1.684347243466834290e-08
1.699463967486976357e-08
1.714979208000580675e-08
1.730849708026020803e-08
1.747086338652560588e-08
1.763733051120380952e-08
1.780738787038873879e-08
1.798112772360906481e-08
1.815888791120296332e-08
1.834021231310632008e-08
1.852548226104679970e-08
1.871455727830675697e-08
1.890743672209567208e-08
1.910427848645688084e-08
1.930485659322565260e-08
1.950937589212363442e-08
1.971762360720799965e-08
1.992969498265704922e-08
2.014541796988537175e-08
2.036480718839110786e-08
2.058795123832860130e-08
2.081486469925784660e-08
2.104557863804701599e-08
2.128018257553114510e-08
2.151883386963958696e-08
2.176116438920904996e-08
2.200681023413671041e-08
2.225563309720538163e-08
2.250734155583965010e-08
2.276147150731851774e-08
2.301774029441050533e-08
2.327571999782433584e-08
2.353492742008939672e-08
2.379489948937639867e-08
2.405520305819408295e-08
2.431546889257850437e-08
2.457566212535749397e-08
2.483578727112287157e-08
2.509542682931577832e-08
2.535466046224279206e-08
2.561359149185658628e-08
2.587201200706923326e-08
2.612975483383967859e-08
2.638652698471074899e-08
2.664191244241836094e-08
2.689544712924524406e-08
2.714572211018148767e-08
2.739188313768971252e-08
2.763337717861859991e-08
2.786937358910071050e-08
2.809926917685989249e-08
2.832306667242503562e-08
2.854027485451093540e-08
2.875035814806191272e-08
2.895317954139345845e-08
2.914841538746869754e-08
2.933578225719498540e-08
2.951449876439571681e-08
2.968399780127925031e-08
2.984374873880295325e-08
2.999318466755210698e-08
3.013119845478064884e-08
3.025607301878636013e-08
3.036727983742880741e-08
3.046468987517022234e-08
3.054801322705014363e-08
3.061713727045365898e-08
3.067263523479589736e-08
3.071361041808363179e-08
3.073884049895794295e-08
3.074788692923309601e-08
3.073938746216516007e-08
3.071253438455677183e-08
3.066746182043617620e-08
3.060368704237865656e-08
3.052199122257576809e-08
3.042185145063618709e-08
3.030310262576389647e-08
3.016491584071419577e-08
3.000675403060730357e-08
2.982818453066937067e-08
2.962925829181473163e-08
2.941004412777277681e-08
2.917107848379250812e-08
2.891265731870051267e-08
2.863468566465174550e-08
2.833679910828287517e-08
2.801885054586415199e-08
2.768138730869508856e-08
2.732533000943458134e-08
2.695132086189595716e-08
2.655971069667160358e-08
2.615081394995962346e-08
2.572504217403039397e-08
2.528319567436662241e-08
2.482644639990541697e-08
2.435580012807770025e-08
2.387200370058216952e-08
2.337584229966113193e-08
2.286829414369742007e-08
2.235063875102639143e-08
2.182427631337417822e-08
2.129028742671947534e-08
2.074967411700649345e-08
2.020375563406903327e-08
1.965395244746111873e-08
1.910163714607128308e-08
1.854803787350868944e-08
1.799432726443057420e-08
1.744190414962148877e-08
1.689212781276376514e-08
1.634616591030084827e-08
1.580514586275675550e-08
1.527024717667376461e-08
1.474258656070636389e-08
1.422314127307718491e-08
1.371276697084321048e-08
1.321233262375574006e-08
1.272258531111586417e-08
1.224409625876258932e-08
1.177738756834129952e-08
1.132287654798036515e-08
1.088084429900211739e-08
1.045145408122106904e-08
1.003479373522042795e-08
9.630836367932523237e-09
9.239452779145621642e-09
8.860449309130466469e-09
8.493558710172456843e-09
8.138447836800354185e-09
7.794755714804848359e-09
7.462088003826018881e-09
7.140043070272300322e-09
6.828228678924925370e-09
6.526276239660129404e-09
6.233849991052962965e-09
5.950671581529191112e-09
5.676513903450332335e-09
5.411218377619251024e-09
5.154691098636692666e-09
4.906897508356488856e-09
4.667861596744639531e-09
4.437653444948822559e-09
4.216368017110113690e-09
4.004117084369246002e-09
3.801001168286520638e-09
3.607092032843793123e-09
3.422412340858564728e-09
3.246913949529987629e-09
3.080469059996899896e-09
2.922858586514295332e-09
2.773777310445091537e-09
2.632840223378799875e-09
2.499601974031824116e-09
2.373577789020174647e-09
2.254271734345877863e-09
2.141203397595819254e-09
2.033931492790241967e-09
1.932073216676512170e-09
1.835312952567233048e-09
1.743403036652769702e-09
1.656153920641979012e-09
1.573416664866523306e-09
1.495061039137122083e-09
1.420954055645162941e-09
1.350942984487807542e-09
1.284846254563331075e-09
1.222454267289413555e-09
1.163538240282982327e-09
1.107864380754871801e-09
1.055208308024960329e-09
1.005366414272074927e-09
9.581606596444833267e-10
9.134370158711418924e-10
8.710593475593494104e-10
8.309019054235460477e-10
7.928434099486810069e-10
7.567637361578355904e-10
7.225435564731301766e-10
6.900660559067389267e-10
6.592195012547473452e-10
6.298995784726852971e-10
6.020107483321234746e-10
5.754659323678938847e-10
5.501850050471502457e-10
5.260927811487250179e-10
5.031177666307315563e-10
4.811923089401396044e-10
4.602532761756817283e-10
4.402423881034039148e-10
4.211057895992197422e-10
4.027934936438557587e-10
3.852591186014172168e-10
3.684596753579262077e-10
3.523552919408457375e-10
3.369090205069833977e-10
3.220867372667377199e-10
3.078569468601480947e-10
2.941905477038020035e-10
2.810606528718229798e-10
2.684424101882989174e-10
2.563128417985584540e-10
2.446507170191267391e-10
2.334363951719367705e-10
2.226516760021947553e-10
2.122796803566978436e-10
2.023047266275932945e-10
1.927122163271130830e-10
1.834885250448888424e-10
1.746209065108344668e-10
1.660974020615468256e-10
1.579067538896859795e-10
1.500383298673474864e-10
1.424820541171625520e-10
1.352283438045307670e-10
1.282680515850752446e-10
1.215924126616909172e-10
1.151929961622023658e-10
1.090616620116086389e-10
1.031905226182386272e-10
9.757190957504261289e-11
9.219834457070571823e-11
8.706251417939483236e-11
8.215724830745006212e-11
7.747550254485035182e-11
7.301034382899651896e-11
6.875493877090455806e-11
6.470254431339633738e-11
6.084650082267946814e-11
5.718022851465160718e-11
5.369722083472125935e-11
5.039104760541011388e-11
4.725535400883498048e-11
4.428386230500365228e-11
4.147037457074497055e-11
3.880877627093244761e-11
3.629304066894344475e-11
3.391723386235773127e-11
3.167552012270186485e-11
2.956216742101116622e-11
2.757155321156910619e-11
2.569817022793031506e-11
2.393663209072295411e-11
2.228167860905187544e-11
2.072818100989528299e-11
1.927114680880931974e-11
1.790572423698649551e-11
1.662720610735140731e-11
1.543103323090464440e-11
1.431279728063226815e-11
1.326824306357224233e-11
1.229327017013865498e-11
1.138393406651646216e-11
1.053644657372813675e-11
9.747175772063760108e-12
9.012645312838243859e-12
8.329533274327159479e-12
7.694672283817914632e-12
7.105042639679828611e-12
6.557772269981990741e-12
6.050134908121302664e-12
5.579545538672101032e-12
5.143556657881521503e-12
4.739854229631373202e-12
4.366253426601600045e-12
4.020694180223850236e-12
3.701236577741574354e-12
3.406056131013323873e-12
3.133439004150019915e-12
2.881777192384544994e-12
2.649564924385804144e-12
2.435391729911037911e-12
2.237936546510716383e-12
2.055966876608695429e-12
1.888332441536803035e-12
1.733960696535557583e-12
1.591852499650809377e-12
1.461077899708947807e-12
1.340772068180887555e-12
1.230133401775296882e-12
1.128414320629164222e-12
1.034921692780321336e-12
9.490136659273205874e-13
8.700955420497857369e-13
7.976166751675991788e-13
7.310681373499375716e-13
6.699802209140600471e-13
6.139150717846173469e-13
5.624703845562027839e-13
5.152747311750489642e-13
4.719854070029858488e-13
4.322888457305552930e-13
3.958906819574637196e-13
3.625223133736760251e-13
3.319363043547055947e-13
3.039067225264577847e-13
2.782225673334310053e-13
2.546900331747946241e-13
2.331316379471428939e-13
2.133868179582741224e-13
1.953026974060200171e-13
1.787414167382540784e-13
1.635783385606132839e-13
1.496955725439040167e-13
1.369856667648693759e-13
1.253528652512566401e-13
1.147050018804562725e-13
1.049599798218800343e-13
9.604299799635954264e-14
8.788267917716200720e-14
8.041769367940213013e-14
7.358722685553758682e-14
6.733955466218757577e-14
6.162401962653947932e-14
5.639706208791857021e-14
5.161587478137881510e-14
4.724448067877215098e-14
4.324653062363862582e-14
3.959149806780686736e-14
3.624986111445203268e-14
3.319464997564433362e-14
3.040251235334227018e-14
2.785042801584275153e-14
2.551790336654668423e-14
2.338637349557165198e-14
2.143928055099161696e-14
1.966039040503477288e-14
1.803542988405179837e-14
1.655132780344588040e-14
1.519611523780819077e-14
1.395883358355210794e-14
1.282944900272807391e-14
1.179877524808870409e-14
1.085840264693268103e-14
1.000063195633540485e-14
9.218414615558191468e-15
8.505426473302666844e-15
7.855903226754159157e-15
7.264186320564927831e-15
6.725435061000611668e-15
6.235401272447578299e-15
5.789562239735317977e-15
5.384624237662867381e-15
5.016749071273719558e-15
4.682947451456667717e-15
4.380421459553512641e-15
4.106380528444293112e-15
3.858442775086816442e-15
3.634410758379279439e-15
3.432257675590934036e-15
3.250114697693602455e-15
3.086258675534437115e-15
2.939100756763708622e-15
2.807350138378293797e-15
2.689499890412071394e-15
2.584457905611838324e-15
2.491005204802095998e-15
2.408199163236481840e-15
2.335067367110332668e-15
2.270716005359083445e-15
2.214337798349553504e-15
2.165208964435569749e-15
2.122625948853009536e-15
2.085910051538120202e-15
2.054533674812881412e-15
2.027894342286091994e-15
