# bin_4_2
1.479306972793745897e-08
1.485276023754285476e-08
1.491452089657441614e-08
1.497837853108848821e-08
1.504435632779075892e-08
1.511251797447194529e-08
1.518297961619981066e-08
1.525588075660402005e-08
1.533138224443532807e-08
1.540960925459054703e-08
1.549062650086988424e-08
1.557443726280736211e-08
1.566100112207187446e-08
1.575029041529949159e-08
1.584234620560138093e-08
1.593735680870286677e-08
1.603557807523386667e-08
1.613724385137544252e-08
1.624239890101855767e-08
1.635093342483673705e-08
1.646271780614804897e-08
1.657783196141349747e-08
1.669661270437626969e-08
1.681942402279374537e-08
1.694628569052715253e-08
1.707696150542216292e-08
1.721134072721243441e-08
1.734979942332307744e-08
1.749277787553634866e-08
1.764016697126971587e-08
1.779160137533397715e-08
1.794726325099005301e-08
1.810774775905935544e-08
1.827302279129927250e-08
1.844257187193354274e-08
1.861658444023418452e-08
1.879538614871261619e-08
1.897855001765518374e-08
1.916621102939320012e-08
1.935884969696682952e-08
1.955596155658744144e-08
1.975766859027666483e-08
1.996434648742820356e-08
2.017554562929440176e-08
2.039168923282084430e-08
2.061265553796426325e-08
2.083847042079808217e-08
2.106932470683719457e-08
2.130501020080060939e-08
2.154576841297565681e-08
2.179140486341780315e-08
2.204204840731821774e-08
2.229754887713397073e-08
2.255794987172154513e-08
2.282336622073530324e-08
2.309383816708725063e-08
2.336942435922848463e-08
2.365023889999133618e-08
2.393646467591364965e-08
2.422775686717317913e-08
2.452377343850446242e-08
2.482439870014350675e-08
2.512936207900353638e-08
2.543821826092483918e-08
2.575070398944034635e-08
2.606640820781426378e-08
2.638486259721838704e-08
2.670561708983388385e-08
2.702825024866285270e-08
2.735240171980521487e-08
2.767804423143695181e-08
2.800518854658152195e-08
2.833341811623243908e-08
2.866281288775701710e-08
2.899347242691957261e-08
2.932518258305688749e-08
2.965776705227678748e-08
2.999091743433813053e-08
3.032420295620598385e-08
3.065713531077871224e-08
3.098827168960205005e-08
3.131672498567182571e-08
3.164190524276494908e-08
3.196293557580953880e-08
3.227916228325078822e-08
3.259053831363020987e-08
3.289651063454507362e-08
3.319647334612713320e-08
3.349021933588693595e-08
3.377734868096277134e-08
3.405749239095506120e-08
3.432977101585746939e-08
3.459351514654029267e-08
3.484808091907908932e-08
3.509278668036679386e-08
3.532639550298009367e-08
3.554704377908684058e-08
3.575406688706200870e-08
3.594718972579855245e-08
3.612596267232222077e-08
3.629010291980843863e-08
3.644002222310536261e-08
3.657463050403149098e-08
3.669250592706874711e-08
3.679301814818800029e-08
3.687458687106240313e-08
3.693618622781764440e-08
3.697773876664531634e-08
3.699852138544793652e-08
3.699909556154987573e-08
3.697868816701236109e-08
3.693689481729911405e-08
3.687262707291475231e-08
3.678509051160035335e-08
3.667358648937750233e-08
3.653790393509023258e-08
3.637783821073434393e-08
3.619365976025581829e-08
3.598538931741933941e-08
3.575265654382244790e-08
3.549482435501745984e-08
3.521147468062745740e-08
3.490290035815021927e-08
3.456978114253586964e-08
3.421252427017763316e-08
3.383125408695271171e-08
3.342607227856180709e-08
3.299719349903517793e-08
3.254524202654708027e-08
3.207123787022344796e-08
3.157605386672317243e-08
3.106032533792778717e-08
3.052475459338364191e-08
2.997026711044264616e-08
2.939812349618897801e-08
2.880974010859233474e-08
2.820624519455381968e-08
2.758872513989740890e-08
2.695862709456139862e-08
2.631753983942055605e-08
2.566704540866513586e-08
2.500862297748600131e-08
2.434373757390153371e-08
2.367412667684783979e-08
2.300152984914182620e-08
2.232753281072681180e-08
2.165372016706896376e-08
2.098176560722256087e-08
2.031331208526695364e-08
1.964989075731580836e-08
1.899293326694294474e-08
1.834390396811237716e-08
1.770415575733720131e-08
1.707486838967889703e-08
1.645716984198513117e-08
1.585207118989502744e-08
1.526042645749958681e-08
1.468294251769706075e-08
1.412021354204099830e-08
1.357267258634648571e-08
1.304059661221872445e-08
1.252413746194867373e-08
1.202330707271840862e-08
1.153798066569964328e-08
1.106793260139161584e-08
1.061282983076827410e-08
1.017225904794242699e-08
9.745747516300334096e-09
9.332782708240376713e-09
8.932829989294785734e-09
8.545368720123762264e-09
8.169898990034305592e-09
7.805974987106313126e-09
7.453217699069725102e-09
7.111327169176534769e-09
6.780098762032617730e-09
6.459425467533204910e-09
6.149287786082925344e-09
5.849755343739867385e-09
5.560961800889749744e-09
5.283088274298587723e-09
5.016337207993036338e-09
4.760898703578543357e-09
4.516924837982511659e-09
4.284493431847798378e-09
4.063588351633386734e-09
3.854075008453402928e-09
3.655693105052082905e-09
3.468057983084925233e-09
3.290676768646621198e-09
3.122973880009935615e-09
2.964324070029300485e-09
2.814091837321109077e-09
2.671667553159494294e-09
2.536500009861797064e-09
2.408118169967139908e-09
2.286140614864810229e-09
2.170271820542619350e-09
2.060287059867937161e-09
1.956008579683222533e-09
1.857277986363063203e-09
1.763930418008862050e-09
1.675774800442723788e-09
1.592584061643892000e-09
1.514095583218001138e-09
1.440021542159618851e-09
1.370065022436030309e-09
1.303938056682062953e-09
1.241376756742423315e-09
1.182150215181088782e-09
1.126061950060137208e-09
1.072943894516032029e-09
1.022645556226550163e-09
9.750220791637546986e-10
9.299258512061196342e-10
8.872042712310349962e-10
8.467033944704629693e-10
8.082747830480270040e-10
7.717819553343863349e-10
7.371029460158072152e-10
7.041289346671690316e-10
6.727605062701299750e-10
6.429035467821102708e-10
6.144670174157462255e-10
5.873629901242954760e-10
5.615086081363456078e-10
5.368281142410439777e-10
5.132528937899238237e-10
4.907198109448942231e-10
4.691694842723785620e-10
4.485459267414551862e-10
4.287971807372480976e-10
4.098756351283793920e-10
3.917375161926496635e-10
3.743421250788977554e-10
3.576516027758304627e-10
3.416310480241565412e-10
3.262483420313071548e-10
3.114737389864258415e-10
2.972796613562565162e-10
2.836406233786172328e-10
2.705330538986923087e-10
2.579350718253456105e-10
2.458263620020226369e-10
2.341880419905873456e-10
2.230025057864840476e-10
2.122533114187731056e-10
2.019250637560135025e-10
1.920033029127580715e-10
1.824744097309100985e-10
1.733255159277526305e-10
1.645444224160430920e-10
1.561195259501417635e-10
1.480397508725070191e-10
1.402944865887783252e-10
1.328735307887039037e-10
1.257670384670289964e-10
1.189654768540648385e-10
1.124595866628299048e-10
1.062403488487821954e-10
1.002989558264335422e-10
9.462678653837426907e-11
8.921538545980237478e-11
8.405644644998163453e-11
7.914179497526328639e-11
7.446338143315188769e-11
7.001327143377791447e-11
6.578363987443100931e-11
6.176676715494006492e-11
5.795503730441365547e-11
5.434093797974546987e-11
5.091706202508343851e-11
4.767611003970779122e-11
4.461089379804835835e-11
4.171434061218709964e-11
3.897949833391496925e-11
3.639954074556082522e-11
3.396777311836792409e-11
3.167763807930650423e-11
2.952272144985904736e-11
2.749675794990810509e-11
2.559363660572802343e-11
2.380740592671951533e-11
2.213227871217552583e-11
2.056263640677420336e-11
1.909303287803235277e-11
1.771819768066167208e-11
1.643303864709575882e-11
1.523264385777494019e-11
1.411228296353138054e-11
1.306740799201289063e-11
1.209365532931948194e-11
1.118684054131131336e-11
1.034295987922102685e-11
9.558189811808582406e-12
8.828883594043873374e-12
8.151568437446795562e-12
7.522942186294152726e-12
6.939869606148212728e-12
6.399378310643740846e-12
5.898654349479875253e-12
5.435037458763682912e-12
5.006016077420725347e-12
4.609222140823082238e-12
4.242426953788492845e-12
3.903533597546600970e-12
3.590570267585525659e-12
3.301688571358461577e-12
3.035156203385285520e-12
2.789351409492111619e-12
2.562757540709226991e-12
2.353957683659226817e-12
2.161629402522076925e-12
1.984541633915902015e-12
1.821544217493577418e-12
1.671567102007301438e-12
1.533615946650703055e-12
1.406766767926160851e-12
1.290161634294643384e-12
1.183005153378872508e-12
1.084560825167178581e-12
9.941425171797663175e-13
9.111171295805772812e-13
8.348988494761390554e-13
7.649460010206929133e-13
7.007605221708755310e-13
6.418770151445239635e-13
5.878685241183108457e-13
5.383410737764574205e-13
4.929332289198487219e-13
4.513087186997312992e-13
4.131580300490298810e-13
3.781968739687759906e-13
3.461661800037444103e-13
3.168221512648585013e-13
2.899431642057531351e-13
2.653274399649561458e-13
2.427859963101875370e-13
2.221459513346833855e-13
2.032514009606575869e-13
1.859547743479878423e-13
1.701230834013810292e-13
1.556347612527467771e-13
1.423754060205496643e-13
1.302442582877754603e-13
1.191441946377950011e-13
1.089902565420792030e-13
9.970120313279265287e-14
9.120549262221219712e-14
8.343457086706573706e-14
7.632894089806799721e-14
6.983059125141821725e-14
6.388922083563949354e-14
5.845713828691698668e-14
5.349072377733043800e-14
4.895142016198311954e-14
4.480222274522773982e-14
4.100984915586788558e-14
3.754403154955005121e-14
3.437751712948082685e-14
3.148423437007540408e-14
2.884092734978267072e-14
2.642630222072560125e-14
2.422086331318563559e-14
2.220676290893257795e-14
2.036766271691648513e-14
1.868860919916807826e-14
1.715591667626305498e-14
1.575706148131119355e-14
1.448058451574182733e-14
1.331613924646340680e-14
1.225428837897228708e-14
1.128598875280678883e-14
1.040333186194640684e-14
9.599283264147374147e-15
8.866720612844026312e-15
8.200050941523327707e-15
7.593259834727295402e-15
7.041419483978390454e-15
6.539957904645233727e-15
6.084439042906577032e-15
5.670996832271406480e-15
5.296077552694177236e-15
4.956414428165770206e-15
4.649005132207198372e-15
4.371090038723726977e-15
4.120132123058702226e-15
3.894003518630731455e-15
3.690379304319273734e-15
3.507471035406931519e-15
3.343384292580505152e-15
3.196594982223583565e-15
3.065579728271698505e-15
2.948941016445590730e-15
2.845415163528598180e-15
2.753867886243007640e-15
2.673211560109430805e-15
2.602406234825525174e-15
2.540626435021801630e-15
2.486959314964864344e-15
