# bin_1_1
1.029458824969052607e-08
1.032926076563071980e-08
1.036503746272675774e-08
1.040194990733320926e-08
1.044005866884667748e-08
1.047943255930603217e-08
1.052014496393616520e-08
1.056223106287164725e-08
1.060567839381929740e-08
1.065046229456745778e-08
1.069656908122888107e-08
1.074406162004455649e-08
1.079303953439650297e-08
1.084359270441649949e-08
1.089572184855455343e-08
1.094936978213946962e-08
1.100451345982641386e-08
1.106126355666871791e-08
1.111976577922522104e-08
1.118005473701082248e-08
1.124201527809249099e-08
1.130559696882954591e-08
1.137093235370288773e-08
1.143812833522832109e-08
1.150710801239623264e-08
1.157781932983058778e-08
1.165042065660326142e-08
1.172498224666441493e-08
1.180135851573000837e-08
1.187957644830156757e-08
1.195974197019939043e-08
1.204174324135773900e-08
1.212555238575834713e-08
1.221125000674875278e-08
1.229872016538753713e-08
1.238795131865910766e-08
1.247895775766615544e-08
1.257165310873321767e-08
1.266605395358785179e-08
1.276208511629736825e-08
1.285973876457936860e-08
1.295899358325332488e-08
1.305989186740237652e-08
1.316245968151621077e-08
1.326668960423104961e-08
1.337257868980841164e-08
1.348015087984136601e-08
1.358944385695933535e-08
1.370050465192374896e-08
1.381312246896989793e-08
1.392710235692662179e-08
1.404234655360684469e-08
1.415875332861871910e-08
1.427618698289564529e-08
1.439449201173026916e-08
1.451348610876063357e-08
1.463296681677202039e-08
1.475271799371524310e-08
1.487249573229231712e-08
1.499196781694199815e-08
1.511083415651650705e-08
1.522902743710494567e-08
1.534625776704023413e-08
1.546215044708250642e-08
1.557672397129619001e-08
1.568995608013650939e-08
1.580168261039920834e-08
1.591191739738186148e-08
1.602061437486292201e-08
1.612775981008269317e-08
1.623336512662743634e-08
1.633683503290297795e-08
1.643769596017070465e-08
1.653562443762747266e-08
1.663001925175197618e-08
1.672016488487692631e-08
1.680572225769613809e-08
1.688639983040155585e-08
1.696158392485640152e-08
1.703129849288987273e-08
1.709575522366498657e-08
1.715493240042342586e-08
1.720874644506369201e-08
1.725663568699130931e-08
1.729822884232455282e-08
1.733325901755143614e-08
1.736157081236645510e-08
1.738238176240484532e-08
1.739517965441271718e-08
1.739969028913568659e-08
1.739562309905537267e-08
1.738230552516109667e-08
1.735978963460707660e-08
1.732868599197622731e-08
1.728874214547877952e-08
1.723985554884223530e-08
1.718197911636539078e-08
1.711407515069213532e-08
1.703583595841806254e-08
1.694703577235792115e-08
1.684731648609394765e-08
1.673737308530763226e-08
1.661721493575072276e-08
1.648726838387784970e-08
1.634724041580732351e-08
1.619693823789157837e-08
1.603603029366964983e-08
1.586463993260719784e-08
1.568287903827628732e-08
1.549119265310724995e-08
1.529003024105027352e-08
1.507976924257436335e-08
1.486052420507801751e-08
1.463221555841680095e-08
1.439501344405380324e-08
1.414948412513160516e-08
1.389634128782522364e-08
1.363615812322079903e-08
1.336932418520595540e-08
1.309609854181920137e-08
1.281686021090332242e-08
1.253232051467630884e-08
1.224330445147689073e-08
1.195043221445016198e-08
1.165421668771791896e-08
1.135516607856895614e-08
1.105389831126457694e-08
1.075125069962438585e-08
1.044798649124825804e-08
1.014463790411072325e-08
9.841755630729744435e-09
9.540027261492482789e-09
9.240168958822899107e-09
8.942823080392023649e-09
8.648457994337701708e-09
8.357595336633071012e-09
8.070834392476190235e-09
7.788666428179029884e-09
7.511475715992924691e-09
7.239627748360491895e-09
6.973489977411885030e-09
6.713383557105121770e-09
6.459501369997890668e-09
6.212021535284589145e-09
5.971115645956860086e-09
5.736857720149752939e-09
5.509276918720039078e-09
5.288371598943600301e-09
5.074121383686608948e-09
4.866436580571470201e-09
4.665214236142777115e-09
4.470343737315393806e-09
4.281674920917079592e-09
4.099055685829978776e-09
3.922333299447908905e-09
3.751349524139033330e-09
3.585949468866783577e-09
3.425999192655163190e-09
3.271369072558628287e-09
3.121952583364285696e-09
2.977658831331375106e-09
2.838416560373739418e-09
2.704171663263506412e-09
2.574888813815432883e-09
2.450544027935671996e-09
2.331119366786924440e-09
2.216604438733752235e-09
2.106982333704883167e-09
2.002226534352614532e-09
1.902292238795361679e-09
1.807112381800898785e-09
1.716596276331226736e-09
1.630625780780948249e-09
1.549060202090055954e-09
1.471736651051997854e-09
1.398474199421640822e-09
1.329079330705813611e-09
1.263349348750980835e-09
1.201080030908228267e-09
1.142069348160317196e-09
1.086126506498637334e-09
1.033074666338408453e-09
9.827559333786317138e-10
9.350305606560723460e-10
8.897755211411938839e-10
8.468799409685722667e-10
8.062397975525543794e-10
7.677522304100874739e-10
7.313132207720178021e-10
6.968174705758222194e-10
6.641607708233019908e-10
6.332421968254321369e-10
6.039661151192698244e-10
5.762416659034222020e-10
5.499806328445666049e-10
5.250956896255617109e-10
5.015006079570084401e-10
4.791122285001683353e-10
4.578531500543056449e-10
4.376534142995818655e-10
4.184503694309214847e-10
4.001870341352377974e-10
3.828101358689432309e-10
3.662685030544757248e-10
3.505123182719037996e-10
3.354929562120312807e-10
3.211636948851236118e-10
3.074810414914890913e-10
2.944059242524711558e-10
2.819035788965011020e-10
2.699419788157391974e-10
2.584902846108733862e-10
2.475188365894671175e-10
2.370001801670499353e-10
2.269095190317841647e-10
2.172240935090203028e-10
2.079225771132157959e-10
1.989851532890947025e-10
1.903936488943370933e-10
1.821313195732763741e-10
1.741826448889923698e-10
1.665332953657848903e-10
1.591700801734949028e-10
1.520808274153583780e-10
1.452542930258274278e-10
1.386800821002070263e-10
1.323485748518226377e-10
1.262508610836723721e-10
1.203786709306635406e-10
1.147243078210538705e-10
1.092805909724248049e-10
1.040408006255427560e-10
9.899862831741078878e-11
9.414813043435710108e-11
8.948368481683257474e-11
8.499995226672507541e-11
8.069183950329811140e-11
7.655446649860994867e-11
7.258313713608580712e-11
6.877331295193178984e-11
6.512058962303197322e-11
6.162067635408072817e-11
5.826937803886840183e-11
5.506257951673649512e-11
5.199623200872600342e-11
4.906634177563311360e-11
4.626896075678201023e-11
4.360017915128657446e-11
4.105612009425827220e-11
3.863293572336642242e-11
3.632680456631305915e-11
3.413393002059736891e-11
3.205054014434188282e-11
3.007288854521465139e-11
2.819725617811852944e-11
2.641995378927713503e-11
2.473732504938784630e-11
2.314575015128845627e-11
2.164164974439976091e-11
2.022148927408825318e-11
1.888178360994787034e-11
1.761910175108032668e-11
1.643007152392718891e-11
1.531138495640129526e-11
1.425980001296227107e-11
1.327214797148149335e-11
1.234533638909500730e-11
1.147635283246438826e-11
1.066226830416956805e-11
9.900240303730154010e-12
9.187515422840669848e-12
8.521431558998438307e-12
7.899419693422154057e-12
7.319005201484344496e-12
6.777808690826372967e-12
6.273546449145092713e-12
5.804030491104920295e-12
5.367168190041944403e-12
4.960961505698075609e-12
4.583505855336578090e-12
4.232988690723110640e-12
3.907687778252326959e-12
3.605969196507628686e-12
3.326285115672271134e-12
3.067171351886829388e-12
2.827244867218524130e-12
2.605202285088624681e-12
2.399813945982762123e-12
2.209922436146206373e-12
2.034440938715882495e-12
1.872349308354748949e-12
1.722691066538092803e-12
1.584570412939626117e-12
1.457149261452727633e-12
1.339644308393982674e-12
1.231324162276688122e-12
1.131506491404143740e-12
1.039555462418872354e-12
9.548799760444274555e-13
8.769289874468465790e-13
8.051891528866276319e-13
7.391846320358201020e-13
6.784736920876936684e-13
6.226465485243542210e-13
5.713232561170924064e-13
5.241519129673685940e-13
4.808072356826269103e-13
4.409884923317653779e-13
4.044152217570674159e-13
3.708296500432971758e-13
3.399935790354571559e-13
3.116871309464686063e-13
2.857074462728589538e-13
2.618690207217677664e-13
2.399970988019344303e-13
2.199324421041650107e-13
2.015284047082555625e-13
1.846499559905425636e-13
1.691744618125507374e-13
1.549852997131500477e-13
1.419771124565965611e-13
1.300529597670068478e-13
1.191253235225944836e-13
1.091106860221803369e-13
9.993342579194601260e-14
9.152476485767252088e-14
8.382199032269005144e-14
7.676514457805533559e-14
7.030069622976558539e-14
6.438096806948348874e-14
5.895887334378649418e-14
5.399335733679517713e-14
4.944723055015713018e-14
4.528405206487217842e-14
4.147307750760031222e-14
3.798404163996487116e-14
3.479013362731773931e-14
3.186696431033008449e-14
2.919118665494476865e-14
2.674281588019152528e-14
2.450197425254240331e-14
2.245184421740151192e-14
2.057599655337462911e-14
1.885978630690429544e-14
1.729016107280586692e-14
1.585411756332387508e-14
1.454106731076949193e-14
1.334033416905726824e-14
1.224226202794079052e-14
1.123844116722460377e-14
1.032109040624979921e-14
9.482605756494547128e-15
8.716376687159070934e-15
8.016343668452866020e-15
7.376951791969316078e-15
6.793108472358339845e-15
6.260144733753546059e-15
5.773779818784625422e-15
5.330088710246362084e-15
4.925472459609040037e-15
4.556627628342701533e-15
4.220530844035566087e-15
3.914407738706025986e-15
3.635708739523350812e-15
3.382391062409986957e-15
3.152046084519868415e-15
2.942797327232841705e-15
2.753001168026832623e-15
2.580852467732009977e-15
2.424997940808707598e-15
2.284028085324683029e-15
2.156630552781536963e-15
2.041696790036159225e-15
1.938245329958725952e-15
1.845221120713396726e-15
1.761742046020298627e-15
1.686986627141489975e-15
1.620251536356466807e-15
1.560803003651569577e-15
1.507969581729917143e-15
1.461209586361648478e-15
1.419942257464806098e-15
1.383692486415535710e-15
1.351954871741145509e-15
1.324313880526597696e-15
1.300376854904875617e-15
1.279771873761412791e-15
1.262148480204051580e-15
1.247176544296666719e-15
1.234574709723627120e-15
1.224048598677122956e-15
1.215359608766133747e-15
1.208256183712755442e-15
1.202526977176100408e-15
1.197972756889041542e-15
1.194418707296544516e-15
1.191688416301889232e-15
1.189636193037744426e-15
1.188126502803516481e-15
1.187044661247549015e-15
