# bin_4_1
1.226367079425915722e-08
1.230888421847878712e-08
1.235558940876461360e-08
1.240383208559415251e-08
1.245368970450559049e-08
1.250524889681724234e-08
1.255860130347049958e-08
1.261379729451862437e-08
1.267083619353305449e-08
1.272970504180599347e-08
1.279040385334557954e-08
1.285301624371864394e-08
1.291766557735495751e-08
1.298446408436221144e-08
1.305342741226312802e-08
1.312450957599447507e-08
1.319770260712423327e-08
1.327314377419916498e-08
1.335100791418811200e-08
1.343135018089829242e-08
1.351406587065083838e-08
1.359912197665004695e-08
1.368668391211892279e-08
1.377688808329769045e-08
1.386967046492083224e-08
1.396499468366164727e-08
1.406305526308880491e-08
1.416395163356608740e-08
1.426754789004968287e-08
1.437389932138648792e-08
1.448314825361279718e-08
1.459519685717067492e-08
1.471004194828361016e-08
1.482780062747741442e-08
1.494837186025170874e-08
1.507177334324061151e-08
1.519805029891760041e-08
1.532713593597364892e-08
1.545907956433445540e-08
1.559382724657668911e-08
1.573140080849078640e-08
1.587180366448121530e-08
1.601510660990986432e-08
1.616136332527267713e-08
1.631059209523513555e-08
1.646281253667029765e-08
1.661807379289667650e-08
1.677643718691411310e-08
1.693797434336160771e-08
1.710249338126610447e-08
1.726981695439628183e-08
1.743986432560226971e-08
1.761254968889455170e-08
1.778775196491270296e-08
1.796532814806624391e-08
1.814510579624512478e-08
1.832689123708615075e-08
1.851047785946438478e-08
1.869562427445640970e-08
1.888199603676971214e-08
1.906929300600736047e-08
1.925744944584152830e-08
1.944616927239697991e-08
1.963506849853002772e-08
1.982415885156171489e-08
2.001340395290531722e-08
2.020262118539908495e-08
2.039180459686856764e-08
2.058087415140362910e-08
2.076978533556952015e-08
2.095851057910976748e-08
2.114639637411421672e-08
2.133291256134184819e-08
2.151768113125441438e-08
2.170002618061138027e-08
2.187915674657201440e-08
2.205466676399006610e-08
2.222618844100526580e-08
2.239301360048673800e-08
2.255507307175958499e-08
2.271248191185611364e-08
2.286510797732396644e-08
2.301275153342655139e-08
2.315471386820384992e-08
2.329047804350941793e-08
2.341963421685508526e-08
2.354188475076554454e-08
2.365626524737725137e-08
2.376208613546158419e-08
2.385890514637584130e-08
2.394625529209690315e-08
2.402325585070980280e-08
2.408976756836134545e-08
2.414621264786691535e-08
2.419209626975612458e-08
2.422709160856631740e-08
2.425092722090395243e-08
2.426230125603692628e-08
2.426067551095470899e-08
2.424558047982672697e-08
2.421639321162532490e-08
2.417357227204153973e-08
2.411684556483618546e-08
2.404638794083158582e-08
2.396162578415539467e-08
2.386210386640735547e-08
2.374721390412885004e-08
2.361682335883507452e-08
2.347077577035145484e-08
2.330926375628076023e-08
2.313248222065244315e-08
2.294056396263502426e-08
2.273338852623878337e-08
2.251065104122303564e-08
2.227231540195553485e-08
2.201876591740690425e-08
2.175055043834041329e-08
2.146809192179693234e-08
2.117165602204572862e-08
2.086140009890078696e-08
2.053762636295076403e-08
2.020100411855884890e-08
1.985234837530697448e-08
1.949229687382119983e-08
1.912141578611388396e-08
1.874030140761079404e-08
1.834969582327211228e-08
1.795060480358013645e-08
1.754399841568475487e-08
1.713065011584236390e-08
1.671139246236830239e-08
1.628723594438969428e-08
1.585925865232594966e-08
1.542850374031982808e-08
1.499586855958043997e-08
1.456233974158312781e-08
1.412901377958944222e-08
1.369690265998697809e-08
1.326693216508653823e-08
1.284002528258779942e-08
1.241711914925983089e-08
1.199911067831984859e-08
1.158676321751547874e-08
1.118081836659342027e-08
1.078199693231681416e-08
1.039089766714496908e-08
1.000804448676762844e-08
9.633893312538398275e-09
9.268839655057231210e-09
8.913158870057245853e-09
8.567059727862767360e-09
8.230686726430993538e-09
7.904083902059894243e-09
7.587233020318002845e-09
7.280054936887351599e-09
6.982406472620713606e-09
6.694093519247645272e-09
6.414895715215709973e-09
6.144556146526442518e-09
5.882809092308290673e-09
5.629381491301510453e-09
5.384007188013690777e-09
5.146434835003353506e-09
4.916442512241126183e-09
4.693838579243394311e-09
4.478467073041808762e-09
4.270220152146099638e-09
4.069028329559312254e-09
3.874860311450991357e-09
3.687712732023291470e-09
3.507601807143881171e-09
3.334555855056881854e-09
3.168601863382827505e-09
3.009758498360881329e-09
2.858024989681758513e-09
2.713370809228839159e-09
2.575729303384079370e-09
2.444989552654572835e-09
2.320991499255001361e-09
2.203525967647716897e-09
2.092339911539549018e-09
1.987142791394414388e-09
1.887620069486920384e-09
1.793443037476756327e-09
1.704281533713331461e-09
1.619813817647712031e-09
1.539735258164641191e-09
1.463764378058747919e-09
1.391649763675976594e-09
1.323175476899578483e-09
1.258164469513737725e-09
1.196476310225959781e-09
1.138000057402136982e-09
1.082640637084755222e-09
1.030301604028848668e-09
9.808697998644655090e-10
9.342067196581077361e-10
8.901487905228336293e-10
8.485164671021773207e-10
8.091284638148414299e-10
7.718162898042825991e-10
7.364344172105353736e-10
7.028634537538338740e-10
6.710057926040600085e-10
6.407765204673306188e-10
6.120935424637092238e-10
5.848718133928454423e-10
5.590230721449639339e-10
5.344596073536041194e-10
5.110982341967579105e-10
4.888613805960294890e-10
4.676769541594227459e-10
4.474791188526928371e-10
4.282090828772305071e-10
4.098141282734374338e-10
3.922445062633306580e-10
3.754513013623096849e-10
3.593873136138052690e-10
3.440088897339292929e-10
3.292766747611231113e-10
3.151550807544665549e-10
3.016112450571058813e-10
2.886144117319304993e-10
2.761357338596259203e-10
2.641484558275096820e-10
2.526280263687276185e-10
2.415519475340494410e-10
2.308995160206501025e-10
2.206515560905496540e-10
2.107903062114655817e-10
2.012993948264538743e-10
1.921637558220547954e-10
1.833694351179430042e-10
1.749034685407671252e-10
1.667538451711483304e-10
1.589094244091873021e-10
1.513598088715230513e-10
1.440952825654753256e-10
1.371067410793980213e-10
1.303856114146430564e-10
1.239238015788207069e-10
1.177136381495446062e-10
1.117478149749440795e-10
1.060193484697266320e-10
1.005215347256740347e-10
9.524791266841226750e-11
9.019222938848087842e-11
8.534840892959872316e-11
8.071052547575593849e-11
7.627278010556061597e-11
7.202948062603169669e-11
6.797502445956295371e-11
6.410388483261733142e-11
6.041059985837483879e-11
5.688976409247672091e-11
5.353602199158573247e-11
5.034406325971705435e-11
4.730861995999427645e-11
4.442446525900000064e-11
4.168641380496304940e-11
3.908932342798803855e-11
3.662809774981778370e-11
3.429768964185545331e-11
3.209310628816116069e-11
3.000941137453650284e-11
2.804173373631111249e-11
2.618527199758679094e-11
2.443530039451917530e-11
2.278717473393561173e-11
2.123633840096144746e-11
1.977832822178881255e-11
1.840878018234956310e-11
1.712343478896444796e-11
1.591814198550365190e-11
1.478886561297428192e-11
1.373168744492408268e-11
1.274281075925222026e-11
1.181856336830036656e-11
1.095540003206685112e-11
1.014990430199470713e-11
9.398789813246747066e-12
8.698900976305350156e-12
8.047213091220045849e-12
7.440831932497453811e-12
6.876992818192423695e-12
6.353059294080718551e-12
5.866522554800201580e-12
5.414996106184844808e-12
4.996214585567256952e-12
4.608032133362214907e-12
4.248418217265104745e-12
3.915454161973595084e-12
3.607329485568376402e-12
3.322338084248280982e-12
3.058874278665784084e-12
2.815428780595723312e-12
2.590584582785567581e-12
2.383012934642278028e-12
2.191470201102251554e-12
2.014791617782914051e-12
1.851887372836196691e-12
1.701740846494369651e-12
1.563403598174638207e-12
1.435991602971437069e-12
1.318681573108659700e-12
1.210707509540168212e-12
1.111357813927217521e-12
1.019971682504327821e-12
9.359333078075719266e-13
8.586729307736285747e-13
7.876623449519637465e-13
7.224122492012716286e-13
6.624697313210331756e-13
6.074174068102830613e-13
5.568655312527534394e-13
5.104558038630921181e-13
4.678572794307864179e-13
4.287644618953839674e-13
3.928971649125128984e-13
3.599931141683830000e-13
3.298124578725184464e-13
3.021341201168740587e-13
2.767561147103043485e-13
2.534892825512999030e-13
2.321606271791393677e-13
2.126116950890459312e-13
1.946972143468419731e-13
1.782810966952826433e-13
1.632398252727997071e-13
1.494613949114619717e-13
1.368394008278436420e-13
1.252783672073527526e-13
1.146910764078756688e-13
1.049950304345362098e-13
9.611729406714250717e-14
8.798874731658250693e-14
8.054696119468893341e-14
7.373484694041209464e-14
6.749900300615855421e-14
6.179194083583201738e-14
5.656845743737812834e-14
5.178859994344186547e-14
4.741464452050327437e-14
4.341245448795881254e-14
3.975113683727676209e-14
3.640124685608740233e-14
3.333723506477490784e-14
3.053464293868528814e-14
2.797118274575601645e-14
2.562691471441655342e-14
2.348349175416897742e-14
2.152358447056246666e-14
1.973170645528560034e-14
1.809367051724617525e-14
1.659647835076037804e-14
1.522822166354158795e-14
1.397799125234277759e-14
1.283579379142600056e-14
1.179247554728008519e-14
1.083965252173275080e-14
9.969644339697099531e-15
9.175420798831819432e-15
8.450542633292504822e-15
7.789110718300470116e-15
7.186067228075684402e-15
6.636155924826030221e-15
6.134951002248365444e-15
5.678499325729232880e-15
5.262820722855381109e-15
4.884637376984266907e-15
4.540745676603993507e-15
4.228185145547731240e-15
3.944364954069547198e-15
3.686961810516376447e-15
3.453650157095915855e-15
3.242410169307808609e-15
3.051379072688542947e-15
2.878918569678570844e-15
2.723413476131735332e-15
2.583383384413326477e-15
2.457581177627239492e-15
2.344746956755489885e-15
2.243812198746517443e-15
2.153695508854136434e-15
2.073480039849631587e-15
2.002309484578807918e-15
1.939382519866151121e-15
1.883949655457138424e-15
1.835308981392927617e-15
1.792855241734068300e-15
1.755968014810540240e-15
1.724136034214016634e-15
1.696822908579741431e-15
1.673567058489182699e-15
1.653928649962125687e-15
1.637516095900749727e-15
1.623924148823307671e-15
1.612811356271425288e-15
1.603838603806908525e-15
1.596703578080783497e-15
