# bin_3_3
1.546501512175382410e-08
1.552841401303576569e-08
1.559414225892243370e-08
1.566224908459071364e-08
1.573278966405651435e-08
1.580582006254784923e-08
1.588140218005940271e-08
1.595961013469260846e-08
1.604047413848632562e-08
1.612400496605980762e-08
1.621020598103262321e-08
1.629913666715843967e-08
1.639098374589994193e-08
1.648597159218810008e-08
1.658432094500653932e-08
1.668613747916110070e-08
1.679147859364844897e-08
1.690038753750792112e-08
1.701283271981732459e-08
1.712874002145089157e-08
1.724809541384931026e-08
1.737120203543955614e-08
1.749848716487964368e-08
1.763024792239699140e-08
1.776651109526538117e-08
1.790710382044599509e-08
1.805180666681891171e-08
1.820065028716091085e-08
1.835417667527085178e-08
1.851295227844563341e-08
1.867696981825139550e-08
1.884573650414934560e-08
1.901892273039204833e-08
1.919704404218354829e-08
1.938087286162354525e-08
1.957022657441617250e-08
1.976430274668091849e-08
1.996320778934028381e-08
2.016791616303526919e-08
2.037831967276091255e-08
2.059349486175012137e-08
2.081400239967492901e-08
2.104088876687564227e-08
2.127322761413850958e-08
2.151065321511783261e-08
2.175418851972620585e-08
2.200304397347882206e-08
2.225733377529963508e-08
2.251779655284345721e-08
2.278332843557515389e-08
2.305460757487545857e-08
2.333120885486482472e-08
2.361298128948911860e-08
2.390026010408125038e-08
2.419255056433288452e-08
2.449040709733392938e-08
2.479347014880456110e-08
2.510217791152395026e-08
2.541630364803229193e-08
2.573604469054829252e-08
2.606123511207686149e-08
2.639173121730893566e-08
2.672773379519917345e-08
2.706918340585655251e-08
2.741611371539357673e-08
2.776881772740394957e-08
2.812693425138895608e-08
2.848974081823728352e-08
2.885697531642157200e-08
2.922822995388530216e-08
2.960268273144490724e-08
2.997969296910393644e-08
3.035867346879606811e-08
3.073888080414903527e-08
3.111978944896185851e-08
3.150103412489364113e-08
3.188245859550419180e-08
3.226428103157021877e-08
3.264640085364547714e-08
3.302852795117609373e-08
3.341090441177365523e-08
3.379350180988618614e-08
3.417576537084380488e-08
3.455693111243337086e-08
3.493629453730222476e-08
3.531311368985147142e-08
3.568623371620240631e-08
3.605382763282059879e-08
3.641538914348163113e-08
3.677041945188615038e-08
3.711807737851435757e-08
3.745792982168899108e-08
3.778981281440855598e-08
3.811243280037684668e-08
3.842528669413804103e-08
3.872799400921515516e-08
3.902040565532274423e-08
3.930221518335762165e-08
3.957222872727206905e-08
3.982952964230136363e-08
4.007261878157770356e-08
4.030029200379448657e-08
4.051018269755413325e-08
4.070168723380797244e-08
4.087517399851637178e-08
4.103055597267872996e-08
4.116716526590426570e-08
4.128519691406662355e-08
4.138386848529728280e-08
4.146090173822242122e-08
4.151551978940614745e-08
4.154638935093805371e-08
4.155215448420471991e-08
4.153354971122811351e-08
4.148983647382123456e-08
4.142149314142814403e-08
4.132795440490906208e-08
4.120844028813406818e-08
4.106214967679861988e-08
4.088803336422083463e-08
4.068574325377261150e-08
4.045516743831182071e-08
4.019659881034181275e-08
3.991065306038662431e-08
3.959737862901921516e-08
3.925635932127877258e-08
3.888697505031797705e-08
3.848924322138025592e-08
3.806408623202545573e-08
3.761257953325908352e-08
3.713525241732717304e-08
3.663240480765903409e-08
3.610443952388307635e-08
3.555195433551009274e-08
3.497609677771889038e-08
3.437836388725694556e-08
3.375992102852281923e-08
3.312165567087036637e-08
3.246461384647462574e-08
3.179021299252281055e-08
3.110022674186101513e-08
3.039640437850775612e-08
2.968009796354561759e-08
2.895273893176013140e-08
2.821621330086499882e-08
2.747245114854217372e-08
2.672327645510193430e-08
2.597036153509877360e-08
2.521540950520462469e-08
2.446043101346190496e-08
2.370728506529322702e-08
2.295761129681190994e-08
2.221307710799834837e-08
2.147541270031327275e-08
2.074622454853911357e-08
2.002693997190147398e-08
1.931888063392812056e-08
1.862337292307335829e-08
1.794154524141691679e-08
1.727432092947033865e-08
1.662256882525250149e-08
1.598699368396352139e-08
1.536810499412708656e-08
1.476627216144746622e-08
1.418174129294129837e-08
1.361458384535206917e-08
1.306473540128457995e-08
1.253202346831426781e-08
1.201615521918217253e-08
1.151673787707358155e-08
1.103332105027599132e-08
1.056538744759469698e-08
1.011239590754966947e-08
9.673795153990775399e-09
9.249050212802406779e-09
8.837655323132920203e-09
8.439169188274600335e-09
8.053215170663773379e-09
7.679504885260714454e-09
7.317841331671190176e-09
6.968114611115527401e-09
6.630302178019504143e-09
6.304457588124558398e-09
5.990685350317092539e-09
5.689131569515007404e-09
5.399952984014388358e-09
5.123293207793533380e-09
4.859253354969003372e-09
4.607859350001417424e-09
4.369042826700158195e-09
4.142617282337721797e-09
3.928274184267081221e-09
3.725581504204723181e-09
3.534001571762094636e-09
3.352913179884150311e-09
3.181645780386650986e-09
3.019516109872687569e-09
2.865863976668184129e-09
2.720086350177439276e-09
2.581661010318694603e-09
2.450161460248051236e-09
2.325257154259153608e-09
2.206701429409330385e-09
2.094306718785096515e-09
1.987912907333611782e-09
1.887354843812034301e-09
1.792434586107785750e-09
1.702905725159972954e-09
1.618473045782603141e-09
1.538806945270579797e-09
1.463567208814586616e-09
1.392429796078656273e-09
1.325108217347435798e-09
1.261363100864201527e-09
1.200998121579147956e-09
1.143845838496186279e-09
1.089749562069133976e-09
1.038548779482493723e-09
9.900735179535022659e-10
9.441484578347294877e-10
9.006028320091567377e-10
8.592797649273404982e-10
8.200400589675842471e-10
7.827597179808781680e-10
7.473242422600890723e-10
7.136241156818218089e-10
6.815537712084908479e-10
6.510130823482261499e-10
6.219088314172226420e-10
5.941548596164185645e-10
5.676712811287568911e-10
5.423838729431266269e-10
5.182238169549222962e-10
4.951273017968012023e-10
4.730349225892985175e-10
4.518912627711341060e-10
4.316449376474445747e-10
4.122485957783055552e-10
3.936585459852546153e-10
3.758342308651745255e-10
3.587379802278649334e-10
3.423349479110980225e-10
3.265929303986490252e-10
3.114820756052857772e-10
2.969746667085600193e-10
2.830449782209180249e-10
2.696691106403930207e-10
2.568248102527074731e-10
2.444913214957547063e-10
2.326492530654117055e-10
2.212804386555236441e-10
2.103678127521978500e-10
1.998953045355924731e-10
1.898477373364069118e-10
1.802107376875851433e-10
1.709706526403759012e-10
1.621144726868392817e-10
1.536297605311170654e-10
1.455045870053161670e-10
1.377274732972501520e-10
1.302873398870931415e-10
1.231734614474703324e-10
1.163754273567955488e-10
1.098831089284583291e-10
1.036866254181573154e-10
9.777632494529153000e-11
9.214276165997561805e-11
8.677667816811597264e-11
8.166899122938719396e-11
7.681078062146582393e-11
7.219328055322541656e-11
6.780787349701062090e-11
6.364608620285325986e-11
5.969958755021707097e-11
5.596018785296320334e-11
5.241983943159361680e-11
4.907063843318343443e-11
4.590482761369075621e-11
4.291479967449454365e-11
4.009310109129144000e-11
3.743243645001984219e-11
3.492567300141907910e-11
3.256584504802047378e-11
3.034615825747072796e-11
2.825999407555064557e-11
2.630091388140022343e-11
2.446266271821981726e-11
2.273917252484917542e-11
2.112456501513143952e-11
1.961315402204124098e-11
1.819944728959825875e-11
1.687814770397541489e-11
1.564415400130071327e-11
1.449256090906245661e-11
1.341865873590786692e-11
1.241793400427134466e-11
1.148606480847533817e-11
1.061891775196493530e-11
9.812549753611533243e-12
9.063202690375751490e-12
8.367299929345303005e-12
7.721442450566118761e-12
7.122404590185513194e-12
6.567129413497607054e-12
6.052723801329276674e-12
5.576453276967619133e-12
5.135736630765846865e-12
4.728140390879688637e-12
4.351373225965117130e-12
4.003281970348537447e-12
3.681842478293412547e-12
3.385153501736256115e-12
3.111435052313991606e-12
2.859020661352792223e-12
2.626351760782821334e-12
2.411972165750055945e-12
2.214522669811441822e-12
2.032735788324786789e-12
1.865432244212899986e-12
1.711513005508264523e-12
1.569953637514548028e-12
1.439804084160094417e-12
1.320182146408043077e-12
1.210269243289845059e-12
1.109306395318248597e-12
1.016593055330920510e-12
9.314759390919806419e-13
8.533516608297529534e-13
7.816630336317935255e-13
7.158950888195693643e-13
6.555737756561745118e-13
6.002600020244433750e-13
5.495466091971504911e-13
5.030599131574088894e-13
4.604556763176208307e-13
4.214194162784789459e-13
3.856553875635085360e-13
3.528944936809357128e-13
3.228901527914523810e-13
2.954157044808623280e-13
2.702591911950778823e-13
2.472281535518145856e-13
2.261487546722454382e-13
2.068549632626942342e-13
1.891978963442967055e-13
1.730429410315950603e-13
1.582612004635625723e-13
1.447388842040675838e-13
1.323699027676052568e-13
1.210558408179945688e-13
1.107099686480417570e-13
1.012476601771609205e-13
9.259705454067312686e-14
8.468653865267866869e-14
7.745602316833801537e-14
7.084524997027012254e-14
6.480385114421192073e-14
5.928160204903155763e-14
5.423513616626162709e-14
4.962403808482522194e-14
4.541036524099827154e-14
4.156113367284942975e-14
3.804493443151664929e-14
3.483291701248203267e-14
3.189916734013369309e-14
2.922045702126812592e-14
2.677459138669479984e-14
2.454151205057526529e-14
2.250303298142331195e-14
2.064250987189222356e-14
1.894471023267529091e-14
1.739569539749312535e-14
1.598271191154858857e-14
1.469409134094205480e-14
1.351915864124864573e-14
1.244814795359581153e-14
1.147235852037743877e-14
1.058364659181335194e-14
9.774298168716652506e-15
9.037657113247898850e-15
8.367722999947923811e-15
7.758382576691089002e-15
7.204963413737362261e-15
6.702276389762838018e-15
6.246139474589442332e-15
5.832728545865523083e-15
5.458206608449658583e-15
5.119299825445726342e-15
4.812990270281306309e-15
4.536495704601714621e-15
4.287252761697597010e-15
4.062902079952551823e-15
3.861272436841748904e-15
3.680571332417894495e-15
3.518788743472170053e-15
3.374391477694246469e-15
3.245745089307623126e-15
3.131582605440578245e-15
3.030545910630176265e-15
2.941440818440663557e-15
