# bin_4_3
1.596294920508125379e-08
1.602928594527535126e-08
1.609806524564649028e-08
1.616934037319605271e-08
1.624317069427745376e-08
1.631961666830154074e-08
1.639874480457896897e-08
1.648063406395875270e-08
1.656531931328835278e-08
1.665281589459763992e-08
1.674313179005380373e-08
1.683633167597553590e-08
1.693260866751352980e-08
1.703219409525110043e-08
1.713531584932661527e-08
1.724208603905476428e-08
1.735256817915482814e-08
1.746681165217270289e-08
1.758479060525742536e-08
1.770643663646874223e-08
1.783174215148607976e-08
1.796101940983714358e-08
1.809470596216414318e-08
1.823310852005079359e-08
1.837626159874587764e-08
1.852399828551689012e-08
1.867610468488939534e-08
1.883261975213243292e-08
1.899409896823399437e-08
1.916112259524950640e-08
1.933369211327212193e-08
1.951131931178832232e-08
1.969368078738426980e-08
1.988130709914684403e-08
2.007498889458094545e-08
2.027455209301204012e-08
2.047919654433584095e-08
2.068904114417908690e-08
2.090508267901626004e-08
2.112722354942827805e-08
2.135454143108547823e-08
2.158761526375245514e-08
2.182751451361401089e-08
2.207331448350016994e-08
2.232466133591716088e-08
2.258260485737171291e-08
2.284635804050451652e-08
2.311605002321781768e-08
2.339244405291360017e-08
2.367443720279123942e-08
2.396273358457816578e-08
2.425691732829262283e-08
2.455685196616062870e-08
2.486289324491966735e-08
2.517455444776404794e-08
2.549241329907138914e-08
2.581611874720215587e-08
2.614613051798078388e-08
2.648223297343293402e-08
2.682464161646707676e-08
2.717320483714313288e-08
2.752779287173463485e-08
2.788862427379843219e-08
2.825565350571552232e-08
2.862892887339572410e-08
2.900875958765135947e-08
2.939479802636923875e-08
2.978633490106873924e-08
3.018312153948149313e-08
3.058476310849563574e-08
3.099044876144188799e-08
3.139954908095139712e-08
3.181148667533575788e-08
3.222552641847231430e-08
3.264115108669270322e-08
3.305800225238390691e-08
3.347592933584217973e-08
3.389515587300267951e-08
3.431558532684545478e-08
3.473692891664495260e-08
3.515943014589548481e-08
3.558306017209532448e-08
3.600726152308383329e-08
3.643126259471909842e-08
3.685435300453779739e-08
3.727577903012092316e-08
3.769437349197944984e-08
3.810829071578644209e-08
3.851700614573837992e-08
3.891999993795581643e-08
3.931640548466394706e-08
3.970576227735224513e-08
4.008787709202431815e-08
4.046142038286349361e-08
4.082585284040301877e-08
4.118075364899962929e-08
4.152592986644627200e-08
4.186102529311653701e-08
4.218478828705796579e-08
4.249624385824762397e-08
4.279382863825391459e-08
4.307627338418748226e-08
4.334113378030429071e-08
4.358773190496792617e-08
4.381635968736334434e-08
4.402684492032321186e-08
4.421842616520879617e-08
4.439120709454233024e-08
4.454430561853387813e-08
4.467533071364023399e-08
4.478339993694157992e-08
4.486706473986136368e-08
4.492484529443124700e-08
4.495736089617801634e-08
4.496373850221551643e-08
4.494433101029056186e-08
4.489843680517481846e-08
4.482513684119081184e-08
4.472348729838388199e-08
4.459229109251503952e-08
4.443105345399969680e-08
4.423951204407401049e-08
4.401780739370288473e-08
4.376640164326315267e-08
4.348518314042847800e-08
4.317357556494601501e-08
4.283079804203615735e-08
4.245671060911947898e-08
4.205208621821931735e-08
4.161785553661760598e-08
4.115440427835508612e-08
4.066189406013085871e-08
4.014059733320871509e-08
3.959098908486054516e-08
3.901410485913363467e-08
3.841134101590062671e-08
3.778377188897316740e-08
3.713220607762780094e-08
3.645762624840480743e-08
3.576140281810677955e-08
3.504528061320135318e-08
3.431099876932152703e-08
3.355991694239244960e-08
3.279349547287951912e-08
3.201367339563936498e-08
3.122245667855688937e-08
3.042176874429189223e-08
2.961340538260904252e-08
2.879921799969521902e-08
2.798139315555521891e-08
2.716198921361644356e-08
2.634286938647680245e-08
2.552594889708590060e-08
2.471322876681659869e-08
2.390660686423179283e-08
2.310782025680677725e-08
2.231851636363738271e-08
2.154036104651711609e-08
2.077483143384111519e-08
2.002320448409014114e-08
1.928670475538613720e-08
1.856638866480352328e-08
1.786310867159785613e-08
1.717756345240261955e-08
1.651030946157958938e-08
1.586170426103396324e-08
1.523194020313808615e-08
1.462106809358800615e-08
1.402898054081505498e-08
1.345542957849856330e-08
1.290006648573631033e-08
1.236243157066920819e-08
1.184199727407593153e-08
1.133818338945581549e-08
1.085038565264127957e-08
1.037799224979127457e-08
9.920424634042156721e-09
9.477144931549779592e-09
9.047688714198207188e-09
8.631679015103093146e-09
8.228832980071999915e-09
7.838972831102018674e-09
7.462024155593733954e-09
7.097998331976635651e-09
6.746989406469698758e-09
6.409147182047602672e-09
6.084656388525886604e-09
5.773707146155107588e-09
5.476458235668487277e-09
5.193009445902475088e-09
4.923364767221235413e-09
4.667410905283218281e-09
4.424896505316121892e-09
4.195431727059612299e-09
3.978494329013445708e-09
3.773452597278634963e-09
3.579597349218476353e-09
3.396180286455763100e-09
3.222457557114167789e-09
3.057728619775606167e-09
2.901370948394820632e-09
2.752861975638044269e-09
2.611788104715109350e-09
2.477836750257270536e-09
2.350774432642316204e-09
2.230414557522950580e-09
2.116579945040656556e-09
2.009069099963701344e-09
1.907633697447649743e-09
1.811972051218350738e-09
1.721738475468640026e-09
1.636565912622950684e-09
1.556094256399636934e-09
1.479995055333259956e-09
1.407985451942954834e-09
1.339828871682926094e-09
1.275323860869559688e-09
1.214286830384413055e-09
1.156536390268517785e-09
1.101885385932177775e-09
1.050142338471124076e-09
1.001119033319990070e-09
9.546388100832094033e-10
9.105411287968997232e-10
8.686809097805482218e-10
8.289247615902236826e-10
7.911471868950062373e-10
7.552286401529090175e-10
7.210553735825420243e-10
6.885202676556892662e-10
6.575236272429387337e-10
6.279734575479363569e-10
5.997849059611770507e-10
5.728790844503204387e-10
5.471820770453240122e-10
5.226246686247143351e-10
4.991427101837323966e-10
4.766771670133983889e-10
4.551734978875551678e-10
4.345809009908655317e-10
4.148521134917058239e-10
3.959434788419200756e-10
3.778147069038337091e-10
3.604284149381632723e-10
3.437498758609243480e-10
3.277469193976658558e-10
3.123897280771094581e-10
2.976505762341218634e-10
2.835036619556301975e-10
2.699249636204024545e-10
2.568920598010586209e-10
2.443839718879493185e-10
2.323810347644609792e-10
2.208647673667983720e-10
2.098177548591573097e-10
1.992235452512515187e-10
1.890665533100206956e-10
1.793319708633787883e-10
1.700056851911562954e-10
1.610742042399626040e-10
1.525245890834414177e-10
1.443443931570484711e-10
1.365216082133373844e-10
1.290446182316090120e-10
1.219021533051879857e-10
1.150832596083360930e-10
1.085772665865721642e-10
1.023737603397557159e-10
9.646256118097569972e-11
9.083370516916558044e-11
8.547742889107363288e-11
8.038415730745545996e-11
7.554449437189558373e-11
7.094921611747925151e-11
6.658926583228353681e-11
6.245575108533210031e-11
5.853994251226560345e-11
5.483327399115559360e-11
5.132734376863842638e-11
4.801391649229070239e-11
4.488492615094478856e-11
4.193247957974357549e-11
3.914886005547079939e-11
3.652653103886621485e-11
3.405814024950387971e-11
3.173652370430455569e-11
2.955470952556943743e-11
2.750592140378167427e-11
2.558358181703956535e-11
2.378131483302598135e-11
2.209294842267556410e-11
2.051251627657300166e-11
1.903425912406946384e-11
1.765262551596895629e-11
1.636227208817354868e-11
1.515806489020098596e-11
1.403507543937430100e-11
1.298857832164436354e-11
1.201405360002726601e-11
1.110718198064409592e-11
1.026384180005274715e-11
9.480105578761441824e-12
8.752236160833413708e-12
8.076682445206051004e-12
7.450074766661684504e-12
6.869219922280062977e-12
6.331095895680318256e-12
5.832846341800642501e-12
5.371774935908146511e-12
4.945341302245533186e-12
4.551151720970907276e-12
4.186952801913679971e-12
3.850629590157706555e-12
3.540197497621521687e-12
3.253796305640386687e-12
2.989684221030522057e-12
2.746232025569383050e-12
2.521917334872231269e-12
2.315320582765634399e-12
2.125116525775077271e-12
1.950068045297836954e-12
1.789025393960549644e-12
1.640919106462942996e-12
1.504755200579747382e-12
1.379610590815896617e-12
1.264631378560412367e-12
1.159021107325899318e-12
1.062042877232285450e-12
9.730151149432310502e-13
8.913070826372433776e-13
8.163370858057335385e-13
7.475660148233626646e-13
6.844938622390967665e-13
6.266608319520960534e-13
5.736428765788139584e-13
5.250516171993487603e-13
4.805228902518561285e-13
4.397243425632872343e-13
4.023509347008577466e-13
3.681220154129523741e-13
3.367757693414309935e-13
3.080737558554520805e-13
2.817997587557814320e-13
2.577486542296338904e-13
2.357355722379883317e-13
2.155927835487660559e-13
1.971608785182811310e-13
1.802980313365408419e-13
1.648723632330096883e-13
1.507617464991152048e-13
1.378576937185960777e-13
1.260555528148262815e-13
1.152651272367193839e-13
1.053979210665797717e-13
9.637840786147099970e-14
8.813211639819481790e-14
8.059569539302437807e-14
7.370697272069105298e-14
6.741165957680630710e-14
6.165932508222975096e-14
5.640283791277983228e-14
5.160082080448296995e-14
4.721416335308007092e-14
4.320696116765384177e-14
3.954684984431768669e-14
3.620470543090643254e-14
3.315292294830240465e-14
3.036649561399433005e-14
2.782271169281975898e-14
2.550078530484292678e-14
2.338169429393958706e-14
2.144803281751204339e-14
1.968387631457246081e-14
1.807465674202506267e-14
1.660704868724086844e-14
1.526886438660724984e-14
1.404919720599051989e-14
1.293788425128394876e-14
1.192535998658833611e-14
1.100328917075892040e-14
1.016414194853717418e-14
9.400388295658326518e-15
8.706093929051009318e-15
8.074885654246572107e-15
7.501520669592500037e-15
6.981208190573626544e-15
6.509214667352114875e-15
6.081457792607689002e-15
5.694181265161239554e-15
5.343928337666529274e-15
5.027519445404236188e-15
4.742032279351914330e-15
4.484781253781777138e-15
4.253517549816370722e-15
4.045791324692556819e-15
3.859688900478400367e-15
3.693212463375475332e-15
3.544781838965864145e-15
3.412738345223978334e-15
3.295617612206580555e-15
