# bin_3_2
1.443187900028647508e-08
1.448948793165930390e-08
1.454908806011153445e-08
1.461070360702616717e-08
1.467435513000695142e-08
1.474010325158994268e-08
1.480806055184704097e-08
1.487836268870096836e-08
1.495116636547033740e-08
1.502659283851737610e-08
1.510470327819392258e-08
1.518549781088967380e-08
1.526893309191005727e-08
1.535497824937841152e-08
1.544367045464476888e-08
1.553519285772048619e-08
1.562979560907570262e-08
1.572770695131979513e-08
1.582896736525447543e-08
1.593346377367022245e-08
1.604106330616520524e-08
1.615184093304478539e-08
1.626612631813780148e-08
1.638427577217988931e-08
1.650630407231216885e-08
1.663197231156473844e-08
1.676116589307207313e-08
1.689425220457672739e-08
1.703166190226344045e-08
1.717328148671616068e-08
1.731874352583749968e-08
1.746822238316395896e-08
1.762230181681021669e-08
1.778094450014395197e-08
1.794363176574622931e-08
1.811054283359945347e-08
1.828199274384456991e-08
1.845755250199451463e-08
1.863734888842946751e-08
1.882184969429541322e-08
1.901054826715637083e-08
1.920355727007301301e-08
1.940124061309976828e-08
1.960314620118752417e-08
1.980968395973328972e-08
2.002072594429434527e-08
2.023628952113849268e-08
2.045655504021144945e-08
2.068130829097718903e-08
2.091077892882017536e-08
2.114476648492003596e-08
2.138338934894394298e-08
2.162649013930694470e-08
2.187410301562217699e-08
2.212633422389343267e-08
2.238321563304702540e-08
2.264479705038511307e-08
2.291118451671282700e-08
2.318255257117640801e-08
2.345854884549504975e-08
2.373882429885830572e-08
2.402325590922303732e-08
2.431156596660642771e-08
2.460330265947235956e-08
2.489819647219370873e-08
2.519583020149406179e-08
2.549572970488382025e-08
2.579743986622170473e-08
2.610053445495074669e-08
2.640464900258698865e-08
2.670975243093666354e-08
2.701585211716880795e-08
2.732253074470285218e-08
2.762986750295810279e-08
2.793796224375380416e-08
2.824660248383435843e-08
2.855561465600976310e-08
2.886469452962167617e-08
2.917341481989379212e-08
2.948129410056753907e-08
2.978689851070609912e-08
3.008934936714227627e-08
3.038806668532325527e-08
3.068218633655481977e-08
3.097106983844710897e-08
3.125468497244111449e-08
3.153249694518967952e-08
3.180392059949688487e-08
3.206877072416279159e-08
3.232667120973639554e-08
3.257727920631066427e-08
3.281974550344649965e-08
3.305343267515640011e-08
3.327773071957687739e-08
3.349199207340389886e-08
3.369501954817612010e-08
3.388499488465932876e-08
3.406129613132608401e-08
3.422369499921617820e-08
3.437179222711983928e-08
3.450535827217554704e-08
3.462485548225193927e-08
3.472925305493110314e-08
3.481719113587027671e-08
3.488809921065539620e-08
3.494046586723251239e-08
3.497333444793111852e-08
3.498669494294241768e-08
3.497989996762481334e-08
3.495358033742348402e-08
3.490704182834776373e-08
3.483995607825363398e-08
3.475131724550889632e-08
3.464041388817339751e-08
3.450663303109745613e-08
3.434984779703645770e-08
3.416994074988328586e-08
3.396726727017266437e-08
3.374193639444384592e-08
3.349366673697509248e-08
3.322190973793109223e-08
3.292633601351001113e-08
3.260732155228806877e-08
3.226562527730547987e-08
3.190173223705484666e-08
3.151584214010053164e-08
3.110812798837515850e-08
3.067887087501299773e-08
3.022875494358515417e-08
2.975885283391238155e-08
2.927008440358177525e-08
2.876312533382238899e-08
2.823870926154181957e-08
2.769778357505815677e-08
2.714162034111088853e-08
2.657163657591472198e-08
2.598895111391052889e-08
2.539462915837799642e-08
2.479008298009478757e-08
2.417685374406296830e-08
2.355646271447532941e-08
2.293031484929440779e-08
2.229978761369122181e-08
2.166651611050886745e-08
2.103212393502362532e-08
2.039806834460826094e-08
1.976579266733364321e-08
1.913681705241433174e-08
1.851262006875373021e-08
1.789455903474550737e-08
1.728388406520237335e-08
1.668187104469254401e-08
1.608968027104832732e-08
1.550829721303588445e-08
1.493865554911056662e-08
1.438157503169129553e-08
1.383772412302667931e-08
1.330763258469354336e-08
1.279172848738734934e-08
1.229029273447181751e-08
1.180346648488425503e-08
1.133128437744731634e-08
1.087366162791609989e-08
1.043039888516976619e-08
1.000121891047212805e-08
9.585760487398917851e-09
9.183605401186280886e-09
8.794298016458801322e-09
8.417363355666936010e-09
8.052322205741308473e-09
7.698723810747449789e-09
7.356148775948131478e-09
7.024237628172886780e-09
6.702698773349292480e-09
6.391315332682539169e-09
6.089955606498052311e-09
5.798570673005186510e-09
5.517180687535758377e-09
5.245873098144803000e-09
4.984776779817428783e-09
4.734044967843297297e-09
4.493830951084404287e-09
4.264257810776567376e-09
4.045397334623262583e-09
3.837240761804712418e-09
3.639685464486152336e-09
3.452519669305612030e-09
3.275423323940747737e-09
3.107975383810966200e-09
2.949674162192287668e-09
2.799963810984988198e-09
2.658265379094654396e-09
2.524011108060309063e-09
2.396673212895342854e-09
2.275787737706586248e-09
2.160967559688133596e-09
2.051904192466135360e-09
1.948358494503271939e-09
1.850142833445243001e-09
1.757097829682596026e-09
1.669068378548701407e-09
1.585883897248728327e-09
1.507345805752326555e-09
1.433224638251996067e-09
1.363265586816497380e-09
1.297201050061861272e-09
1.234765650005465106e-09
1.175710199054034523e-09
1.119811138692311612e-09
1.066873918585894156e-09
1.016730562420262515e-09
9.692324636273248878e-10
9.242412654881557325e-10
8.816207992103286660e-10
8.412329320786227018e-10
8.029382506259921732e-10
7.666003902930648177e-10
7.320912039861224417e-10
6.992942155758082113e-10
6.681046299692801107e-10
6.384269036049429424e-10
6.101718147651194726e-10
5.832543413349927102e-10
5.575931777993668736e-10
5.331113510034172827e-10
5.097373568614406638e-10
4.874058346992174125e-10
4.660569624847646825e-10
4.456351615359311624e-10
4.260881961414976105e-10
4.073672082648866535e-10
3.894271082877985505e-10
3.722265527424690365e-10
3.557274299331783324e-10
3.398943144356699259e-10
3.246943071439811548e-10
3.100970710543224660e-10
2.960746553957289408e-10
2.826011871055353009e-10
2.696526887335969602e-10
2.572069673867735729e-10
2.452434607245138290e-10
2.337430643182352227e-10
2.226880134986756992e-10
2.120617593783001479e-10
2.018488369573243825e-10
1.920347638061198167e-10
1.826059392120501717e-10
1.735495488984090917e-10
1.648534822686751760e-10
1.565062555306345542e-10
1.484969412190382947e-10
1.408151045461240298e-10
1.334507447472274073e-10
1.263942420914562894e-10
1.196363102691909272e-10
1.131679540395155586e-10
1.069804320942603512e-10
1.010652253932703393e-10
9.541401024781759686e-11
9.001863526032911609e-11
8.487110163230259465e-11
7.996354693597827560e-11
7.528823324479232818e-11
7.083753317114186119e-11
6.660392655137865295e-11
6.257999371770296880e-11
5.875841221619815479e-11
5.513195530621390576e-11
5.169349201992552487e-11
4.843598875185954965e-11
4.535251208821994943e-11
4.243623240105406134e-11
3.968042807288649021e-11
3.707849044301042936e-11
3.462392918859777955e-11
3.231037790157489807e-11
3.013159966509741738e-11
2.808149280090557913e-11
2.615409647413944316e-11
2.434359605892875225e-11
2.264432811902734767e-11
2.105078508149386157e-11
1.955761947326611445e-11
1.815964765463656415e-11
1.685185295011928245e-11
1.562938825191037616e-11
1.448757795407131106e-11
1.342191928897275693e-11
1.242808300697740034e-11
1.150191357561899550e-11
1.063943057818227848e-11
9.836822999159435660e-12
9.090450232886291525e-12
8.396841168886979637e-12
7.752690386168216574e-12
7.154855017121445983e-12
6.600351181665861738e-12
6.086350090335522897e-12
5.610173828646757301e-12
5.169290867189879583e-12
4.761311285844320022e-12
4.383981832697085953e-12
4.035180819979560406e-12
3.712914143600962842e-12
3.415307879295713206e-12
3.140601844014001701e-12
2.887148144380474206e-12
2.653404147671198552e-12
2.437927265344550058e-12
2.239369842366876558e-12
2.056474145055560597e-12
1.888067470485215307e-12
1.733059413858056842e-12
1.590431793298332067e-12
1.459238241277561739e-12
1.338600186164257678e-12
1.227701889304923433e-12
1.125786519455092109e-12
1.032153011397593337e-12
9.461527902925748301e-13
8.671816087549834666e-13
7.946825450424287689e-13
7.281405958501745225e-13
6.670798571225434102e-13
6.110632946977078621e-13
5.596821187548260672e-13
5.125618196798071793e-13
4.693569889866487495e-13
4.297511236999332010e-13
3.934495145497596426e-13
3.601810616105788865e-13
3.296969496605856965e-13
3.017708431304362362e-13
2.761891726966657393e-13
2.527581746134257256e-13
2.313017408194921835e-13
2.116545538386940375e-13
1.936655207549242055e-13
1.771987764291390051e-13
1.621252129350301824e-13
1.483288073155798586e-13
1.357035889943963322e-13
1.241495056959547375e-13
1.135789563018875696e-13
1.039069331069813014e-13
9.505957387896944028e-14
8.696584853020820441e-14
7.956356142051940811e-14
7.279275768711806903e-14
6.660180034939207931e-14
6.093991460027428359e-14
5.576340951023429833e-14
5.103066661659361775e-14
4.670363190145833090e-14
4.274883320666723416e-14
3.913394137623029878e-14
3.582995092083922158e-14
3.281050836844848992e-14
3.005193911833415921e-14
2.753146166967109626e-14
2.522882496959074399e-14
2.312548597323936436e-14
2.120446702876895982e-14
1.945022512098740044e-14
1.784853124817384254e-14
1.638636152851878468e-14
1.505179571931044538e-14
1.383392464339151787e-14
1.272276537898964342e-14
1.170931796751730908e-14
1.078537495881208775e-14
9.943025613558030277e-15
9.175388658401058255e-15
8.476363081292574411e-15
7.839695884929335339e-15
7.260565206391230792e-15
6.733684121872584057e-15
6.254774299077396883e-15
5.819857967148802911e-15
5.425049492720150333e-15
5.066979791547795769e-15
4.742549172588528606e-15
4.448905923873542018e-15
4.183427052297988064e-15
3.943699747210956842e-15
3.727504148597340591e-15
3.532993110375710860e-15
3.358114603125991511e-15
3.201313639369047042e-15
3.060921201944166071e-15
2.935608008950672166e-15
2.824034724553201209e-15
2.724972079108678490e-15
2.637308873139707483e-15
2.560048068886164107e-15
2.492230194413572474e-15
2.432935622669708876e-15
2.381438618258578262e-15
2.336929455713798809e-15
