# bin_2_1
1.161547005807463793e-08
1.165712228650189541e-08
1.170013460484329347e-08
1.174454797441023978e-08
1.179043417255804938e-08
1.183787375591413142e-08
1.188695201461520154e-08
1.193771392311910971e-08
1.199015459019543298e-08
1.204425706052491731e-08
1.210001682868813363e-08
1.215751056323691712e-08
1.221685344784438544e-08
1.227814977081599987e-08
1.234140979316165261e-08
1.240658369322785032e-08
1.247365837138189837e-08
1.254276186393499023e-08
1.261405871035186941e-08
1.268759698904679009e-08
1.276326854150635093e-08
1.284103429008263384e-08
1.292104797109772783e-08
1.300343575284173248e-08
1.308812915924055385e-08
1.317508620610435291e-08
1.326448867384806038e-08
1.335642592927088519e-08
1.345075845464615677e-08
1.354753141566809894e-08
1.364687447900370370e-08
1.374868466565446502e-08
1.385294989137915404e-08
1.395977442113309135e-08
1.406905151349900525e-08
1.418078835700059422e-08
1.429501924205954288e-08
1.441167024641755708e-08
1.453077899100855691e-08
1.465228374084080583e-08
1.477619564094888693e-08
1.490250911613323325e-08
1.503128475775982898e-08
1.516256682366045494e-08
1.529636445584602750e-08
1.543268823039535031e-08
1.557157782900421450e-08
1.571308574928312212e-08
1.585727462090258525e-08
1.600394517514814396e-08
1.615291271370246464e-08
1.630408938275465767e-08
1.645738254262138523e-08
1.661266482842563521e-08
1.676978751239174200e-08
1.692857301045541583e-08
1.708882296419134286e-08
1.725032714608664807e-08
1.741284146503555784e-08
1.757602958547627101e-08
1.773959013196313442e-08
1.790345577687346733e-08
1.806733085183845126e-08
1.823083363411359632e-08
1.839397717017452251e-08
1.855672884570536669e-08
1.871891227482652879e-08
1.888052635759365287e-08
1.904150010061096934e-08
1.920179803226885563e-08
1.936140392801679446e-08
1.951968062248657691e-08
1.967611447669568053e-08
1.983034478290270642e-08
1.998171696314641270e-08
2.012946329374726721e-08
2.027320032862799799e-08
2.041258537088823438e-08
2.054694245694533364e-08
2.067623302553705486e-08
2.080060313215871392e-08
2.091995666642933060e-08
2.103413284512724291e-08
2.114247803861219724e-08
2.124452157757214153e-08
2.133990116557534632e-08
2.142836751360476665e-08
2.150901671713612960e-08
2.158121694724532510e-08
2.164458459035353503e-08
2.169871444078180702e-08
2.174279610176805660e-08
2.177675802021533398e-08
2.180108813747679186e-08
2.181537157460965450e-08
2.181935932177685849e-08
2.181285568282488184e-08
2.179465005941964767e-08
2.176428649988811146e-08
2.172138096916167653e-08
2.166540509422093991e-08
2.159690032325025807e-08
2.151569354844493319e-08
2.142204667046789339e-08
2.131548486469552449e-08
2.119564564555371930e-08
2.106201952980541010e-08
2.091456705087825485e-08
2.075322889809739769e-08
2.057828952554317056e-08
2.039003633291607349e-08
2.018869191362342221e-08
1.997422465215096112e-08
1.974641572726056635e-08
1.950530983092100833e-08
1.925136333438014400e-08
1.898518949780975490e-08
1.870727201826297734e-08
1.841792957843305615e-08
1.811736611273791830e-08
1.780592173485494317e-08
1.748429183744018303e-08
1.715330669242102543e-08
1.681361012954230294e-08
1.646576331321045389e-08
1.611034570773614978e-08
1.574806945577561949e-08
1.537989508849621796e-08
1.500673437642914237e-08
1.462929057191217388e-08
1.424831157235572286e-08
1.386470796829388750e-08
1.347944394178694640e-08
1.309343498456567984e-08
1.270743984189179827e-08
1.232229270267236588e-08
1.193892521581097793e-08
1.155817497766887585e-08
1.118078455773608522e-08
1.080748601196859192e-08
1.043901935852861303e-08
1.007608027284934105e-08
9.719230048508997603e-09
9.369008176779960257e-09
9.025935849589087565e-09
8.690418218849543342e-09
8.362793346991108664e-09
8.043341742028682327e-09
7.732295628031495884e-09
7.429782448874419271e-09
7.135879850513911521e-09
6.850619592912991904e-09
6.573953337547474024e-09
6.305791310055916418e-09
6.046004449344320998e-09
5.794421219267129961e-09
5.550839779644571333e-09
5.315050839653280404e-09
5.086825709042679080e-09
4.865941590507484509e-09
4.652180609509191127e-09
4.445340819880328688e-09
4.245240544123614509e-09
4.051728252493556520e-09
3.864680731467798581e-09
3.684004016796716418e-09
3.509640728554629302e-09
3.341558169616072498e-09
3.179745935164417958e-09
3.024205040420613559e-09
2.874939828466917792e-09
2.731951264608477229e-09
2.595225547802821939e-09
2.464730285839580417e-09
2.340406262282579747e-09
2.222162125238098109e-09
2.109872058337674214e-09
2.003372416709050256e-09
1.902463753552855730e-09
1.806913366286980243e-09
1.716465363243744909e-09
1.630847850419382789e-09
1.549785491029151494e-09
1.473007274774308137e-09
1.400254884161965066e-09
1.331287478855883279e-09
1.265884451126555214e-09
1.203845461408976209e-09
1.144991309534137087e-09
1.089164008253353405e-09
1.036226518461737147e-09
9.860595132050704057e-10
9.385563936572866001e-10
8.936151487367923926e-10
8.511290856257625411e-10
8.109798891665208740e-10
7.730356806397845388e-10
7.371545382734279162e-10
7.031924429239468159e-10
6.710125385865483920e-10
6.404925668375286658e-10
6.115281260597313561e-10
5.840313106920664935e-10
5.579254957412042318e-10
5.331387838763847877e-10
5.095985306402505584e-10
4.872296330142032294e-10
4.659566836589091643e-10
4.457080245045946506e-10
4.264185505389107693e-10
4.080294282265284172e-10
3.904863440686756588e-10
3.737386966435992139e-10
3.577397414074560604e-10
3.424463505782070713e-10
3.278178295637085099e-10
3.138152374352589409e-10
3.004020745067990465e-10
2.875450206500693003e-10
2.752137606002766709e-10
2.633803434163328465e-10
2.520187238354039176e-10
2.411046688466243778e-10
2.306157578752404789e-10
2.205313592507237712e-10
2.108324888305423768e-10
2.015016309097982743e-10
1.925226111498850101e-10
1.838804838432225044e-10
1.755614332647780640e-10
1.675526891614484145e-10
1.598424373857862507e-10
1.524197150401974872e-10
1.452743244544713246e-10
1.383967710374005436e-10
1.317781930278485023e-10
1.254102809909967178e-10
1.192852237857549400e-10
1.133956534946918840e-10
1.077345869596898384e-10
1.022953818230522584e-10
9.707169285169201770e-11
9.205743330537167671e-11
8.724674095510045061e-11
8.263394671111762754e-11
7.821354650777928074e-11
7.398017617758820465e-11
6.992858959679413025e-11
6.605364031979052094e-11
6.235026595971419255e-11
5.881347506214561198e-11
5.543833624132691968e-11
5.221996981468567127e-11
4.915354163696227679e-11
4.623425880579121531e-11
4.345736681469418141e-11
4.081814817019966639e-11
3.831192229672891054e-11
3.593404658845316813e-11
3.367991862111855933e-11
3.154497929531305606e-11
2.952471659548176571e-11
2.761466987698314677e-11
2.581043539722395783e-11
2.410766865142218644e-11
2.250209285692446575e-11
2.098950325925939761e-11
1.956577247564736895e-11
1.822685579523764227e-11
1.696879634736439786e-11
1.578772997301411404e-11
1.467988983686747772e-11
1.364161064416219549e-11
1.266933238938288387e-11
1.175960361181313814e-11
1.090908421282425340e-11
1.011454780064558811e-11
9.372883518757412066e-12
8.681097319992315121e-12
8.036312720879734682e-12
7.435771072340589840e-12
6.876831321992143746e-12
6.356969288563856167e-12
5.873776518775638407e-12
5.424958731108940072e-12
5.008333975845751180e-12
4.621831616643216451e-12
4.263486674551999849e-12
3.931438424503463388e-12
3.623928656916987192e-12
3.339297495551473041e-12
3.075980003391011559e-12
2.832502674530886231e-12
2.607479838520107182e-12
2.399609994908083460e-12
2.207672125555811287e-12
2.030521987703348754e-12
1.867088532399249558e-12
1.716371234269304949e-12
1.577434360241527093e-12
1.449403575839334783e-12
1.331464715856282263e-12
1.222859326307527702e-12
1.122881454609271897e-12
1.030874532481432643e-12
9.462284784527783229e-13
8.683773517083385633e-13
7.967962862749426604e-13
7.309962326140509817e-13
6.705255000112793213e-13
6.149657708760031464e-13
5.639299325727361790e-13
5.170600201799219730e-13
4.740267906630929353e-13
4.345222952351572118e-13
3.982640554978299675e-13
3.649913733589239790e-13
3.344637907210688570e-13
3.064612851717780627e-13
2.807772505272633391e-13
2.572232703060652762e-13
2.356257794273585272e-13
2.158266378632673448e-13
1.976771822636119314e-13
1.810417548198290386e-13
1.657963162769011256e-13
1.518273080998906925e-13
1.390278810888235275e-13
1.273014224544990493e-13
1.165606780713220395e-13
1.067220566691287780e-13
9.771104060444065871e-14
8.945967841394116576e-14
8.190321420378142561e-14
7.498498058050225414e-14
6.865083386042545578e-14
6.285208753959971752e-14
5.754426743245970324e-14
5.268557188697497833e-14
4.823913227218341372e-14
4.416952132043871441e-14
4.044572794959268407e-14
3.703824975360848362e-14
3.392048445530338733e-14
3.106843622389651959e-14
2.845901207253234031e-14
2.607244948292193800e-14
2.388961967561494185e-14
2.189311838091357563e-14
2.006746588831901335e-14
1.839840324549702847e-14
1.687236147076389270e-14
1.547728851624480098e-14
1.420214166316483241e-14
1.303680287442588382e-14
1.197200157436272364e-14
1.099924387294972381e-14
1.011074784750026551e-14
9.299384154931397595e-15
8.558621636631272770e-15
7.882475238581794853e-15
7.265466263097011892e-15
6.702574687463043358e-15
6.189199119980604899e-15
5.721451263889644830e-15
5.295175959116934240e-15
4.906934514597463428e-15
4.553670327971011528e-15
4.232243616702000987e-15
3.940123197086324135e-15
3.674799907015937686e-15
3.433950920933406600e-15
3.215559833656912404e-15
3.017824070442613145e-15
2.838908779671933692e-15
2.677234619361969966e-15
2.531342121573494938e-15
2.399955403419336617e-15
2.281800069998180599e-15
2.175708030124541777e-15
2.080706249504277171e-15
1.995797082234557714e-15
1.920142090447194692e-15
1.852881754723243460e-15
1.793293384178864605e-15
1.740699487911783774e-15
1.694464100695162746e-15
1.653990865556295366e-15
1.618720322519517547e-15
1.588171653554592870e-15
1.561848792183876957e-15
1.539344833522919091e-15
1.520230954556021272e-15
1.504139410155563893e-15
1.490720085592551762e-15
1.479661807519355429e-15
1.470644251244425509e-15
1.463398576308596130e-15
1.457660165796863972e-15
1.453195222835444660e-15
