# bin_4_4
1.654436224117160351e-08
1.661441180483171216e-08
1.668695728918009419e-08
1.676207988391469425e-08
1.683987202218372619e-08
1.692042183218156837e-08
1.700376955865131635e-08
1.708993675579306845e-08
1.717893873145973323e-08
1.727081032286697825e-08
1.736571840154373180e-08
1.746387366209104824e-08
1.756550032901217658e-08
1.767074284181553236e-08
1.777964746460053390e-08
1.789227958708932410e-08
1.800874093897434613e-08
1.812911406065717055e-08
1.825335734704796311e-08
1.838140162075847790e-08
1.851340055915897011e-08
1.864976487560126004e-08
1.879091088542936475e-08
1.893699758378260660e-08
1.908806604213733127e-08
1.924406300778203947e-08
1.940479894485221549e-08
1.957020517531604554e-08
1.974081013948966720e-08
1.991727855264730972e-08
2.009977505461837096e-08
2.028802277643620523e-08
2.048155122372899298e-08
2.068035095854624721e-08
2.088527399614711784e-08
2.109692233793929091e-08
2.131482326260352271e-08
2.153816648895581120e-08
2.176726320158148677e-08
2.200329262572185863e-08
2.224615491670221344e-08
2.249475557624566454e-08
2.274951372903023850e-08
2.301172600235937044e-08
2.328068377227751850e-08
2.355587808228509519e-08
2.383879796885537712e-08
2.412882475498627460e-08
2.442484201650504042e-08
2.472820927410216320e-08
2.503823442134575061e-08
2.535459358967166791e-08
2.567814716972888938e-08
2.600765332316892266e-08
2.634414072173279189e-08
2.668686101647803474e-08
2.703635718747325893e-08
2.739244431117147359e-08
2.775530958185371420e-08
2.812484861980716743e-08
2.850127735305763986e-08
2.888431614311928978e-08
2.927433685122704332e-08
2.967103044255994259e-08
3.007458090127157848e-08
3.048509947925392804e-08
3.090256409704786902e-08
3.132703549884568891e-08
3.175870043178553056e-08
3.219683096759600959e-08
3.264079870173003298e-08
3.309036048953429048e-08
3.354484831749485331e-08
3.400324927916897022e-08
3.446484309175644294e-08
3.492892295078274684e-08
3.539478553332835402e-08
3.586203130656623795e-08
3.633042324554427102e-08
3.680003575761772724e-08
3.727121600064938912e-08
3.774354754241531053e-08
3.821707048856153638e-08
3.869197447417288691e-08
3.916778588189379723e-08
3.964357740052355416e-08
4.011843219870796152e-08
4.059137330520036294e-08
4.106167235001300126e-08
4.152731009261443499e-08
4.198715197315764453e-08
4.244096871706836664e-08
4.288789105188556728e-08
4.332710403114022814e-08
4.375833797760005723e-08
4.418048701763604879e-08
4.459246978976493767e-08
4.499391126326864019e-08
4.538458350836718038e-08
4.576457317337355516e-08
4.613252389200977179e-08
4.648717428141489171e-08
4.682675521090510028e-08
4.714971912826386500e-08
4.745402211414398583e-08
4.773803577998060315e-08
4.800213021939783579e-08
4.824645838722049090e-08
4.847013936095889954e-08
4.867280612561420474e-08
4.885432705546303936e-08
4.901200190331156268e-08
4.914420571629342743e-08
4.925002386518455065e-08
4.932742346473616875e-08
4.937668617097442612e-08
4.939753227803935876e-08
4.938952032428197804e-08
4.935275238955286679e-08
4.928561123774782201e-08
4.918764492194289582e-08
4.905706771017200267e-08
4.889351628471440764e-08
4.869628529410247492e-08
4.846581205133020154e-08
4.820232967933765495e-08
4.790599661818160973e-08
4.757626974053878205e-08
4.721209375861088610e-08
4.681321735555308117e-08
4.638040021978007311e-08
4.591460715834001962e-08
4.541635796825555711e-08
4.488588511897767110e-08
4.432346437976842123e-08
4.372952672734061036e-08
4.310503867379028461e-08
4.245150533308227931e-08
4.177024684788104741e-08
4.106214945963774885e-08
4.032820397935424793e-08
3.956983494121704502e-08
3.878888790457870918e-08
3.798733167962622004e-08
3.716673271620848867e-08
3.632860350229997728e-08
3.547498626268832999e-08
3.460810501316022350e-08
3.373010117864562850e-08
3.284298174847104430e-08
3.194872923438220895e-08
3.104969293633476849e-08
3.014821394132975511e-08
2.924637346930851314e-08
2.834625162930308030e-08
2.745005383453901076e-08
2.655991262336997273e-08
2.567779850846566450e-08
2.480552613741815695e-08
2.394496421366815593e-08
2.309780960988449560e-08
2.226551274090378103e-08
2.144946281048733758e-08
2.065087499666949684e-08
1.987077546666972266e-08
1.910997699199477732e-08
1.836915481378726806e-08
1.764877658769083747e-08
1.694910640965843142e-08
1.627025806758163770e-08
1.561217112110906794e-08
1.497462261019554589e-08
1.435726648928204018e-08
1.375963632268650562e-08
1.318117523439100207e-08
1.262126221606457726e-08
1.207923402881375996e-08
1.155442029968384536e-08
1.104616361024734933e-08
1.055384580678131291e-08
1.007692166513430544e-08
9.614921871100963314e-09
9.167489728152037552e-09
8.734376405535942515e-09
8.315445319299549765e-09
7.910668106267923616e-09
7.520106386819662438e-09
7.143898965262742291e-09
6.782228995532609425e-09
6.435302364164352767e-09
6.103314494848508855e-09
5.786411357637354557e-09
5.484661162619779598e-09
5.198012217038763601e-09
4.926276053120483495e-09
4.669106149974510670e-09
4.426003698742338631e-09
4.196331054750401941e-09
3.979339976800679574e-09
3.774212264691466591e-09
3.580106261719873354e-09
3.396202995245008541e-09
3.221750257955930709e-09
3.056095768431370048e-09
2.898706948606993595e-09
2.749175820263770324e-09
2.607206252474272346e-09
2.472584159849098349e-09
2.345138431366757418e-09
2.224696933602239378e-09
2.111049043702405340e-09
2.003920499704852856e-09
1.902968674236897437e-09
1.807796917119978205e-09
1.717984687159651927e-09
1.633123867093890461e-09
1.552850289523341223e-09
1.476861732004252688e-09
1.404917529490359034e-09
1.336822019198976125e-09
1.272399307172520371e-09
1.211470068270949594e-09
1.153838859412065774e-09
1.099295715484046612e-09
1.047628725894957349e-09
9.986399473621110605e-10
9.521556181245305823e-10
9.080263474720429810e-10
8.661188382663519682e-10
8.263060986591915236e-10
7.884623254156997218e-10
7.524643077332919329e-10
7.181961388554337343e-10
6.855524895042526709e-10
6.544381371124755942e-10
6.247650362985674900e-10
5.964500043251092986e-10
5.694145024091868902e-10
5.435855636096343713e-10
5.188960511287413189e-10
4.952839868321837967e-10
4.726917477847646053e-10
4.510657110557140122e-10
4.303561607317071231e-10
4.105171054898596907e-10
3.915059321618441727e-10
3.732830860969804259e-10
3.558118474789768886e-10
3.390581344728147696e-10
3.229902750084330785e-10
3.075787910355530168e-10
2.927962148867259957e-10
2.786169110771053277e-10
2.650169100754755969e-10
2.519737508771159196e-10
2.394663353912014339e-10
2.274747952513792571e-10
2.159803732160507765e-10
2.049653188163205221e-10
1.944127917849623927e-10
1.843067721263168181e-10
1.746319754764789661e-10
1.653737754844645190e-10
1.565181357504916209e-10
1.480515430447866998e-10
1.399609594684764461e-10
1.322337728478083239e-10
1.248577549530527945e-10
1.178210254188568913e-10
1.111120210353329826e-10
1.047194692076925392e-10
9.863236585174813650e-11
9.283995661340078496e-11
8.733172138553495267e-11
8.209736154864924309e-11
7.712679028182404510e-11
7.241012537392505689e-11
6.793768419921681603e-11
6.369998014193467908e-11
5.968772071917024234e-11
5.589180712258447981e-11
5.230333481511517048e-11
4.891359471872442838e-11
4.571407516065834968e-11
4.269646441223426594e-11
3.985265350481313804e-11
3.717473912003709150e-11
3.465502649375285535e-11
3.228603229513734084e-11
3.006048733322629842e-11
2.797133899591772036e-11
2.601175333498182999e-11
2.417511673495408007e-11
2.245503710174270188e-11
2.084534462789294581e-11
1.934009208559693997e-11
1.793355471300963812e-11
1.662023245486102699e-11
1.539484018147499653e-11
1.425231238721739993e-11
1.318780053123260509e-11
1.219666908737912404e-11
1.127449219201745224e-11
1.041704991613851940e-11
9.620324198786769539e-12
8.880494361806722432e-12
8.193932222884786563e-12
7.557196837382697410e-12
6.967028983038299930e-12
6.420345406291744525e-12
5.914232945232722678e-12
5.445944592832119258e-12
5.012889086452563099e-12
4.612625353986563083e-12
4.242860050362445246e-12
3.901439192600204937e-12
3.586341911878837986e-12
3.295674253918106429e-12
3.027663078693597920e-12
2.780650055629879197e-12
2.553087276731186858e-12
2.343529300296537193e-12
2.150624887075182143e-12
1.973117510165797846e-12
1.809837492173173283e-12
1.659696922075019811e-12
1.521684766992805201e-12
1.394864648320426562e-12
1.278364088147352390e-12
1.171373897466386290e-12
1.073145681311464263e-12
9.829864778481771432e-13
9.002562305160066436e-13
8.243633534324421424e-13
7.547570231105960967e-13
6.909311051471310528e-13
6.324183712612450257e-13
5.787910006699723444e-13
5.296483759193018361e-13
4.846236116569723701e-13
4.433795193325581526e-13
4.056081577026321708e-13
3.710198214540034551e-13
3.393512660604141485e-13
3.103632928893720741e-13
2.838308186624771133e-13
2.595485186727050537e-13
2.373315882487454900e-13
2.170043961710749512e-13
1.984089300111641999e-13
1.814013072442291024e-13
1.658452238366090813e-13
1.516212671401812337e-13
1.386142657485798856e-13
1.267231747336485792e-13
1.158520475531198049e-13
1.059155792016858200e-13
9.683306202283797145e-14
8.853346206278990515e-14
8.094818359129621089e-14
7.401847389135072393e-14
6.768673246177371080e-14
6.190215767320950710e-14
5.661901054102697156e-14
5.179319299483104774e-14
4.738566342404534372e-14
4.336139765805304882e-14
3.968703115831771044e-14
3.633237305802224386e-14
3.327003469779607085e-14
3.047494976527474720e-14
2.792417883504628277e-14
2.559673130067533856e-14
2.347340140958951910e-14
2.153661939198955788e-14
1.977031445104677027e-14
1.815978899546539261e-14
1.669160241106468105e-14
1.535346469120567130e-14
1.413415744466141830e-14
1.302397536089137803e-14
1.201295663524603080e-14
1.109269765453967856e-14
1.025570841081671859e-14
9.494426593290290480e-15
8.802736910021801452e-15
8.174473362485717150e-15
7.604130345846249654e-15
7.086943238508889742e-15
6.618316681251863522e-15
6.194003103531887555e-15
5.810219135384974507e-15
5.463487817415644694e-15
5.150611151791556048e-15
4.868823222979962609e-15
4.615291377537882135e-15
4.387510420382517172e-15
4.183480281086380426e-15
4.000904797224837737e-15
3.837990313132941970e-15
