# bin_3_1
1.206416580970936789e-08
1.210829965505005215e-08
1.215388550457689032e-08
1.220096761605804479e-08
1.224962165597130088e-08
1.229993234323911874e-08
1.235198932850001361e-08
1.240584137071752453e-08
1.246148662120258907e-08
1.251891102188715191e-08
1.257811328177392546e-08
1.263917483180451985e-08
1.270221642708170765e-08
1.276734778784896608e-08
1.283458300927369046e-08
1.290387510178610049e-08
1.297521463376967097e-08
1.304873592928004973e-08
1.312461049202862089e-08
1.320289133316547506e-08
1.328347296332876482e-08
1.336632067562535312e-08
1.345159612962264194e-08
1.353943245565035434e-08
1.362976449470190453e-08
1.372255430650374402e-08
1.381799225878808931e-08
1.391617463256971359e-08
1.401696472974021455e-08
1.412041473071847194e-08
1.422666289378605614e-08
1.433561005932195400e-08
1.444725037681413141e-08
1.456169685325135262e-08
1.467884692738116997e-08
1.479871509441982226e-08
1.492134319679795932e-08
1.504666237863057032e-08
1.517471829313263051e-08
1.530545469736744617e-08
1.543889010381837475e-08
1.557502516701280836e-08
1.571392745516369002e-08
1.585564759842917078e-08
1.600020090906401075e-08
1.614760410485450590e-08
1.629790324994754139e-08
1.645115675268703571e-08
1.660743318375514904e-08
1.676653848075137875e-08
1.692829307984926509e-08
1.709261390391818311e-08
1.725941287522419050e-08
1.742856683036200284e-08
1.759993085457191731e-08
1.777333083694287477e-08
1.794857166432478370e-08
1.812544544478837740e-08
1.830370979787089976e-08
1.848302977652526640e-08
1.866310485443887378e-08
1.884386838577836075e-08
1.902502438083625127e-08
1.920618958274673721e-08
1.938737554176539708e-08
1.956854651161364964e-08
1.974952125777135383e-08
1.993029447412600885e-08
2.011078817503400749e-08
2.029095973686313020e-08
2.047078401920792041e-08
2.064961247983899806e-08
2.082691988041752909e-08
2.100233290612943842e-08
2.117518221323105618e-08
2.134468436716028667e-08
2.151044004124772522e-08
2.167208890671954942e-08
2.182893267431990641e-08
2.198091052103726069e-08
2.212814578326023494e-08
2.227051652182847028e-08
2.240783410041434430e-08
2.253941337260627317e-08
2.266475137782008324e-08
2.278345260303482469e-08
2.289523376749495112e-08
2.299914936781413203e-08
2.309452789686692710e-08
2.318094525826661888e-08
2.325795347694169087e-08
2.332469420725676672e-08
2.338104864221596492e-08
2.342745771668835290e-08
2.346345116994070450e-08
2.348872584249093932e-08
2.350303373464499874e-08
2.350510285078985647e-08
2.349442094196524679e-08
2.347054559769287046e-08
2.343288353164546826e-08
2.338191792785793342e-08
2.331740723301171322e-08
2.323955267620793606e-08
2.314781196532403568e-08
2.304175924768857181e-08
2.292081794912578385e-08
2.278488471164043947e-08
2.263383361189124337e-08
2.246788562904437563e-08
2.228726444406117614e-08
2.209213115958232641e-08
2.188239394861311856e-08
2.165777612447400541e-08
2.141826786178569961e-08
2.116427640228427139e-08
2.089637030935982116e-08
2.061499224965432914e-08
2.032042560967521331e-08
2.001284365001266502e-08
1.969256160183210473e-08
1.936025770359267411e-08
1.901675246455262374e-08
1.866268674541180615e-08
1.829862665341769014e-08
1.792516473255972275e-08
1.754303508453121293e-08
1.715323049429431377e-08
1.675670409508294635e-08
1.635420894372499629e-08
1.594655254406896538e-08
1.553471533294690494e-08
1.511974091068612550e-08
1.470263367015827991e-08
1.428424888019143208e-08
1.386552655976978919e-08
1.344751247120254159e-08
1.303116484047590674e-08
1.261735285503509362e-08
1.220694033894263477e-08
1.180080315459388009e-08
1.139977547827666125e-08
1.100455759842803543e-08
1.061582782084902639e-08
1.023424424131332653e-08
9.860344679066321180e-09
9.494594394460563079e-09
9.137393777135252998e-09
8.789086432580253346e-09
8.449900585673985491e-09
8.120003045667816306e-09
7.799502041240944410e-09
7.488411735901725890e-09
7.186690564812967494e-09
6.894242876855902596e-09
6.610915838539863507e-09
6.336512270545392904e-09
6.070814756375583816e-09
5.813574863989563184e-09
5.564540110238876704e-09
5.323454672494400956e-09
5.090072600757827704e-09
4.864164591125099903e-09
4.645531091373369915e-09
4.434002278060140296e-09
4.229442019051197501e-09
4.031758665019076327e-09
3.840894587551278140e-09
3.656825265642493491e-09
3.479548810786736772e-09
3.309077663569190697e-09
3.145431332790441161e-09
2.988623591324322397e-09
2.838656482214878074e-09
2.695510124910581744e-09
2.559133987295372744e-09
2.429441846047300908e-09
2.306305204265658947e-09
2.189550656207026369e-09
2.078960726612088003e-09
1.974280728394612495e-09
1.875225437675480101e-09
1.781492344652239643e-09
1.692770866534328389e-09
1.608753681748470087e-09
1.529144984455974408e-09
1.453667240438395090e-09
1.382065236716128597e-09
1.314110969103252984e-09
1.249607258121397953e-09
1.188389914517363069e-09
1.130325114864045647e-09
1.075302942424798969e-09
1.023225528957036641e-09
9.739923977090695309e-10
9.274878700670292293e-10
8.835746579629148752e-10
8.420952740005015988e-10
8.028808507477623657e-10
7.657638549100022934e-10
7.305903840346129296e-10
6.972281075996517687e-10
6.655679317178854805e-10
6.355192913806220706e-10
6.070017775332091104e-10
5.799365788934059767e-10
5.542419440877856554e-10
5.298336590883513097e-10
5.066289173157328247e-10
4.845499761069287934e-10
4.635248848714523216e-10
4.434869145196183177e-10
4.243748861553411525e-10
4.061337699451835834e-10
3.887139223202250574e-10
3.720685510841208930e-10
3.561520025043641872e-10
3.409205523410123994e-10
3.263338707671448490e-10
3.123554684270279997e-10
2.989521321446189353e-10
2.860930875329555409e-10
2.737495793001519016e-10
2.618947687829357807e-10
2.505038592170366305e-10
2.395541052381774038e-10
2.290246206580016585e-10
2.188961463101734717e-10
2.091508399097237728e-10
1.997721808837843140e-10
1.907449343614377547e-10
1.820550672995772284e-10
1.736895824449627348e-10
1.656364029263717043e-10
1.578843222218348757e-10
1.504229239469527430e-10
1.432424729940840953e-10
1.363338599183328342e-10
1.296885356790307111e-10
1.232984354109286828e-10
1.171559289338577414e-10
1.112537655800104498e-10
1.055850276270515650e-10
1.001430886542403867e-10
9.492157397086691622e-11
8.991432653876079435e-11
8.511537545568460829e-11
8.051890770667273327e-11
7.611924400127126773e-11
7.191081796993310352e-11
6.788815823194331203e-11
6.404587327083829710e-11
6.037863937983315466e-11
5.688119126653744980e-11
5.354831494613957079e-11
5.037484239953042639e-11
4.735564798819811026e-11
4.448564648062418957e-11
4.175979254886800129e-11
3.917308174629281149e-11
3.672055268481503455e-11
3.439729003160114762e-11
3.219842825585598471e-11
3.011915686686471148e-11
2.815472267978292081e-11
2.630043843256854030e-11
2.455168734417902507e-11
2.290392880758596297e-11
2.135270416047667024e-11
1.989364244642816569e-11
1.852246598105561199e-11
1.723499573557334159e-11
1.602715634905376036e-11
1.489498068819273590e-11
1.383461393716411015e-11
1.284231725726690222e-11
1.191447097807585897e-11
1.104757725313291799e-11
1.023826211688743185e-11
9.483276986775079020e-12
8.779499634251973638e-12
8.123934583131148984e-12
7.513712957403711967e-12
6.946091834034680902e-12
6.418453112658951720e-12
5.928302027475777070e-12
5.473266427122874343e-12
5.051091336382942668e-12
4.659637698410824494e-12
4.296880704102013461e-12
3.960905610464790588e-12
3.649904289210087752e-12
3.362171607153409586e-12
3.096101675131149993e-12
2.850183980215873939e-12
2.622999456952025036e-12
2.413216498381373229e-12
2.219587066666967327e-12
2.040943695505630162e-12
1.876193405831141721e-12
1.724313948850634769e-12
1.584352205771770124e-12
1.455419348107232136e-12
1.336687245905873254e-12
1.227384961435004965e-12
1.126795471758086337e-12
1.034252948405380407e-12
9.491393188213497231e-13
8.708786397494230045e-13
7.989382959590498950e-13
7.328246643197768166e-13
6.720806156083818201e-13
6.162831416366495337e-13
5.650426266251463451e-13
5.179951114212817804e-13
4.748062029249644661e-13
4.351671138928357878e-13
3.987928710979838243e-13
3.654222782455904270e-13
3.348106430611643676e-13
3.067343617140243725e-13
2.809873723236745931e-13
2.573815481999087219e-13
2.357405373244250287e-13
2.159031551505363829e-13
1.977218383602934998e-13
1.810613518319293061e-13
1.657948672485748492e-13
1.518073897294805764e-13
1.389947532021428607e-13
1.272577853379388925e-13
1.165076534628300574e-13
1.066632477714872212e-13
9.764769933999359447e-14
8.939323192718400810e-14
8.183547939651425205e-14
7.491637363552473598e-14
6.858283059960252582e-14
6.278513241024214938e-14
5.747916235924380833e-14
5.262282372200254269e-14
4.817900333477994560e-14
4.411259051732732810e-14
4.039184286620784771e-14
3.698805877857394891e-14
3.387381430148555417e-14
3.102539840606313119e-14
2.842004750563898094e-14
2.603702765193313423e-14
2.385781671045512444e-14
2.186536793616027016e-14
2.004354831573463616e-14
1.837796435286510352e-14
1.685542888482452779e-14
1.546386002874951543e-14
1.419218881660568239e-14
1.303027464625343625e-14
1.196882794130427861e-14
1.099933923358293318e-14
1.011401422092809059e-14
9.305712204481675687e-15
8.567896715573040442e-15
7.894580486346766704e-15
7.280277270594247875e-15
6.720301530860687167e-15
6.209747655452459857e-15
5.744504045422868320e-15
5.320902913384148213e-15
4.935231679723664413e-15
4.584450185288549288e-15
4.265575870061827109e-15
3.975851300001037224e-15
3.712868449007085435e-15
3.474469879599955081e-15
3.258486186409339173e-15
3.063037768020334407e-15
2.886390273874371909e-15
2.727020777830022468e-15
2.583422582434059519e-15
2.454214652910464491e-15
2.338237128767974424e-15
2.234313550902506144e-15
2.141448621288863400e-15
2.058631481285108664e-15
1.985007013838528170e-15
1.919775776534075496e-15
1.862188971597660842e-15
1.811545741418215713e-15
1.767189396223024840e-15
1.728554152485233408e-15
1.695058980331748909e-15
1.666225677815981833e-15
1.641551874723902508e-15
1.620605683232726656e-15
1.602975643213837534e-15
1.588295600088669540e-15
1.576187138528321607e-15
1.566331753103444113e-15
1.558413874732678219e-15
1.552152852854677648e-15
