# bin_3_2
1.513596632207683333e-08
1.519630645501176008e-08
1.525876920402467414e-08
1.532341903852857956e-08
1.539032241309083567e-08
1.545954746716414955e-08
1.553116420803691460e-08
1.560524520489289758e-08
1.568186411461210822e-08
1.576109555676026706e-08
1.584301513226566359e-08
1.592769885291152641e-08
1.601522565242233037e-08
1.610567793558790100e-08
1.619914059883191194e-08
1.629570014578832588e-08
1.639544284580698371e-08
1.649845518907444238e-08
1.660482399651748916e-08
1.671463591333733366e-08
1.682797943585773387e-08
1.694494606185878291e-08
1.706562894755843623e-08
1.719012115606694146e-08
1.731851470697006563e-08
1.745089923299066227e-08
1.758736359878102101e-08
1.772798747282872754e-08
1.787284573735909562e-08
1.802201834035013338e-08
1.817559159966134128e-08
1.833364732150030247e-08
1.849624937281671665e-08
1.866344901038500505e-08
1.883529760073736715e-08
1.901185635142958132e-08
1.919318567219308278e-08
1.937933142811646536e-08
1.957033372034622245e-08
1.976621323647112931e-08
1.996697323275484426e-08
2.017274826252224197e-08
2.038367759465017850e-08
2.059955348329471111e-08
2.082019251495051927e-08
2.104562592689092721e-08
2.127593806259590172e-08
2.151117882557172345e-08
2.175121327804417893e-08
2.199597450669351644e-08
2.224548739423189906e-08
2.249965614761880349e-08
2.275842887077461752e-08
2.302179015062763261e-08
2.328966828075326465e-08
2.356205555834757239e-08
2.383892586766645991e-08
2.412025695602551638e-08
2.440605379991817951e-08
2.469631352478224572e-08
2.499103625963699598e-08
2.529023806050412581e-08
2.559389805284889822e-08
2.590193181610378447e-08
2.621416366645045755e-08
2.653071491924348800e-08
2.685083074050171151e-08
2.717389242958060516e-08
2.749968012027502103e-08
2.782769597822859153e-08
2.815736085261915358e-08
2.848823022476294269e-08
2.881982469809495808e-08
2.915171172117416700e-08
2.948342721024147592e-08
2.981461384712605306e-08
3.014492776069709859e-08
3.047460212168203883e-08
3.080297930427264888e-08
3.112972598986045330e-08
3.145487156004262843e-08
3.177805545716433078e-08
3.209878327098717653e-08
3.241653794357582997e-08
3.273047290067031686e-08
3.304013075447353292e-08
3.334417255495708686e-08
3.364135498065927381e-08
3.393128432938711744e-08
3.421331033083824088e-08
3.448679035225590505e-08
3.475142538736012230e-08
3.500653574469104281e-08
3.525098404793582853e-08
3.548468641201108178e-08
3.570708913684655888e-08
3.591784878539094072e-08
3.611610010951101310e-08
3.630056027410070940e-08
3.647059476379269590e-08
3.662529932434414034e-08
3.676386331963620427e-08
3.688467754775651547e-08
3.698755928909826928e-08
3.707256848920614030e-08
3.713888598469278714e-08
3.718573002944697423e-08
3.721321363097465058e-08
3.722025841050704145e-08
3.720557656768038898e-08
3.716905864593352039e-08
3.710967737827028874e-08
3.702690102768203876e-08
3.692124001916560334e-08
3.679148387643670354e-08
3.663813981509281205e-08
3.646035292940418486e-08
3.625819331834415604e-08
3.603111119199417137e-08
3.577906613958988505e-08
3.550172128888496370e-08
3.519967493762212787e-08
3.487282209861520224e-08
3.452160819737015514e-08
3.414609640965383083e-08
3.374649802693135613e-08
3.332336481192315720e-08
3.287714465285580249e-08
3.240846802350002754e-08
3.191822107556260747e-08
3.140714241654627609e-08
3.087599542757598464e-08
3.032575806610298588e-08
2.975748125350715159e-08
2.917234751464038020e-08
2.857154241265492276e-08
2.795647934580929334e-08
2.732837244638146404e-08
2.668868145941962196e-08
2.603886098179913251e-08
2.538053009567235137e-08
2.471527025970351109e-08
2.404460871041572650e-08
2.337021845560775298e-08
2.269374019244203204e-08
2.201679805915898764e-08
2.134108267272698224e-08
2.066811200911106306e-08
1.999947389252422267e-08
1.933668758943015648e-08
1.868118280035594809e-08
1.803434244317895157e-08
1.739736632051680509e-08
1.677150068188988391e-08
1.615772461266416799e-08
1.555702855089153190e-08
1.497010166539483823e-08
1.439772517282793185e-08
1.384030948266264963e-08
1.329827580767986536e-08
1.277185157059062977e-08
1.226111113032343086e-08
1.176606434265254747e-08
1.128653092160980873e-08
1.082227106603921449e-08
1.037295507019902864e-08
9.938167510942676214e-09
9.517454983475776439e-09
9.110330027397432376e-09
8.716295701738958696e-09
8.334875729607057229e-09
7.965607198161560169e-09
7.608088100664655496e-09
7.261969326305264216e-09
6.926972553398179658e-09
6.602893250685179692e-09
6.289606791936244657e-09
5.987065733735428418e-09
5.695286199149471506e-09
5.414338895993397882e-09
5.144326921609050017e-09
4.885361903676108885e-09
4.637540109135494897e-09
4.400915730589050143e-09
4.175480103145144351e-09
3.961139632392082294e-09
3.757706215301922615e-09
3.564890762175141478e-09
3.382307622726270897e-09
3.209490237242860279e-09
3.045913450314660895e-09
2.891019409303062975e-09
2.744246946116922385e-09
2.605059615706136936e-09
2.472967714413696292e-09
2.347543889261678128e-09
2.228429122366160622e-09
2.115328119350468702e-09
2.007997826670327282e-09
1.906229194086280346e-09
1.809828030390067417e-09
1.718597815593426740e-09
1.632328259363391245e-09
1.550791261995384637e-09
1.473743118059295691e-09
1.400931581661855117e-09
1.332104715347577152e-09
1.267019494354062475e-09
1.205447854432740079e-09
1.147179849602224473e-09
1.092023683572978091e-09
1.039803842292188626e-09
9.903579535016505908e-10
9.435335326760274639e-10
8.991848233990901299e-10
8.571702766200338842e-10
8.173517680529832057e-10
7.795954624126481530e-10
7.437740055214287692e-10
7.097685541251977673e-10
6.774694988596848770e-10
6.467755302257344416e-10
6.175916660628102558e-10
5.898277755705846713e-10
5.633981800187547666e-10
5.382222554011933956e-10
5.142249503175551900e-10
4.913366296116790917e-10
4.694923722491846422e-10
4.486313221036294004e-10
4.286964975003466284e-10
4.096348485175587073e-10
3.913971857198939791e-10
3.739379077497757039e-10
3.572146658564755740e-10
3.411881204778477000e-10
3.258217867049935792e-10
3.110819028150811310e-10
2.969372599480743115e-10
2.833589974828724733e-10
2.703204315100416854e-10
2.577969020617190080e-10
2.457656271150251097e-10
2.342055485493409331e-10
2.230971917892826327e-10
2.124225366816751923e-10
2.021648887741477958e-10
1.923087562151959593e-10
1.828397369397720576e-10
1.737444097378731706e-10
1.650102320492439090e-10
1.566254442912731056e-10
1.485789807259609749e-10
1.408603856399550806e-10
1.334597353269378438e-10
1.263675663830041167e-10
1.195748105877585140e-10
1.130727359274209949e-10
1.068528933347981937e-10
1.009070692077563999e-10
9.522724376583783716e-11
8.980555509448073519e-11
8.463426903803806691e-11
7.970575410798446756e-11
7.501246120525552466e-11
7.054690817286097647e-11
6.630166849609190451e-11
6.226936407970350797e-11
5.844266200717631450e-11
5.481427460947014029e-11
5.137696239680595737e-11
4.812353956652795447e-11
4.504688145781091469e-11
4.213993342340443212e-11
3.939572128289023070e-11
3.680736267420245281e-11
3.436807882289373162e-11
3.207120647147413436e-11
2.991020969063070440e-11
2.787869133817213533e-11
2.597040404373768781e-11
2.417926050202922630e-11
2.249934190395819294e-11
2.092490623712071446e-11
1.945039485134914597e-11
1.807043805251791636e-11
1.677985929757866983e-11
1.557367803741536748e-11
1.444711163958831233e-11
1.339557592045769420e-11
1.241468450081550834e-11
1.150024747998421450e-11
1.064826912162656372e-11
9.854944477452565242e-12
9.116655585858615502e-12
8.429966965563928828e-12
7.791620639025996606e-12
7.198530780277605438e-12
6.647778130796647777e-12
6.136604095095747393e-12
5.662404681601669558e-12
5.222724472977802646e-12
4.815250419082273913e-12
4.437805715182390821e-12
4.088343583754663084e-12
3.764941237786327093e-12
3.465793790340358573e-12
3.189208371170701619e-12
2.933598339766249696e-12
2.697477709801031461e-12
2.479455743440716629e-12
2.278231828080815532e-12
2.092590582847677749e-12
1.921397407119746678e-12
1.763593312380614224e-12
1.618190826949546631e-12
1.484270005268173266e-12
1.360974080074485007e-12
1.247505475052180249e-12
1.143122020549722904e-12
1.047133421113394715e-12
9.588979932683671580e-13
8.778196596289309124e-13
8.033451411948876853e-13
7.349613187462393013e-13
6.721926961669432186e-13
6.145989442828822538e-13
5.617728017206146754e-13
5.133370631185968352e-13
4.689427687326087114e-13
4.282673567079420003e-13
3.910125508185248266e-13
3.569025885483696910e-13
3.256825930248047535e-13
2.971170875341341099e-13
2.709886383150555407e-13
2.470968833690841011e-13
2.252567273618502259e-13
2.052976051320727229e-13
1.870627341035888597e-13
1.704079663532944013e-13
1.552008619569214484e-13
1.413197900097589769e-13
1.286534630055501990e-13
1.170988840799263265e-13
1.065617633019024395e-13
9.695546267259987948e-14
8.820032979962276318e-14
8.022341846530536507e-14
7.295732061564276653e-14
6.634012763211493165e-14
6.031524582394578407e-14
5.483095709455820356e-14
4.984007849258003800e-14
4.529892355940110768e-14
4.116788427956898408e-14
3.741094718903051197e-14
3.399498659046520907e-14
3.088946391377716552e-14
2.806673983290862385e-14
2.550170571404566287e-14
2.317083190250803092e-14
2.105307982979055285e-14
1.912930670596403913e-14
1.738159775561733836e-14
1.579418694585909253e-14
1.435230833412940542e-14
1.304264711414042517e-14
1.185326315776004906e-14
1.077290883106211401e-14
9.791888520855665704e-15
8.900795968184383507e-15
8.091683075218258103e-15
7.356788700607858757e-15
6.689493851405060528e-15
6.083511626076636403e-15
5.533207918321402813e-15
5.033621613519392135e-15
4.579953631632310925e-15
4.168054690646454451e-15
3.794185814727367496e-15
3.454765486273953912e-15
3.146655584605000920e-15
2.867006572509900051e-15
2.613285343841536027e-15
2.383056327555589041e-15
2.174179873682342539e-15
1.984710947940421918e-15
1.812881286739669187e-15
1.657083196055667977e-15
1.515854869412827636e-15
1.387867061237450352e-15
1.271911004016199545e-15
1.166909374747974696e-15
1.071872045126375347e-15
9.858623600502403609e-16
9.080524966378266789e-16
8.377568653622317159e-16
7.742314246187657114e-16
7.168970533029953321e-16
