# bin_2_1
1.230461636288935260e-08
1.234864909180780595e-08
1.239418623669451098e-08
1.244126982709250301e-08
1.248994312594256419e-08
1.254025031610572319e-08
1.259223664217598283e-08
1.264594905145828370e-08
1.270143479320639078e-08
1.275874130414073104e-08
1.281791618135439190e-08
1.287900661833124832e-08
1.294206175360043763e-08
1.300713319152463106e-08
1.307427405053941670e-08
1.314353811458332003e-08
1.321497807340361959e-08
1.328864593166565377e-08
1.336459309970349733e-08
1.344286991307825973e-08
1.352352755490237852e-08
1.360661907479917173e-08
1.369219793890801474e-08
1.378031645817857702e-08
1.387102486897346630e-08
1.396437006559284408e-08
1.406039722574392437e-08
1.415914183875774626e-08
1.426063376671117522e-08
1.436490625619566615e-08
1.447199719893262227e-08
1.458193901969198397e-08
1.469474599843429632e-08
1.481041963233612434e-08
1.492896053941573838e-08
1.505037704779076372e-08
1.517467519967207012e-08
1.530184692365481066e-08
1.543187859010335952e-08
1.556473558460409010e-08
1.570036455347991033e-08
1.583884232124270432e-08
1.598025063327521483e-08
1.612432589584334031e-08
1.627082799369142965e-08
1.641973111331250525e-08
1.657105993924080391e-08
1.672480313136791733e-08
1.688077097227039178e-08
1.703883966955530134e-08
1.719897238083290022e-08
1.736101917442283290e-08
1.752487200789522254e-08
1.769045794029749681e-08
1.785765318322474620e-08
1.802639449047436386e-08
1.819660487015750945e-08
1.836821200925657872e-08
1.854117118301499958e-08
1.871543371389154558e-08
1.889095612606752278e-08
1.906771173684359542e-08
1.924564299587076180e-08
1.942463054964633802e-08
1.960447080464122364e-08
1.978525569532412528e-08
1.996621790322423742e-08
2.014673057731659515e-08
2.032656190211654503e-08
2.050521374606020007e-08
2.068211225978899406e-08
2.085682347160061754e-08
2.102888545292177724e-08
2.119789123733208448e-08
2.136341045180942129e-08
2.152512720804243890e-08
2.168274966595492777e-08
2.183656032016128936e-08
2.198598150644019485e-08
2.213076334794359387e-08
2.227102086411520741e-08
2.240649868070655228e-08
2.253682209004046065e-08
2.266160369992771014e-08
2.278014761972421789e-08
2.289214946152188108e-08
2.299646315060440183e-08
2.309205087112343643e-08
2.317871678123255008e-08
2.325603395530944074e-08
2.332360224768252518e-08
2.338136716720775205e-08
2.342892468489463484e-08
2.346544928772401235e-08
2.349115157590107263e-08
2.350580447415051758e-08
2.350940130352925160e-08
2.350145055022262772e-08
2.348107779113022694e-08
2.344804372480376667e-08
2.340186491426528056e-08
2.334216728438720109e-08
2.326784025973114778e-08
2.317915684576972209e-08
2.307663989501262183e-08
2.295999830021828593e-08
2.282899071146102165e-08
2.268422443444211845e-08
2.252519301661775428e-08
2.235120722043645918e-08
2.216268372811694908e-08
2.195920830506511494e-08
2.174084330563747139e-08
2.150862890967973376e-08
2.126201652281369990e-08
2.100203538277499252e-08
2.072846721390754523e-08
2.044192255819927857e-08
2.014244855199982082e-08
1.983053724733868825e-08
1.950641676596542865e-08
1.917115275950378077e-08
1.882515940780004783e-08
1.846931105612661796e-08
1.810410413233239865e-08
1.773013763485943395e-08
1.734828169464109687e-08
1.695927206360515046e-08
1.656397748869097500e-08
1.616343503645773758e-08
1.575848723463133679e-08
1.534993709931183199e-08
1.493871700255711116e-08
1.452575613808735811e-08
1.411202700429662714e-08
1.369842624502879079e-08
1.328597868300344563e-08
1.287543354290483468e-08
1.246768073739148893e-08
1.206351771247075174e-08
1.166381142678971373e-08
1.126930119766365310e-08
1.088059290865622596e-08
1.049835015105075501e-08
1.012313185006226410e-08
9.755416772263015288e-09
9.395687405201710234e-09
9.044219813648265411e-09
8.701317209352901234e-09
8.367204974249745684e-09
8.042013586643140282e-09
7.725841083236645367e-09
7.418643847548337500e-09
7.120463179822202633e-09
6.831154458083881963e-09
6.550657289096568560e-09
6.278726686627651054e-09
6.015304972378904970e-09
5.760112346290831350e-09
5.513001515695736355e-09
5.273780488316174055e-09
5.042250692333651465e-09
4.818288435281357289e-09
4.601724097859681923e-09
4.392453049369398245e-09
4.190390919640346839e-09
3.995459688805361604e-09
3.807607712343250247e-09
3.626788096391219704e-09
3.452956860072314722e-09
3.286076060123912601e-09
3.126082364456382395e-09
2.972910921489790941e-09
2.826470645948952704e-09
2.686646469729986549e-09
2.553294966676359339e-09
2.426248905059892379e-09
2.305318653040450035e-09
2.190293174437533800e-09
2.080948834951867824e-09
1.977052997177880645e-09
1.878368903028133334e-09
1.784660407624837398e-09
1.695693948588852603e-09
1.611242647090866095e-09
1.531087286883001325e-09
1.455020229861452415e-09
1.382845138179048630e-09
1.314377451749934271e-09
1.249445517904325677e-09
1.187889397832522030e-09
1.129557743852334008e-09
1.074304543823152961e-09
1.021985914524002437e-09
9.724566241699132225e-10
9.255690092629279710e-10
8.811746347891990563e-10
8.391270802256919870e-10
7.992869077931453274e-10
7.615250891339140867e-10
7.257248079700702134e-10
6.917806952274752453e-10
6.595957189955449017e-10
6.290780952262869981e-10
6.001382646821534537e-10
5.726878948747451532e-10
5.466400675076994252e-10
5.219105655775434430e-10
4.984189700090895609e-10
4.760896444042444922e-10
4.548521510841928137e-10
4.346412379060581981e-10
4.153964581943018749e-10
3.970616136921321498e-10
3.795840796196027706e-10
3.629142948878628933e-10
3.470054430416087990e-10
3.318132753401544259e-10
3.172961056386921549e-10
3.034149262588837010e-10
2.901335525032313451e-10
2.774185199508862889e-10
2.652388069906484609e-10
2.535655454707897843e-10
2.423718210457515116e-10
2.316326015626143913e-10
2.213246889578852659e-10
2.114266507076411803e-10
2.019187020341288511e-10
1.927825341687498415e-10
1.840011960976052476e-10
1.755590325940759422e-10
1.674415996268085342e-10
1.596355689950647807e-10
1.521286215535043084e-10
1.449093446646517226e-10
1.379671500364100727e-10
1.312922046966837451e-10
1.248753662339082076e-10
1.187081121673068871e-10
1.127824722667968857e-10
1.070909607203771331e-10
1.016265134354274082e-10
9.638243067326754381e-11
9.135232999135079349e-11
8.653010343930981886e-11
8.190987565460277125e-11
7.748596277596027463e-11
7.325283752486776873e-11
6.920509914790995607e-11
6.533744907479736571e-11
6.164466956191873785e-11
5.812160536467965738e-11
5.476314880478548084e-11
5.156422877159494655e-11
4.851980331481202313e-11
4.562485521297276845e-11
4.287438962229261162e-11
4.026343401028559359e-11
3.778704037077875630e-11
3.544028930163521797e-11
3.321829555644667349e-11
3.111621492110332981e-11
2.912925180404976797e-11
2.725266739131407825e-11
2.548178834345414385e-11
2.381201533155716641e-11
2.223883140665077413e-11
2.075781024079024106e-11
1.936462383313997192e-11
1.805504960045661871e-11
1.682497688645554784e-11
1.567041265619152765e-11
1.458748608619152289e-11
1.357245244002536361e-11
1.262169615493621891e-11
1.173173309381852604e-11
1.089921202879314567e-11
1.012091529846940867e-11
9.393758678347323869e-12
8.714790712839167351e-12
8.081191613117783095e-12
7.490270829567909671e-12
6.939465148799189561e-12
6.426335811218153450e-12
5.948565541112073790e-12
5.503955140807992534e-12
5.090419819892676234e-12
4.705985690124718965e-12
4.348785867539340727e-12
4.017056334596343369e-12
3.709132017338963285e-12
3.423442794144185084e-12
3.158509277746244505e-12
2.912938865220658483e-12
2.685421756624086460e-12
2.474727044694125299e-12
2.279698875940397553e-12
2.099252758238985815e-12
1.932371888977401982e-12
1.778103605054348520e-12
1.635556016985322319e-12
1.503894657703096862e-12
1.382339347697017470e-12
1.270161072070119936e-12
1.166679094490839309e-12
1.071258112066816199e-12
9.833056102906515447e-13
9.022693083467157021e-13
8.276347571301787344e-13
7.589230257384248909e-13
6.956885251905218427e-13
6.375169344526342540e-13
5.840234697612250198e-13
5.348503507844074263e-13
4.896653020273211161e-13
4.481601493599992090e-13
4.100490304123894606e-13
3.750669040324435022e-13
3.429681572838281390e-13
3.135253045701721179e-13
2.865277766461455807e-13
2.617807911068551971e-13
2.391042870915741827e-13
2.183319219273890614e-13
1.993101181724133409e-13
1.818971584876078064e-13
1.659626017380406042e-13
1.513857640463849247e-13
1.380553233608157991e-13
1.258688104637586767e-13
1.147317524687684073e-13
1.045570566930764278e-13
9.526444910379989864e-14
8.677996785167591438e-14
7.903550734381319069e-14
7.196866956132969260e-14
6.552173664210697590e-14
5.964163616078339021e-14
5.427985188296542745e-14
4.939191130999520029e-14
4.493706925731868354e-14
4.087800334784435219e-14
3.718091670209226867e-14
3.381408045188550903e-14
3.074874452647834698e-14
2.795857963770877409e-14
2.541944589126272735e-14
2.310948213315527538e-14
2.100828899051075018e-14
1.909715959066534161e-14
1.735914402267316637e-14
1.577885530648477530e-14
1.434236845439575056e-14
1.303645253691496714e-14
1.184935221446369168e-14
1.077053984180446894e-14
9.790242042618880091e-15
8.899330867830082708e-15
8.089773403872440764e-15
7.354413638370956932e-15
6.686189858005331982e-15
6.079098068233541708e-15
5.527727838826454217e-15
5.026727830408479999e-15
4.571752115007541314e-15
4.158470594728140187e-15
3.783062204105674685e-15
3.442213963351192014e-15
3.132554393639206249e-15
2.851504439024357618e-15
2.596174351617389036e-15
2.364483058798590043e-15
2.154047190819690456e-15
1.963091449849729739e-15
1.789753569471004166e-15
1.632411493068227911e-15
1.489728490592523017e-15
1.360230611920972058e-15
1.242764496783311271e-15
1.136306172754410026e-15
1.039763910316202118e-15
9.522462883800182397e-16
8.729435497214663221e-16
8.011657874247646882e-16
7.361717444479436710e-16
6.773497645475856033e-16
6.241425099678245950e-16
5.760420531455595035e-16
5.325854421281716691e-16
4.933506624639710450e-16
4.579529667631599697e-16
4.260415739515383609e-16
3.973135332041667732e-16
3.714840286636467868e-16
3.482658139622747303e-16
3.274157716604160045e-16
3.087611957722148000e-16
2.920558512952571614e-16
2.771459884870848970e-16
